1497534816944840000,76974,-1.535502748,2.346784964,0.829597709,-0.209691046,-0.058815977,-0.175130937,0.960155977
1497534816954900000,76975,-1.536050744,2.346481354,0.829825696,-0.208088799,-0.058448131,-0.175214504,0.96051171
1497534816965110000,76976,-1.536496651,2.346439283,0.830342869,-0.209226673,-0.057881911,-0.175565858,0.960234614
1497534816975060000,76977,-1.537141441,2.346476604,0.830964555,-0.210349606,-0.058403947,-0.175887847,0.959898686
1497534816985130000,76978,-1.538267497,2.346247385,0.831472637,-0.210336271,-0.057852542,-0.176305914,0.959858303
1497534816995010000,76979,-1.539261141,2.346174388,0.832064893,-0.210717992,-0.057857252,-0.177942684,0.959472182
1497534817005100000,76980,-1.540512899,2.345767026,0.83279301,-0.206924297,-0.052288689,-0.180234357,0.960189463
1497534817015060000,76981,-1.541805399,2.345171452,0.832814462,-0.207340595,-0.055945315,-0.179589035,0.960014467
1497534817025050000,76982,-1.542613041,2.345103055,0.832967303,-0.213909199,-0.062851656,-0.178301264,0.958384674
1497534817034980000,76983,-1.543601429,2.344770622,0.833362076,-0.213199514,-0.065560318,-0.177797303,0.958454971
1497534817045010000,76984,-1.544528186,2.344520633,0.833871941,-0.21301186,-0.066817803,-0.177525647,0.95846021
1497534817055090000,76985,-1.545200975,2.344480499,0.834669206,-0.212429961,-0.067249922,-0.177906805,0.95848846
1497534817065100000,76986,-1.545699758,2.344445238,0.835272595,-0.214165043,-0.067806879,-0.17781769,0.958079553
1497534817075090000,76987,-1.546087005,2.344421296,0.83608035,-0.215206379,-0.06809655,-0.177336867,0.957914772
1497534817085130000,76988,-1.546531843,2.344553677,0.837101674,-0.215521542,-0.065511856,-0.17819974,0.957864038
1497534817095000000,76989,-1.546809961,2.344738335,0.838088685,-0.217388282,-0.063086688,-0.178797776,0.957493478
1497534817105060000,76990,-1.546916775,2.344984761,0.839303022,-0.219123184,-0.060172868,-0.179055925,0.957237291
1497534817114980000,76991,-1.546856097,2.34528426,0.840525018,-0.221385649,-0.057455199,-0.179335649,0.956831239
1497534817124920000,76992,-1.546569129,2.345687369,0.841763073,-0.223693015,-0.055907098,-0.178953472,0.956457781
1497534817135060000,76993,-1.546152423,2.346032919,0.842947597,-0.225347862,-0.055054416,-0.178072006,0.956283281
1497534817145040000,76994,-1.545838276,2.346213831,0.843788627,-0.226753808,-0.053731365,-0.177532531,0.956126483
1497534817154900000,76995,-1.545218136,2.346635716,0.844935956,-0.22799937,-0.054004596,-0.176344715,0.956034692
1497534817164830000,76996,-1.544652236,2.346975629,0.846020032,-0.230103396,-0.052579942,-0.175636985,0.95574025
1497534817174800000,76997,-1.543810758,2.347700634,0.847497294,-0.232560084,-0.05131741,-0.175173591,0.955299191
1497534817185070000,76998,-1.543318525,2.347954433,0.848308558,-0.233837924,-0.048578875,-0.175651784,0.955042601
1497534817195000000,76999,-1.542878209,2.348078869,0.849396232,-0.230045711,-0.039376166,-0.177489435,0.956047064
1497534817205060000,77000,-1.541871351,2.34859537,0.850234532,-0.235111926,-0.042349262,-0.175686223,0.955020038
1497534817215070000,77001,-1.541036101,2.348849021,0.851020771,-0.235570189,-0.039841041,-0.175584503,0.955033748
1497534817225050000,77002,-1.540054094,2.349256666,0.851873324,-0.236828994,-0.038350611,-0.175646478,0.954772
1497534817235070000,77003,-1.538969799,2.349686403,0.852779427,-0.237195047,-0.035697757,-0.175834013,0.954749485
1497534817245040000,77004,-1.538112858,2.34978572,0.853761692,-0.231140808,-0.028425203,-0.17720809,0.956223419
1497534817255070000,77005,-1.536852775,2.349952658,0.854066514,-0.238763118,-0.035038154,-0.17390618,0.954736163
1497534817265150000,77006,-1.535818654,2.349997398,0.854756794,-0.239986214,-0.034347398,-0.172681796,0.954676841
1497534817275020000,77007,-1.534850045,2.349851326,0.855316505,-0.240890186,-0.032640107,-0.171840452,0.954660883
1497534817285100000,77008,-1.53387161,2.349862504,0.856016335,-0.240641865,-0.031138878,-0.171238127,0.95488186
1497534817295010000,77009,-1.53267247,2.349653281,0.856473605,-0.241573896,-0.032038738,-0.1690738,0.95500242
1497534817305080000,77010,-1.531417791,2.349476359,0.856943793,-0.242122843,-0.030910311,-0.168240826,0.955047698
1497534817315050000,77011,-1.529878547,2.3491569,0.857736887,-0.243127187,-0.029836211,-0.166833466,0.955073592
1497534817325040000,77012,-1.528529541,2.348475328,0.858178113,-0.243850813,-0.030365478,-0.163732552,0.955409007
1497534817335040000,77013,-1.527006487,2.347925561,0.858687937,-0.245309621,-0.027421788,-0.162747418,0.955292894
1497534817345050000,77014,-1.525603215,2.34732753,0.859362012,-0.243066892,-0.023319483,-0.161426518,0.956198812
1497534817355040000,77015,-1.52404641,2.346473103,0.85989395,-0.246918663,-0.023148914,-0.158532966,0.955700058
1497534817365120000,77016,-1.5226897,2.345794776,0.860696693,-0.241443591,-0.014805158,-0.159298452,0.957136251
1497534817375040000,77017,-1.521243021,2.344910299,0.860731336,-0.246364786,-0.019232292,-0.155523257,0.956424084
1497534817385120000,77018,-1.519661594,2.344157861,0.861259007,-0.247503244,-0.017881078,-0.153889314,0.956420666
1497534817395080000,77019,-1.518464256,2.343154368,0.86171565,-0.2465612,-0.016971153,-0.151116384,0.957122455
1497534817405100000,77020,-1.517232907,2.34251726,0.861924339,-0.247863378,-0.018840763,-0.148583,0.957147775
1497534817415070000,77021,-1.515837737,2.341880656,0.862162637,-0.250331155,-0.019366635,-0.146474148,0.95682003
1497534817425050000,77022,-1.514869102,2.341071843,0.862405858,-0.251363675,-0.018796799,-0.143908272,0.956950047
1497534817435050000,77023,-1.513837092,2.340392946,0.862566958,-0.249126472,-0.019475136,-0.142085084,0.957793584
1497534817445050000,77024,-1.51290202,2.339646004,0.862443883,-0.248899614,-0.01950636,-0.140754273,0.95804839
1497534817455050000,77025,-1.512130331,2.339117567,0.862519634,-0.248124673,-0.017058864,-0.140823987,0.958285837
1497534817465130000,77026,-1.511265177,2.338498213,0.862506113,-0.247142023,-0.016140489,-0.139810988,0.958703913
1497534817475060000,77027,-1.510358436,2.338141966,0.86263462,-0.245720295,-0.015622089,-0.139029469,0.959191479
1497534817485150000,77028,-1.509465979,2.337802788,0.862739156,-0.246277561,-0.014040013,-0.139006406,0.959076358
1497534817495050000,77029,-1.508734501,2.337313018,0.862761469,-0.245275462,-0.010969214,-0.138987756,0.959375853
1497534817505030000,77030,-1.507854759,2.336920152,0.862915994,-0.243629681,-0.009342381,-0.138241665,0.95992007
1497534817515070000,77031,-1.507112522,2.33661211,0.863013429,-0.244362685,-0.007749286,-0.137472909,0.959858336
1497534817525090000,77032,-1.506241143,2.336369833,0.863228271,-0.244242694,-0.00451188,-0.137323635,0.959930919
1497534817535080000,77033,-1.505326777,2.335981737,0.863211427,-0.243623521,-0.003112161,-0.136665762,0.960187671
1497534817545060000,77034,-1.504426741,2.335765337,0.863575077,-0.242648551,-0.003332557,-0.135075609,0.960658709
1497534817555070000,77035,-1.500049778,2.330055145,0.862641116,-0.2453018,0.00050158,-0.135803019,0.959887658
1497534817565080000,77036,-1.499074893,2.329839609,0.863263694,-0.24619634,0.000545125,-0.133707561,0.959952787
1497534817575050000,77037,-1.499850466,2.332255541,0.866754871,-0.232207107,0.020029479,-0.135720543,0.962942684
1497534817585080000,77038,-1.498140645,2.329569571,0.866028667,-0.241272331,0.009342257,-0.123218913,0.962557782
1497534817595080000,77039,-1.497901399,2.33176102,0.866570142,-0.238191328,0.012682556,-0.131218012,0.962229639
1497534817605050000,77040,-1.496593212,2.33112249,0.866866595,-0.24063367,0.010653185,-0.128036502,0.962075153
1497534817614990000,77041,-1.495635694,2.330949441,0.866876234,-0.243477521,0.007977547,-0.125884501,0.961669459
1497534817624990000,77042,-1.492725476,2.32869563,0.866014861,-0.250773995,-0.00030503,-0.122330965,0.960285085
1497534817635070000,77043,-1.491660246,2.328439053,0.866342465,-0.252340768,-0.00118264,-0.120630784,0.960089033
1497534817644980000,77044,-1.490719478,2.328173588,0.866608183,-0.25310737,-0.00103393,-0.118942964,0.960097996
1497534817655080000,77045,-1.491742021,2.330252884,0.868475021,-0.244844698,0.010590061,-0.120105242,0.962036203
1497534817665090000,77046,-1.488952541,2.327535797,0.867020542,-0.253695377,-0.001022153,-0.115871358,0.960318405
1497534817675050000,77047,-1.488178453,2.327163543,0.867072577,-0.254393602,-0.001428524,-0.1146597,0.960278609
1497534817685140000,77048,-1.487534857,2.326769961,0.866944102,-0.254344749,-0.002388471,-0.113432175,0.960435414
1497534817695070000,77049,-1.486979385,2.326410393,0.866807356,-0.255511209,-0.003349999,-0.112364553,0.960248409
1497534817705100000,77050,-1.486652551,2.326039859,0.866668671,-0.256171448,-0.004819814,-0.111681337,0.960145946
1497534817715070000,77051,-1.48646072,2.32564901,0.866532552,-0.2543013,-0.005492284,-0.11125827,0.960688441
1497534817724950000,77052,-1.486338898,2.325286657,0.866242464,-0.253470144,-0.006666823,-0.111031869,0.960926825
1497534817734770000,77053,-1.486229662,2.32493335,0.865834615,-0.253642997,-0.007869262,-0.11120438,0.960852169
1497534817744710000,77054,-1.486157101,2.324622163,0.865379145,-0.253571291,-0.008615605,-0.111400898,0.960841929
1497534817754760000,77055,-1.486031333,2.324313995,0.864858705,-0.253539338,-0.009191837,-0.111525667,0.960830547
1497534817764780000,77056,-1.485848225,2.324002247,0.864411012,-0.252830433,-0.009651821,-0.111519691,0.961013513
1497534817774750000,77057,-1.485651322,2.323626015,0.864080605,-0.251354884,-0.009371944,-0.111654218,0.961387656
1497534817784780000,77058,-1.487128968,2.326207419,0.866463359,-0.235312609,0.011200835,-0.116437861,0.964854778
1497534817794890000,77059,-1.486002456,2.325485178,0.864640806,-0.242549635,0.000988643,-0.120784666,0.962590132
1497534817804890000,77060,-1.484375937,2.322439891,0.862701111,-0.250251776,-0.0100235,-0.110822038,0.961765072
1497534817814890000,77061,-1.48377574,2.322105644,0.862220836,-0.249097758,-0.010065095,-0.110407453,0.962111841
1497534817824900000,77062,-1.483257911,2.321684338,0.862045866,-0.249734106,-0.011053853,-0.109896786,0.961994483
1497534817834890000,77063,-1.482748827,2.321400142,0.861901817,-0.249435967,-0.010799868,-0.109317653,0.962140692
1497534817844850000,77064,-1.482296471,2.321075984,0.861868227,-0.249243904,-0.010384215,-0.108618322,0.962274236
1497534817854870000,77065,-1.481849337,2.320975703,0.86217929,-0.244821567,-0.007304837,-0.108198895,0.963484322
1497534817864870000,77066,-1.481170719,2.320438369,0.86148266,-0.249728047,-0.011766362,-0.107169229,0.962295283
1497534817874850000,77067,-1.480615458,2.320205266,0.861261948,-0.250016951,-0.012819968,-0.106666424,0.96226267
1497534817884990000,77068,-1.482050189,2.322290641,0.862631351,-0.241640434,-0.002803635,-0.107666556,0.964370237
1497534817894870000,77069,-1.479484811,2.319725279,0.860910048,-0.251068732,-0.014245139,-0.105170965,0.962133377
1497534817904920000,77070,-1.478962238,2.319483718,0.86062462,-0.251118356,-0.015030237,-0.104297967,0.962203511
1497534817914870000,77071,-1.478398739,2.319175393,0.86021465,-0.250730476,-0.015898755,-0.103617351,0.962364225
1497534817924890000,77072,-1.477825712,2.318849325,0.859848212,-0.250415469,-0.016170968,-0.10276203,0.962533406
1497534817934870000,77073,-1.477246293,2.31852198,0.859519077,-0.250822911,-0.016777784,-0.102065283,0.962491066
1497534817944820000,77074,-1.476707216,2.318094264,0.859134849,-0.249245052,-0.016422804,-0.101209858,0.96299728
1497534817954840000,77075,-1.47632635,2.317635067,0.859006534,-0.248292897,-0.016252638,-0.1003498,0.963336082
1497534817964880000,77076,-1.47590556,2.317261141,0.858610179,-0.247104434,-0.015986428,-0.099460157,0.963738299
1497534817974860000,77077,-1.475543742,2.316854952,0.858140845,-0.246444601,-0.015554118,-0.098770992,0.963985176
1497534817984860000,77078,-1.47532708,2.316557643,0.857611836,-0.245059959,-0.015830902,-0.097936821,0.964418674
1497534817995010000,77079,-1.47533751,2.316369868,0.857252496,-0.243822453,-0.015786532,-0.097198556,0.964807669
1497534818005100000,77080,-1.475526727,2.316303922,0.856997237,-0.242377774,-0.016164047,-0.096691256,0.965216318
1497534818015040000,77081,-1.475682031,2.316276606,0.856563814,-0.242910603,-0.017169718,-0.096322343,0.965101884
1497534818025060000,77082,-1.475884512,2.316342429,0.856269898,-0.244001675,-0.018502971,-0.096244802,0.964809702
1497534818035070000,77083,-1.475985986,2.316356966,0.855933336,-0.244827995,-0.019339663,-0.096313419,0.964577086
1497534818045080000,77084,-1.475982506,2.316338481,0.855580368,-0.245377661,-0.019263905,-0.096396277,0.964430642
1497534818055060000,77085,-1.475903179,2.316245438,0.855275082,-0.2454859,-0.018376953,-0.09648092,0.964411941
1497534818065090000,77086,-1.475691983,2.315993273,0.85489404,-0.245119096,-0.017164799,-0.096522455,0.964523413
1497534818075070000,77087,-1.4754305,2.315676553,0.854476278,-0.243874145,-0.016224699,-0.096145719,0.964892824
1497534818085090000,77088,-1.474996042,2.315350738,0.853872734,-0.242512781,-0.015756171,-0.09568773,0.965289155
1497534818095030000,77089,-1.474592211,2.314998363,0.853375914,-0.241254194,-0.015672429,-0.095504052,0.965624029
1497534818105030000,77090,-1.474188058,2.314560979,0.852935102,-0.240326383,-0.015525932,-0.094974806,0.965909914
1497534818115100000,77091,-1.474877954,2.314437632,0.854227792,-0.233589043,-0.007192987,-0.087898949,0.968327525
1497534818125060000,77092,-1.473325981,2.313842176,0.852211062,-0.240131966,-0.015993628,-0.093971374,0.966048769
1497534818135070000,77093,-1.472948366,2.313597249,0.852030296,-0.240193092,-0.016368082,-0.093439824,0.96607886
1497534818145070000,77094,-1.472524556,2.313367238,0.851763107,-0.240715638,-0.017001583,-0.093078771,0.965972707
1497534818155080000,77095,-1.47213377,2.313236271,0.851653119,-0.241213894,-0.017306271,-0.09307927,0.965842948
1497534818165090000,77096,-1.472673134,2.313445121,0.852593535,-0.23538096,-0.00877815,-0.086620389,0.96799569
1497534818175070000,77097,-1.471439491,2.313183835,0.851454525,-0.24150403,-0.017387758,-0.092987756,0.965777794
1497534818185090000,77098,-1.471022385,2.313235132,0.851283706,-0.242484847,-0.018494653,-0.093103541,0.965500273
1497534818195100000,77099,-1.47070178,2.313347864,0.851241341,-0.243261781,-0.019265017,-0.093031736,0.96529667
1497534818205120000,77100,-1.470345948,2.313498271,0.851079199,-0.245555057,-0.021052805,-0.092796807,0.964701118
1497534818215070000,77101,-1.471183512,2.316379717,0.852109036,-0.241548425,-0.014140268,-0.102768877,0.964827948
1497534818224990000,77102,-1.470942665,2.316447955,0.852222315,-0.242310519,-0.016046049,-0.101704927,0.964719775
1497534818235060000,77103,-1.469529122,2.314117101,0.851059548,-0.250783325,-0.028074935,-0.092447077,0.963209769
1497534818245050000,77104,-1.469231172,2.314340438,0.851058445,-0.252422128,-0.030106784,-0.092063721,0.962756938
1497534818255080000,77105,-1.46887244,2.314567012,0.850957691,-0.25447408,-0.031770069,-0.09168722,0.962199075
1497534818265090000,77106,-1.469342235,2.315062002,0.852164979,-0.250774125,-0.02631579,-0.08505322,0.963942824
1497534818275060000,77107,-1.468038827,2.31500084,0.851051101,-0.258028457,-0.035877931,-0.090416797,0.961227805
1497534818285090000,77108,-1.46757006,2.315170725,0.851043704,-0.258936725,-0.03815445,-0.089862352,0.960947849
1497534818295080000,77109,-1.466991319,2.31530062,0.850911599,-0.259789922,-0.03955783,-0.089292656,0.960713899
1497534818305080000,77110,-1.466414143,2.31541479,0.850644403,-0.260855758,-0.041508454,-0.088728426,0.960395017
1497534818315090000,77111,-1.465816526,2.315528637,0.850605115,-0.263006914,-0.042465688,-0.088042358,0.959829449
1497534818325050000,77112,-1.465284037,2.315605713,0.850729847,-0.264608577,-0.044363315,-0.087483108,0.95935442
1497534818335070000,77113,-1.464636833,2.315556324,0.85063635,-0.264730739,-0.04680551,-0.086804084,0.95926635
1497534818345050000,77114,-1.464783888,2.31578329,0.851817446,-0.259544593,-0.0393572,-0.079168672,0.961675588
1497534818355080000,77115,-1.465652969,2.319302918,0.849330931,-0.269107319,-0.049924315,-0.093374847,0.957272141
1497534818365140000,77116,-1.46400612,2.320613789,0.850350046,-0.263196163,-0.040208273,-0.102593828,0.958428704
1497534818375050000,77117,-1.464329327,2.322368565,0.854804488,-0.25139571,-0.023629794,-0.08587755,0.9637774
1497534818385080000,77118,-1.463325705,2.320318776,0.85155156,-0.261028138,-0.046031924,-0.079755896,0.96092891
1497534818395080000,77119,-1.462330235,2.319950923,0.851274721,-0.265180944,-0.050166626,-0.076826283,0.959822952
1497534818405120000,77120,-1.461127243,2.319663877,0.851301009,-0.26527122,-0.051065894,-0.074963937,0.95989784
1497534818415080000,77121,-1.460113756,2.319560469,0.851208092,-0.265887083,-0.051578805,-0.074041753,0.95977159
1497534818425010000,77122,-1.459207118,2.319417731,0.851414059,-0.265235623,-0.050594161,-0.072322893,0.960135248
1497534818435060000,77123,-1.458154565,2.31928236,0.851577572,-0.265218078,-0.051394835,-0.070776534,0.960212802
1497534818444970000,77124,-1.457269304,2.319306662,0.851503798,-0.265294709,-0.051949385,-0.070253922,0.960200169
1497534818455070000,77125,-1.456395958,2.319233829,0.851530924,-0.265163848,-0.051639915,-0.069171446,0.960331591
1497534818465080000,77126,-1.455383628,2.319125546,0.851563205,-0.266101753,-0.053603252,-0.067112316,0.960110663
1497534818475060000,77127,-1.454659818,2.319156433,0.851530675,-0.266507006,-0.055136286,-0.066142468,0.959978739
1497534818485000000,77128,-1.453837575,2.319109775,0.851411117,-0.266400088,-0.057099104,-0.064630576,0.959996653
1497534818495130000,77129,-1.45288417,2.319225907,0.851614884,-0.266572228,-0.05703306,-0.063751589,0.960011569
1497534818505090000,77130,-1.451836909,2.319460589,0.851943803,-0.2674289,-0.057489398,-0.06287248,0.959804045
1497534818515120000,77131,-1.451084019,2.319545113,0.851904573,-0.268858615,-0.059574916,-0.06189306,0.959340984
1497534818525070000,77132,-1.450198133,2.319663068,0.852059206,-0.268807565,-0.0612886,-0.060097942,0.959361474
1497534818535050000,77133,-1.449251054,2.31974456,0.85225115,-0.268777932,-0.062906419,-0.057765138,0.959408356
1497534818544980000,77134,-1.448261352,2.31979739,0.852295345,-0.270114337,-0.065659267,-0.05600498,0.958952839
1497534818555080000,77135,-1.447132204,2.319908245,0.852394062,-0.270671025,-0.067978935,-0.054385505,0.958727426
1497534818565090000,77136,-1.446079633,2.319961076,0.852546304,-0.269615434,-0.068563003,-0.052328137,0.9590977
1497534818575080000,77137,-1.445093265,2.319953159,0.852501562,-0.269748995,-0.069318312,-0.051353979,0.959058507
1497534818585090000,77138,-1.443854371,2.319982028,0.852559088,-0.269006027,-0.069859792,-0.050077832,0.959295355
1497534818595070000,77139,-1.442491466,2.320072546,0.852559321,-0.268278417,-0.070342145,-0.049227571,0.959507853
1497534818605060000,77140,-1.441255593,2.320110628,0.852551275,-0.268432437,-0.07044119,-0.048623139,0.95948833
1497534818615120000,77141,-1.439834981,2.320259007,0.852804159,-0.26710575,-0.068820873,-0.047785671,0.960018091
1497534818625040000,77142,-1.438514754,2.320316941,0.852824766,-0.268157718,-0.06912942,-0.046804799,0.959750943
1497534818635020000,77143,-1.43693682,2.320464224,0.853233876,-0.267065584,-0.069357155,-0.04500966,0.96012483
1497534818644980000,77144,-1.435326202,2.320826119,0.853462444,-0.26844958,-0.070481812,-0.044450094,0.95968293
1497534818655130000,77145,-1.433601504,2.320998575,0.853821912,-0.2684579,-0.072956008,-0.04176684,0.95961623
1497534818665170000,77146,-1.431837854,2.321351524,0.854252127,-0.268409815,-0.075288406,-0.040234865,0.959514973
1497534818675110000,77147,-1.429842839,2.321817162,0.854882532,-0.269243633,-0.07702497,-0.038516759,0.959213991
1497534818685100000,77148,-1.428054886,2.322156074,0.855593426,-0.270100985,-0.077778165,-0.036050907,0.959008002
1497534818695140000,77149,-1.425833872,2.322734358,0.856412479,-0.27106944,-0.078642831,-0.034706457,0.958713787
1497534818705030000,77150,-1.424024023,2.322901216,0.856915012,-0.272008178,-0.07994543,-0.032415498,0.958420323
1497534818715090000,77151,-1.421625168,2.323128849,0.857473492,-0.273667678,-0.082867776,-0.030259922,0.957769947
1497534818725070000,77152,-1.419617349,2.323585218,0.858377906,-0.272741626,-0.082328798,-0.028355561,0.958138788
1497534818735050000,77153,-1.417308371,2.323902924,0.859056377,-0.274430865,-0.084487177,-0.026813322,0.957512748
1497534818744930000,77154,-1.415138509,2.324074809,0.859798292,-0.273579711,-0.08431363,-0.023894859,0.957848834
1497534818755090000,77155,-1.412962937,2.324649914,0.860712916,-0.275368762,-0.085281603,-0.023185443,0.957267741
1497534818765100000,77156,-1.410650392,2.324746711,0.861112078,-0.275597169,-0.090124342,-0.01996266,0.95683086
1497534818775070000,77157,-1.408456464,2.325105374,0.862070208,-0.275688228,-0.089464225,-0.018767056,0.956890773
1497534818785100000,77158,-1.406471865,2.325295309,0.862766401,-0.276610195,-0.091898334,-0.016342949,0.956438395
1497534818795110000,77159,-1.40415359,2.325804436,0.864007769,-0.277931739,-0.092127464,-0.014752284,0.956059019
1497534818805150000,77160,-1.402251639,2.325910657,0.864757438,-0.279928948,-0.094407796,-0.012269438,0.955288654
1497534818815110000,77161,-1.399929589,2.32670087,0.866070005,-0.280356792,-0.09405215,-0.01132395,0.95520994
1497534818825090000,77162,-1.397981918,2.32706797,0.86684056,-0.282531001,-0.097915686,-0.009271602,0.954202698
1497534818835040000,77163,-1.395662408,2.327616373,0.867560527,-0.283687447,-0.101714134,-0.007774421,0.953475341
1497534818845080000,77164,-1.393824687,2.328080117,0.86840079,-0.286643205,-0.104514699,-0.006004666,0.952300528
1497534818855090000,77165,-1.391749656,2.328785864,0.869468224,-0.288663612,-0.107064357,-0.004761248,0.951413618
1497534818865090000,77166,-1.38992585,2.329354424,0.87027833,-0.291308793,-0.110226452,-0.003359547,0.950251561
1497534818875080000,77167,-1.388303491,2.330113677,0.871492681,-0.292533649,-0.111765906,-0.00231538,0.949698418
1497534818885100000,77168,-1.386409108,2.331025314,0.87286253,-0.295630032,-0.113757538,-0.000909576,0.94850476
1497534818895120000,77169,-1.384770077,2.331735815,0.873707658,-0.299005019,-0.118851694,0.000639289,0.946820925
1497534818905100000,77170,-1.383214962,2.332839824,0.875156497,-0.301778954,-0.121976279,0.001610818,0.945541462
1497534818915080000,77171,-1.381697076,2.333975748,0.876481967,-0.304395644,-0.124599778,0.001803041,0.944359537
1497534818924970000,77172,-1.379978847,2.33494456,0.877458514,-0.308929479,-0.132127687,0.003450713,0.941856116
1497534818934990000,77173,-1.378548719,2.335949834,0.878681239,-0.312633997,-0.13656145,0.004482158,0.939995141
1497534818945060000,77174,-1.377218399,2.337249613,0.880267908,-0.316432303,-0.138227519,0.004763617,0.938478054
1497534818955080000,77175,-1.375737713,2.338768631,0.882087924,-0.320253943,-0.139323334,0.004668639,0.93701901
1497534818965120000,77176,-1.374353431,2.339841021,0.883376443,-0.322590638,-0.142705726,0.006118358,0.935699162
1497534818975070000,77177,-1.372462761,2.340361561,0.884048611,-0.325301336,-0.152103428,0.009919466,0.933244444
1497534818985160000,77178,-1.370462375,2.341020913,0.885279314,-0.324271491,-0.156423758,0.015236615,0.932816945
1497534818995110000,77179,-1.367860916,2.340702746,0.88553651,-0.326450665,-0.169202027,0.022449196,0.929675573
1497534819005060000,77180,-1.365702711,2.340470583,0.885798909,-0.324028616,-0.175871848,0.02556577,0.929204466
1497534819015070000,77181,-1.363281109,2.339657621,0.885697485,-0.322556719,-0.183454467,0.027632074,0.928190762
1497534819025120000,77182,-1.36086161,2.338205545,0.884866205,-0.324809769,-0.191786269,0.026973649,0.925737038
1497534819035060000,77183,-1.358902497,2.337542607,0.884993335,-0.32256953,-0.187791133,0.021973226,0.927469981
1497534819045090000,77184,-1.356958562,2.336665732,0.884773465,-0.31999107,-0.182976999,0.015511602,0.929453884
1497534819055090000,77185,-1.355207288,2.336154805,0.885154803,-0.319070192,-0.171418073,0.007469814,0.932069879
1497534819065110000,77186,-1.353694003,2.335923319,0.885659216,-0.317076292,-0.158835002,-0.001495769,0.935003652
1497534819075070000,77187,-1.351538606,2.334713733,0.884728802,-0.322075902,-0.162190859,-0.006306014,0.932695809
1497534819085110000,77188,-1.350082374,2.334485573,0.884866003,-0.323697311,-0.158313936,-0.012070844,0.932743825
1497534819095110000,77189,-1.348542174,2.334330968,0.885067112,-0.32615468,-0.157037454,-0.015648706,0.932050149
1497534819105100000,77190,-1.34718757,2.334475717,0.885461926,-0.329093481,-0.158187623,-0.01749319,0.930788991
1497534819115100000,77191,-1.346029181,2.334852186,0.88595139,-0.332526855,-0.160513471,-0.018954655,0.929140483
1497534819125080000,77192,-1.34525034,2.335450722,0.886675915,-0.334594149,-0.162006262,-0.02005076,0.928115668
1497534819135110000,77193,-1.34416104,2.335059819,0.886211243,-0.341189946,-0.174569604,-0.018499943,0.923456889
1497534819145060000,77194,-1.343443648,2.335255869,0.886220562,-0.344879215,-0.18215884,-0.019069566,0.920604604
1497534819155100000,77195,-1.343159699,2.335965483,0.886724059,-0.346804253,-0.184110193,-0.02147388,0.919439568
1497534819165100000,77196,-1.342527451,2.335721242,0.886210301,-0.352512668,-0.193276006,-0.021699446,0.915373333
1497534819175080000,77197,-1.342102936,2.336117415,0.886332807,-0.354211172,-0.195800086,-0.023973979,0.914123635
1497534819185170000,77198,-1.341769858,2.336652574,0.88666777,-0.35430279,-0.195360075,-0.02667136,0.91410755
1497534819195100000,77199,-1.341373655,2.336838106,0.886850593,-0.354933413,-0.195576949,-0.028391238,0.913764667
1497534819205090000,77200,-1.340776111,2.336784878,0.886846157,-0.356901864,-0.197697689,-0.029806517,0.912495619
1497534819215130000,77201,-1.3400319,2.336521461,0.886734453,-0.359633491,-0.201232406,-0.030691338,0.910619192
1497534819225070000,77202,-1.339413156,2.3363643,0.886788747,-0.361806837,-0.20214777,-0.032512898,0.909491618
1497534819235090000,77203,-1.338723885,2.3359669,0.886807598,-0.364493651,-0.204898478,-0.033473222,0.907766785
1497534819245060000,77204,-1.338226857,2.335807556,0.887158267,-0.366229039,-0.205401362,-0.035016798,0.906896022
1497534819255100000,77205,-1.337831269,2.335504762,0.887548071,-0.367974023,-0.206102015,-0.036622313,0.905966823
1497534819265100000,77206,-1.33759615,2.335828199,0.888513353,-0.367721279,-0.202033352,-0.03989919,0.906847088
1497534819275080000,77207,-1.336946432,2.335323817,0.888756797,-0.37067357,-0.205422499,-0.04083542,0.904839859
1497534819285110000,77208,-1.336635781,2.335456452,0.889698545,-0.370542992,-0.202268544,-0.043654519,0.905472037
1497534819295110000,77209,-1.336014573,2.334808421,0.889980872,-0.373227007,-0.206375023,-0.04410053,0.903419114
1497534819305110000,77210,-1.335325081,2.334002178,0.890487782,-0.375913996,-0.209598281,-0.043540635,0.901588288
1497534819315090000,77211,-1.334818618,2.33365585,0.891297413,-0.377166737,-0.209297461,-0.044250996,0.901100258
1497534819325070000,77212,-1.333920032,2.332917449,0.891777578,-0.380870642,-0.213025224,-0.04401106,0.898677269
1497534819335090000,77213,-1.333231803,2.332301968,0.892649587,-0.383871134,-0.213800656,-0.043631017,0.897233842
1497534819345040000,77214,-1.332437399,2.331673249,0.893415273,-0.38675463,-0.21642081,-0.044072645,0.895343784
1497534819355060000,77215,-1.33175184,2.331008755,0.894097105,-0.388467019,-0.218669791,-0.044765206,0.894020679
1497534819365090000,77216,-1.331108229,2.330228505,0.894656211,-0.390555703,-0.221455224,-0.045299898,0.89239663
1497534819375080000,77217,-1.330357224,2.32942373,0.895214672,-0.392771216,-0.224597619,-0.046787099,0.890560301
1497534819385100000,77218,-1.327543836,2.325349067,0.893955313,-0.411470632,-0.255083957,-0.036614506,0.874233076
1497534819395100000,77219,-1.327106889,2.324173891,0.894440043,-0.413480967,-0.255529131,-0.038099585,0.873090359
1497534819405140000,77220,-1.326547852,2.323014522,0.894890533,-0.414644884,-0.256348671,-0.039006461,0.872257688
1497534819415120000,77221,-1.326059987,2.321832851,0.895559737,-0.415360365,-0.256257824,-0.039482169,0.871922504
1497534819425100000,77222,-1.325476822,2.32076261,0.896304263,-0.414901198,-0.255519298,-0.03955448,0.872354473
1497534819435010000,77223,-1.324388619,2.31941624,0.896844606,-0.415043165,-0.257601768,-0.03919753,0.871690343
1497534819445060000,77224,-1.3232829,2.318202402,0.897629668,-0.415631074,-0.258527922,-0.038237487,0.871178522
1497534819455110000,77225,-1.322170078,2.316916839,0.898644681,-0.415382174,-0.25756427,-0.036221879,0.871668671
1497534819465170000,77226,-1.32076808,2.315797075,0.899904871,-0.417503296,-0.256973861,-0.033620396,0.870933466
1497534819475100000,77227,-1.319293387,2.314681599,0.901227855,-0.41960951,-0.257686875,-0.031959439,0.869772343
1497534819485130000,77228,-1.318148087,2.313305319,0.902221072,-0.422191343,-0.259539687,-0.030321762,0.868028923
1497534819495130000,77229,-1.317048919,2.312576868,0.903749206,-0.424248989,-0.25907478,-0.029861032,0.867180127
1497534819505160000,77230,-1.318058036,2.316936001,0.908936788,-0.407643607,-0.222335291,-0.043326494,0.88459964
1497534819515090000,77231,-1.316916607,2.315706921,0.910336156,-0.411785267,-0.224974679,-0.040608108,0.882139598
1497534819525070000,77232,-1.315917577,2.314792473,0.911987149,-0.412800468,-0.223815933,-0.038451712,0.882056499
1497534819535110000,77233,-1.314455483,2.313221442,0.913216217,-0.415144386,-0.228017152,-0.034880851,0.880026501
1497534819545190000,77234,-1.313167109,2.31161157,0.91460684,-0.416913215,-0.229783621,-0.031388271,0.878861556
1497534819555110000,77235,-1.312049139,2.310221724,0.916052814,-0.417412568,-0.228456698,-0.029432447,0.87903812
1497534819565120000,77236,-1.310689689,2.308255143,0.917164595,-0.42019388,-0.231436504,-0.025150426,0.877064253
1497534819575070000,77237,-1.308109742,2.304830498,0.917500725,-0.412639294,-0.272279669,0.002260923,0.869245353
1497534819585150000,77238,-1.3067398,2.303563786,0.919425862,-0.413941251,-0.272106254,0.00635512,0.86866014
1497534819595140000,77239,-1.306928467,2.303943306,0.922398533,-0.426771548,-0.22542736,-0.014651064,0.875690526
1497534819605160000,77240,-1.305613439,2.302069527,0.924218634,-0.431389037,-0.225410713,-0.00932033,0.873502513
1497534819615110000,77241,-1.304267099,2.300117998,0.926296228,-0.436510246,-0.223819875,-0.004724462,0.871401829
1497534819625070000,77242,-1.302967611,2.29796821,0.928567464,-0.441952389,-0.222574827,0.000314093,0.868987016
1497534819635100000,77243,-1.301677341,2.295562706,0.930974627,-0.447161702,-0.223016079,0.005119412,0.866189374
1497534819645070000,77244,-1.300290332,2.292704154,0.933489675,-0.454220424,-0.223659836,0.010751845,0.862290254
1497534819655110000,77245,-1.299463976,2.290623554,0.937072621,-0.459150305,-0.216068933,0.013141771,0.861581399
1497534819665110000,77246,-1.298602344,2.288018614,0.940641277,-0.464148246,-0.210960595,0.015097287,0.860136097
1497534819674910000,77247,-1.297788985,2.284746797,0.944114652,-0.469950297,-0.208338598,0.017092284,0.857583582
1497534819684940000,77248,-1.296987042,2.280932626,0.947778025,-0.477101069,-0.206282287,0.019775632,0.854067394
1497534819694900000,77249,-1.296460722,2.277904199,0.952187962,-0.482987632,-0.198695725,0.018736497,0.852579556
1497534819704950000,77250,-1.295844157,2.274543136,0.956712909,-0.491517754,-0.192973701,0.017896163,0.849029549
1497534819714900000,77251,-1.296175902,2.272114891,0.962095697,-0.47969288,-0.168809176,0.007481138,0.861012332
1497534819724880000,77252,-1.297204126,2.273027251,0.96929481,-0.475505598,-0.134264013,-0.009530169,0.86935423
1497534819734900000,77253,-1.29686835,2.269120935,0.973863869,-0.481370483,-0.131182701,-0.011057844,0.866574452
1497534819744900000,77254,-1.296582177,2.265289397,0.978282061,-0.490771591,-0.13141529,-0.013371012,0.861216862
1497534819754910000,77255,-1.296382298,2.261446512,0.983132212,-0.500379089,-0.130156012,-0.015545268,0.855826223
1497534819764910000,77256,-1.295977538,2.257860911,0.987746563,-0.509884901,-0.132195627,-0.019225649,0.849807083
1497534819774900000,77257,-1.293118065,2.244523273,0.988971457,-0.567873909,-0.199958437,0.0176598,0.798263101
1497534819784930000,77258,-1.293002055,2.240632461,0.993954,-0.583073425,-0.197123959,0.008723086,0.788093544
1497534819794920000,77259,-1.293182783,2.237572482,0.998909131,-0.593993921,-0.198539862,0.004891355,0.779569894
1497534819804960000,77260,-1.293183677,2.233217862,1.003497421,-0.594530142,-0.196808564,0.00095172,0.7796149
1497534819814910000,77261,-1.294075857,2.232116653,1.00810192,-0.599711396,-0.19054052,-0.008072506,0.777158533
1497534819824880000,77262,-1.294222471,2.229720427,1.012680144,-0.612508748,-0.192995765,-0.012039198,0.766446819
1497534819834860000,77263,-1.295247347,2.228536187,1.016875064,-0.634741276,-0.197560348,-0.017802363,0.74683097
1497534819844840000,77264,-1.295346151,2.22589687,1.021531809,-0.647114792,-0.19776681,-0.021899533,0.735969527
1497534819854900000,77265,-1.2948442,2.224630198,1.027521757,-0.650142895,-0.204451099,-0.017585388,0.731576872
1497534819864920000,77266,-1.294751357,2.221507076,1.032148979,-0.659877764,-0.20356069,-0.021552739,0.722952185
1497534819874890000,77267,-1.29460175,2.218522449,1.036800385,-0.669751024,-0.203133466,-0.02502855,0.713823461
1497534819884950000,77268,-1.29469088,2.215295953,1.040795541,-0.679598551,-0.200676376,-0.030297442,0.704951677
1497534819894910000,77269,-1.294315766,2.21229558,1.045151458,-0.688754809,-0.199881609,-0.03354412,0.696088319
1497534819904950000,77270,-1.294080688,2.20966776,1.049077831,-0.696195497,-0.199229989,-0.037371275,0.688638242
1497534819914910000,77271,-1.294537367,2.207693553,1.052477449,-0.706469304,-0.190129625,-0.04918958,0.67995017
1497534819925050000,77272,-1.294345709,2.205074609,1.056396303,-0.71429345,-0.189229464,-0.052299404,0.671745375
1497534819935100000,77273,-1.294101203,2.202554379,1.060347801,-0.721533926,-0.188909733,-0.054857587,0.663846783
1497534819945140000,77274,-1.29388216,2.199969554,1.06398606,-0.727344697,-0.18818382,-0.057967889,0.657416357
1497534819955100000,77275,-1.293631681,2.197655065,1.067433188,-0.733473257,-0.187430059,-0.061730407,0.650443165
1497534819965180000,77276,-1.293394926,2.195322372,1.070895839,-0.739648193,-0.185541349,-0.064589518,0.643679387
1497534819975100000,77277,-1.293666839,2.193078676,1.075221419,-0.751736517,-0.176867491,-0.061449388,0.632324341
1497534819984990000,77278,-1.293202003,2.191527966,1.078549557,-0.759002605,-0.173441457,-0.063537601,0.624336512
1497534819995120000,77279,-1.292857232,2.189753935,1.081482722,-0.765139789,-0.170174812,-0.065522401,0.617501783
1497534820004990000,77280,-1.292468669,2.18793668,1.084334249,-0.771697577,-0.168539854,-0.068300075,0.609436024
1497534820015120000,77281,-1.292018982,2.186288348,1.087235015,-0.776649342,-0.167932808,-0.071283696,0.602936983
1497534820025080000,77282,-1.291789819,2.184304299,1.08995422,-0.780458231,-0.1670587,-0.074378116,0.597866403
1497534820035130000,77283,-1.291979566,2.185146073,1.090466384,-0.769254814,-0.139813958,-0.10707135,0.614194443
1497534820045100000,77284,-1.291575531,2.183575607,1.092862869,-0.771693533,-0.138160145,-0.113442362,0.610353746
1497534820055110000,77285,-1.291625448,2.182154328,1.095616322,-0.77397568,-0.132958402,-0.116397485,0.608058661
1497534820065090000,77286,-1.291364842,2.180957261,1.097821132,-0.776115225,-0.131082825,-0.122248562,0.604580631
1497534820075070000,77287,-1.292479663,2.179344477,1.100232093,-0.780070536,-0.122278827,-0.120943735,0.601589943
1497534820085080000,77288,-1.29208668,2.178307608,1.102294431,-0.780142981,-0.12400165,-0.126367241,0.600026533
1497534820095050000,77289,-1.292313929,2.176851035,1.104272429,-0.782527283,-0.11936393,-0.130481436,0.596973951
1497534820105210000,77290,-1.289114691,2.168027851,1.107749879,-0.790857419,-0.184736055,-0.077638479,0.578264126
1497534820115100000,77291,-1.288957444,2.166733073,1.109571321,-0.795127745,-0.180234228,-0.087330817,0.572416649
1497534820125080000,77292,-1.288758481,2.166194388,1.110853591,-0.793093661,-0.183821397,-0.086343416,0.574244681
1497534820135070000,77293,-1.288304532,2.165243473,1.112282095,-0.795231881,-0.182721414,-0.092419747,0.570681811
1497534820145160000,77294,-1.288013297,2.1643028,1.113984388,-0.794716368,-0.181606144,-0.092500979,0.571741788
1497534820154990000,77295,-1.287717748,2.163506876,1.115438026,-0.796908265,-0.181115397,-0.095741384,0.568302751
1497534820165150000,77296,-1.287420418,2.162653302,1.11687206,-0.79736499,-0.18092642,-0.095262022,0.567802651
1497534820175100000,77297,-1.287148528,2.161868695,1.118199446,-0.795574611,-0.182426972,-0.090101571,0.570669033
1497534820185200000,77298,-1.28705744,2.161348907,1.119431981,-0.793405451,-0.185681034,-0.083404162,0.573649796
1497534820195180000,77299,-1.286876176,2.160499421,1.120439311,-0.792719288,-0.186323412,-0.079123002,0.574995016
1497534820205180000,77300,-1.286633837,2.159702481,1.121311811,-0.791382327,-0.187438898,-0.075756501,0.576924279
1497534820215130000,77301,-1.286935514,2.158871075,1.123009772,-0.800556631,-0.173174039,-0.088673641,0.566795217
1497534820225130000,77302,-1.286565327,2.157765343,1.123617824,-0.798377778,-0.173549924,-0.084862027,0.570326033
1497534820235090000,77303,-1.286394783,2.157261907,1.124115036,-0.79784685,-0.172651617,-0.082271451,0.571719539
1497534820245080000,77304,-1.286272381,2.157135095,1.124276987,-0.791444216,-0.169037416,-0.082005515,0.581650669
1497534820255090000,77305,-1.285860386,2.156583728,1.124138979,-0.790327265,-0.169933713,-0.079952489,0.583192033
1497534820265140000,77306,-1.285439778,2.155858731,1.124416478,-0.78787,-0.168132523,-0.077193077,0.587395562
1497534820275090000,77307,-1.284982364,2.155216244,1.124170986,-0.786170992,-0.166935314,-0.075123623,0.590274693
1497534820285180000,77308,-1.284496202,2.154677803,1.123949149,-0.784833495,-0.165148045,-0.073184393,0.592795541
1497534820295140000,77309,-1.284087568,2.15418854,1.123696314,-0.783932935,-0.162583114,-0.071329461,0.594918476
1497534820305140000,77310,-1.283744779,2.153605532,1.123545427,-0.78364669,-0.159928865,-0.068931758,0.596296098
1497534820315110000,77311,-1.283424978,2.153225302,1.123072182,-0.78490286,-0.158537111,-0.066689402,0.595269694
1497534820325090000,77312,-1.283054391,2.152896148,1.122673148,-0.786552539,-0.157060049,-0.063149229,0.593868184
1497534820335150000,77313,-1.282599701,2.152805293,1.122138216,-0.78638178,-0.156013635,-0.059876213,0.594708568
1497534820345120000,77314,-1.282120083,2.152597127,1.121879605,-0.785992178,-0.15509945,-0.056988848,0.595745523
1497534820355110000,77315,-1.281864303,2.152336361,1.121647279,-0.787071197,-0.154464649,-0.054600383,0.594708669
1497534820365130000,77316,-1.281699025,2.152049891,1.121403566,-0.788018354,-0.153026917,-0.052006492,0.594058214
1497534820375090000,77317,-1.281561472,2.151725815,1.121267153,-0.789895175,-0.152322941,-0.049816802,0.591930419
1497534820385200000,77318,-1.281465393,2.151513219,1.121217937,-0.792036594,-0.152007369,-0.048235861,0.589275059
1497534820395110000,77319,-1.281438992,2.151388481,1.12113922,-0.794060077,-0.151597488,-0.047068358,0.586746424
1497534820405120000,77320,-1.280911587,2.152898944,1.120220702,-0.794641532,-0.144158388,-0.062714821,0.58637023
1497534820415130000,77321,-1.280877081,2.152763815,1.12041104,-0.796597123,-0.142550228,-0.062408129,0.584138409
1497534820425060000,77322,-1.281006948,2.152669793,1.120590462,-0.798639906,-0.141775863,-0.061522011,0.581626123
1497534820435100000,77323,-1.281104444,2.152360381,1.120816895,-0.802051411,-0.141509511,-0.061677975,0.576961368
1497534820445110000,77324,-1.281319863,2.152082612,1.121150716,-0.805033618,-0.141585396,-0.061215257,0.572823831
1497534820455100000,77325,-1.281579781,2.151887268,1.121478176,-0.807180423,-0.140991109,-0.060490917,0.570019404
1497534820465110000,77326,-1.281666278,2.151421114,1.121911291,-0.809960576,-0.139218149,-0.060986791,0.566447512
1497534820475100000,77327,-1.282167386,2.151284185,1.122421413,-0.812354443,-0.138650956,-0.06068834,0.563181229
1497534820485200000,77328,-1.282592655,2.150995706,1.122867165,-0.814284669,-0.138629494,-0.060654728,0.560395704
1497534820495150000,77329,-1.282962388,2.15050589,1.123370782,-0.816618414,-0.137783895,-0.061340996,0.557124085
1497534820505120000,77330,-1.283390705,2.150049105,1.123844093,-0.818189952,-0.136610088,-0.061792467,0.555053671
1497534820514960000,77331,-1.283525501,2.149379515,1.124177652,-0.820018676,-0.136455035,-0.062627184,0.552292703
1497534820524910000,77332,-1.2838331,2.148676506,1.1246061,-0.822292613,-0.134506817,-0.063570673,0.549273651
1497534820535080000,77333,-1.284047874,2.148151269,1.125095839,-0.822767641,-0.13218952,-0.063019378,0.549188399
1497534820545040000,77334,-1.284024846,2.147225171,1.125366453,-0.82523296,-0.130384421,-0.064387288,0.545751538
1497534820555110000,77335,-1.284269353,2.146660679,1.125623317,-0.82526096,-0.127979478,-0.063551896,0.546376022
1497534820565090000,77336,-1.284291589,2.145815038,1.125758641,-0.826356254,-0.126904625,-0.063882712,0.544930782
1497534820575100000,77337,-1.284162161,2.144805181,1.125804618,-0.826943669,-0.124511443,-0.064630457,0.544503419
1497534820585130000,77338,-1.28415373,2.143942881,1.125746895,-0.82688384,-0.12180125,-0.064941269,0.545169883
1497534820595120000,77339,-1.283822268,2.14272053,1.125579079,-0.828314167,-0.119552233,-0.066067139,0.543358112
1497534820605130000,77340,-1.283614304,2.141908316,1.125456169,-0.827296534,-0.11621995,-0.065802304,0.545658707
1497534820615120000,77341,-1.283449297,2.14104518,1.12529297,-0.828304041,-0.11357432,-0.065088061,0.544772277
1497534820625160000,77342,-1.283209028,2.140133736,1.124939181,-0.828968178,-0.112150089,-0.063269857,0.544271112
1497534820635150000,77343,-1.282820425,2.139201288,1.124771815,-0.828328064,-0.108166599,-0.061392368,0.54626329
1497534820645050000,77344,-1.282512797,2.138125158,1.124440928,-0.829128453,-0.104078288,-0.060761454,0.545913697
1497534820655080000,77345,-1.28231918,2.136999347,1.124075466,-0.829710778,-0.100982615,-0.059265952,0.545774756
1497534820665130000,77346,-1.282043634,2.136077039,1.123654597,-0.82866398,-0.099134305,-0.05608129,0.548035844
1497534820675030000,77347,-1.280765072,2.134600686,1.123112367,-0.826764621,-0.089692706,-0.054369181,0.552683881
1497534820685120000,77348,-1.281270078,2.133834984,1.122678888,-0.827727651,-0.093772866,-0.052879206,0.550706251
1497534820695120000,77349,-1.280837883,2.132959563,1.122464301,-0.826303247,-0.090362423,-0.051490439,0.553539801
1497534820705180000,77350,-1.280267731,2.132134509,1.122282205,-0.824770752,-0.090617481,-0.05053893,0.555866437
1497534820715120000,77351,-1.280134544,2.131001889,1.121920267,-0.825166839,-0.086093597,-0.049049289,0.556131053
1497534820725090000,77352,-1.279446231,2.130437345,1.121907486,-0.821909613,-0.087256125,-0.048366566,0.560813366
1497534820735110000,77353,-1.279077073,2.129470725,1.121848022,-0.821020907,-0.08466669,-0.048072989,0.56253463
1497534820745140000,77354,-1.278646959,2.128248346,1.121848646,-0.821233863,-0.081859295,-0.047585213,0.562680767
1497534820755140000,77355,-1.278315873,2.127292711,1.121771553,-0.821176328,-0.079635845,-0.046891755,0.563141842
1497534820765130000,77356,-1.278012134,2.126209199,1.12173302,-0.82116945,-0.078272697,-0.045763811,0.563435704
1497534820775100000,77357,-1.277729231,2.125416824,1.121887914,-0.820062178,-0.076093611,-0.044662483,0.565431736
1497534820785130000,77358,-1.277276887,2.124451967,1.122070371,-0.819444501,-0.076101475,-0.043149423,0.566442762
1497534820795120000,77359,-1.277209652,2.123737247,1.122058411,-0.818422755,-0.07492994,-0.041720445,0.56818052
1497534820805190000,77360,-1.27684891,2.122676531,1.121962071,-0.816864404,-0.074863228,-0.040767146,0.570496348
1497534820815050000,77361,-1.276653188,2.121731841,1.121947033,-0.814688034,-0.074269406,-0.039475935,0.573767473
1497534820825160000,77362,-1.276287193,2.120738489,1.121827114,-0.811864124,-0.074425767,-0.040071613,0.577695174
1497534820835110000,77363,-1.276119037,2.119756682,1.121646421,-0.809578033,-0.073377881,-0.040794061,0.580977572
1497534820845130000,77364,-1.275884243,2.11867088,1.121648165,-0.806703922,-0.071705149,-0.042408597,0.585054412
1497534820855110000,77365,-1.275695409,2.117413944,1.121327304,-0.805177318,-0.069933779,-0.043939791,0.587254671
1497534820865170000,77366,-1.275402824,2.116110476,1.120641541,-0.803218004,-0.06886394,-0.045289653,0.589955459
1497534820875090000,77367,-1.275358502,2.114818799,1.119734256,-0.802883984,-0.069259887,-0.045139365,0.590375147
1497534820885110000,77368,-1.274934782,2.113663515,1.119013967,-0.801374174,-0.067952956,-0.045569948,0.592541314
1497534820895210000,77369,-1.274489661,2.112605647,1.117695466,-0.800499192,-0.067370102,-0.045559623,0.593790058
1497534820905180000,77370,-1.273912796,2.111789117,1.116370779,-0.800162777,-0.06626959,-0.045062666,0.594404936
1497534820915200000,77371,-1.273528897,2.111047099,1.115250322,-0.80074064,-0.062680764,-0.043601725,0.594124936
1497534820925080000,77372,-1.272861794,2.110166073,1.114032356,-0.801410539,-0.060812083,-0.041865947,0.593540462
1497534820935130000,77373,-1.27206926,2.10961535,1.112929378,-0.800218071,-0.057627909,-0.040120942,0.59558406
1497534820945080000,77374,-1.27142657,2.107638037,1.111511928,-0.802423786,-0.064895962,-0.033620664,0.592261963
1497534820955120000,77375,-1.270679977,2.107143795,1.110792782,-0.801536034,-0.061265601,-0.030416025,0.594021361
1497534820965130000,77376,-1.270164085,2.106793663,1.110281812,-0.801881752,-0.058239275,-0.028477158,0.593955297
1497534820975110000,77377,-1.269536409,2.106099529,1.109412916,-0.802463663,-0.05766513,-0.024950944,0.593383731
1497534820985130000,77378,-1.268977199,2.105521355,1.108838776,-0.8032771,-0.056861694,-0.022238838,0.59246779
1497534820995040000,77379,-1.268390183,2.10526811,1.108555776,-0.802608237,-0.05554182,-0.021888076,0.593511614
1497534821005140000,77380,-1.26802702,2.104892933,1.108499019,-0.802396417,-0.053517266,-0.020230625,0.594042604
1497534821015150000,77381,-1.267760706,2.104508874,1.108572744,-0.802408747,-0.052560182,-0.017559746,0.594196336
1497534821025110000,77382,-1.26758117,2.103699526,1.108784865,-0.802751129,-0.05139779,-0.015239181,0.593899537
1497534821035140000,77383,-1.267450847,2.103135275,1.108728534,-0.801910215,-0.049444295,-0.015507393,0.595193069
1497534821044990000,77384,-1.267448468,2.102597885,1.109209958,-0.800242868,-0.048546773,-0.014301585,0.597536633
1497534821055150000,77385,-1.267504467,2.101795981,1.109441652,-0.799505649,-0.046253447,-0.013681271,0.598718764
1497534821065160000,77386,-1.267508335,2.101195612,1.10955478,-0.798583079,-0.045832594,-0.013101978,0.599993982
1497534821075110000,77387,-1.267362497,2.100458079,1.109892364,-0.797428729,-0.0465868,-0.012866677,0.601474473
1497534821085220000,77388,-1.267447807,2.099826763,1.110316512,-0.796678835,-0.044519104,-0.013379361,0.602612542
1497534821095190000,77389,-1.267417815,2.099023967,1.110715754,-0.796091679,-0.044401494,-0.012629627,0.603412826
1497534821105210000,77390,-1.267552231,2.098576783,1.110993072,-0.795290313,-0.044197947,-0.01215106,0.604493351
1497534821115110000,77391,-1.267397996,2.097881744,1.111758627,-0.79499808,-0.043947095,-0.010059716,0.6049343
1497534821125120000,77392,-1.267445728,2.097772306,1.112563897,-0.794711144,-0.042578106,-0.008955237,0.605426384
1497534821135060000,77393,-1.267147448,2.096836075,1.113597044,-0.801968153,-0.047177152,-0.002619344,0.595495203
1497534821145080000,77394,-1.266908445,2.097269257,1.11479411,-0.802473926,-0.049247482,0.002770613,0.594644942
1497534821155110000,77395,-1.26664935,2.097718304,1.115987129,-0.802834622,-0.050771765,0.008595362,0.593973835
1497534821165180000,77396,-1.266384543,2.098495732,1.117144177,-0.805279964,-0.055563511,0.014585238,0.5901052
1497534821175120000,77397,-1.266137574,2.099065439,1.118392641,-0.807448704,-0.057660095,0.020657382,0.586749671
1497534821185140000,77398,-1.265785654,2.099642273,1.119295431,-0.811170329,-0.060982643,0.023562014,0.581144256
1497534821195040000,77399,-1.265342934,2.099997307,1.120500228,-0.813374387,-0.063483841,0.026409227,0.57766293
1497534821205090000,77400,-1.265009306,2.100279779,1.121180093,-0.815421946,-0.065622868,0.027275817,0.574488223
1497534821215090000,77401,-1.2655496,2.103077896,1.121779126,-0.826021735,-0.077966027,0.031960002,0.557304181
1497534821225100000,77402,-1.264728873,2.100873583,1.121938837,-0.816280811,-0.068650088,0.028867795,0.572834578
1497534821235130000,77403,-1.264445318,2.100936849,1.121896462,-0.816676071,-0.071347753,0.029766623,0.571894782
1497534821245000000,77404,-1.264035359,2.100922855,1.121767655,-0.817831387,-0.075341494,0.030889577,0.569667724
1497534821255140000,77405,-1.263790867,2.100910773,1.121173131,-0.818529502,-0.077881008,0.032307152,0.568243127
1497534821265140000,77406,-1.26364165,2.100972625,1.119994653,-0.818082557,-0.079102682,0.031874717,0.568742207
1497534821275130000,77407,-1.263601053,2.100832502,1.118585426,-0.816419167,-0.076402978,0.033383392,0.571408679
1497534821285150000,77408,-1.263329859,2.101114005,1.117389256,-0.817305491,-0.078544366,0.035825914,0.569700816
1497534821295060000,77409,-1.262927611,2.100878463,1.1157551,-0.816589886,-0.077491083,0.036949655,0.5707984
1497534821305140000,77410,-1.262553667,2.100864854,1.114223383,-0.816003682,-0.078256656,0.037312973,0.571508206
1497534821315140000,77411,-1.262373036,2.10113337,1.112892136,-0.815046531,-0.079127587,0.03685235,0.572782578
1497534821325050000,77412,-1.262435122,2.101100592,1.111950941,-0.814012812,-0.077823558,0.036619911,0.574443746
1497534821335110000,77413,-1.262355431,2.100944642,1.111438718,-0.8141348,-0.077304181,0.037123299,0.574308673
1497534821345260000,77414,-1.262363501,2.100780558,1.11108754,-0.814837902,-0.076849942,0.036997241,0.573379877
1497534821355140000,77415,-1.262430937,2.100609679,1.111134136,-0.814766361,-0.075724833,0.037250315,0.573614802
1497534821365150000,77416,-1.262586482,2.100554916,1.11117118,-0.814743646,-0.075562889,0.036244118,0.573732869
1497534821375120000,77417,-1.262715821,2.100396907,1.111340664,-0.814386328,-0.075980225,0.03505854,0.574258489
1497534821385180000,77418,-1.263018885,2.099979881,1.111488629,-0.813256034,-0.074597513,0.033542168,0.576129115
1497534821395110000,77419,-1.263453786,2.099843093,1.11184942,-0.812288317,-0.074018764,0.031643863,0.577674285
1497534821405190000,77420,-1.264069891,2.099522351,1.112436105,-0.811260357,-0.071433499,0.03102308,0.579475157
1497534821415140000,77421,-1.264708182,2.099332035,1.112823141,-0.811689583,-0.070843706,0.028970623,0.579052583
1497534821425050000,77422,-1.265128447,2.098691512,1.113129718,-0.811807816,-0.070669304,0.027131164,0.578997253
1497534821435120000,77423,-1.265534388,2.098045924,1.113404492,-0.811450142,-0.069377588,0.022743332,0.579843219
1497534821445150000,77424,-1.266366988,2.097671185,1.113742631,-0.810053386,-0.066719529,0.019942672,0.582206411
1497534821455190000,77425,-1.267158148,2.097319228,1.114144178,-0.809955038,-0.065204569,0.018248094,0.582570346
1497534821465080000,77426,-1.267823197,2.09692758,1.114406451,-0.808984875,-0.062816772,0.016996355,0.584216269
1497534821475120000,77427,-1.268496697,2.096702994,1.114501672,-0.80951411,-0.062405483,0.016721106,0.583534802
1497534821485130000,77428,-1.269213775,2.096280596,1.11456194,-0.809329515,-0.060589841,0.015154288,0.58402479
1497534821495160000,77429,-1.270150154,2.096220738,1.114667521,-0.808098451,-0.058147639,0.015123568,0.585975275
1497534821505150000,77430,-1.270861316,2.096149671,1.114809115,-0.807714462,-0.055738532,0.016043019,0.586713887
1497534821515140000,77431,-1.27131383,2.096152604,1.114735562,-0.807761531,-0.053648046,0.01623736,0.586838602
1497534821525090000,77432,-1.272161657,2.096335252,1.115102196,-0.808462848,-0.049713434,0.021298055,0.586056985
1497534821535140000,77433,-1.272899131,2.096492807,1.114967981,-0.80977692,-0.046375582,0.025801863,0.584332875
1497534821545040000,77434,-1.273468992,2.096620191,1.114509667,-0.811614142,-0.043480476,0.030973175,0.581749598
1497534821555130000,77435,-1.27436873,2.096538392,1.113925049,-0.811794311,-0.039089772,0.038377998,0.581368313
1497534821565140000,77436,-1.275091975,2.096300639,1.112932222,-0.811751557,-0.037218769,0.042829258,0.581239906
1497534821575110000,77437,-1.276091983,2.096201594,1.111901651,-0.811662377,-0.035860119,0.047146903,0.581115657
1497534821585140000,77438,-1.276774559,2.095727136,1.11078092,-0.811409791,-0.036095099,0.048797695,0.581317538
1497534821595090000,77439,-1.277325685,2.095417967,1.109865784,-0.810404408,-0.037287835,0.05009871,0.582532773
1497534821605060000,77440,-1.277860213,2.095092407,1.108706998,-0.80947426,-0.03765188,0.049793805,0.583827316
1497534821615070000,77441,-1.278210208,2.095008036,1.107751876,-0.809370181,-0.039603911,0.050077902,0.58381816
1497534821625110000,77442,-1.27853296,2.094742972,1.10637682,-0.808230348,-0.039776161,0.049069605,0.585468816
1497534821635190000,77443,-1.278582005,2.094456433,1.105110308,-0.808319225,-0.041761917,0.049596465,0.585163364
1497534821645090000,77444,-1.278705725,2.094086142,1.103601809,-0.80717132,-0.041661948,0.050546136,0.586671825
1497534821655170000,77445,-1.278634958,2.093595671,1.101960285,-0.806598442,-0.042184982,0.050938551,0.587387985
1497534821665150000,77446,-1.278641781,2.093240239,1.1001031,-0.805269679,-0.041836478,0.050290465,0.589288827
1497534821675130000,77447,-1.278495823,2.092515564,1.098340686,-0.802956858,-0.040999987,0.050527661,0.592474675
1497534821685220000,77448,-1.27835469,2.091673701,1.096319278,-0.800903458,-0.039569549,0.052284133,0.595192634
1497534821695150000,77449,-1.27793313,2.091074809,1.094308279,-0.799749475,-0.040055186,0.052257888,0.596712219
1497534821705170000,77450,-1.277494977,2.090435467,1.092209248,-0.799128646,-0.038804247,0.052696048,0.597587454
1497534821715130000,77451,-1.27692183,2.08966198,1.090500973,-0.797513863,-0.036583383,0.053706927,0.599790681
1497534821725140000,77452,-1.276445987,2.089472498,1.088808688,-0.795627788,-0.03616361,0.056316955,0.602077251
1497534821735130000,77453,-1.275797573,2.08880939,1.086967738,-0.794580507,-0.034504319,0.056062127,0.603579578
1497534821745000000,77454,-1.275689889,2.088114775,1.086878818,-0.791968506,-0.030214692,0.067073133,0.606113976
1497534821755120000,77455,-1.275029339,2.088155676,1.086079758,-0.790966682,-0.031942272,0.069925274,0.607010589
1497534821765130000,77456,-1.27435958,2.08756075,1.084768456,-0.79019696,-0.031899404,0.070180218,0.60798514
1497534821775100000,77457,-1.273916093,2.086913705,1.08161263,-0.779360333,-0.024038806,0.059753393,0.62325688
1497534821785130000,77458,-1.273489049,2.086111006,1.080573744,-0.777782428,-0.023217577,0.061144456,0.625121424
1497534821795100000,77459,-1.272839646,2.085206703,1.079034349,-0.774443297,-0.020477644,0.059441373,0.629511691
1497534821805130000,77460,-1.272451441,2.084388237,1.078016748,-0.773661376,-0.019629776,0.060853725,0.630364634
1497534821815120000,77461,-1.272027677,2.083165214,1.076874136,-0.772421346,-0.019670432,0.06280058,0.631691717
1497534821825100000,77462,-1.272018759,2.082477652,1.075605494,-0.770580211,-0.019086528,0.064411508,0.633792554
1497534821835150000,77463,-1.271794395,2.081925968,1.073966778,-0.766479765,-0.019857737,0.064333343,0.638729725
1497534821845090000,77464,-1.271704881,2.08087059,1.072811247,-0.763574729,-0.019660331,0.064690704,0.642169929
1497534821855130000,77465,-1.271768546,2.079660955,1.071558186,-0.760447483,-0.017557314,0.064917803,0.645907924
1497534821865160000,77466,-1.271962451,2.078530167,1.070548604,-0.758291993,-0.016339698,0.065748707,0.648385205
1497534821875100000,77467,-1.272073841,2.077659012,1.069770766,-0.756363301,-0.016268242,0.065996933,0.650610717
1497534821885210000,77468,-1.272199119,2.076573891,1.068866448,-0.753224578,-0.016082477,0.065741117,0.654272264
1497534821895170000,77469,-1.272287223,2.075631509,1.068241928,-0.750310395,-0.017724105,0.065652328,0.657578847
1497534821905210000,77470,-1.272656381,2.074507574,1.067611536,-0.746863861,-0.018610971,0.064826408,0.661547837
1497534821915140000,77471,-1.273315505,2.073182629,1.066766954,-0.743210499,-0.018480533,0.06290002,0.665837977
1497534821925110000,77472,-1.274006039,2.07187215,1.065631566,-0.738091566,-0.01832776,0.059401742,0.671830608
1497534821934850000,77473,-1.274926351,2.070372101,1.064331193,-0.734365899,-0.018583047,0.058253432,0.675994034
1497534821944780000,77474,-1.275691273,2.069020533,1.062127941,-0.731108464,-0.019459876,0.056187937,0.679665096
1497534821954830000,77475,-1.276879881,2.067189573,1.058859822,-0.726773424,-0.016087237,0.053698584,0.684586045
1497534821964850000,77476,-1.277799862,2.065970669,1.055336074,-0.723530061,-0.016404319,0.05277783,0.688076776
1497534821974820000,77477,-1.278759213,2.064578183,1.051139369,-0.718291885,-0.014961982,0.050731922,0.693728462
1497534821984840000,77478,-1.279651152,2.063299693,1.046743942,-0.71409077,-0.013874097,0.050909485,0.698061677
1497534821994790000,77479,-1.28053393,2.063943395,1.042927842,-0.707205308,-0.006779504,0.046092381,0.705471603
1497534822004860000,77480,-1.28064492,2.063767002,1.040205922,-0.705437158,-0.006590964,0.051986493,0.706832639
1497534822014860000,77481,-1.280362751,2.06339001,1.038349717,-0.703642552,-0.008578516,0.057117441,0.708202772
1497534822024840000,77482,-1.279918838,2.06381361,1.038255665,-0.704605066,-0.009258549,0.059510232,0.707039258
1497534822034960000,77483,-1.279869437,2.063989135,1.038468314,-0.705819746,-0.008665978,0.059124538,0.705866613
1497534822044950000,77484,-1.279693769,2.06260185,1.038712336,-0.709193578,-0.018794896,0.066590925,0.701610198
1497534822054970000,77485,-1.280096995,2.062753606,1.039048596,-0.7101443,-0.021715491,0.066505461,0.700571577
1497534822064970000,77486,-1.280577146,2.062576186,1.039498506,-0.71082001,-0.025902127,0.066090223,0.699782878
1497534822074950000,77487,-1.28106037,2.062463569,1.039610629,-0.711494518,-0.028622453,0.064179152,0.699169037
1497534822084970000,77488,-1.281517632,2.062319129,1.03999978,-0.712891243,-0.03213996,0.062543606,0.697740207
1497534822094960000,77489,-1.28192738,2.062055724,1.039887268,-0.712741183,-0.034030794,0.060692541,0.697967282
1497534822104970000,77490,-1.282511629,2.06388326,1.040130955,-0.710687538,-0.025102362,0.051832049,0.701146585
1497534822114970000,77491,-1.282667512,2.063745807,1.040031181,-0.711073524,-0.025779609,0.05179963,0.700732941
1497534822124940000,77492,-1.282780834,2.063636212,1.039893949,-0.711583806,-0.025873659,0.051958402,0.700199519
1497534822134970000,77493,-1.282804629,2.063559423,1.039783784,-0.711973676,-0.025934236,0.052162778,0.699785642
1497534822144970000,77494,-1.282759065,2.061174537,1.038846763,-0.714299909,-0.036605344,0.060055941,0.696296612
1497534822154980000,77495,-1.282837213,2.063240173,1.039179919,-0.712452904,-0.025214957,0.052552685,0.699294845
1497534822165220000,77496,-1.282828026,2.063002389,1.038749119,-0.712717087,-0.024367651,0.052920947,0.699027857
1497534822175130000,77497,-1.282810569,2.062726961,1.038234955,-0.713278421,-0.023239086,0.05358403,0.698442976
1497534822185200000,77498,-1.28258024,2.060363415,1.037078429,-0.715438235,-0.032771874,0.061609313,0.695182299
1497534822195090000,77499,-1.282299149,2.060175611,1.036550684,-0.715597578,-0.031521795,0.062714642,0.694977234
1497534822205090000,77500,-1.282190231,2.05983024,1.035806687,-0.715776144,-0.028765434,0.063603092,0.694832144
1497534822215050000,77501,-1.282204484,2.061618238,1.035605344,-0.713459954,-0.015984776,0.056913626,0.698197838
1497534822225090000,77502,-1.28175111,2.059362361,1.034554111,-0.715926414,-0.025671021,0.066428377,0.694534116
1497534822235110000,77503,-1.28126688,2.059050141,1.033696924,-0.715119466,-0.024650139,0.06703374,0.695343798
1497534822245070000,77504,-1.281012889,2.058700352,1.032979342,-0.714654104,-0.021427957,0.068094125,0.6958258
1497534822255140000,77505,-1.280667129,2.058358038,1.032549405,-0.714474945,-0.018251165,0.069989068,0.695912335
1497534822265160000,77506,-1.280172472,2.057889484,1.032269246,-0.715423425,-0.015665955,0.073722336,0.694614223
1497534822275140000,77507,-1.279523179,2.057645543,1.031601598,-0.714165673,-0.012734551,0.074848156,0.695846949
1497534822285170000,77508,-1.278969755,2.057380965,1.030674799,-0.713910415,-0.009588795,0.075862693,0.696049442
1497534822295120000,77509,-1.278445943,2.056957814,1.030036646,-0.714021985,-0.006693551,0.078979897,0.695622008
1497534822305170000,77510,-1.278096352,2.056574077,1.029213512,-0.71463255,-0.003198867,0.081539962,0.694723917
1497534822315130000,77511,-1.277466367,2.056228707,1.028547521,-0.715190076,-0.001663635,0.085388238,0.693692465
1497534822325140000,77512,-1.277019245,2.056251039,1.027661079,-0.713942542,0.00160087,0.086318753,0.694861538
1497534822335140000,77513,-1.276559395,2.056084502,1.026755103,-0.713776398,0.004604843,0.087766726,0.694837428
1497534822345090000,77514,-1.276092195,2.056173283,1.026126495,-0.713114415,0.007149787,0.088786573,0.695365843
1497534822355130000,77515,-1.275960468,2.05592897,1.02565563,-0.714383007,0.010526836,0.091497666,0.69366727
1497534822365170000,77516,-1.275712423,2.055915786,1.025296112,-0.714135451,0.012996937,0.093240554,0.693648207
1497534822375060000,77517,-1.275351664,2.055862629,1.024971254,-0.714896398,0.014308736,0.096225448,0.692429826
1497534822385120000,77518,-1.2750384,2.056007132,1.024637168,-0.715237741,0.015318339,0.09874863,0.691700102
1497534822395110000,77519,-1.274561069,2.05640939,1.024115338,-0.716183037,0.014472403,0.100669482,0.690462209
1497534822405160000,77520,-1.274483744,2.056599657,1.023672912,-0.717487304,0.016608125,0.103019368,0.688711223
1497534822415130000,77521,-1.274362209,2.057086914,1.023267219,-0.719352906,0.016986147,0.105272127,0.686411427
1497534822425140000,77522,-1.27422623,2.057541296,1.022987865,-0.720838,0.017590931,0.107664303,0.684464415
1497534822435090000,77523,-1.274322166,2.057977185,1.022796507,-0.722150176,0.019633194,0.108063824,0.682961105
1497534822445100000,77524,-1.274421863,2.05840161,1.02302802,-0.723401168,0.020430499,0.107153891,0.681756107
1497534822455120000,77525,-1.274741343,2.058542565,1.023713601,-0.725339986,0.019155965,0.108112805,0.679578233
1497534822465290000,77526,-1.275119811,2.058744468,1.024384445,-0.726633117,0.016378001,0.108108328,0.678268873
1497534822475220000,77527,-1.275609331,2.05895943,1.024956798,-0.72633092,0.014709105,0.105525184,0.679037166
1497534822485180000,77528,-1.276124313,2.0589119,1.025612375,-0.726609162,0.013018654,0.104059154,0.679000245
1497534822495100000,77529,-1.276276897,2.059169236,1.026495539,-0.725872622,0.008853435,0.101602328,0.680226081
1497534822505180000,77530,-1.276969999,2.059342128,1.027477664,-0.726553597,0.00637864,0.100098135,0.679749621
1497534822515100000,77531,-1.277663285,2.059521878,1.028133176,-0.727365507,0.003945108,0.098142631,0.679184717
1497534822525140000,77532,-1.278185116,2.059802431,1.028640841,-0.727875445,0.000481273,0.096499927,0.678885019
1497534822534990000,77533,-1.278515702,2.060143706,1.029079053,-0.728050847,-0.002447009,0.09492382,0.678914902
1497534822545100000,77534,-1.278536393,2.059973029,1.029209543,-0.726482548,-0.00200962,0.093422539,0.680801952
1497534822555110000,77535,-1.278108917,2.059385079,1.029392671,-0.723788418,-0.000472039,0.09349047,0.683659005
1497534822565170000,77536,-1.277335164,2.058428555,1.03014703,-0.721294438,0.001324296,0.097070819,0.685791394
1497534822575140000,77537,-1.276486269,2.057058702,1.030169938,-0.713966128,0.006879196,0.095961215,0.693539105
1497534822585170000,77538,-1.274842919,2.052870919,1.030517204,-0.716326545,0.016308152,0.09440562,0.691156931
1497534822595080000,77539,-1.273875269,2.051283056,1.031356692,-0.711307695,0.020589447,0.09619375,0.695962787
1497534822605170000,77540,-1.273473206,2.051208109,1.032092687,-0.709870416,0.019437254,0.098623936,0.697122303
1497534822615180000,77541,-1.273322047,2.051546495,1.032569874,-0.709941378,0.01874856,0.099216874,0.696984751
1497534822625140000,77542,-1.273174011,2.051922213,1.032958901,-0.710243795,0.019824272,0.098479074,0.696751478
1497534822635160000,77543,-1.272872147,2.052084859,1.033043493,-0.710848118,0.020977183,0.096579798,0.696367182
1497534822645080000,77544,-1.272505448,2.052251689,1.03301207,-0.709859367,0.020423791,0.096042365,0.697465707
1497534822655180000,77545,-1.272182452,2.052749224,1.033092224,-0.707669572,0.019364724,0.097665487,0.699492843
1497534822665180000,77546,-1.271888274,2.052153969,1.0327729,-0.709079855,0.022836203,0.094513857,0.698392008
1497534822675140000,77547,-1.271627075,2.05182616,1.032741754,-0.708502462,0.026146058,0.093938765,0.698939306
1497534822685160000,77548,-1.271511813,2.051984842,1.03283949,-0.707158514,0.027397213,0.094434426,0.700184525
1497534822695130000,77549,-1.271325921,2.052071312,1.032822139,-0.70682383,0.028128483,0.094355914,0.700503978
1497534822705160000,77550,-1.271126259,2.052113425,1.032783628,-0.707141663,0.028787706,0.093750033,0.700237722
1497534822715160000,77551,-1.27103996,2.052261474,1.032794821,-0.707066547,0.029355372,0.093319315,0.700347532
1497534822725140000,77552,-1.271115938,2.052531358,1.03295389,-0.706486296,0.029662836,0.093570069,0.70088649
1497534822735170000,77553,-1.271090437,2.052813174,1.032902728,-0.706531133,0.029328087,0.093423555,0.700874925
1497534822745070000,77554,-1.271087952,2.053099696,1.032890706,-0.706470223,0.029335298,0.093285753,0.700954373
1497534822755210000,77555,-1.271132191,2.05349895,1.03306646,-0.70712435,0.029274802,0.093157072,0.700314144
1497534822765250000,77556,-1.271147361,2.05366761,1.033031299,-0.706678596,0.028738571,0.093218302,0.700778
1497534822775100000,77557,-1.271135749,2.053778771,1.033101059,-0.707184639,0.02875767,0.092918963,0.700306325
1497534822785170000,77558,-1.271125369,2.053951598,1.033140623,-0.706851555,0.028969198,0.092571608,0.700679786
1497534822795090000,77559,-1.271088716,2.054067081,1.033133192,-0.707031505,0.029198579,0.091946644,0.700570988
1497534822805120000,77560,-1.270955175,2.054120222,1.033057315,-0.707625378,0.029358569,0.091000265,0.700088102
1497534822815160000,77561,-1.270970936,2.05432689,1.033116504,-0.707453817,0.028711016,0.091067608,0.700279562
1497534822825140000,77562,-1.270957111,2.054473997,1.033184,-0.707156723,0.028507,0.090023892,0.700722783
1497534822835180000,77563,-1.27102482,2.054825277,1.033067031,-0.706585307,0.029246646,0.087757796,0.701555704
1497534822845080000,77564,-1.27091713,2.054875227,1.033307316,-0.707291486,0.030736734,0.085903727,0.70100967
1497534822855130000,77565,-1.270722914,2.054888231,1.033273072,-0.708414968,0.030883515,0.082769677,0.700245402
1497534822865170000,77566,-1.270635535,2.054981229,1.033278373,-0.708858505,0.031314211,0.080624106,0.700027709
1497534822875150000,77567,-1.270622923,2.054937453,1.03318997,-0.708330465,0.030932363,0.079320336,0.700727783
1497534822885170000,77568,-1.270671316,2.054946732,1.033218679,-0.70870237,0.03009663,0.077615009,0.700579084
1497534822895130000,77569,-1.270673311,2.054677368,1.033332319,-0.708070273,0.028623373,0.076866827,0.701362019
1497534822905140000,77570,-1.270757975,2.054403562,1.03349605,-0.707397381,0.027132811,0.075841232,0.702211409
1497534822915160000,77571,-1.270871753,2.054170699,1.033679705,-0.706916575,0.025775173,0.074779355,0.70286033
1497534822925140000,77572,-1.270929094,2.054092389,1.033856274,-0.706876099,0.024659312,0.074179867,0.703004585
1497534822935150000,77573,-1.270782663,2.053832588,1.03389622,-0.706720731,0.02401851,0.073548814,0.703249238
1497534822945080000,77574,-1.27074752,2.053786425,1.033916453,-0.706241477,0.024226741,0.073235451,0.703756073
1497534822955170000,77575,-1.270600055,2.053762879,1.033949471,-0.705919235,0.024536039,0.073455161,0.704045706
1497534822965220000,77576,-1.27039193,2.053702824,1.03401028,-0.705897448,0.02498417,0.073403782,0.704057149
1497534822975160000,77577,-1.270209303,2.053574199,1.034118072,-0.705508735,0.025839105,0.073055199,0.704452059
1497534822985120000,77578,-1.270232086,2.053355677,1.033977533,-0.700951189,0.027917163,0.071920368,0.709024346
1497534822995160000,77579,-1.270065039,2.053280631,1.034221435,-0.700870164,0.028265604,0.072750265,0.709005972
1497534823005180000,77580,-1.269937414,2.053235635,1.034283159,-0.700754953,0.02856887,0.072944474,0.709087737
1497534823015180000,77581,-1.269853544,2.05321055,1.034320499,-0.700460231,0.028852739,0.073150842,0.709346134
1497534823025140000,77582,-1.269682964,2.053193004,1.033761793,-0.701647479,0.029213705,0.070728828,0.708402997
1497534823035180000,77583,-1.269924263,2.053344475,1.034406053,-0.701120505,0.030471194,0.072034962,0.708740085
1497534823045090000,77584,-1.269635703,2.053292108,1.034369186,-0.701290517,0.032246562,0.072617303,0.708433834
1497534823055190000,77585,-1.269388961,2.053480582,1.034365832,-0.702200849,0.034253753,0.073421363,0.707354191
1497534823065200000,77586,-1.269362426,2.053971244,1.033941234,-0.704101986,0.035217343,0.072663416,0.70549285
1497534823075160000,77587,-1.269315097,2.053982604,1.033895741,-0.704746284,0.035884328,0.073313715,0.704748245
1497534823085180000,77588,-1.269425562,2.053939875,1.033946772,-0.704695901,0.036028679,0.073265976,0.704796225
1497534823095160000,77589,-1.26955234,2.05384307,1.033960144,-0.704536961,0.035615999,0.073127128,0.704990492
1497534823105070000,77590,-1.269737884,2.053920686,1.034071369,-0.705161051,0.035619942,0.072910738,0.704388484
1497534823115180000,77591,-1.269911375,2.054099437,1.03411444,-0.705653221,0.035936192,0.072989335,0.703871209
1497534823125160000,77592,-1.270086996,2.054328065,1.0342409,-0.705692609,0.036086313,0.073317021,0.703789979
1497534823135170000,77593,-1.270219529,2.054404794,1.034338897,-0.705597442,0.036564052,0.073607779,0.703830388
1497534823145070000,77594,-1.270349236,2.054392278,1.034352697,-0.705639586,0.036681627,0.073944981,0.703746668
1497534823155160000,77595,-1.270579588,2.054479237,1.034372681,-0.705623002,0.03695213,0.074148415,0.70372774
1497534823165110000,77596,-1.270801949,2.05451339,1.034317245,-0.705314424,0.036958142,0.07424961,0.704026033
1497534823175090000,77597,-1.270955147,2.054490045,1.03425816,-0.70555737,0.036749897,0.074439569,0.703773396
1497534823185090000,77598,-1.271174379,2.054576933,1.034323757,-0.705371605,0.036475889,0.075067037,0.703907202
1497534823195130000,77599,-1.271565737,2.054634925,1.034241843,-0.70518375,0.03713036,0.074548353,0.704116296
1497534823205150000,77600,-1.271845712,2.054672888,1.034094398,-0.705397689,0.037144143,0.073868567,0.703972902
1497534823215180000,77601,-1.272125374,2.054651557,1.033928383,-0.706367058,0.036749989,0.073057268,0.70310572
1497534823225190000,77602,-1.272441115,2.054645057,1.033836838,-0.707211817,0.036023783,0.072501966,0.702351193
1497534823235100000,77603,-1.272703673,2.054602613,1.033998509,-0.707064748,0.034804823,0.073825492,0.702422852
1497534823245130000,77604,-1.273113145,2.054566255,1.033951498,-0.707384422,0.034270602,0.073610488,0.702149771
1497534823255160000,77605,-1.273341531,2.054373143,1.033974423,-0.708402369,0.03337455,0.073333914,0.701194951
1497534823265180000,77606,-1.273642279,2.054290649,1.033906031,-0.708884479,0.032780392,0.073398179,0.700728869
1497534823275170000,77607,-1.273827547,2.054042285,1.033918759,-0.70895932,0.033008126,0.073507384,0.700631009
1497534823285190000,77608,-1.274007899,2.053965688,1.033859475,-0.708267697,0.032431253,0.076385203,0.701049488
1497534823295150000,77609,-1.274021749,2.053788881,1.033715285,-0.707569751,0.0316474,0.079958921,0.701391517
1497534823305160000,77610,-1.274033127,2.05355891,1.033146766,-0.707049035,0.03075184,0.082586577,0.701651939
1497534823315180000,77611,-1.274475178,2.055272923,1.033318689,-0.695042816,0.029519994,0.088028721,0.712948104
1497534823325150000,77612,-1.274483974,2.055445384,1.033072723,-0.694726048,0.029247191,0.092218484,0.712738431
1497534823335160000,77613,-1.274399982,2.05537143,1.032561367,-0.694347916,0.03036464,0.097289409,0.712385942
1497534823345090000,77614,-1.274056717,2.055158176,1.031959074,-0.693253512,0.032274,0.104126556,0.712401303
1497534823355180000,77615,-1.273777996,2.055345911,1.031385943,-0.693338262,0.033223867,0.109301862,0.711499355
1497534823365180000,77616,-1.273854495,2.055535099,1.030771314,-0.692866858,0.034947086,0.112244878,0.711417814
1497534823375160000,77617,-1.274366286,2.055769394,1.030336131,-0.692734986,0.035379822,0.11495861,0.711091433
1497534823385190000,77618,-1.275332811,2.05615818,1.029947919,-0.693873099,0.034037537,0.115003012,0.710039348
1497534823395150000,77619,-1.276388082,2.056641994,1.029852867,-0.694620053,0.029509779,0.115927583,0.709360945
1497534823405170000,77620,-1.277556368,2.057122444,1.029790831,-0.694709607,0.025931691,0.116904277,0.709252776
1497534823415190000,77621,-1.278353659,2.056232606,1.0297418,-0.706187404,0.021339973,0.117578124,0.697867711
1497534823425160000,77622,-1.279296971,2.056790849,1.029859639,-0.7064347,0.017741123,0.120199357,0.697271384
1497534823435160000,77623,-1.280043863,2.05723174,1.029795662,-0.706425037,0.01483123,0.121898012,0.697054213
1497534823445100000,77624,-1.280942789,2.057708674,1.030000888,-0.703963,0.012462982,0.125636202,0.698925113
1497534823455190000,77625,-1.281642008,2.058460257,1.030239312,-0.70466729,0.010111458,0.129783081,0.697494173
1497534823465230000,77626,-1.282513824,2.059430356,1.030447362,-0.702087598,0.008555886,0.133845625,0.69934623
1497534823475180000,77627,-1.283208296,2.060474462,1.030508582,-0.701088486,0.006683742,0.1379285,0.699575579
1497534823485170000,77628,-1.283926169,2.061801406,1.030484485,-0.701905402,0.004562289,0.141773819,0.698002992
1497534823495140000,77629,-1.284541492,2.063314208,1.030528578,-0.703044745,0.002191865,0.146681749,0.695850376
1497534823505190000,77630,-1.285136555,2.065110436,1.030725739,-0.703839098,0.001036557,0.151342727,0.694049587
1497534823515180000,77631,-1.285940113,2.067491186,1.030719974,-0.704317676,-0.001265473,0.156625991,0.692389565
1497534823525150000,77632,-1.286557696,2.069737957,1.030304897,-0.707537223,-0.002881484,0.159645431,0.688401127
1497534823535170000,77633,-1.287348683,2.072079243,1.030094167,-0.708612606,-0.005526326,0.165280062,0.685944703
1497534823545160000,77634,-1.288404919,2.074394374,1.029696291,-0.712150035,-0.00833158,0.169816337,0.68112798
1497534823555140000,77635,-1.289643596,2.076567961,1.029128688,-0.713356955,-0.011383463,0.173638948,0.678853289
1497534823565180000,77636,-1.291058527,2.078561771,1.028795625,-0.71398673,-0.015880278,0.178287285,0.676893205
1497534823575150000,77637,-1.292394439,2.080018394,1.028543914,-0.716532683,-0.020764087,0.182130379,0.673036621
1497534823585180000,77638,-1.29414337,2.081892156,1.028429221,-0.717221601,-0.02659096,0.185406604,0.671200779
1497534823595150000,77639,-1.295566532,2.083240623,1.028177177,-0.717390898,-0.032811807,0.187862908,0.670060604
1497534823605190000,77640,-1.297011818,2.084768778,1.028365426,-0.717407216,-0.039322066,0.191017723,0.668799589
1497534823615180000,77641,-1.29849076,2.086651132,1.028479065,-0.71979494,-0.046930162,0.192930567,0.665184636
1497534823625290000,77642,-1.299848112,2.088383533,1.028561442,-0.719777949,-0.053507749,0.194812675,0.664157095
1497534823635100000,77643,-1.301020034,2.089837671,1.028765683,-0.719351906,-0.059545796,0.196922764,0.663482147
1497534823645160000,77644,-1.301950137,2.090940747,1.028881542,-0.719838164,-0.064701316,0.197317141,0.662353911
1497534823655190000,77645,-1.302883228,2.092232157,1.028988584,-0.718108249,-0.070325119,0.199109752,0.663121578
1497534823665150000,77646,-1.30357117,2.093443536,1.02902157,-0.718745168,-0.075603171,0.199814256,0.661637217
1497534823675160000,77647,-1.304285835,2.094749188,1.028954523,-0.717614961,-0.080086405,0.201452763,0.661839648
1497534823685200000,77648,-1.305020435,2.096309139,1.028935745,-0.717943931,-0.084574763,0.203806536,0.660201876
1497534823695160000,77649,-1.305636111,2.097624856,1.028717224,-0.719422099,-0.0878505,0.20598724,0.657482615
1497534823705250000,77650,-1.306380419,2.099091101,1.028380613,-0.720458848,-0.091350107,0.208198774,0.655169807
1497534823715200000,77651,-1.307334139,2.100423062,1.027873186,-0.721130699,-0.094612648,0.211152574,0.6530188
1497534823725110000,77652,-1.308484556,2.101816615,1.027316927,-0.722009515,-0.098379686,0.2143072,0.650458393
1497534823735060000,77653,-1.310058382,2.10323966,1.026797073,-0.720634319,-0.103155418,0.219794606,0.649411633
1497534823745120000,77654,-1.311516347,2.10418619,1.026461887,-0.719907791,-0.1083009,0.225009643,0.647591189
1497534823755200000,77655,-1.313345189,2.105185788,1.025926177,-0.718927481,-0.113904063,0.229900848,0.645999026
1497534823765210000,77656,-1.315359039,2.105997697,1.025316511,-0.720384719,-0.120887519,0.234336011,0.641497232
1497534823775180000,77657,-1.317688827,2.10692414,1.024796517,-0.718848561,-0.128148724,0.240925597,0.639366489
1497534823785210000,77658,-1.320111119,2.107763985,1.024299638,-0.718332953,-0.135811179,0.246592673,0.63619584
1497534823795130000,77659,-1.32294383,2.109724204,1.023687646,-0.715270995,-0.13653714,0.246774655,0.639411669
1497534823805190000,77660,-1.32524036,2.109371796,1.023094556,-0.719806954,-0.154111024,0.258160831,0.625684207
1497534823815190000,77661,-1.327769711,2.109844898,1.02270923,-0.717441421,-0.159717742,0.263108794,0.624933446
1497534823825140000,77662,-1.330426306,2.110442004,1.022255565,-0.716329334,-0.166496094,0.267026155,0.622774733
1497534823835130000,77663,-1.333133508,2.110861268,1.022027247,-0.715083294,-0.173657531,0.272940152,0.619679448
1497534823845110000,77664,-1.336170991,2.111402632,1.021570857,-0.713554322,-0.179345517,0.276595745,0.618199165
1497534823855200000,77665,-1.339163632,2.111615498,1.021456606,-0.712732384,-0.186022278,0.281203351,0.615087747
1497534823865270000,77666,-1.342609328,2.111992428,1.020979059,-0.711346745,-0.191859051,0.284580198,0.613343317
1497534823875160000,77667,-1.346202295,2.112104897,1.02086262,-0.710322391,-0.199506589,0.29050393,0.609300163
1497534823885250000,77668,-1.34969123,2.112159118,1.020852673,-0.698245933,-0.206515683,0.302452185,0.615082567
1497534823895190000,77669,-1.353800935,2.111988026,1.02064709,-0.697158494,-0.214426317,0.3074681,0.611109447
1497534823905230000,77670,-1.35806722,2.111623846,1.020223775,-0.695678795,-0.222239715,0.312864596,0.607253051
1497534823915140000,77671,-1.362732316,2.111198912,1.019744283,-0.694033689,-0.22995647,0.318592777,0.603271002
1497534823925140000,77672,-1.367545324,2.110498986,1.019213491,-0.692903743,-0.238885702,0.32427867,0.598047965
1497534823935150000,77673,-1.37228668,2.109296264,1.018687642,-0.692569915,-0.248173559,0.330492545,0.59121187
1497534823945110000,77674,-1.377933641,2.109073384,1.018008923,-0.688237742,-0.253826222,0.332391409,0.592804362
1497534823955210000,77675,-1.383068203,2.107586218,1.017380465,-0.686923948,-0.261967469,0.337872493,0.587665478
1497534823965200000,77676,-1.387814131,2.105656779,1.016861863,-0.684094165,-0.272280361,0.345523046,0.581801
1497534823975150000,77677,-1.392909444,2.103954571,1.01618753,-0.682157649,-0.279999075,0.351046669,0.577085519
1497534823985280000,77678,-1.397622967,2.101602773,1.015592482,-0.680126525,-0.288481252,0.358309751,0.570806972
1497534823995160000,77679,-1.402313428,2.099215732,1.01521988,-0.677765592,-0.295863336,0.364330893,0.566005025
1497534824005260000,77680,-1.407174944,2.096884971,1.014817169,-0.676257711,-0.303424628,0.369269624,0.560579118
1497534824015180000,77681,-1.411575331,2.093990823,1.01429414,-0.673191074,-0.311045423,0.376665244,0.555146663
1497534824025180000,77682,-1.416031838,2.090528535,1.013992906,-0.682168934,-0.322695636,0.379317004,0.535379941
1497534824035130000,77683,-1.420146289,2.087147391,1.013775801,-0.679692357,-0.328920703,0.384081473,0.531329363
1497534824045050000,77684,-1.4246821,2.084091883,1.013393158,-0.677406432,-0.336820011,0.389691838,0.52517909
1497534824055200000,77685,-1.428476244,2.080226547,1.013280086,-0.678110537,-0.343973788,0.391277371,0.51841118
1497534824065220000,77686,-1.43296519,2.076915773,1.013094719,-0.670136273,-0.349884815,0.400119845,0.518075382
1497534824075180000,77687,-1.437097321,2.073016324,1.013161208,-0.667553086,-0.355895547,0.404827277,0.513640061
1497534824085190000,77688,-1.441258227,2.06923698,1.013095708,-0.663153304,-0.362066823,0.410160052,0.510787668
1497534824095160000,77689,-1.445814333,2.065003353,1.012235882,-0.660975682,-0.372576181,0.415138097,0.501954677
1497534824105260000,77690,-1.449751739,2.060758019,1.012065746,0.657630251,0.377159108,-0.420022255,-0.498853451
1497534824115190000,77691,-1.453551915,2.056118649,1.011869114,0.65385218,0.384075398,-0.424424817,-0.49479995
1497534824125180000,77692,-1.457358277,2.051764514,1.011999983,0.649505246,0.389253174,-0.429728027,-0.491893001
1497534824135230000,77693,-1.460709587,2.046999058,1.011690627,0.648906097,0.395410259,-0.432402037,-0.485386529
1497534824145200000,77694,-1.464520394,2.042515924,1.011637969,0.646075892,0.401564899,-0.437553987,-0.479456028
1497534824155180000,77695,-1.467953223,2.037594196,1.011178646,0.635268087,0.410623358,-0.446573754,-0.477906683
1497534824165200000,77696,-1.470280532,2.032506062,1.013369282,0.633773311,0.406350315,-0.451282283,-0.479119102
1497534824175170000,77697,-1.47342116,2.027689,1.015387593,0.627622549,0.40632424,-0.45948687,-0.479439636
1497534824185200000,77698,-1.477712001,2.022722799,1.019093716,0.621379723,0.411105513,-0.465623104,-0.47757159
1497534824195160000,77699,-1.484483216,2.018272573,1.020621956,0.621165037,0.399089343,-0.462740046,-0.490666223
1497534824205170000,77700,-1.484113474,2.012637888,1.020796293,0.591551112,0.422699225,-0.49689555,-0.473801076
1497534824215150000,77701,-1.486721446,2.007477026,1.021435515,0.58709345,0.427930431,-0.501786272,-0.469475627
1497534824225170000,77702,-1.489098809,2.002436574,1.021630602,0.578789032,0.43373641,-0.509187989,-0.466479983
1497534824235180000,77703,-1.490747679,1.99729948,1.020743306,0.573538111,0.438786751,-0.514007552,-0.462943255
1497534824245150000,77704,-1.492003211,1.992155756,1.020006223,0.58261132,0.443733204,-0.503882185,-0.458003972
1497534824255080000,77705,-1.493594333,1.987131037,1.019358633,0.574681089,0.448622208,-0.510866027,-0.455516919
1497534824265170000,77706,-1.49548065,1.982487096,1.019647267,0.56764693,0.452444038,-0.518159513,-0.4523075
1497534824275190000,77707,-1.496983494,1.97778615,1.019307402,0.559640883,0.45568716,-0.525786295,-0.450222241
1497534824285180000,77708,-1.498423581,1.973106419,1.018726062,0.551635621,0.459411278,-0.53317933,-0.447615037
1497534824295150000,77709,-1.500074438,1.968683103,1.01875548,0.544667808,0.462965979,-0.540614636,-0.443548527
1497534824305170000,77710,-1.501552368,1.964196407,1.018202891,-0.53726262,-0.466057676,0.547671307,0.440675913
1497534824315140000,77711,-1.503078458,1.959846532,1.018060574,-0.530083669,-0.469671927,0.554527645,0.436942416
1497534824325180000,77712,-1.504836785,1.955565228,1.018347362,-0.522734138,-0.473597463,0.560650209,0.43373472
1497534824335130000,77713,-1.506591741,1.951524915,1.018800513,-0.516205574,-0.477370494,0.566351446,0.429994484
1497534824345190000,77714,-1.508338621,1.947550553,1.019625503,-0.509555758,-0.480968926,0.571895408,0.426564723
1497534824355190000,77715,-1.510549009,1.943809683,1.021277415,-0.503835877,-0.484358199,0.577234385,0.422311506
1497534824365250000,77716,-1.512387352,1.939951388,1.022040647,-0.497894823,-0.48804222,0.582304162,0.418135623
1497534824375170000,77717,-1.514444296,1.936019208,1.023292469,-0.491813913,-0.493245281,0.586547012,0.4132684
1497534824385260000,77718,-1.516288819,1.932150445,1.0243555,-0.485790857,-0.497457629,0.59143315,0.408350315
1497534824395130000,77719,-1.518388929,1.928212903,1.025526381,-0.480276192,-0.502301547,0.595652722,0.402772604
1497534824405260000,77720,-1.520731548,1.924387606,1.027272382,-0.47500418,-0.505885901,0.600340195,0.397545135
1497534824415190000,77721,-1.52335757,1.919973259,1.027176716,-0.472205372,-0.517919421,0.601006786,0.384151537
1497534824425240000,77722,-1.525718334,1.916002491,1.028641211,-0.467619326,-0.522006254,0.605225217,0.377550092
1497534824435140000,77723,-1.527800016,1.91175141,1.029166705,-0.463064259,-0.526898572,0.60861729,0.370856281
1497534824445060000,77724,-1.53014195,1.907765159,1.030326996,-0.458921389,-0.530686521,0.612552335,0.364064021
1497534824455210000,77725,-1.532517964,1.903597915,1.031298439,-0.454999956,-0.535360141,0.615534553,0.357045898
1497534824465250000,77726,-1.534979846,1.899551152,1.032603426,-0.4511865,-0.540188952,0.61812255,0.350073066
1497534824475190000,77727,-1.536978713,1.895406843,1.03291536,-0.447587286,-0.544299306,0.620688651,0.343728796
1497534824485270000,77728,-1.539145639,1.891371039,1.033908528,-0.443735149,-0.548336118,0.623000202,0.338078939
1497534824495180000,77729,-1.541361638,1.887386947,1.034871893,-0.440214944,-0.553133095,0.624541182,0.331968212
1497534824505270000,77730,-1.543222911,1.883537785,1.035348074,-0.43675976,-0.556316076,0.626864545,0.326793785
1497534824515200000,77731,-1.544968575,1.879403156,1.035618574,-0.432312665,-0.561322193,0.628156271,0.321625333
1497534824525230000,77732,-1.547076961,1.875841108,1.036796833,-0.428774539,-0.564511425,0.630423705,0.316299221
1497534824535200000,77733,-1.549387827,1.871922219,1.037770254,-0.42492887,-0.570860052,0.630676169,0.309518701
1497534824545130000,77734,-1.551168443,1.868495713,1.037373937,-0.424238032,-0.572872619,0.633081244,0.301740275
1497534824555180000,77735,-1.552927617,1.864473746,1.038253197,-0.417652324,-0.578152248,0.633734739,0.299477538
1497534824565250000,77736,-1.55508832,1.861238941,1.039044798,-0.415913204,-0.580272082,0.635719409,0.293532537
1497534824575180000,77737,-1.556852845,1.857283785,1.039745563,-0.409345136,-0.586386862,0.635343153,0.291420807
1497534824585260000,77738,-1.558638621,1.853909321,1.040142521,-0.40557641,-0.589083592,0.636643734,0.288397389
1497534824595180000,77739,-1.56037279,1.850609457,1.040157359,-0.402579705,-0.591250056,0.637885978,0.285402228
1497534824605250000,77740,-1.562332078,1.847415629,1.040271546,-0.399872109,-0.594245118,0.638360472,0.281905913
1497534824615190000,77741,-1.56424249,1.844345531,1.040329557,-0.397017992,-0.596722685,0.639023233,0.279191797
1497534824625170000,77742,-1.56619858,1.841441063,1.04009446,-0.395178252,-0.599181786,0.639223881,0.276058267
1497534824635190000,77743,-1.567882391,1.838443189,1.03889809,-0.394117608,-0.601722164,0.638896564,0.272787332
1497534824645210000,77744,-1.569912102,1.83572215,1.038369754,-0.39300911,-0.604253445,0.63832128,0.270125075
1497534824655160000,77745,-1.571969961,1.833091307,1.037871367,-0.391789193,-0.607066949,0.637378013,0.267806302
1497534824665140000,77746,-1.574173787,1.830783023,1.037460473,-0.391360357,-0.60970444,0.636072869,0.265535068
1497534824675130000,77747,-1.575749684,1.828491395,1.035910001,-0.3915893,-0.611870165,0.634792976,0.263269063
1497534824685190000,77748,-1.577697072,1.826952933,1.036055677,-0.391818673,-0.613299674,0.633863255,0.26183776
1497534824695210000,77749,-1.57900123,1.825634435,1.035271907,-0.391936984,-0.613847291,0.633672566,0.260837082
1497534824705300000,77750,-1.580280253,1.824586814,1.035113478,-0.392228916,-0.613339125,0.634130435,0.260480684
1497534824715200000,77751,-1.581415738,1.823690492,1.034774313,-0.392008845,-0.613182249,0.63453723,0.260190507
1497534824725160000,77752,-1.582658504,1.822747748,1.034722579,-0.392220926,-0.612304291,0.635087715,0.260595078
1497534824735240000,77753,-1.583949694,1.821787811,1.034327197,-0.392603293,-0.612701962,0.634538767,0.2604218
1497534824745160000,77754,-1.585337083,1.820707034,1.0339389,-0.392958055,-0.612925888,0.634053744,0.260541116
1497534824755190000,77755,-1.587019975,1.819768485,1.034032335,-0.393253462,-0.614982408,0.632089144,0.260022436
1497534824765260000,77756,-1.588435013,1.818904277,1.033505483,-0.394292629,-0.615806927,0.630723246,0.259814047
1497534824775180000,77757,-1.589685264,1.818101654,1.033158926,-0.394410161,-0.617245818,0.629222554,0.259859967
1497534824785270000,77758,-1.590950568,1.817504521,1.033189019,-0.393895221,-0.618443129,0.62836763,0.259862989
1497534824795150000,77759,-1.591903757,1.816900769,1.03341314,-0.391599059,-0.619272908,0.629104371,0.259574522
1497534824805260000,77760,-1.592599375,1.815876046,1.033349096,-0.386749666,-0.620667075,0.631189483,0.258450991
1497534824815200000,77761,-1.593312256,1.814409995,1.033740269,-0.379711476,-0.623486952,0.633082476,0.257468046
1497534824825010000,77762,-1.593436281,1.812527555,1.033056233,-0.373197994,-0.626317537,0.634560461,0.256481229
1497534824835200000,77763,-1.593870584,1.810740251,1.033040443,-0.368137415,-0.628635898,0.635537269,0.255703211
1497534824845130000,77764,-1.594198115,1.809080082,1.032571183,-0.364951367,-0.630203392,0.636280321,0.25456146
1497534824855190000,77765,-1.594651566,1.807627831,1.031660557,-0.362456128,-0.631929765,0.636691291,0.252813227
1497534824865210000,77766,-1.595751062,1.806775372,1.031495624,-0.3638999,-0.630364487,0.638069822,0.251166039
1497534824875180000,77767,-1.597155213,1.806118965,1.031792913,-0.366165238,-0.629685494,0.638324116,0.248920709
1497534824885150000,77768,-1.598328605,1.805298244,1.031277078,-0.368546365,-0.629711425,0.63814463,0.245781465
1497534824895190000,77769,-1.599677277,1.804579642,1.031538424,-0.370435269,-0.630633623,0.637232232,0.242928029
1497534824905200000,77770,-1.600600443,1.803789966,1.031328046,-0.372077099,-0.633551863,0.635563899,0.23712697
1497534824915200000,77771,-1.601335802,1.802723325,1.03072884,0.372167682,0.635539896,-0.634762952,-0.233786765
1497534824925190000,77772,-1.601992332,1.801563808,1.030191708,0.371472609,0.637353315,-0.634396548,-0.230932615
1497534824935130000,77773,-1.602133422,1.800174376,1.029138828,0.369862238,0.639716682,-0.634061697,-0.227882109
1497534824945110000,77774,-1.602440636,1.798776217,1.028833738,0.368024295,0.641477207,-0.634290007,-0.225258293
1497534824955150000,77775,-1.59914764,1.798682964,1.029939515,0.357297964,0.693000962,-0.582009314,-0.230982663
1497534824965240000,77776,-1.598538651,1.796871794,1.028739303,0.355393031,0.694155971,-0.582710724,-0.228673336
1497534824975180000,77777,-1.598502299,1.795110416,1.028717333,0.350710284,0.691446978,-0.588297335,-0.229803434
1497534824985240000,77778,-1.598374061,1.793773241,1.028993055,0.347438678,0.692225386,-0.589184628,-0.230156151
1497534824995160000,77779,-1.59751047,1.792509703,1.027917417,0.346995147,0.695455953,-0.586015594,-0.229174843
1497534825005240000,77780,-1.597015997,1.791857389,1.028152104,0.348614832,0.69969099,-0.58093539,-0.226747191
1497534825015180000,77781,-1.596668765,1.791239749,1.02816845,0.349085206,0.701726245,-0.578426325,-0.226147701
1497534825025180000,77782,-1.596723824,1.790790786,1.028579851,0.348609425,0.703004697,-0.576729161,-0.227242911
1497534825035200000,77783,-1.59676624,1.790350936,1.028814988,0.348919563,0.70301852,-0.576535192,-0.227216354
1497534825045140000,77784,-1.597385488,1.789088436,1.02843064,0.345161308,0.693330667,-0.588651836,-0.231614495
1497534825055200000,77785,-1.59867591,1.788920265,1.030654133,0.342972871,0.689651918,-0.593384297,-0.233762524
1497534825065220000,77786,-1.597905031,1.786844519,1.027277305,0.341201282,0.684224922,-0.600234494,-0.234811616
1497534825075140000,77787,-1.598618729,1.786263555,1.028241009,0.341139737,0.683451674,-0.601020538,-0.23514209
1497534825085260000,77788,-1.599516821,1.785472186,1.029155349,0.342466328,0.682054236,-0.600542169,-0.23846999
1497534825095170000,77789,-1.599908013,1.784455701,1.029368834,0.345312039,0.680709527,-0.599714405,-0.240284764
1497534825105250000,77790,-1.602504961,1.782598649,1.027485976,0.363775263,0.638646613,-0.63861084,-0.22797863
1497534825115160000,77791,-1.602471009,1.781319983,1.02711696,0.363956938,0.639257151,-0.637635719,-0.228705775
1497534825125190000,77792,-1.602465762,1.780011113,1.027156715,0.365130805,0.638795534,-0.637362577,-0.228885796
1497534825135200000,77793,-1.60255485,1.778504855,1.027636779,0.365972028,0.638235293,-0.637646272,-0.228314296
1497534825145140000,77794,-1.602547398,1.776704673,1.028013337,-0.366472163,-0.637989768,0.638146731,0.226794973
1497534825155180000,77795,-1.602438995,1.774565735,1.028029749,0.365377487,0.639508924,-0.63793144,-0.224880204
1497534825165220000,77796,-1.602209799,1.772271548,1.02780558,0.364303654,0.640745305,-0.638049228,-0.222758804
1497534825175190000,77797,-1.602017047,1.769895937,1.027794681,0.362713045,0.642693639,-0.63764997,-0.220877
1497534825185160000,77798,-1.601894726,1.767475883,1.027844324,0.360672677,0.64552568,-0.636328108,-0.219768868
1497534825195190000,77799,-1.601637369,1.765149118,1.027600717,0.358550727,0.648496158,-0.634811634,-0.218879645
1497534825205290000,77800,-1.601210992,1.762781706,1.026700867,0.357197452,0.650755923,-0.633562934,-0.218001645
1497534825215190000,77801,-1.60084904,1.760408998,1.025632195,0.356475805,0.653203761,-0.63160399,-0.217545963
1497534825225200000,77802,-1.600705817,1.758223135,1.024856937,0.355791736,0.65632539,-0.628869342,-0.217192479
1497534825235210000,77803,-1.600769695,1.756270402,1.024507507,0.355323001,0.658974053,-0.626473791,-0.216862518
1497534825245140000,77804,-1.600422045,1.754123107,1.022980256,0.354543761,0.662262818,-0.623653861,-0.216246486
1497534825255190000,77805,-1.60022709,1.752345748,1.022151505,0.354133121,0.664844827,-0.621399477,-0.215484984
1497534825265270000,77806,-1.599856155,1.750747778,1.021193768,0.353467223,0.666675721,-0.619898324,-0.215245147
1497534825275190000,77807,-1.599439907,1.749445715,1.020504997,0.353064797,0.668749635,-0.618206094,-0.21433712
1497534825285210000,77808,-1.598838638,1.748487805,1.01967692,0.352810607,0.669512646,-0.618045929,-0.212830266
1497534825295180000,77809,-1.598118935,1.747601933,1.018906678,0.351575535,0.671236654,-0.617350689,-0.211457145
1497534825305280000,77810,-1.597592971,1.747557268,1.019063418,0.350901637,0.671446202,-0.617559581,-0.211301214
1497534825315200000,77811,-1.597179456,1.74771465,1.019642641,0.350943712,0.671267821,-0.617545622,-0.211838214
1497534825325180000,77812,-1.596651638,1.74851556,1.020534025,0.352741681,0.668473123,-0.619167801,-0.212951225
1497534825335120000,77813,-1.596318504,1.749322329,1.021799427,0.353602206,0.667289699,-0.619518602,-0.214211672
1497534825345160000,77814,-1.595939312,1.750182944,1.022770885,0.35521349,0.664615622,-0.620851755,-0.215992013
1497534825355180000,77815,-1.595582198,1.751150918,1.023724223,0.357651823,0.661095961,-0.622489159,-0.218047131
1497534825365260000,77816,-1.595335203,1.751832389,1.024732025,0.359444871,0.658732373,-0.623229135,-0.22012835
1497534825375180000,77817,-1.59509947,1.752336131,1.025465759,0.361214052,0.655577389,-0.624940838,-0.221791895
1497534825385230000,77818,-1.595075292,1.752564288,1.026417211,0.36219606,0.654390269,-0.625104698,-0.223229717
1497534825395160000,77819,-1.594871361,1.752509986,1.026840661,0.362854646,0.653339027,-0.625405218,-0.224394597
1497534825405180000,77820,-1.594509643,1.752154747,1.026754485,0.362968874,0.653197129,-0.625242691,-0.225074844
1497534825415170000,77821,-1.594343734,1.751904683,1.02710671,0.362997399,0.652726474,-0.625463155,-0.225780603
1497534825425150000,77822,-1.593956442,1.751261485,1.026724263,0.362363428,0.652758359,-0.625745217,-0.225925196
1497534825435260000,77823,-1.593664417,1.750592176,1.026554187,0.36208594,0.652039419,-0.626581885,-0.226127199
1497534825445220000,77824,-1.593636549,1.749897265,1.02677278,0.36140298,0.652540517,-0.626442319,-0.226160961
1497534825455220000,77825,-1.593468935,1.74902077,1.026504531,0.360374586,0.653453301,-0.626028943,-0.226311076
1497534825465300000,77826,-1.593215561,1.748124177,1.025721265,0.36004028,0.653029308,-0.626695434,-0.226222353
1497534825475250000,77827,-1.593345278,1.747343996,1.025702744,0.359433539,0.653634602,-0.62644865,-0.226122594
1497534825485240000,77828,-1.593474798,1.746454451,1.025433905,0.359143531,0.654568213,-0.625666664,-0.226047792
1497534825495200000,77829,-1.593478823,1.74548767,1.024648199,0.35864842,0.655666478,-0.625014302,-0.225454877
1497534825505170000,77830,-1.59358045,1.744619162,1.023975402,0.358508035,0.656314765,-0.624490476,-0.225243344
1497534825515180000,77831,-1.593948579,1.74394329,1.024004209,0.358573528,0.657205359,-0.623512535,-0.225251546
1497534825525180000,77832,-1.593934471,1.743185676,1.023065333,0.358979663,0.656749092,-0.623933976,-0.224767937
1497534825535210000,77833,-1.594165473,1.742222298,1.02273662,0.357775992,0.659286263,-0.622096868,-0.224351175
1497534825544990000,77834,-1.594602154,1.741967089,1.023142905,0.358126947,0.659161888,-0.622134401,-0.22405241
1497534825555140000,77835,-1.594636323,1.741409136,1.022763658,0.357496,0.65973108,-0.621877394,-0.224098233
1497534825565280000,77836,-1.594601243,1.740775978,1.02223859,0.35677717,0.660286311,-0.621740462,-0.223988475
1497534825575200000,77837,-1.594644,1.740425738,1.022077699,0.356462957,0.660199523,-0.622020866,-0.223966054
1497534825585280000,77838,-1.594675317,1.740195867,1.021972237,0.356550136,0.659924054,-0.622244467,-0.224018005
1497534825595180000,77839,-1.594763869,1.740196859,1.022169372,0.356746342,0.659357945,-0.622674143,-0.224178634
1497534825605210000,77840,-1.594797429,1.740219966,1.022302838,0.356671059,0.659003515,-0.62304351,-0.224314303
1497534825615160000,77841,-1.594880128,1.740355981,1.022619561,0.356790924,0.658376242,-0.623563168,-0.22452157
1497534825625180000,77842,-1.594998651,1.74051505,1.02288154,0.357001564,0.658007589,-0.623823563,-0.224544112
1497534825635230000,77843,-1.595113936,1.74067836,1.02306469,0.357352836,0.657581326,-0.624086698,-0.224502884
1497534825645200000,77844,-1.595178208,1.740779915,1.023109887,0.357513905,0.657247398,-0.624289367,-0.224660747
1497534825655220000,77845,-1.595317193,1.740966035,1.023253118,0.357859758,0.656686405,-0.624737868,-0.2245038
1497534825665280000,77846,-1.595405988,1.740944591,1.023127807,0.357730017,0.65685063,-0.624670991,-0.224416216
1497534825675200000,77847,-1.595604455,1.741009351,1.023241411,0.357734889,0.656912727,-0.624657403,-0.224264458
1497534825685290000,77848,-1.595665725,1.74081746,1.022898312,0.357558876,0.657199614,-0.624468689,-0.22423018
1497534825695200000,77849,-1.595801054,1.740701519,1.022564079,0.357776087,0.657046383,-0.624653251,-0.223818315
1497534825705230000,77850,-1.595980768,1.740674268,1.022359521,0.357720144,0.656933496,-0.624870425,-0.223632805
1497534825715140000,77851,-1.596233546,1.740476216,1.022307247,0.357031631,0.657985043,-0.624243567,-0.223392179
1497534825725190000,77852,-1.596533619,1.740460457,1.022365209,0.356664386,0.658133021,-0.624349559,-0.22324666
1497534825735200000,77853,-1.596810847,1.740292268,1.022328418,0.356206473,0.658784093,-0.62403669,-0.222932002
1497534825745170000,77854,-1.596980106,1.739997872,1.022039986,0.355674373,0.659797998,-0.623462616,-0.222388641
1497534825755270000,77855,-1.597171538,1.739764313,1.021825476,0.355086422,0.660788944,-0.622998456,-0.22168565
1497534825765280000,77856,-1.597236971,1.739479652,1.021451192,0.354228921,0.661667696,-0.622781617,-0.221044767
1497534825775220000,77857,-1.59732261,1.739416804,1.021145589,0.354209114,0.661453817,-0.623269429,-0.220340578
1497534825785220000,77858,-1.597316895,1.739099121,1.02065661,0.353398954,0.662304964,-0.623092537,-0.219583706
1497534825795170000,77859,-1.597305927,1.738925991,1.020240587,0.352745068,0.662546281,-0.623459264,-0.218865003
1497534825805290000,77860,-1.597460858,1.738989296,1.020388609,0.352421912,0.66257316,-0.6238259,-0.218258678
1497534825815160000,77861,-1.597582301,1.73904191,1.020502258,0.351766386,0.663008684,-0.623941784,-0.217661536
1497534825825220000,77862,-1.597642874,1.739131032,1.020497531,0.351099779,0.663375975,-0.624199294,-0.216879006
1497534825835210000,77863,-1.597737856,1.739155067,1.020559616,0.350402268,0.664095452,-0.624119393,-0.216033483
1497534825845130000,77864,-1.597794779,1.739227841,1.020574118,0.34976256,0.664776401,-0.624089972,-0.215058587
1497534825855230000,77865,-1.59769158,1.73931995,1.020252473,0.349364918,0.664885858,-0.624648739,-0.213740268
1497534825865320000,77866,-1.597723252,1.739495885,1.020419099,0.348932909,0.665173925,-0.624935069,-0.212710211
1497534825875200000,77867,-1.597602183,1.739741606,1.020331111,0.348622841,0.664672984,-0.625967639,-0.211746203
1497534825885290000,77868,-1.597528417,1.73997311,1.020369643,0.348190215,0.664670133,-0.626463941,-0.210997913
1497534825895160000,77869,-1.597513908,1.740169944,1.02047575,0.347478939,0.665341825,-0.626436861,-0.210132108
1497534825905280000,77870,-1.597340636,1.74042603,1.020311608,0.346600976,0.666055957,-0.626470353,-0.209217882
1497534825915210000,77871,-1.59726603,1.74070014,1.020293297,0.345416525,0.667179085,-0.62610607,-0.208688001
1497534825925200000,77872,-1.597249905,1.741271767,1.020511359,0.345625948,0.666177777,-0.627228816,-0.208167928
1497534825935230000,77873,-1.597208273,1.74174209,1.020607098,0.345890757,0.665737979,-0.627798988,-0.207414942
1497534825945210000,77874,-1.597127364,1.74230244,1.020782158,0.3455342,0.665655374,-0.628218493,-0.207003778
1497534825955230000,77875,-1.597017742,1.742871779,1.020876376,0.345206659,0.665630999,-0.62850073,-0.206771778
1497534825965300000,77876,-1.596786056,1.743239674,1.020644667,0.344368642,0.666116931,-0.628562064,-0.206417548
1497534825975180000,77877,-1.596614562,1.74386237,1.020588859,0.344587203,0.665203134,-0.629510503,-0.206109135
1497534825985270000,77878,-1.596564207,1.744568889,1.02082974,0.344380118,0.665239021,-0.629571933,-0.206151793
1497534825995210000,77879,-1.596537834,1.745352774,1.021245969,0.34414174,0.665184186,-0.629792344,-0.206053547
1497534826005240000,77880,-1.596489876,1.746189175,1.021483509,0.344407728,0.66412253,-0.630855071,-0.205782556
1497534826015260000,77881,-1.596280795,1.74666617,1.021258801,0.344246706,0.663956913,-0.631113514,-0.205793965
1497534826025210000,77882,-1.596260214,1.747475229,1.02165257,0.34419187,0.66369292,-0.63134034,-0.206041355
1497534826035220000,77883,-1.596226618,1.74841079,1.021983639,0.344545232,0.662527535,-0.632404507,-0.205937825
1497534826045230000,77884,-1.596180734,1.748914527,1.02216232,0.3445278,0.662357753,-0.63260063,-0.205910767
1497534826055180000,77885,-1.596053483,1.749570992,1.022222666,0.344890591,0.661026712,-0.633830563,-0.205798406
1497534826065240000,77886,-1.595934429,1.750395096,1.022365396,0.345197289,0.659505679,-0.635270402,-0.20572459
1497534826075200000,77887,-1.59593915,1.750864357,1.022610245,0.344453163,0.660696816,-0.634496265,-0.205538868
1497534826085280000,77888,-1.59611922,1.751690306,1.023311672,0.344974906,0.659836157,-0.635154382,-0.205395887
1497534826095210000,77889,-1.596044035,1.752155176,1.023312633,0.344811664,0.659669917,-0.635594763,-0.204840947
1497534826105270000,77890,-1.595905584,1.752674949,1.023232318,0.345021887,0.658523667,-0.636799707,-0.204432411
1497534826115240000,77891,-1.595942592,1.753198595,1.023487964,0.344995465,0.658578636,-0.63682068,-0.2042345
1497534826125190000,77892,-1.595943927,1.753919933,1.023808916,0.344758715,0.658398982,-0.637147467,-0.204194306
1497534826135220000,77893,-1.59605208,1.754825729,1.024306176,0.345331645,0.657273969,-0.637989144,-0.204222516
1497534826144940000,77894,-1.595984409,1.755129978,1.024181411,0.345038552,0.657757333,-0.637684483,-0.204113175
1497534826155190000,77895,-1.595932268,1.755710883,1.024098931,0.345837981,0.656200928,-0.638741587,-0.204464223
1497534826165190000,77896,-1.596027252,1.756417364,1.02429071,0.34664019,0.655326597,-0.639070915,-0.204880442
1497534826175110000,77897,-1.596347088,1.757083046,1.024975727,0.34669622,0.655990461,-0.638195359,-0.2053897
1497534826185350000,77898,-1.596293633,1.757614369,1.024682366,0.347640071,0.654830081,-0.638825253,-0.205538908
1497534826195280000,77899,-1.596212828,1.757991703,1.024314327,0.347918231,0.654557774,-0.638873977,-0.20578403
1497534826205310000,77900,-1.596336776,1.758540112,1.024436927,0.348348572,0.654512304,-0.638531963,-0.206261602
1497534826215210000,77901,-1.596552267,1.759079725,1.024746788,0.348942609,0.654134698,-0.638438209,-0.206745027
1497534826225210000,77902,-1.596682454,1.759440422,1.024899593,0.3494177,0.653953425,-0.638246762,-0.20710688
1497534826235230000,77903,-1.596753263,1.759761757,1.024844533,0.349913304,0.653595903,-0.638238444,-0.207424116
1497534826245180000,77904,-1.596748643,1.760096885,1.024647408,0.35021798,0.65330618,-0.63827584,-0.207707374
1497534826255210000,77905,-1.596793628,1.760440679,1.024611594,0.350360561,0.65330848,-0.638021485,-0.208240468
1497534826265280000,77906,-1.596883992,1.760781718,1.024740573,0.350424612,0.653774244,-0.6373366,-0.208767546
1497534826275180000,77907,-1.596984872,1.760983521,1.024789849,0.350416159,0.654401709,-0.636584095,-0.209111474
1497534826285280000,77908,-1.596946767,1.761210524,1.024602027,0.350516851,0.654379155,-0.636467518,-0.209367996
1497534826295220000,77909,-1.596847167,1.761273788,1.024228027,0.350517037,0.65452104,-0.636321069,-0.209369321
1497534826305180000,77910,-1.59684796,1.761473996,1.024192389,0.350714285,0.654501835,-0.636199659,-0.209467975
1497534826315230000,77911,-1.59679574,1.761609472,1.024047329,0.35073318,0.654491563,-0.636181863,-0.209522475
1497534826325210000,77912,-1.59685129,1.761804177,1.024223187,0.350771802,0.654511925,-0.636110161,-0.209611894
1497534826335220000,77913,-1.596842315,1.762040248,1.024349639,0.351022415,0.654172861,-0.636298242,-0.209679946
1497534826345200000,77914,-1.596747703,1.762115797,1.024269024,0.350866086,0.654547207,-0.636025758,-0.209600047
1497534826355200000,77915,-1.596705416,1.762313534,1.024406719,0.350915527,0.654420716,-0.636159131,-0.209507469
1497534826365220000,77916,-1.596666138,1.7624715,1.024599219,0.350879504,0.654530883,-0.636086843,-0.20944313
1497534826375170000,77917,-1.596553933,1.762621488,1.024664115,0.350759792,0.65452211,-0.636211429,-0.209292602
1497534826385180000,77918,-1.596378405,1.762731484,1.024587879,0.350542259,0.654680807,-0.636231942,-0.20909826
1497534826395120000,77919,-1.59623505,1.762801984,1.024539547,0.350391227,0.654637111,-0.636434469,-0.208871748
1497534826405270000,77920,-1.596146337,1.762920336,1.024674066,0.350252789,0.65450379,-0.636757174,-0.208537943
1497534826415200000,77921,-1.596036123,1.762919696,1.02467606,0.350085552,0.654795159,-0.636613897,-0.208341432
1497534826425180000,77922,-1.596010678,1.76308325,1.025020883,0.350086241,0.654562055,-0.63689232,-0.208221787
1497534826435240000,77923,-1.595831211,1.763037579,1.024931064,0.34964062,0.654866685,-0.636898297,-0.207994279
1497534826445230000,77924,-1.595708325,1.76305742,1.024960006,0.349405322,0.654964635,-0.636982274,-0.207824037
1497534826455230000,77925,-1.595550497,1.763018932,1.024851425,0.349187625,0.655168589,-0.636965607,-0.20759802
1497534826465300000,77926,-1.595451824,1.762961886,1.024906801,0.348778183,0.65551999,-0.636876149,-0.207451424
1497534826475240000,77927,-1.595376921,1.762924465,1.025034674,0.348503086,0.65552343,-0.637035594,-0.207413317
1497534826485300000,77928,-1.595114871,1.76278807,1.024684667,0.348217472,0.655546279,-0.637234532,-0.207209604
1497534826495230000,77929,-1.595030782,1.762867985,1.024813323,0.348266734,0.654828673,-0.637956794,-0.207173406
1497534826505310000,77930,-1.594846517,1.762696824,1.024593517,0.347962821,0.655178058,-0.637781955,-0.207117759
1497534826515230000,77931,-1.594706413,1.762661649,1.024513406,0.347874298,0.655051757,-0.638043278,-0.20686093
1497534826525210000,77932,-1.594730699,1.762622761,1.024843932,0.347527684,0.655487385,-0.637831414,-0.206716915
1497534826535240000,77933,-1.59467091,1.762541266,1.024910569,0.34765214,0.655406279,-0.637945115,-0.206413734
1497534826545150000,77934,-1.59452986,1.762413038,1.024809413,0.347436969,0.655653844,-0.637901379,-0.20612477
1497534826555070000,77935,-1.594495979,1.762379462,1.025014953,0.34744145,0.655568818,-0.638009797,-0.206052086
1497534826565070000,77936,-1.594348892,1.762164613,1.024896808,0.347166427,0.65597507,-0.637758583,-0.206000412
1497534826575060000,77937,-1.594239388,1.762083473,1.024916677,0.347162034,0.655777156,-0.637965987,-0.205995736
1497534826585110000,77938,-1.594087887,1.761832583,1.024797504,0.346828272,0.656360288,-0.637639725,-0.205710727
1497534826595140000,77939,-1.593988566,1.761611275,1.024772844,0.346601679,0.656798824,-0.637391089,-0.205463331
1497534826605300000,77940,-1.593886134,1.761447853,1.024722124,0.346639663,0.656833014,-0.637409733,-0.205231987
1497534826615240000,77941,-1.593891814,1.761245244,1.024866426,0.346609922,0.657135822,-0.637200239,-0.204963239
1497534826625200000,77942,-1.593832734,1.760961773,1.024844891,0.346334909,0.657720561,-0.636832668,-0.204694768
1497534826635240000,77943,-1.593716006,1.760631306,1.02466299,0.346113686,0.657957703,-0.636885718,-0.204141027
1497534826645230000,77944,-1.593427876,1.760078049,1.024097195,0.345536353,0.658541329,-0.636827607,-0.20341717
1497534826655230000,77945,-1.593328937,1.759850192,1.024133031,0.345443217,0.658523932,-0.637084675,-0.202825864
1497534826665240000,77946,-1.593186635,1.75953353,1.024055025,0.34515489,0.658895197,-0.637103776,-0.202049499
1497534826675220000,77947,-1.593208133,1.759189336,1.024429533,0.344608131,0.660235635,-0.636191866,-0.201479658
1497534826685290000,77948,-1.593035143,1.758786921,1.024337674,0.344252954,0.660859646,-0.635979765,-0.20070917
1497534826695220000,77949,-1.592717185,1.758256603,1.023986474,0.343466731,0.661454204,-0.63610033,-0.199713068
1497534826705300000,77950,-1.592321106,1.757515531,1.023552916,0.341802082,0.663462874,-0.635159333,-0.198899403
1497534826715210000,77951,-1.592037324,1.757163094,1.023551711,0.34129922,0.66348938,-0.635505317,-0.198569076
1497534826725210000,77952,-1.591734814,1.75679981,1.023666467,0.340929955,0.663517952,-0.635802328,-0.19815674
1497534826735240000,77953,-1.591403496,1.756380607,1.023621608,0.340008408,0.664615066,-0.635443811,-0.197211207
1497534826745120000,77954,-1.590975006,1.755896042,1.023336633,0.339420689,0.664889895,-0.635702691,-0.196461479
1497534826755240000,77955,-1.590516087,1.75523224,1.023025592,0.338910499,0.66586505,-0.63511079,-0.195953293
1497534826765180000,77956,-1.590066271,1.754858105,1.022894742,0.339043141,0.665592714,-0.635403121,-0.195701203
1497534826775210000,77957,-1.589658585,1.754530866,1.022894013,0.338416851,0.665969279,-0.635397261,-0.19552308
1497534826785290000,77958,-1.58930708,1.754145298,1.023007153,0.338271482,0.666314657,-0.635221436,-0.195168927
1497534826795230000,77959,-1.588972945,1.753849748,1.023116534,0.338485148,0.666051027,-0.635536704,-0.194671342
1497534826805320000,77960,-1.588633441,1.753472219,1.023277733,0.338107219,0.666362627,-0.635503758,-0.194369058
1497534826815240000,77961,-1.587990821,1.752820644,1.022759901,0.337600218,0.667087851,-0.634977008,-0.194484165
1497534826825220000,77962,-1.587496792,1.752432288,1.022804041,0.337511538,0.666816749,-0.635280318,-0.194577242
1497534826835190000,77963,-1.587037082,1.751983975,1.022816136,0.337074972,0.66718156,-0.635214076,-0.194299528
1497534826845230000,77964,-1.586647155,1.751536179,1.022984233,0.336916371,0.667473041,-0.635095777,-0.193959927
1497534826855200000,77965,-1.586315817,1.75098001,1.023296491,0.336232415,0.66823108,-0.634665628,-0.193944651
1497534826865260000,77966,-1.585655496,1.750379227,1.023014667,0.336466274,0.667032897,-0.635812525,-0.193907178
1497534826875200000,77967,-1.584993902,1.749599446,1.022613575,0.336271934,0.667062622,-0.635961822,-0.193652281
1497534826885290000,77968,-1.584713531,1.749071684,1.023117455,0.336183425,0.667625287,-0.635565927,-0.193166076
1497534826895190000,77969,-1.58417075,1.748243393,1.023022878,0.33524373,0.668471925,-0.635225819,-0.192989859
1497534826905210000,77970,-1.583195203,1.747275483,1.02215711,0.33444661,0.668534849,-0.635554035,-0.193074311
1497534826915200000,77971,-1.582818516,1.746790003,1.022730915,0.334923146,0.66803399,-0.635887838,-0.19288269
1497534826925240000,77972,-1.582236012,1.74581617,1.022719643,0.333872271,0.669273007,-0.635336203,-0.192226058
1497534826935250000,77973,-1.581789794,1.745186654,1.023165389,0.333638338,0.668175955,-0.636453146,-0.192753067
1497534826945220000,77974,-1.581152994,1.744388171,1.023241639,0.334310178,0.666775466,-0.637576536,-0.192726085
1497534826955230000,77975,-1.580499584,1.74339806,1.023245519,0.334655749,0.665219084,-0.638971915,-0.192883364
1497534826965230000,77976,-1.579889771,1.742535181,1.023570501,0.333740079,0.66431447,-0.640032502,-0.194067621
1497534826975200000,77977,-1.579356522,1.741624074,1.023849939,0.334314399,0.661687277,-0.64211158,-0.195183371
1497534826985280000,77978,-1.578587011,1.740492984,1.023727093,0.333597857,0.662551275,-0.642015703,-0.193788845
1497534826995230000,77979,-1.577800204,1.739245556,1.023419328,0.331600441,0.665440206,-0.640468061,-0.192434776
1497534827005280000,77980,-1.577136174,1.738008454,1.023331583,0.330337901,0.6672002,-0.639762374,-0.190853005
1497534827015250000,77981,-1.576419971,1.736856026,1.023417109,0.329601788,0.667686233,-0.639840398,-0.19016314
1497534827025190000,77982,-1.575431199,1.735408745,1.022784715,0.328193332,0.668371558,-0.639900825,-0.189988242
1497534827035240000,77983,-1.575237056,1.734529047,1.024156134,0.327605181,0.668306305,-0.640350908,-0.189716217
1497534827045190000,77984,-1.574359167,1.733090489,1.023751203,0.326429728,0.669007046,-0.640264527,-0.18956408
1497534827055240000,77985,-1.573535492,1.731490943,1.023378791,0.326508616,0.668772703,-0.640469664,-0.189562138
1497534827065320000,77986,-1.572798705,1.729805634,1.023254018,0.324745105,0.669419815,-0.639908838,-0.192183266
1497534827075220000,77987,-1.573569619,1.72347012,1.020829179,0.307337009,0.729390048,-0.591654032,-0.153230637
1497534827085250000,77988,-1.573060748,1.721130004,1.020644449,0.305287354,0.735668828,-0.585329341,-0.151593434
1497534827095230000,77989,-1.572857313,1.719345349,1.0210731,0.304643234,0.737765559,-0.583152421,-0.151088495
1497534827105250000,77990,-1.572393536,1.717092872,1.021160097,0.302285082,0.741462173,-0.579302811,-0.152531403
1497534827115230000,77991,-1.566129467,1.720222953,1.024097684,0.311028585,0.734403496,-0.568090838,-0.202942169
1497534827125190000,77992,-1.56366164,1.717174861,1.024368144,0.289864144,0.70648014,-0.621955518,-0.173308753
1497534827135240000,77993,-1.562859582,1.715235167,1.024397445,0.288440868,0.704615912,-0.624120966,-0.175474508
1497534827145230000,77994,-1.562061365,1.713729794,1.024187671,0.285531586,0.706935968,-0.62361896,-0.17266338
1497534827155240000,77995,-1.561078878,1.711863555,1.023753153,0.284636598,0.708231007,-0.623196249,-0.170344603
1497534827165330000,77996,-1.559878909,1.709994701,1.023472017,0.287456112,0.71125837,-0.618519345,-0.170042155
1497534827175230000,77997,-1.558808963,1.708317489,1.023144022,0.284971766,0.710758048,-0.619666786,-0.172125434
1497534827185300000,77998,-1.558402779,1.706332598,1.022769829,0.28282419,0.713031072,-0.618784093,-0.169420818
1497534827195240000,77999,-1.557761926,1.710539115,1.02064842,0.282731498,0.692745431,-0.637239893,-0.184640153
1497534827205310000,78000,-1.556803709,1.709528915,1.020884464,0.284896818,0.685405808,-0.643043968,-0.188539483
1497534827215260000,78001,-1.556284102,1.707537765,1.020771702,0.284317636,0.686469387,-0.64202555,-0.18901443
1497534827225280000,78002,-1.555756522,1.705301588,1.021447229,0.279819738,0.693234679,-0.636785199,-0.188762297
1497534827235240000,78003,-1.554847783,1.703832668,1.020560965,0.281622592,0.691608744,-0.638431317,-0.186471217
1497534827245260000,78004,-1.553721607,1.702605614,1.020317946,0.278937322,0.691344645,-0.639964232,-0.186231936
1497534827255250000,78005,-1.553267975,1.700832,1.02049613,0.280041241,0.689052051,-0.641306119,-0.18844266
1497534827265250000,78006,-1.552663751,1.698898901,1.020401302,0.278716271,0.692499352,-0.638481777,-0.187357704
1497534827275240000,78007,-1.551893299,1.697178908,1.020083566,0.277447053,0.692048663,-0.6390748,-0.188878744
1497534827285250000,78008,-1.55138615,1.69532473,1.020022871,0.277214945,0.691906725,-0.639136019,-0.189531284
1497534827295200000,78009,-1.550694124,1.69382655,1.019917269,0.277312835,0.692593026,-0.639090202,-0.187019268
1497534827305310000,78010,-1.549806168,1.69249698,1.019579074,0.275712937,0.691963913,-0.640697932,-0.186210849
1497534827315200000,78011,-1.54975017,1.690173176,1.019605188,0.274943026,0.697061998,-0.636277742,-0.18347081
1497534827325200000,78012,-1.54912504,1.688416197,1.01955499,0.275419801,0.694771089,-0.637776214,-0.186221827
1497534827335230000,78013,-1.548767849,1.686620564,1.019566674,0.274113779,0.698870629,-0.634843253,-0.182799136
1497534827345220000,78014,-1.548049202,1.685686481,1.020121173,0.273168699,0.694561392,-0.639372208,-0.184841865
1497534827355260000,78015,-1.547389868,1.684613333,1.02065996,0.27155631,0.693085812,-0.641635681,-0.184913171
1497534827365290000,78016,-1.546924506,1.683287356,1.020984033,0.272411223,0.691535031,-0.643028593,-0.184623007
1497534827375250000,78017,-1.54660958,1.68187136,1.021453835,0.272765404,0.688431288,-0.645488735,-0.187098073
1497534827385310000,78018,-1.546049123,1.681043905,1.021928339,0.272681898,0.684082432,-0.64980533,-0.188225509
1497534827395260000,78019,-1.545556632,1.680384189,1.022674615,0.271854273,0.682001297,-0.652378105,-0.188075235
1497534827405280000,78020,-1.545058446,1.679602569,1.023455406,0.270679854,0.68084876,-0.65430887,-0.187235909
1497534827415240000,78021,-1.544574132,1.679513144,1.024062289,0.270286315,0.67836646,-0.657581355,-0.18534027
1497534827425250000,78022,-1.543228338,1.6723782,1.026745015,0.273830215,0.699243656,-0.63775085,-0.171316009
1497534827435240000,78023,-1.542802335,1.673091546,1.027622719,0.273911623,0.692078244,-0.645190524,-0.172421911
1497534827445180000,78024,-1.542371188,1.674165203,1.028029224,0.273495823,0.687261026,-0.650340387,-0.17300202
1497534827455270000,78025,-1.542264661,1.6751346,1.028513722,0.274703647,0.680074614,-0.657038843,-0.174173431
1497534827465290000,78026,-1.542317272,1.67593828,1.029003771,0.277683351,0.673497671,-0.662210393,-0.175414475
1497534827475240000,78027,-1.542634712,1.676541002,1.029476405,0.282059223,0.667108467,-0.666950571,-0.174888033
1497534827485280000,78028,-1.543141061,1.67693027,1.029674126,-0.284873159,-0.660366379,0.67257764,0.174364125
1497534827495260000,78029,-1.543707228,1.676929718,1.029724346,-0.289845313,-0.657886976,0.67328122,0.172820196
1497534827505290000,78030,-1.544443093,1.676467224,1.030156224,-0.293199619,-0.653640943,0.676196636,0.171888367
1497534827515120000,78031,-1.545150631,1.675860025,1.030888824,-0.291300505,-0.646846015,0.683620268,0.171457219
1497534827525230000,78032,-1.545229162,1.675295789,1.031580774,-0.292107358,-0.644984001,0.685352575,0.170178661
1497534827535240000,78033,-1.545157312,1.674109032,1.032557129,-0.291928124,-0.637450928,0.692139685,0.171397027
1497534827545200000,78034,-1.544889762,1.672815725,1.033653457,-0.289375103,-0.632795078,0.696880199,0.173753927
1497534827555250000,78035,-1.544499994,1.671132514,1.034486162,-0.288016644,-0.627216139,0.70211299,0.175167569
1497534827565270000,78036,-1.544102004,1.669485972,1.035210752,-0.28748285,-0.62595652,0.703272763,0.175896183
1497534827575230000,78037,-1.543959533,1.667476051,1.035840471,-0.286850955,-0.621993904,0.706440811,0.178273648
1497534827585310000,78038,-1.543643635,1.665384627,1.036216136,-0.286852231,-0.619266715,0.708346838,0.180192371
1497534827595240000,78039,-1.543777988,1.662960933,1.036753891,-0.287385631,-0.615497049,0.710784603,0.182642079
1497534827605300000,78040,-1.543717768,1.660466785,1.037139294,-0.285892155,-0.613955063,0.71189862,0.185809609
1497534827615240000,78041,-1.545848925,1.658485801,1.03781205,-0.265276528,-0.604214938,0.724890749,0.197701984
1497534827625230000,78042,-1.545976693,1.655474373,1.038677436,-0.26387471,-0.603686272,0.725358004,0.199471272
1497534827635250000,78043,-1.546079178,1.652469408,1.039504189,-0.262526479,-0.601857409,0.726792509,0.201544429
1497534827645240000,78044,-1.546720779,1.648258051,1.040234526,-0.265479115,-0.596186878,0.728235893,0.209175836
1497534827655200000,78045,-1.54663273,1.64536811,1.041392776,-0.260490249,-0.598769837,0.728448195,0.207322793
1497534827665220000,78046,-1.546967629,1.641059922,1.0420072,-0.261860841,-0.596546364,0.72861847,0.21136807
1497534827675170000,78047,-1.54719577,1.636692623,1.042505063,-0.26151581,-0.595623373,0.728728502,0.214002448
1497534827685260000,78048,-1.547373487,1.632269548,1.042672934,-0.260169718,-0.596378934,0.728586768,0.214021511
1497534827695240000,78049,-1.54755132,1.627438451,1.04261169,-0.258812028,-0.597198771,0.728140242,0.214899396
1497534827705280000,78050,-1.547567309,1.622258535,1.041924352,-0.257957831,-0.598942655,0.727222479,0.214179642
1497534827715230000,78051,-1.548073315,1.617339139,1.042255398,-0.256835418,-0.601572352,0.725921112,0.212567193
1497534827725240000,78052,-1.548174086,1.611600005,1.040759203,-0.256306526,-0.602780527,0.72516484,0.212364206
1497534827735210000,78053,-1.54854687,1.606221355,1.040245041,-0.253493986,-0.606382852,0.723826897,0.210036328
1497534827745190000,78054,-1.549129653,1.600298259,1.038921966,-0.253658683,-0.607146522,0.723046085,0.210320546
1497534827755260000,78055,-1.549654762,1.594574843,1.037937827,-0.251128662,-0.610695531,0.721123587,0.209681033
1497534827765270000,78056,-1.550135569,1.588050671,1.035616254,-0.251643681,-0.611357421,0.720437144,0.209494352
1497534827775240000,78057,-1.550498487,1.581955683,1.033406315,-0.249859886,-0.614063581,0.719584227,0.206626465
1497534827785270000,78058,-1.55158282,1.57509105,1.031537378,-0.251598442,-0.613500522,0.718774016,0.208995806
1497534827795260000,78059,-1.552045937,1.568457051,1.028904774,-0.251132804,-0.614401975,0.718890523,0.206491994
1497534827805270000,78060,-1.552914334,1.561667604,1.026994394,-0.251341282,-0.614787526,0.718782362,0.205464775
1497534827815260000,78061,-1.55373598,1.554772995,1.025083927,-0.251715373,-0.615129756,0.718803411,0.203902944
1497534827825220000,78062,-1.554590831,1.547668444,1.023412464,-0.252694392,-0.613503028,0.720052674,0.203183969
1497534827835220000,78063,-1.55530081,1.540457843,1.021836819,-0.251912623,-0.613179498,0.720893824,0.202146056
1497534827845260000,78064,-1.556389156,1.533023291,1.020532169,-0.253032811,-0.611849041,0.721903346,0.201173323
1497534827855260000,78065,-1.557417098,1.525092944,1.018554579,-0.255299644,-0.609311241,0.723534548,0.200149099
1497534827865250000,78066,-1.558932375,1.51713146,1.017570213,-0.257821522,-0.606911135,0.724669177,0.200103776
1497534827875240000,78067,-1.560237529,1.509137227,1.016396256,-0.258373713,-0.605997791,0.725904041,0.197668979
1497534827885290000,78068,-1.561370558,1.500389696,1.014369494,-0.258889189,-0.60592789,0.726676946,0.19434093
1497534827895250000,78069,-1.562996763,1.49194108,1.013461019,-0.259955475,-0.604674253,0.72837605,0.190421975
1497534827905260000,78070,-1.564798293,1.482337008,1.012305875,-0.261131144,-0.603490795,0.729026296,0.19007905
1497534827915280000,78071,-1.566693424,1.472951693,1.011645693,-0.26085106,-0.603283554,0.730175715,0.186679146
1497534827925230000,78072,-1.56875552,1.462687592,1.010986598,-0.262100081,-0.600712592,0.731742518,0.187085051
1497534827935200000,78073,-1.57061284,1.452130407,1.010071723,-0.260889852,-0.602838192,0.731582063,0.18251105
1497534827945200000,78074,-1.572894141,1.44101924,1.009644209,-0.26080935,-0.601713584,0.732348543,0.183261719
1497534827955250000,78075,-1.574936814,1.430013313,1.009491378,-0.258764789,-0.604158385,0.731789836,0.180324891
1497534827965270000,78076,-1.577168024,1.418394009,1.00916863,-0.25888954,-0.604021776,0.73201668,0.179681606
1497534827975240000,78077,-1.579542628,1.406950934,1.009605394,-0.259426694,-0.605473092,0.731243095,0.177154342
1497534827985260000,78078,-1.58179779,1.395676716,1.010389348,-0.259646003,-0.606637526,0.730438562,0.176165752
1497534827995250000,78079,-1.5843497,1.38416537,1.011353825,-0.26344865,-0.607691811,0.728700926,0.174070192
1497534828005340000,78080,-1.586739192,1.373295336,1.01282462,-0.266356556,-0.607497089,0.728051846,0.173037513
1497534828015240000,78081,-1.589484912,1.361984419,1.014400662,-0.269167512,-0.609234288,0.725575118,0.172983179
1497534828025230000,78082,-1.592249951,1.350751145,1.016270338,-0.271026679,-0.610730087,0.723496675,0.173510406
1497534828035140000,78083,-1.600523845,1.336492975,1.019456254,-0.306712216,-0.59012794,0.721897222,0.191157089
1497534828045180000,78084,-1.604490893,1.324357321,1.022563007,-0.306492007,-0.605007998,0.709977179,0.189632216
1497534828055270000,78085,-1.607074076,1.314840353,1.021688928,-0.306078357,-0.599338976,0.715115468,0.188993912
1497534828065270000,78086,-1.610272459,1.302711928,1.024812317,-0.313526989,-0.606249568,0.705512715,0.190824783
1497534828075250000,78087,-1.612915523,1.291966206,1.025881471,-0.316040138,-0.607672325,0.702841304,0.192008018
1497534828085280000,78088,-1.614343606,1.282496749,1.024962011,-0.319429083,-0.596713763,0.71009383,0.194073435
1497534828095250000,78089,-1.616486004,1.271926434,1.026297017,-0.318757806,-0.599943526,0.70702027,0.196426997
1497534828105270000,78090,-1.618263902,1.261901484,1.027200412,-0.317421484,-0.601688109,0.705498976,0.198711389
1497534828115190000,78091,-1.620555789,1.252865681,1.026655044,-0.285819082,-0.586202094,0.733473727,0.191548554
1497534828125230000,78092,-1.62242368,1.243298,1.027237641,-0.283732201,-0.587233307,0.733613357,0.190956864
1497534828135280000,78093,-1.624457014,1.233915628,1.027955676,-0.286200203,-0.589882217,0.730655066,0.190451016
1497534828145190000,78094,-1.62639192,1.22477996,1.028659985,-0.307536589,-0.612622579,0.70093913,0.196975018
1497534828155260000,78095,-1.628746128,1.215562641,1.029249223,-0.312290798,-0.614994803,0.697166108,0.195487256
1497534828165270000,78096,-1.630970001,1.206418582,1.029685083,-0.315544693,-0.617332479,0.69422031,0.193365762
1497534828175240000,78097,-1.633015703,1.197463625,1.030072424,-0.318362731,-0.618139034,0.692588102,0.192018297
1497534828185270000,78098,-1.634852378,1.188564104,1.03037837,-0.320672151,-0.619772267,0.690428537,0.19068336
1497534828195260000,78099,-1.636608122,1.179483369,1.030964888,-0.321454871,-0.620206186,0.689830471,0.190118316
1497534828205270000,78100,-1.638033476,1.170810231,1.031024093,-0.321956296,-0.619756861,0.689853007,0.190652577
1497534828215240000,78101,-1.639576744,1.16194448,1.031229241,-0.322234807,-0.620538181,0.689056593,0.19052062
1497534828225210000,78102,-1.641132815,1.153013128,1.031241401,-0.322672051,-0.621821231,0.68768175,0.190564727
1497534828235270000,78103,-1.642818783,1.144069966,1.031105268,-0.323148731,-0.623518075,0.685999061,0.190277156
1497534828245200000,78104,-1.644583556,1.134944445,1.030985086,-0.324764499,-0.624713628,0.684147293,0.19027187
1497534828255270000,78105,-1.64640434,1.125871731,1.030586672,-0.326755345,-0.627754901,0.680672646,0.189313172
1497534828265250000,78106,-1.648204167,1.116875465,1.030101098,-0.329007945,-0.630828343,0.6770883,0.188044694
1497534828275210000,78107,-1.649896941,1.10785851,1.029434848,-0.330818292,-0.633243378,0.674194517,0.187146561
1497534828285270000,78108,-1.651363962,1.099055604,1.028479286,-0.331772537,-0.637308157,0.670542486,0.184764905
1497534828295220000,78109,-1.652864177,1.089860337,1.027565382,-0.332535701,-0.640259642,0.667628711,0.183737591
1497534828305240000,78110,-1.654226917,1.080523805,1.026553355,-0.332444875,-0.644632202,0.664134858,0.181258434
1497534828315250000,78111,-1.655628649,1.070948029,1.025416056,-0.332965325,-0.649463878,0.659837533,0.178732184
1497534828325200000,78112,-1.656751577,1.061312934,1.024152601,-0.332211923,-0.653431502,0.656607838,0.177563106
1497534828335260000,78113,-1.657703611,1.051696619,1.022698294,0.331073683,0.658072115,-0.653042107,-0.175690966
1497534828345200000,78114,-1.658695779,1.041866069,1.021349871,0.330085433,0.662181889,-0.649703682,-0.174481742
1497534828355250000,78115,-1.659311702,1.032205589,1.019994642,0.333601819,0.668114572,-0.642138919,-0.173177232
1497534828365270000,78116,-1.660111035,1.022672648,1.018180607,0.330783369,0.671572613,-0.640157476,-0.172542731
1497534828375240000,78117,-1.660885749,1.012894396,1.016731294,0.330518422,0.675248719,-0.636635129,-0.171733667
1497534828385240000,78118,-1.661562781,1.00332056,1.01503979,0.329514736,0.677950071,-0.634159987,-0.172176802
1497534828395230000,78119,-1.662343707,0.993571038,1.013461401,0.330142511,0.68047567,-0.631007641,-0.172592415
1497534828405230000,78120,-1.662985086,0.983927772,1.011482588,0.328217304,0.683204162,-0.629076423,-0.172535007
1497534828415200000,78121,-1.663738674,0.974042848,1.009756685,0.329146985,0.685722223,-0.625774374,-0.172782311
1497534828425280000,78122,-1.664558986,0.964085535,1.007912558,0.32881886,0.687933443,-0.623515658,-0.172782983
1497534828435400000,78123,-1.665080666,0.95415142,1.005929159,0.329424927,0.690436848,-0.620398891,-0.172862351
1497534828445130000,78124,-1.665519865,0.944150671,1.003872316,0.32812039,0.693235211,-0.617984906,-0.172790646
1497534828455250000,78125,-1.666002571,0.933984796,1.00190128,0.327299431,0.695002109,-0.61623448,-0.173499907
1497534828465310000,78126,-1.666380892,0.92375584,0.999999219,0.326583747,0.697066371,-0.613985496,-0.174537507
1497534828475250000,78127,-1.666551439,0.913597355,0.997931157,0.325268103,0.698145019,-0.612715185,-0.177127908
1497534828485360000,78128,-1.6669036,0.90332104,0.995929612,0.325137387,0.700187084,-0.60999988,-0.178672533
1497534828495270000,78129,-1.667358498,0.892996623,0.993975954,0.324666746,0.701316733,-0.608250607,-0.181045693
1497534828505280000,78130,-1.667829073,0.882820932,0.991971445,0.324970639,0.702602084,-0.605991865,-0.183079914
1497534828515270000,78131,-1.668523969,0.872419288,0.990255518,0.326398476,0.703335838,-0.603714972,-0.185232194
1497534828525220000,78132,-1.668925477,0.862274507,0.988294705,0.327872596,0.703816239,-0.60171296,-0.187306636
1497534828535280000,78133,-1.669281948,0.851977541,0.986568412,0.329646308,0.703878266,-0.600076209,-0.189201592
1497534828545210000,78134,-1.669544563,0.84152236,0.985029535,0.332025194,0.703308993,-0.599026269,-0.190481655
1497534828555270000,78135,-1.669761022,0.830714143,0.983776177,0.333611884,0.702984114,-0.598355007,-0.191017623
1497534828565280000,78136,-1.669744948,0.819604615,0.982614372,0.334864949,0.702985231,-0.597507197,-0.191474229
1497534828575250000,78137,-1.669600323,0.808135133,0.981742129,0.3359276,0.70292804,-0.596935279,-0.191606605
1497534828585280000,78138,-1.669338199,0.796452869,0.981248432,0.336718845,0.702924614,-0.596495611,-0.191599562
1497534828595280000,78139,-1.668888121,0.784608111,0.980895695,0.337539556,0.70253683,-0.596314734,-0.192140022
1497534828605280000,78140,-1.668557823,0.772550032,0.981196325,0.338776652,0.701596557,-0.596514336,-0.192777849
1497534828615270000,78141,-1.668146301,0.760455956,0.981615262,0.339852772,0.700587925,-0.596983582,-0.193099079
1497534828625170000,78142,-1.667798314,0.748197489,0.982612287,0.341633892,0.69889833,-0.597939416,-0.193121369
1497534828635290000,78143,-1.667305965,0.735939915,0.983634347,0.34301746,0.697095704,-0.599476339,-0.192418089
1497534828645180000,78144,-1.666720603,0.723561833,0.984901035,0.343970418,0.695444383,-0.60152282,-0.190293874
1497534828655270000,78145,-1.66600986,0.711194542,0.986443966,0.344360815,0.693851631,-0.604194523,-0.186907788
1497534828665240000,78146,-1.663670549,0.700751205,0.984155695,0.344133633,0.692253794,-0.607520957,-0.182414402
1497534828675260000,78147,-1.66226973,0.688600564,0.985579409,0.341873839,0.690850699,-0.611964714,-0.177050218
1497534828685300000,78148,-1.66064169,0.676691105,0.986780028,0.337657156,0.689778639,-0.617005311,-0.171748421
1497534828695300000,78149,-1.658797813,0.665022822,0.988080615,0.333203884,0.687319256,-0.623316193,-0.167464432
1497534828705280000,78150,-1.657015542,0.65361592,0.989609717,0.327643668,0.684837435,-0.62995002,-0.163738472
1497534828715230000,78151,-1.655374098,0.642565612,0.991275009,0.322318439,0.682339515,-0.63619732,-0.160550866
1497534828725150000,78152,-1.653981452,0.631877116,0.993129944,0.317333723,0.678673158,-0.642940292,-0.159153491
1497534828735280000,78153,-1.652689218,0.621725451,0.99493947,0.314163817,0.674394528,-0.649005645,-0.159011916
1497534828745220000,78154,-1.651639926,0.611895995,0.996853009,0.312652463,0.669774231,-0.654300931,-0.159816172
1497534828755260000,78155,-1.650829575,0.602459489,0.999157795,0.31252536,0.663644976,-0.660198512,-0.161372767
1497534828765280000,78156,-1.650159245,0.593381927,1.001630151,-0.31415769,-0.657699462,0.665079031,0.162499988
1497534828775260000,78157,-1.649687121,0.584620172,1.004358079,-0.316772854,-0.650895477,0.670264721,0.163509147
1497534828785280000,78158,-1.649265156,0.576136917,1.007074284,-0.319590538,-0.644014763,0.675577703,0.163406364
1497534828795270000,78159,-1.64889116,0.567826633,1.009843595,-0.322421993,-0.636645635,0.681246038,0.163187711
1497534828805290000,78160,-1.648603442,0.559516863,1.01281781,-0.325278872,-0.629601837,0.686539518,0.162661219
1497534828815240000,78161,-1.648371795,0.551164301,1.015874562,-0.327672471,-0.623216525,0.691425208,0.161750104
1497534828825250000,78162,-1.648072734,0.542934207,1.018741988,-0.329059471,-0.617178688,0.696351966,0.160948041
1497534828835110000,78163,-1.64780365,0.534566323,1.021764255,-0.329754754,-0.611239271,0.701358278,0.160452244
1497534828845220000,78164,-1.647509559,0.526159862,1.024735499,-0.3298933,-0.606638305,0.705376794,0.160012363
1497534828855260000,78165,-1.647019343,0.517795317,1.027321889,-0.328844321,-0.602147483,0.709714834,0.159952102
1497534828865280000,78166,-1.646490073,0.509272294,1.030002189,-0.32703418,-0.597546786,0.714287951,0.160559048
1497534828875260000,78167,-1.645767861,0.500725554,1.03201912,-0.32455872,-0.594019125,0.718260168,0.160951073
1497534828885280000,78168,-1.645113103,0.491908543,1.034132178,-0.321373732,-0.590399501,0.722521086,0.161587853
1497534828895270000,78169,-1.644342818,0.483014728,1.035725704,-0.318080817,-0.587780885,0.72602722,0.161934247
1497534828905290000,78170,-1.643647714,0.473975227,1.037043294,-0.315091737,-0.58562657,0.729009112,0.162186414
1497534828915260000,78171,-1.642968689,0.464882852,1.038055289,-0.311602128,-0.583659128,0.732057425,0.162290057
1497534828925250000,78172,-1.642444593,0.455617491,1.039036603,-0.308823468,-0.581964977,0.734558234,0.162385444
1497534828935220000,78173,-1.643670996,0.444740355,1.044302984,-0.304144383,-0.580488878,0.737722085,0.162157275
1497534828945220000,78174,-1.643429245,0.435444387,1.04499379,-0.301653445,-0.579013292,0.739894214,0.162189268
1497534828955240000,78175,-1.642818302,0.426386418,1.044428012,-0.299082795,-0.577657098,0.742101247,0.16170188
1497534828965270000,78176,-1.642670335,0.417040193,1.044455666,-0.297689318,-0.576134964,0.743878582,0.16153708
1497534828975260000,78177,-1.642237001,0.40788753,1.043419677,-0.295308321,-0.575271554,0.745555121,0.161255063
1497534828985200000,78178,-1.64188114,0.398608139,1.042096293,-0.293307571,-0.574587617,0.74699026,0.160702487
1497534828995280000,78179,-1.642076724,0.388900725,1.041520429,-0.292193476,-0.574394993,0.747708456,0.160079451
1497534829005280000,78180,-1.642092493,0.379214238,1.039776256,-0.291733809,-0.574587632,0.747772307,0.159928155
1497534829015210000,78181,-1.640615988,0.370616085,1.03344725,-0.29308673,-0.575072818,0.746943019,0.159585553
1497534829025250000,78182,-1.641038885,0.36028052,1.031529481,-0.292871,-0.576994461,0.745574899,0.159442903
1497534829035280000,78183,-1.641411667,0.349833344,1.028840625,-0.292816096,-0.579459531,0.743697686,0.159371074
1497534829045210000,78184,-1.64199789,0.338995258,1.026225999,-0.292551207,-0.582281232,0.741626221,0.159225962
1497534829055170000,78185,-1.642673711,0.327949245,1.023436691,-0.291684437,-0.585641463,0.739402494,0.158833933
1497534829065290000,78186,-1.643544017,0.316675756,1.020718059,-0.290489714,-0.589021528,0.737358888,0.158022897
1497534829075250000,78187,-1.644491967,0.305251572,1.017829666,-0.288747991,-0.592925005,0.735158191,0.156866092
1497534829085260000,78188,-1.645503704,0.293736152,1.014928983,-0.287144449,-0.595864187,0.733665477,0.155656365
1497534829095270000,78189,-1.646511001,0.282219211,1.012282963,-0.285420293,-0.598104817,0.732822962,0.154195949
1497534829105280000,78190,-1.647300419,0.270991767,1.009523976,-0.283921168,-0.599099554,0.732960084,0.152440186
1497534829115210000,78191,-1.647906443,0.260170236,1.006726945,-0.282851873,-0.598625356,0.734195687,0.150330282
1497534829125230000,78192,-1.648410186,0.249783286,1.004245547,-0.281743651,-0.597010635,0.736405516,0.148005856
1497534829135260000,78193,-1.648814694,0.239633653,1.002042475,-0.280400542,-0.594021995,0.739620008,0.146545726
1497534829145200000,78194,-1.649252882,0.229383362,1.000451788,-0.278437679,-0.590005004,0.743574199,0.146505851
1497534829155200000,78195,-1.649618447,0.218918094,0.999230809,-0.275829287,-0.585457667,0.747955468,0.147377551
1497534829165200000,78196,-1.650114551,0.20786831,0.998273284,-0.273949685,-0.580361977,0.752290695,0.148963942
1497534829175200000,78197,-1.650609296,0.196290655,0.997252322,-0.271821633,-0.575517955,0.756577804,0.149940354
1497534829185290000,78198,-1.651301645,0.183984902,0.99632475,-0.27024573,-0.571913437,0.759991116,0.149317679
1497534829195350000,78199,-1.652361293,0.170991232,0.995583622,-0.269135297,-0.569313487,0.762737435,0.147241135
1497534829205300000,78200,-1.653695547,0.157389759,0.994926098,-0.268418809,-0.568468929,0.764329621,0.143508362
1497534829215340000,78201,-1.655066343,0.143454995,0.994470053,-0.267321367,-0.568229965,0.765648938,0.139411971
1497534829225270000,78202,-1.656480411,0.129421657,0.994729825,-0.264810998,-0.568925047,0.766688821,0.135601174
1497534829235280000,78203,-1.657937552,0.11544071,0.995625977,-0.262335285,-0.57048003,0.766932585,0.132465633
1497534829245200000,78204,-1.659624373,0.10171453,0.997505044,-0.261179639,-0.573018383,0.765728924,0.13074534
1497534829255350000,78205,-1.66153276,0.088306314,1.000185209,-0.261237411,-0.577067809,0.762781332,0.130047674
1497534829265280000,78206,-1.663630654,0.075398953,1.003181356,-0.262177244,-0.581157515,0.75929106,0.130369175
1497534829275270000,78207,-1.665765507,0.062889069,1.006149763,-0.262167138,-0.584682742,0.756357661,0.13167221
1497534829285320000,78208,-1.668046355,0.050838507,1.009209241,-0.262409504,-0.587364794,0.753960837,0.13299213
1497534829295240000,78209,-1.670157771,0.039053634,1.011906035,-0.260880827,-0.591795903,0.750808416,0.13418467
1497534829305280000,78210,-1.672197878,0.027705994,1.01437092,-0.260589046,-0.592271525,0.750128184,0.136438623
1497534829315280000,78211,-1.673804982,0.016694616,1.01639412,-0.259808884,-0.590780901,0.750866106,0.140276018
1497534829325230000,78212,-1.675622633,0.005497461,1.018141661,-0.259416975,-0.591954411,0.749825627,0.141613338
1497534829335320000,78213,-1.677153209,-0.005499061,1.019481922,-0.259037068,-0.592731244,0.748954302,0.143655574
1497534829345240000,78214,-1.678613755,-0.016316095,1.020617365,-0.258133108,-0.594766382,0.747353337,0.145200686
1497534829355320000,78215,-1.68007392,-0.026889493,1.021554661,-0.257146614,-0.597114963,0.745592092,0.146361787
1497534829365330000,78216,-1.681625913,-0.037378636,1.022324903,-0.256454288,-0.600958952,0.742609329,0.14700653
1497534829375270000,78217,-1.683594937,-0.047964928,1.023226814,-0.257187301,-0.60751953,0.737198657,0.145989219
1497534829385330000,78218,-1.685901042,-0.058943261,1.024122532,-0.258035351,-0.619374572,0.727730494,0.142131014
1497534829395250000,78219,-1.688034052,-0.06906777,1.025122517,-0.260431484,-0.625431203,0.721936223,0.140781188
1497534829405290000,78220,-1.69012287,-0.078708298,1.026031577,-0.26388673,-0.629396426,0.71768984,0.138366276
1497534829415290000,78221,-1.692046082,-0.087884448,1.026847508,-0.267120275,-0.630928261,0.715611986,0.135925621
1497534829425270000,78222,-1.693710958,-0.096843367,1.027489752,-0.270391829,-0.631898482,0.714051984,0.133125246
1497534829435290000,78223,-1.695184138,-0.105781845,1.028201664,-0.27279817,-0.632889746,0.712729282,0.130570663
1497534829445290000,78224,-1.69648167,-0.114714631,1.028696004,-0.274983764,-0.633596036,0.711585387,0.128787537
1497534829455290000,78225,-1.697668497,-0.123875623,1.028983917,-0.276271551,-0.635468569,0.709639562,0.127535957
1497534829465250000,78226,-1.698819586,-0.133094609,1.029262292,-0.277025843,-0.637744244,0.707399701,0.126982772
1497534829475270000,78227,-1.699928965,-0.14232596,1.029309596,-0.277439751,-0.640632033,0.704650992,0.126825715
1497534829485270000,78228,-1.701064543,-0.151431108,1.029202805,-0.27827715,-0.643591579,0.70163871,0.126707647
1497534829495220000,78229,-1.701946954,-0.160283342,1.029153911,-0.278263603,-0.645698227,0.699571924,0.127445243
1497534829505220000,78230,-1.703233957,-0.169085634,1.028567979,-0.28070136,-0.647763122,0.696524704,0.128308302
1497534829515250000,78231,-1.704344659,-0.177856667,1.027965305,-0.283022066,-0.649711215,0.693542569,0.129508892
1497534829525340000,78232,-1.705416053,-0.186046933,1.027214856,-0.286994935,-0.64962669,0.691754432,0.130747382
1497534829535290000,78233,-1.706431007,-0.194787318,1.026528848,-0.288713692,-0.6518575,0.688850006,0.131194029
1497534829545180000,78234,-1.707314685,-0.203634954,1.025634245,-0.290125207,-0.653871764,0.68624289,0.131718548
1497534829555290000,78235,-1.708131943,-0.212645852,1.024793019,-0.290867438,-0.656181355,0.683667312,0.131989281
1497534829565290000,78236,-1.708769141,-0.221804801,1.023776978,-0.291032931,-0.659053845,0.680736917,0.132457961
1497534829575260000,78237,-1.709259878,-0.231153419,1.022622741,-0.29071341,-0.66234502,0.677577302,0.132942798
1497534829585250000,78238,-1.709697914,-0.240679934,1.021359216,-0.290342924,-0.665910483,0.674185907,0.133182493
1497534829595280000,78239,-1.710136409,-0.250297889,1.020054978,-0.290137772,-0.669602444,0.670575196,0.13334747
1497534829605380000,78240,-1.710266939,-0.259565218,1.018629618,0.29104059,0.671645712,-0.667730108,-0.135365859
1497534829615290000,78241,-1.710638796,-0.26930084,1.017080109,0.292151919,0.674767962,-0.663870436,-0.136423965
1497534829625270000,78242,-1.710980063,-0.279165446,1.015518435,0.293263632,0.677621888,-0.660252721,-0.137445853
1497534829635290000,78243,-1.711305608,-0.289139177,1.014037442,0.294321561,0.680074189,-0.656913992,-0.139060859
1497534829645230000,78244,-1.711411212,-0.299220552,1.012382294,0.295323172,0.68236007,-0.653746224,-0.140658571
1497534829655290000,78245,-1.711400222,-0.309363233,1.010766549,0.295725426,0.684404229,-0.650993136,-0.142636811
1497534829665300000,78246,-1.711257173,-0.319572181,1.008996596,0.295768233,0.68629929,-0.648480273,-0.144871569
1497534829675280000,78247,-1.71108252,-0.329760726,1.007347082,0.295561874,0.687722049,-0.646622194,-0.14683767
1497534829685360000,78248,-1.710812128,-0.339917277,1.005618996,0.295797218,0.689074822,-0.644663087,-0.148625032
1497534829695310000,78249,-1.710628986,-0.350110447,1.003725362,0.296164498,0.689997386,-0.643086667,-0.150431833
1497534829705300000,78250,-1.710129512,-0.359872067,1.001619693,0.295585926,0.693261879,-0.639887929,-0.150201086
1497534829715310000,78251,-1.70987392,-0.369767398,0.999763462,0.29668561,0.694399081,-0.63776715,-0.151791394
1497534829725270000,78252,-1.709729661,-0.379570996,0.997802869,0.298589924,0.694805297,-0.635889732,-0.154058121
1497534829735280000,78253,-1.709584054,-0.389373117,0.995771064,0.300720185,0.694381398,-0.634512065,-0.157468357
1497534829745260000,78254,-1.709493912,-0.39907513,0.993783324,0.303349761,0.693565197,-0.633380308,-0.16054789
1497534829755270000,78255,-1.709111391,-0.408795257,0.991810316,0.306055332,0.692857178,-0.632145953,-0.163311233
1497534829765290000,78256,-1.708886068,-0.418609891,0.989930771,0.309488778,0.692072884,-0.630972244,-0.164699259
1497534829775270000,78257,-1.706507402,-0.42584324,0.987743311,0.298118215,0.70061102,-0.63069658,-0.149971841
1497534829785270000,78258,-1.705948624,-0.435952472,0.985657603,0.299936745,0.700256423,-0.630123302,-0.150411154
1497534829795270000,78259,-1.705257969,-0.44621821,0.983904597,0.301621231,0.700330198,-0.629266907,-0.150284418
1497534829805300000,78260,-1.704436167,-0.456879773,0.982592613,0.303740007,0.699750503,-0.628410978,-0.152285538
1497534829815280000,78261,-1.703597828,-0.467701239,0.981695887,0.306102649,0.6990643,-0.627543025,-0.154272567
1497534829825260000,78262,-1.7026029,-0.478623361,0.981168977,0.308824503,0.698313652,-0.626594861,-0.156090839
1497534829835290000,78263,-1.701482768,-0.489544551,0.981034921,0.310640074,0.696918218,-0.626678265,-0.158373274
1497534829845250000,78264,-1.700290512,-0.500573564,0.981221439,0.312380177,0.694796429,-0.627471527,-0.161108752
1497534829855270000,78265,-1.698923185,-0.511786859,0.98178357,0.314291188,0.693256376,-0.627702816,-0.163112909
1497534829865310000,78266,-1.697511034,-0.523147344,0.982323601,0.316256596,0.692226371,-0.627765146,-0.163448274
1497534829875250000,78267,-1.695963406,-0.534516597,0.983318266,0.318121978,0.691867468,-0.627949946,-0.160613444
1497534829885310000,78268,-1.694125026,-0.546037432,0.984428205,0.318280339,0.69025375,-0.629779987,-0.160076715
1497534829895280000,78269,-1.692015382,-0.557531582,0.985829864,0.318117882,0.688635202,-0.632075687,-0.158312656
1497534829905280000,78270,-1.689596154,-0.568720688,0.987358312,0.316443119,0.687469225,-0.635268377,-0.153895768
1497534829915250000,78271,-1.686986754,-0.57978865,0.988660893,0.313437895,0.686428889,-0.638920581,-0.149507719
1497534829925230000,78272,-1.683933863,-0.590630255,0.990537668,0.309239797,0.684177766,-0.644182755,-0.145945573
1497534829935310000,78273,-1.680799814,-0.60121513,0.992243836,0.304223809,0.682349346,-0.64945057,-0.141637569
1497534829945140000,78274,-1.677614166,-0.611582642,0.993976108,0.297754923,0.679132702,-0.656089639,-0.14023967
1497534829955380000,78275,-1.673614934,-0.620968796,0.995873226,0.291248197,0.669030095,-0.668355728,-0.144477823
1497534829965400000,78276,-1.670794026,-0.630395935,0.997387814,-0.285280266,-0.665612627,0.674552454,0.143366616
1497534829975290000,78277,-1.668272344,-0.639447651,0.998854182,-0.280067285,-0.661743405,0.680228878,0.14472959
1497534829985380000,78278,-1.665798427,-0.648527345,1.000474511,-0.27974446,-0.656126617,0.685304996,0.146962455
1497534829995300000,78279,-1.663992447,-0.65702114,1.00179064,-0.279248234,-0.649678834,0.690814324,0.150709677
1497534830005370000,78280,-1.662102498,-0.665253128,1.003443382,-0.281083888,-0.643924895,0.695109028,0.152236714
1497534830015290000,78281,-1.660601114,-0.673326288,1.005175808,-0.28419279,-0.63834539,0.698718748,0.153433154
1497534830025340000,78282,-1.659342891,-0.681253664,1.006955818,-0.287121775,-0.632365484,0.702458324,0.155651162
1497534830035280000,78283,-1.657824377,-0.689329264,1.008919878,-0.29221702,-0.626521802,0.705631125,0.155448898
1497534830045240000,78284,-1.656569873,-0.696743569,1.010952677,-0.294679517,-0.619299016,0.710923601,0.155628868
1497534830055290000,78285,-1.655178466,-0.704666517,1.013254144,-0.297517205,-0.61503561,0.713759507,0.154149528
1497534830065350000,78286,-1.653907761,-0.712746653,1.015592128,-0.299108932,-0.611043039,0.71666864,0.153448072
1497534830075240000,78287,-1.652457869,-0.720660144,1.017969001,-0.299507211,-0.606677904,0.720364377,0.152684365
1497534830085310000,78288,-1.650984792,-0.72868762,1.02062356,-0.298706378,-0.602566751,0.724032014,0.153184378
1497534830095290000,78289,-1.649220343,-0.736816255,1.023184206,-0.296838141,-0.599115153,0.727691677,0.153012985
1497534830105300000,78290,-1.647391949,-0.744734208,1.025608058,-0.292759527,-0.595278963,0.732430037,0.153235297
1497534830115290000,78291,-1.645232229,-0.752927586,1.028127343,-0.288800431,-0.592929511,0.736120154,0.152171041
1497534830125280000,78292,-1.643191947,-0.761289522,1.030337747,-0.285627047,-0.589334601,0.740162795,0.152515423
1497534830135300000,78293,-1.641098837,-0.769804278,1.032308176,-0.281953839,-0.587318671,0.74324193,0.152152046
1497534830145300000,78294,-1.639271411,-0.778247618,1.033931749,-0.278780797,-0.584300938,0.746817699,0.152108533
1497534830155270000,78295,-1.6372624,-0.786682429,1.035273108,-0.275311374,-0.582288031,0.749979461,0.150582551
1497534830165350000,78296,-1.635455046,-0.795421608,1.03640713,-0.272549678,-0.581052362,0.752114539,0.149728239
1497534830175280000,78297,-1.633746978,-0.804277064,1.03720371,-0.269352473,-0.580728066,0.753738438,0.148601903
1497534830185350000,78298,-1.631964838,-0.813113943,1.037830731,-0.266869522,-0.580690148,0.755042803,0.146594598
1497534830195280000,78299,-1.630159021,-0.821989938,1.038022976,-0.264491726,-0.579726829,0.756770934,0.145803577
1497534830205320000,78300,-1.628502907,-0.830656396,1.037923966,-0.261430508,-0.579814883,0.758163248,0.143726409
1497534830215300000,78301,-1.627019534,-0.839734014,1.037643733,-0.259792106,-0.5800243,0.758694427,0.143047681
1497534830225320000,78302,-1.625473546,-0.848376148,1.036990839,-0.258009377,-0.57857376,0.760588011,0.142089557
1497534830235300000,78303,-1.624096165,-0.857375965,1.036150896,-0.256318292,-0.579688738,0.760622111,0.140413333
1497534830245290000,78304,-1.622778014,-0.866640528,1.035125391,-0.256017098,-0.58003521,0.760574846,0.139786636
1497534830255290000,78305,-1.621541717,-0.875829285,1.033768575,-0.255328174,-0.581163522,0.76022137,0.138274919
1497534830265310000,78306,-1.620655031,-0.885242556,1.032045641,-0.255247332,-0.582211209,0.759628866,0.137269419
1497534830275290000,78307,-1.619665933,-0.894993492,1.03002924,-0.255578464,-0.584290036,0.758175722,0.135846887
1497534830285360000,78308,-1.618618166,-0.905049631,1.027908233,-0.256452307,-0.587717739,0.755522232,0.134187295
1497534830295330000,78309,-1.617703249,-0.91507901,1.025393514,-0.25587491,-0.590539518,0.753881144,0.13211483
1497534830305300000,78310,-1.617015327,-0.925740225,1.022915924,-0.255542948,-0.593964743,0.751436182,0.131329169
1497534830315310000,78311,-1.616215728,-0.936192958,1.020176352,-0.252781322,-0.598277179,0.749558616,0.127780677
1497534830325280000,78312,-1.615638669,-0.947322384,1.017479209,-0.251713276,-0.601571645,0.747566166,0.126082553
1497534830335300000,78313,-1.614872411,-0.958768032,1.015012594,-0.251385285,-0.605097114,0.744977977,0.125182811
1497534830345290000,78314,-1.61393985,-0.969467752,1.012539945,-0.249364317,-0.608451999,0.74338321,0.122413259
1497534830355210000,78315,-1.612802195,-0.980132254,1.009966802,-0.248547247,-0.609386462,0.743185094,0.120616425
1497534830365360000,78316,-1.61139563,-0.990552637,1.007724868,-0.247836438,-0.60912363,0.743984438,0.118459529
1497534830375280000,78317,-1.609821058,-1.001051586,1.005757654,-0.245974086,-0.610028687,0.744339617,0.115413535
1497534830385310000,78318,-1.608335817,-1.010824859,1.003913559,-0.242065235,-0.608408034,0.747415809,0.112310707
1497534830395300000,78319,-1.606798668,-1.021239692,1.0025359,-0.238971846,-0.607357307,0.749319614,0.111936028
1497534830405250000,78320,-1.60512037,-1.031036772,1.001479077,-0.234790079,-0.603882045,0.753702525,0.110148073
1497534830415310000,78321,-1.603554731,-1.041750478,1.00072819,-0.23291968,-0.600616062,0.756795157,0.110769393
1497534830425290000,78322,-1.601946569,-1.052322996,1.000188327,-0.230732194,-0.596420192,0.760859567,0.110174079
1497534830435270000,78323,-1.60051751,-1.063718535,0.999866392,-0.230917926,-0.592937483,0.76352316,0.110156425
1497534830445290000,78324,-1.599518716,-1.074866418,0.999236006,-0.229568033,-0.588545478,0.767420968,0.109443117
1497534830455200000,78325,-1.598060098,-1.086549054,0.999163367,-0.228044029,-0.587048226,0.769497519,0.106037112
1497534830465310000,78326,-1.596834436,-1.098230081,0.999238023,-0.225988282,-0.584497704,0.772423272,0.103218308
1497534830475290000,78327,-1.595503994,-1.110647351,1.000046166,-0.224992675,-0.584432459,0.773057043,0.100994084
1497534830485390000,78328,-1.594156761,-1.122608926,1.001367689,-0.222124636,-0.584888084,0.773902268,0.098192949
1497534830495310000,78329,-1.592910654,-1.134748859,1.003453699,-0.220265027,-0.586721678,0.77325832,0.096501611
1497534830505340000,78330,-1.591742458,-1.146784861,1.006042321,-0.218842966,-0.589895534,0.771498444,0.094451923
1497534830515270000,78331,-1.590856221,-1.158930622,1.008829521,-0.218359534,-0.593542031,0.768978403,0.093269429
1497534830525390000,78332,-1.590182135,-1.171028301,1.011699916,-0.217944394,-0.598012193,0.765819213,0.091665644
1497534830535230000,78333,-1.589663196,-1.182990393,1.014485022,-0.217487967,-0.602167428,0.762703168,0.091527323
1497534830545300000,78334,-1.589142803,-1.194852395,1.016982254,-0.216922054,-0.605350162,0.760228391,0.092459705
1497534830555240000,78335,-1.588506482,-1.20659176,1.019239242,-0.215899711,-0.607986309,0.758189502,0.094279594
1497534830565310000,78336,-1.587796813,-1.217877831,1.021064697,-0.214660202,-0.609502192,0.757089106,0.096146564
1497534830575270000,78337,-1.586918225,-1.228961753,1.022773594,-0.213610239,-0.6103698,0.756428496,0.098159579
1497534830585360000,78338,-1.585860625,-1.240014816,1.024356282,-0.212753419,-0.612072568,0.755030695,0.100158894
1497534830595300000,78339,-1.584604872,-1.25060601,1.025720585,-0.210671394,-0.613304877,0.75440082,0.10175507
1497534830605350000,78340,-1.583278677,-1.260857126,1.026700753,-0.206384405,-0.615694109,0.753502099,0.102765894
1497534830615290000,78341,-1.581602799,-1.271407439,1.028029105,-0.202809359,-0.620268261,0.750668075,0.103116876
1497534830625270000,78342,-1.579835375,-1.281917766,1.029353042,-0.199166023,-0.626690999,0.74635692,0.102677335
1497534830635290000,78343,-1.57831457,-1.291760585,1.030261896,-0.188227023,-0.630102924,0.746745363,0.099560316
1497534830645310000,78344,-1.576382053,-1.300664642,1.03097893,-0.188531864,-0.636859244,0.740973354,0.099118752
1497534830655270000,78345,-1.574227401,-1.310820701,1.032417396,-0.186520075,-0.64441958,0.735242893,0.096703432
1497534830665280000,78346,-1.57298078,-1.320260589,1.033194243,-0.176453067,-0.645988452,0.737062779,0.091113636
1497534830675200000,78347,-1.570991201,-1.329564175,1.034164433,-0.17322403,-0.649484147,0.73530512,0.086545708
1497534830685320000,78348,-1.569118841,-1.338105446,1.034543386,-0.170105606,-0.653104612,0.733320524,0.082215927
1497534830695360000,78349,-1.567142623,-1.346350434,1.034766373,-0.169078402,-0.655332134,0.732061153,0.077709439
1497534830705330000,78350,-1.565131119,-1.354978636,1.034966429,-0.166669531,-0.658695998,0.730166534,0.072094957
1497534830715320000,78351,-1.563067898,-1.363769452,1.035035759,-0.165655225,-0.662322401,0.727654349,0.066381715
1497534830725260000,78352,-1.561018387,-1.372025074,1.034798335,-0.163303954,-0.665508992,0.725717646,0.061347359
1497534830735310000,78353,-1.558777318,-1.38073603,1.034910726,-0.162204732,-0.669445233,0.722678107,0.057175687
1497534830745250000,78354,-1.556524055,-1.38959341,1.035040125,-0.159318872,-0.674670736,0.718831106,0.052141498
1497534830755330000,78355,-1.554137468,-1.39759392,1.034614173,-0.157025989,-0.678098167,0.716346276,0.048720921
1497534830765320000,78356,-1.551807703,-1.405852368,1.034450453,-0.155830406,-0.679943464,0.715008504,0.046439317
1497534830775290000,78357,-1.549358714,-1.413776849,1.034138925,-0.153168479,-0.682568575,0.713242814,0.043866232
1497534830785310000,78358,-1.546928968,-1.421750147,1.033848633,-0.151372589,-0.686221186,0.710262824,0.041394972
1497534830795310000,78359,-1.544484447,-1.429685543,1.03351303,-0.148790707,-0.689270759,0.707940623,0.039839943
1497534830805310000,78360,-1.542027369,-1.437687382,1.033175951,-0.147769435,-0.691798127,0.705742037,0.038829403
1497534830815310000,78361,-1.539595682,-1.445833255,1.032853911,-0.145929156,-0.695104453,0.702941235,0.037524684
1497534830825300000,78362,-1.537148068,-1.453496083,1.032228512,-0.144561796,-0.697839096,0.700540157,0.036959056
1497534830835300000,78363,-1.534517937,-1.461423707,1.031687028,0.142634524,0.700212705,-0.698606862,-0.0361388
1497534830845250000,78364,-1.53188877,-1.469009557,1.030941607,0.140337105,0.703279703,-0.696023121,-0.035425573
1497534830855300000,78365,-1.529082548,-1.476790112,1.030137156,0.13895856,0.70481226,-0.694736801,-0.035650737
1497534830865320000,78366,-1.526191063,-1.4846581,1.029409968,0.137870699,0.705896696,-0.693821909,-0.036230971
1497534830875300000,78367,-1.523229922,-1.492575785,1.028675618,0.136324385,0.707594103,-0.69237248,-0.036696002
1497534830885310000,78368,-1.520131736,-1.50078612,1.027944214,0.135097547,0.709524918,-0.690575011,-0.037804733
1497534830895310000,78369,-1.516897681,-1.508643511,1.027004869,0.13395555,0.71210759,-0.688091059,-0.03859256
1497534830905340000,78370,-1.513497362,-1.516582596,1.025946181,0.132562047,0.71415501,-0.68617611,-0.03965187
1497534830915310000,78371,-1.509831086,-1.524968941,1.025105041,0.13141195,0.715503104,-0.684889155,-0.041389034
1497534830925290000,78372,-1.505948329,-1.53319907,1.023911087,0.129204792,0.717814314,-0.682847641,-0.042045587
1497534830935310000,78373,-1.501840434,-1.541795934,1.022782246,0.127439043,0.71971055,-0.681134065,-0.042806529
1497534830945250000,78374,-1.497589256,-1.549413027,1.021036086,0.124551524,0.721983798,-0.679267426,-0.042685798
1497534830955300000,78375,-1.493045651,-1.55817491,1.019738537,0.121720858,0.725428081,-0.6761297,-0.042270099
1497534830965320000,78376,-1.488405625,-1.566454488,1.018259136,0.118812442,0.726959771,-0.67503857,-0.041665619
1497534830975280000,78377,-1.483659483,-1.574275376,1.016297392,0.115622521,0.730443993,-0.67188575,-0.040651499
1497534830985270000,78378,-1.478790188,-1.582562539,1.01482563,0.113524274,0.731783908,-0.670818787,-0.040083749
1497534830995290000,78379,-1.474031949,-1.590423931,1.013124683,0.111649278,0.733430385,-0.669381603,-0.039275676
1497534831005320000,78380,-1.469302509,-1.598816441,1.011823403,0.110439195,0.735145723,-0.667704217,-0.039179441
1497534831015320000,78381,-1.464778193,-1.606712666,1.010228284,0.110401807,0.736300742,-0.666429968,-0.03929067
1497534831025300000,78382,-1.460146025,-1.615114111,1.008864142,0.110628664,0.737874492,-0.664586016,-0.040347998
1497534831035320000,78383,-1.4554743,-1.623046657,1.007679222,0.110382012,0.738860668,-0.663557359,-0.03990433
1497534831045250000,78384,-1.450601574,-1.630857519,1.006141295,0.111092531,0.739844841,-0.662347342,-0.039800255
1497534831055290000,78385,-1.445433037,-1.63899931,1.005044517,0.10969479,0.741200884,-0.66113342,-0.038612229
1497534831065330000,78386,-1.439866834,-1.646953816,1.003852513,0.108603235,0.74239927,-0.660063457,-0.036944456
1497534831075300000,78387,-1.434003155,-1.654642946,1.002365081,0.106886996,0.743551117,-0.659095272,-0.036060076
1497534831085320000,78388,-1.427676325,-1.663028836,1.001603072,0.105410098,0.744090429,-0.6587161,-0.0362111
1497534831095320000,78389,-1.42099157,-1.670910473,1.000642514,0.102822873,0.744945382,-0.658162836,-0.036131922
1497534831105320000,78390,-1.41409129,-1.678435429,0.999590078,0.101307155,0.744844841,-0.658497947,-0.036379625
1497534831115320000,78391,-1.406977801,-1.686870707,0.999182872,0.099602561,0.74572052,-0.657759881,-0.036498965
1497534831125290000,78392,-1.399796289,-1.69538573,0.998870634,0.097665811,0.746788297,-0.65688486,-0.035649807
1497534831135320000,78393,-1.392563237,-1.703473453,0.998483742,0.097113672,0.747644697,-0.656038463,-0.034783269
1497534831145260000,78394,-1.38503778,-1.712115218,0.998917416,0.097399346,0.747899932,-0.655736205,-0.034191939
1497534831155260000,78395,-1.377121891,-1.719971169,0.998958536,0.096691248,0.748366859,-0.655396297,-0.032458292
1497534831165330000,78396,-1.368707237,-1.728205118,0.999457907,0.095306006,0.748134193,-0.655980352,-0.03002951
1497534831175290000,78397,-1.36004976,-1.736422717,1.000210189,0.094238288,0.747745127,-0.656694745,-0.027356567
1497534831185330000,78398,-1.350921194,-1.744774103,1.001166436,0.091235897,0.748012482,-0.65700214,-0.02239479
1497534831195320000,78399,-1.341308402,-1.753069261,1.002307017,0.087953699,0.747300416,-0.65838872,-0.018180458
1497534831205320000,78400,-1.331245649,-1.760714359,1.003230415,0.082430064,0.74769421,-0.658793243,-0.0122522
1497534831215290000,78401,-1.320921815,-1.768488266,1.004623125,0.076385849,0.746374745,-0.661100403,-0.0060165
1497534831225230000,78402,-1.310460059,-1.775916465,1.005858386,0.069047149,0.745317744,-0.6631237,0.000954184
1497534831235320000,78403,-1.299969671,-1.7826896,1.007062472,0.061128728,0.742451499,-0.667055931,0.008089157
1497534831245260000,78404,-1.289666997,-1.78929078,1.008256614,0.052910869,0.739947296,-0.670410461,0.015107995
1497534831255260000,78405,-1.279660953,-1.79544495,1.009503793,0.046012823,0.735723663,-0.675369566,0.021667034
1497534831265340000,78406,-1.270019363,-1.801870091,1.010984598,0.04000359,0.730973277,-0.680669691,0.027686689
1497534831275290000,78407,-1.260738844,-1.807702492,1.011862123,0.034054435,0.727624444,-0.684305484,0.033600131
1497534831285400000,78408,-1.251908197,-1.813572832,1.012831057,0.030710744,0.723375849,-0.688631009,0.039642966
1497534831295350000,78409,-1.243428034,-1.819561624,1.013901244,0.027922948,0.719352848,-0.692568434,0.045833966
1497534831305400000,78410,-1.235136115,-1.825349132,1.014807277,0.0260943,0.715450859,-0.696262172,0.051654069
1497534831315320000,78411,-1.227161726,-1.831123743,1.015926314,0.026134786,0.711596139,-0.699691069,0.058140495
1497534831325300000,78412,-1.219172089,-1.836647302,1.01702644,0.026566788,0.70719304,-0.70359386,0.064248664
1497534831335250000,78413,-1.211355109,-1.841949347,1.018009039,-0.0250817,-0.704060051,0.706133402,-0.071034995
1497534831345260000,78414,-1.203712317,-1.847310738,1.019439566,-0.026290431,-0.699155404,0.710279353,-0.07741948
1497534831355270000,78415,-1.196092177,-1.852419562,1.0208031,-0.025280897,-0.695449105,0.713104824,-0.084811135
1497534831365330000,78416,-1.188555801,-1.857339321,1.022341,-0.025265638,-0.692350348,0.715252812,-0.091793557
1497534831375340000,78417,-1.181128944,-1.862300922,1.023858111,-0.024000668,-0.689035899,0.717639706,-0.098217871
1497534831385320000,78418,-1.173738021,-1.867157824,1.025581575,-0.024255766,-0.68463779,0.720900738,-0.104808779
1497534831395310000,78419,-1.166360876,-1.872023731,1.027347007,-0.02220068,-0.682147533,0.722298536,-0.111654365
1497534831405310000,78420,-1.158845886,-1.877024847,1.029053783,-0.019966093,-0.677997843,0.72522343,-0.118200069
1497534831415280000,78421,-1.1510749,-1.88167592,1.030526141,-0.017369984,-0.676353554,0.725724681,-0.124771152
1497534831425260000,78422,-1.143240116,-1.886504138,1.032188852,-0.01266899,-0.672396066,0.728083744,-0.132729381
1497534831435290000,78423,-1.135190066,-1.8911957,1.033772487,-0.008381169,-0.669268315,0.729716809,-0.139724934
1497534831445250000,78424,-1.126921757,-1.895945322,1.034975745,-0.003035953,-0.665649023,0.731811445,-0.146130661
1497534831455350000,78425,-1.118663602,-1.900916235,1.036428128,0.002593386,-0.662976353,0.732721093,-0.153542923
1497534831465290000,78426,-1.110279024,-1.905838134,1.03780099,0.007168749,-0.660600958,0.733371862,-0.160376729
1497534831475450000,78427,-1.101827492,-1.910551585,1.038729395,0.013331911,-0.657111684,0.734930279,-0.167044845
1497534831485320000,78428,-1.093335951,-1.91572186,1.040017261,0.018921219,-0.655619799,0.73451825,-0.174033352
1497534831495330000,78429,-1.084709241,-1.920571446,1.040695464,0.024324543,-0.653639223,0.734597842,-0.180361009
1497534831505340000,78430,-1.076114752,-1.925474603,1.041439147,0.03090166,-0.651566477,0.73452834,-0.187014254
1497534831515330000,78431,-1.067459129,-1.930247471,1.041817466,0.036842822,-0.651116417,0.732997451,-0.193403088
1497534831525310000,78432,-1.058761005,-1.935237467,1.042230875,0.043253027,-0.649401051,0.732479769,-0.199701875
1497534831535320000,78433,-1.049993677,-1.939913847,1.042264724,0.049191826,-0.648246683,0.731425618,-0.205846953
1497534831545280000,78434,-1.041316163,-1.94450127,1.04226176,0.054875224,-0.646862144,0.730463979,-0.212085955
1497534831555240000,78435,-1.032608409,-1.949352302,1.042039857,0.059891443,-0.646070187,0.72921528,-0.217373879
1497534831565230000,78436,-1.024075807,-1.954212433,1.041580448,0.065696613,-0.644464699,0.728640201,-0.222334578
1497534831575350000,78437,-1.015434918,-1.958923713,1.040941267,0.071338226,-0.644025082,0.727178102,-0.226615443
1497534831585240000,78438,-1.006711295,-1.963600274,1.039537591,0.076378249,-0.643888703,0.725969616,-0.22922002
1497534831595310000,78439,-0.998076169,-1.968938654,1.038363613,0.081280107,-0.644862127,0.723989477,-0.231053282
1497534831605270000,78440,-0.989487731,-1.974185869,1.036860909,0.085765841,-0.646193415,0.72169298,-0.232889532
1497534831615330000,78441,-0.980648549,-1.979217232,1.034629044,0.091179303,-0.647123139,0.71971276,-0.234374744
1497534831625300000,78442,-0.971669688,-1.984689555,1.032414989,0.09694286,-0.647691537,0.717887893,-0.236082035
1497534831635330000,78443,-0.962573955,-1.990709915,1.03041781,0.103931641,-0.6490126,0.715028694,-0.238148749
1497534831645270000,78444,-0.953193853,-1.996685201,1.028219023,0.109764981,-0.651289649,0.711453559,-0.240015157
1497534831655320000,78445,-0.943613102,-2.002551622,1.025958832,0.115689884,-0.651839176,0.709189385,-0.242429278
1497534831665330000,78446,-0.93418491,-2.00805831,1.02376409,0.120923525,-0.651790407,0.707676118,-0.24442029
1497534831675430000,78447,-0.92494282,-2.013383471,1.02178231,0.123395172,-0.650369341,0.707432969,-0.247652874
1497534831685320000,78448,-0.916053785,-2.018657159,1.020057546,0.125411212,-0.650119003,0.706002469,-0.251351993
1497534831695320000,78449,-0.907291099,-2.023615252,1.018484758,0.127134947,-0.647561642,0.706374828,-0.255998491
1497534831705330000,78450,-0.898711698,-2.028605839,1.017317642,0.129008297,-0.644251849,0.707504471,-0.260257253
1497534831715340000,78451,-0.88992417,-2.033408796,1.016326234,0.130051995,-0.640777316,0.709174656,-0.2637465
1497534831725240000,78452,-0.881077022,-2.038521141,1.015587159,0.131263999,-0.636904007,0.711518203,-0.266204612
1497534831735300000,78453,-0.872041181,-2.043717469,1.014985536,0.130441558,-0.633192385,0.714211584,-0.26824283
1497534831745270000,78454,-0.862822822,-2.04912919,1.014242079,0.129444203,-0.629628125,0.716608382,-0.270712115
1497534831755280000,78455,-0.853360564,-2.054771434,1.013498848,0.126355013,-0.626656231,0.718920806,-0.272927194
1497534831765330000,78456,-0.843750143,-2.060630886,1.012756478,0.123221658,-0.624615453,0.720306882,-0.275372391
1497534831775340000,78457,-0.833809073,-2.066570776,1.012131292,0.121038347,-0.622871074,0.721036552,-0.278366008
1497534831785340000,78458,-0.823747312,-2.072393982,1.01189692,0.120018377,-0.620478622,0.722165714,-0.281209088
1497534831795320000,78459,-0.813425218,-2.078257254,1.012097447,0.118930889,-0.618060972,0.723379659,-0.28386255
1497534831805290000,78460,-0.803117093,-2.084040998,1.013279465,0.119324262,-0.617673118,0.722671318,-0.286335128
1497534831815340000,78461,-0.792737988,-2.089810405,1.015062262,0.119653895,-0.618190825,0.721827555,-0.287207297
1497534831825310000,78462,-0.78234287,-2.095687165,1.017313644,0.121373589,-0.621676472,0.718310623,-0.287778846
1497534831835320000,78463,-0.77205718,-2.102077822,1.020033026,0.124236091,-0.625468875,0.714484461,-0.287864612
1497534831845270000,78464,-0.76197337,-2.108503286,1.022839691,0.127118028,-0.628749821,0.711126393,-0.287774082
1497534831855210000,78465,-0.752231623,-2.11462881,1.025387013,0.129917388,-0.629696553,0.710244147,-0.28663038
1497534831865320000,78466,-0.742800211,-2.120571022,1.027812283,0.13152303,-0.630380709,0.709868485,-0.285321902
1497534831875300000,78467,-0.733695032,-2.12652646,1.030118894,0.131493239,-0.629412657,0.711656101,-0.283010299
1497534831885350000,78468,-0.724857749,-2.132389706,1.032125301,0.131035995,-0.62868114,0.713611543,-0.279907409
1497534831895290000,78469,-0.716276352,-2.13805829,1.033989079,0.12918982,-0.62881821,0.715004236,-0.276887327
1497534831905330000,78470,-0.707781656,-2.143488277,1.035621344,0.127229563,-0.630188853,0.715352389,-0.273761954
1497534831915340000,78471,-0.699547418,-2.148903751,1.037108985,0.126814112,-0.630896576,0.716107826,-0.270328084
1497534831925310000,78472,-0.691375094,-2.15403594,1.038580119,0.128279138,-0.63252974,0.715184478,-0.268256879
1497534831935310000,78473,-0.683131947,-2.159019441,1.039886368,0.132004279,-0.634966449,0.71309082,-0.266259198
1497534831945280000,78474,-0.674824981,-2.163864519,1.041001908,0.137767325,-0.638667229,0.709544668,-0.263952077
1497534831955340000,78475,-0.666633748,-2.168606179,1.042167708,0.142367803,-0.642447899,0.705786679,-0.262406687
1497534831965330000,78476,-0.658460874,-2.17344114,1.043106632,0.145778139,-0.647201934,0.701149368,-0.261281368
1497534831975250000,78477,-0.650514558,-2.178105648,1.04382451,0.149779121,-0.650421018,0.697390203,-0.261085462
1497534831985290000,78478,-0.642859303,-2.182703968,1.044714374,0.151766354,-0.654217746,0.692984239,-0.262181159
1497534831995160000,78479,-0.635256823,-2.187112991,1.045218547,0.152597527,-0.657261172,0.689092153,-0.264336435
1497534832005340000,78480,-0.627782775,-2.191122564,1.045474644,0.153365954,-0.660981571,0.684347833,-0.266927501
1497534832015330000,78481,-0.620292172,-2.195239238,1.04562733,0.153644601,-0.66259527,0.681936706,-0.268929682
1497534832025320000,78482,-0.612868508,-2.199398381,1.045902518,0.154855223,-0.665503906,0.677930787,-0.271172009
1497534832035360000,78483,-0.605346847,-2.203351239,1.04598105,0.155954896,-0.66840301,0.674023852,-0.273143429
1497534832045280000,78484,-0.597823011,-2.207147146,1.045834154,0.157468595,-0.670820701,0.670975837,-0.27385152
1497534832055320000,78485,-0.590265216,-2.210998607,1.04565254,-0.158797236,0.673597959,-0.667640685,0.274417827
1497534832065330000,78486,-0.583010885,-2.214518642,1.045655954,-0.160436351,0.675726275,-0.664921451,0.274833843
1497534832075300000,78487,-0.575661516,-2.217936701,1.045293655,-0.161862025,0.677819533,-0.662588733,0.274476841
1497534832085330000,78488,-0.568294142,-2.221406758,1.044932427,-0.162864058,0.679975334,-0.660514832,0.2735489
1497534832095360000,78489,-0.560971263,-2.224861818,1.044547659,-0.163821834,0.683156636,-0.657140336,0.273177591
1497534832105290000,78490,-0.553631911,-2.228169547,1.044102932,-0.164039728,0.685325174,-0.655068996,0.272589405
1497534832115320000,78491,-0.546201885,-2.231611208,1.043573356,-0.165568384,0.687987048,-0.651884894,0.272593135
1497534832125310000,78492,-0.538724156,-2.234867034,1.043001825,-0.166106162,0.689359196,-0.650604047,0.271858449
1497534832135320000,78493,-0.53106539,-2.23788409,1.042188178,-0.167812254,0.69213785,-0.647437826,0.271308875
1497534832145200000,78494,-0.523409183,-2.241138785,1.041543705,-0.169231793,0.693248199,-0.646220033,0.270494369
1497534832155230000,78495,-0.515705819,-2.244137132,1.040721996,-0.171152604,0.694883943,-0.644057343,0.270246612
1497534832165330000,78496,-0.507789022,-2.247146575,1.039760097,-0.172278227,0.696463288,-0.642785016,0.268489338
1497534832175360000,78497,-0.499542881,-2.250746474,1.038522514,-0.175881006,0.702900564,-0.634742083,0.268512862
1497534832185400000,78498,-0.491838674,-2.253419484,1.037743272,-0.174250921,0.700630262,-0.63870725,0.266095662
1497534832195340000,78499,-0.483624922,-2.257103242,1.036364004,-0.176955457,0.707046315,-0.631051985,0.265604343
1497534832205360000,78500,-0.475652169,-2.259748463,1.035389148,-0.175306484,0.704759926,-0.635026421,0.263291715
1497534832215330000,78501,-0.467385706,-2.262778162,1.034008745,-0.174988644,0.707377761,-0.632848786,0.261721401
1497534832225260000,78502,-0.458898338,-2.265815718,1.032775383,-0.175873406,0.70976734,-0.630485472,0.260359245
1497534832235330000,78503,-0.450232632,-2.268794397,1.031371207,-0.176481362,0.712155587,-0.62785864,0.25977351
1497534832245280000,78504,-0.441218382,-2.271742313,1.029914618,-0.177276174,0.713645984,-0.626787605,0.257720517
1497534832255300000,78505,-0.431982574,-2.274505588,1.028206257,-0.178740728,0.715966226,-0.624449762,0.255942593
1497534832265310000,78506,-0.422430058,-2.277410553,1.026611323,-0.182087098,0.718306042,-0.621107656,0.255158772
1497534832275330000,78507,-0.412773673,-2.28009796,1.024835091,-0.1844634,0.720396519,-0.6184606,0.253985423
1497534832285340000,78508,-0.402901394,-2.282739686,1.023012404,-0.187473139,0.722259301,-0.615851607,0.252828246
1497534832295280000,78509,-0.393092891,-2.285361754,1.021229743,-0.18952768,0.723361101,-0.614336861,0.251829697
1497534832305300000,78510,-0.383159813,-2.287857151,1.019189349,-0.191781846,0.724659362,-0.612882998,0.249925916
1497534832315340000,78511,-0.373470605,-2.290169992,1.017343395,-0.193047327,0.725791529,-0.611643098,0.248700837
1497534832325310000,78512,-0.36372818,-2.292442477,1.015265489,-0.194530947,0.72757574,-0.60993459,0.246517846
1497534832335280000,78513,-0.353980377,-2.294531555,1.013331718,-0.19580007,0.728854043,-0.608458517,0.245382046
1497534832345280000,78514,-0.344227174,-2.296502652,1.01131153,-0.196143155,0.729622306,-0.607952488,0.244075657
1497534832355260000,78515,-0.334449149,-2.298444291,1.009231154,-0.197083176,0.73109021,-0.606321094,0.242981599
1497534832365290000,78516,-0.32457554,-2.300291225,1.007361194,-0.197959679,0.732654482,-0.604126225,0.243024443
1497534832375290000,78517,-0.314642728,-2.30196353,1.005468407,-0.198796969,0.733406485,-0.603196327,0.242381692
1497534832385260000,78518,-0.304612639,-2.303536193,1.003824842,-0.19938889,0.733949999,-0.602579333,0.241784235
1497534832395330000,78519,-0.294535439,-2.305220502,1.002388044,-0.199439253,0.734720751,-0.601914632,0.241056378
1497534832405300000,78520,-0.284396778,-2.306908061,1.001199413,-0.19876618,0.735837361,-0.601108994,0.240215239
1497534832415330000,78521,-0.274251736,-2.308717015,1.000478412,-0.197038441,0.73674332,-0.600622905,0.24007761
1497534832425330000,78522,-0.264100563,-2.310271018,1.00023866,-0.195365555,0.737740904,-0.599870002,0.240263687
1497534832435340000,78523,-0.253794553,-2.31179935,1.000245986,-0.193001588,0.738411628,-0.599789476,0.240314877
1497534832445290000,78524,-0.243359582,-2.313081858,1.00062576,-0.190982024,0.739000904,-0.598927087,0.242259934
1497534832455340000,78525,-0.232637309,-2.314284644,1.001682323,-0.190008165,0.739267305,-0.598163175,0.244093351
1497534832465350000,78526,-0.221789646,-2.315224273,1.002924327,-0.18865047,0.739100985,-0.597594988,0.247024218
1497534832475330000,78527,-0.210755604,-2.31576837,1.004553578,-0.188389608,0.738218585,-0.597463562,0.250159887
1497534832485280000,78528,-0.199632448,-2.316096701,1.006440315,-0.188636252,0.736880865,-0.597345652,0.254167519
1497534832495340000,78529,-0.188691949,-2.316183005,1.008819923,-0.189322161,0.735090751,-0.597552713,0.258320463
1497534832505340000,78530,-0.177735502,-2.316053321,1.011303088,-0.190223184,0.732332557,-0.598672515,0.262860013
1497534832515350000,78531,-0.167063288,-2.315667331,1.014002577,-0.190613898,0.728983272,-0.601336443,0.265789791
1497534832525230000,78532,-0.156733674,-2.315336693,1.016733212,-0.192504559,0.725351019,-0.602787712,0.271025587
1497534832535350000,78533,-0.146227339,-2.314913213,1.019337275,-0.193275344,0.719845838,-0.607479156,0.274655575
1497534832545290000,78534,-0.136155409,-2.314553348,1.021796729,-0.196891485,0.716118696,-0.609084386,0.278251624
1497534832555330000,78535,-0.126188835,-2.314362122,1.024065154,-0.199242774,0.711589952,-0.611356914,0.283169174
1497534832565370000,78536,-0.116602509,-2.314844722,1.025803294,-0.203023328,0.707284497,-0.614159961,0.28519767
1497534832575340000,78537,-0.107423118,-2.314945675,1.027542285,-0.204088158,0.70157058,-0.618859608,0.288373942
1497534832585360000,78538,-0.098643377,-2.315285372,1.029040467,-0.204720184,0.696663142,-0.62269453,0.2915504
1497534832595360000,78539,-0.09012597,-2.315656376,1.030354694,-0.202219838,0.691910443,-0.62768985,0.293892034
1497534832605290000,78540,-0.082172979,-2.316106746,1.031712888,-0.197541566,0.686574474,-0.633930737,0.29618346
1497534832615320000,78541,-0.074469705,-2.316762828,1.032862748,-0.192392151,0.682404058,-0.638667197,0.299022028
1497534832625270000,78542,-0.066929178,-2.317689582,1.034066497,-0.187527491,0.679471611,-0.641905497,0.301842846
1497534832635330000,78543,-0.059466281,-2.31880975,1.03531222,-0.181779356,0.676925878,-0.645268186,0.303902269
1497534832645300000,78544,-0.052171482,-2.319770433,1.036669226,-0.176399282,0.67381518,-0.648697069,0.306673294
1497534832655340000,78545,-0.044956986,-2.321111696,1.038252541,-0.170991725,0.67138242,-0.651417599,0.309293693
1497534832665360000,78546,-0.037557988,-2.322184697,1.039923443,-0.16708819,0.668054024,-0.654668692,0.311759941
1497534832675330000,78547,-0.030476757,-2.323420237,1.04200784,-0.163651961,0.665653104,-0.6565376,0.314773506
1497534832685350000,78548,-0.023156312,-2.324380409,1.043988988,-0.162006482,0.662257839,-0.658959398,0.317712079
1497534832695310000,78549,-0.015955319,-2.325190027,1.046260459,0.160154671,-0.658138111,0.662569584,-0.319697128
1497534832705330000,78550,-0.008820282,-2.326050358,1.048625528,0.159162726,-0.653663816,0.665989789,-0.322255246
1497534832715360000,78551,-0.001613315,-2.326749547,1.050835427,0.15870025,-0.649514766,0.668938027,-0.324756394
1497534832725290000,78552,0.005732274,-2.327583151,1.052898168,0.15760343,-0.644920625,0.672534585,-0.327010363
1497534832735350000,78553,0.01304906,-2.328336201,1.054800898,0.15728424,-0.640539351,0.675795468,-0.329046338
1497534832745380000,78554,0.020515779,-2.329325681,1.056584981,0.156729789,-0.637411837,0.678201489,-0.330431028
1497534832755390000,78555,0.028146686,-2.330509608,1.058040903,0.156748271,-0.634293298,0.680106153,-0.332502049
1497534832765360000,78556,0.035998507,-2.331667388,1.059201197,0.156469671,-0.631958847,0.681957764,-0.333284961
1497534832775330000,78557,0.04391232,-2.332912178,1.060235535,0.156986226,-0.629346155,0.683643775,-0.334529417
1497534832785350000,78558,0.051800777,-2.334294436,1.060947537,0.157753756,-0.627337879,0.68446758,-0.336251498
1497534832795300000,78559,0.059930788,-2.33565726,1.06147996,0.157803177,-0.62540323,0.686281712,-0.336134452
1497534832805380000,78560,0.068343444,-2.33714442,1.061674706,0.15951752,-0.624264717,0.686319519,-0.337362182
1497534832815340000,78561,0.076898587,-2.338698014,1.061720363,0.161242809,-0.623891276,0.686206543,-0.337462609
1497534832825290000,78562,0.0853325,-2.340398144,1.061446959,0.162286849,-0.623079911,0.686508565,-0.337846701
1497534832835340000,78563,0.094086654,-2.342186514,1.060964086,0.163940422,-0.622976022,0.68608761,-0.338094967
1497534832845290000,78564,0.103026455,-2.344027668,1.060134266,0.16525393,-0.62324214,0.685441478,-0.338275559
1497534832855340000,78565,0.112064444,-2.346110182,1.058986975,0.167164992,-0.624584182,0.683441107,-0.338908126
1497534832865320000,78566,0.121246594,-2.34824387,1.057613887,0.168572399,-0.625539804,0.682245784,-0.338856889
1497534832875280000,78567,0.13072749,-2.350516786,1.055820136,0.169913805,-0.627788097,0.680020788,-0.338501302
1497534832885290000,78568,0.14052081,-2.353114623,1.053702126,0.172153892,-0.629914146,0.67756195,-0.338350425
1497534832895300000,78569,0.150485563,-2.355612237,1.051258029,0.173563768,-0.632077656,0.675553598,-0.337610414
1497534832905380000,78570,0.161039345,-2.358830801,1.048632481,0.175969542,-0.636332074,0.671288457,-0.33687983
1497534832915380000,78571,0.17140884,-2.361893438,1.045968967,0.179359521,-0.6390152,0.667952736,-0.33664355
1497534832925330000,78572,0.18188449,-2.36489569,1.043365583,0.182131805,-0.641147828,0.665272457,-0.33640753
1497534832935360000,78573,0.192470491,-2.36785591,1.040766856,0.183274063,-0.642536493,0.663687627,-0.336268058
1497534832945300000,78574,0.203098341,-2.370618059,1.038518382,0.185521518,-0.642759045,0.662735521,-0.336488045
1497534832955350000,78575,0.213148772,-2.373084919,1.036230707,0.187232417,-0.643465076,0.661156937,-0.337295453
1497534832965210000,78576,0.22293302,-2.375397303,1.03413611,0.186333884,-0.641281814,0.662006784,-0.340270975
1497534832975330000,78577,0.232371558,-2.377693914,1.032082373,0.186303583,-0.639970673,0.661818635,-0.343110197
1497534832985430000,78578,0.242179498,-2.380058243,1.030667875,0.186647486,-0.63747357,0.662748559,-0.345766555
1497534832995360000,78579,0.25202685,-2.382633149,1.029463778,0.186341059,-0.634328839,0.664806729,-0.347758459
1497534833005370000,78580,0.262312727,-2.385188871,1.028682802,0.185549177,-0.630429759,0.668602274,-0.347995432
1497534833015360000,78581,0.272600449,-2.387849836,1.028171538,0.185292324,-0.626425811,0.671748402,-0.349301507
1497534833025350000,78582,0.282912826,-2.390806271,1.027801888,0.183432074,-0.622714789,0.674746854,-0.351134803
1497534833035350000,78583,0.29329134,-2.393832965,1.027759775,0.180948099,-0.619080818,0.677627268,-0.353295928
1497534833045300000,78584,0.303661164,-2.396775593,1.028053458,0.175970603,-0.614748417,0.681616342,-0.355693538
1497534833055350000,78585,0.31376857,-2.399884014,1.029019276,0.171646634,-0.611710483,0.683985107,-0.358485833
1497534833065370000,78586,0.324062742,-2.402659215,1.031135604,0.169635321,-0.609411527,0.685650853,-0.360172675
1497534833075340000,78587,0.334386962,-2.405670183,1.033926291,0.169392501,-0.608252757,0.687029387,-0.359618388
1497534833085360000,78588,0.34502596,-2.409095373,1.037650554,0.173042923,-0.60997384,0.685494094,-0.357890915
1497534833095360000,78589,0.354286031,-2.413010006,1.040465484,0.184202902,-0.610361187,0.682964265,-0.356494494
1497534833105440000,78590,0.365509908,-2.417355222,1.044611761,0.179983978,-0.61246071,0.682960846,-0.355052291
1497534833115360000,78591,0.374825579,-2.422317919,1.04669685,0.185998095,-0.61296959,0.682034229,-0.352848836
1497534833125310000,78592,0.38514486,-2.427153395,1.04922741,0.183744897,-0.615836644,0.680474671,-0.352047245
1497534833135360000,78593,0.395155897,-2.432046079,1.050952906,0.181280564,-0.617351507,0.681093394,-0.349465683
1497534833145370000,78594,0.405081651,-2.436876603,1.052433762,0.179230313,-0.61962323,0.680870619,-0.346927584
1497534833155360000,78595,0.41474819,-2.441260624,1.053852656,0.175695139,-0.623752122,0.678081531,-0.346799575
1497534833165330000,78596,0.424493928,-2.445465145,1.054974462,0.17317041,-0.624988089,0.678997294,-0.344041527
1497534833175340000,78597,0.434248649,-2.449146614,1.056278428,0.172614938,-0.626969044,0.678268783,-0.342148152
1497534833185390000,78598,0.443618532,-2.45193526,1.057700366,0.174387577,-0.627258718,0.678220603,-0.34081122
1497534833195360000,78599,0.452808229,-2.454651089,1.058942567,0.180012285,-0.628272019,0.67673848,-0.338961467
1497534833205330000,78600,0.461702857,-2.456954469,1.060152813,0.185062629,-0.628318895,0.676007404,-0.337610989
1497534833215350000,78601,0.470364069,-2.45926229,1.061326677,0.19189755,-0.629776517,0.673501096,-0.336085023
1497534833225280000,78602,0.478997302,-2.461690614,1.062463217,0.197017876,-0.631396168,0.671483082,-0.334115709
1497534833235310000,78603,0.487168218,-2.464388736,1.063619287,0.201095159,-0.633811134,0.66887948,-0.332331799
1497534833245300000,78604,0.495199349,-2.467114408,1.064641613,0.204141963,-0.63627241,0.666210492,-0.331129974
1497534833255350000,78605,0.503015767,-2.469947128,1.06555435,0.205639033,-0.638351303,0.664058533,-0.330524533
1497534833265360000,78606,0.510485521,-2.47277576,1.066361414,0.206727121,-0.641158139,0.660988262,-0.330567174
1497534833275330000,78607,0.517879567,-2.475473832,1.066941652,0.205701179,-0.64355899,0.658995874,-0.330519727
1497534833285350000,78608,0.524852953,-2.478192125,1.06735682,0.204699759,-0.646016905,0.656881104,-0.330556172
1497534833295340000,78609,0.532141855,-2.481003763,1.06776238,0.202994999,-0.649240358,0.654764697,-0.329489271
1497534833305360000,78610,0.53905508,-2.483586863,1.068081045,0.201360689,-0.651604369,0.652771134,-0.329780936
1497534833315350000,78611,0.546324349,-2.486275397,1.068505351,-0.200335224,0.655838816,-0.649361265,0.328741834
1497534833325330000,78612,0.553399984,-2.48888134,1.068595278,-0.19882611,0.658914057,-0.647490479,0.327194933
1497534833335350000,78613,0.560400105,-2.491343458,1.068851499,-0.197760964,0.662774841,-0.644512076,0.325920688
1497534833345370000,78614,0.567710729,-2.493785303,1.068806293,-0.19698157,0.666145401,-0.642310584,0.323860587
1497534833355330000,78615,0.574780994,-2.49591962,1.068871151,-0.196512237,0.669044078,-0.640453774,0.321841462
1497534833365360000,78616,0.581938195,-2.49782023,1.068761953,-0.196302596,0.671404933,-0.638951241,0.320034402
1497534833375360000,78617,0.589278551,-2.499952278,1.068581223,-0.196895172,0.674334246,-0.636622834,0.318146167
1497534833385360000,78618,0.596665501,-2.501821726,1.068248686,-0.196756589,0.676568059,-0.635458805,0.315807876
1497534833395350000,78619,0.604100611,-2.503493287,1.067736789,-0.198310913,0.679357666,-0.632846175,0.314088621
1497534833405360000,78620,0.611785032,-2.5053012,1.067079257,-0.200104262,0.682064488,-0.630587743,0.311617422
1497534833415350000,78621,0.619662896,-2.506801299,1.066289282,-0.201629461,0.684717183,-0.628455838,0.309113571
1497534833425330000,78622,0.627702441,-2.508508207,1.065411725,-0.204224833,0.687719216,-0.62560823,0.306510751
1497534833435350000,78623,0.635492056,-2.510044514,1.064221125,-0.20749869,0.690386901,-0.62285195,0.303917209
1497534833445340000,78624,0.643996428,-2.511573192,1.063456004,-0.208990142,0.693558048,-0.620188941,0.301108007
1497534833455350000,78625,0.651875878,-2.513075819,1.062365214,-0.212145937,0.696166934,-0.617320138,0.298766713
1497534833465410000,78626,0.660019389,-2.514629955,1.061377258,-0.213325444,0.698394248,-0.615949462,0.295540165
1497534833475340000,78627,0.668199028,-2.515883937,1.060462402,-0.214068129,0.70062386,-0.614752462,0.29219934
1497534833485390000,78628,0.676208981,-2.517341095,1.059499129,-0.214383316,0.70231796,-0.613736765,0.290028379
1497534833495360000,78629,0.68456534,-2.51844258,1.05863357,-0.214638883,0.704024933,-0.613043216,0.287153371
1497534833505350000,78630,0.692808882,-2.519725862,1.057485742,-0.214621558,0.704730148,-0.613259415,0.284966481
1497534833515350000,78631,0.701277787,-2.520699498,1.056414633,-0.21576381,0.706704051,-0.611462268,0.283071116
1497534833525340000,78632,0.709713726,-2.521756684,1.055230254,-0.215771574,0.707554332,-0.611550626,0.280740676
1497534833535350000,78633,0.71833665,-2.522771431,1.053943592,-0.218011682,0.709744972,-0.609143374,0.278706532
1497534833545340000,78634,0.727193081,-2.523638302,1.052629526,-0.219283615,0.7106073,-0.60843929,0.277044385
1497534833555290000,78635,0.735889172,-2.524507766,1.051323604,-0.220406244,0.711462095,-0.608358219,0.274122331
1497534833565330000,78636,0.744662061,-2.525163135,1.050107263,-0.221580561,0.711690874,-0.608725051,0.271757183
1497534833575330000,78637,0.753207464,-2.525772927,1.048723636,-0.2223792,0.712716417,-0.608581287,0.268722193
1497534833585430000,78638,0.761689663,-2.526350672,1.047443854,-0.222172018,0.712924824,-0.609772011,0.265623577
1497534833595340000,78639,0.770207727,-2.526795568,1.046243642,-0.221798634,0.713302487,-0.610198014,0.263938083
1497534833605320000,78640,0.778755349,-2.527241687,1.044957263,-0.22079548,0.713200206,-0.611557663,0.261900832
1497534833615320000,78641,0.787262561,-2.52767802,1.043725547,-0.219860602,0.714369499,-0.610819748,0.261221687
1497534833625310000,78642,0.795876009,-2.527987361,1.042521881,-0.219421631,0.714731053,-0.610600933,0.26111333
1497534833635250000,78643,0.804658164,-2.528110777,1.041298292,-0.21910867,0.714993823,-0.610379545,0.261174338
1497534833645260000,78644,0.813594424,-2.527947872,1.040055872,-0.218107572,0.714651038,-0.610946804,0.261623744
1497534833655380000,78645,0.82282623,-2.527693322,1.03894034,-0.218273178,0.71499094,-0.610471446,0.26166656
1497534833665380000,78646,0.832383253,-2.527238867,1.037822304,-0.218266322,0.714614126,-0.610750371,0.262050469
1497534833675380000,78647,0.842294721,-2.526760855,1.036971247,-0.218641272,0.714479871,-0.610675796,0.262277678
1497534833685420000,78648,0.85249691,-2.526171846,1.036171382,-0.218404043,0.713878928,-0.611059929,0.263215336
1497534833695380000,78649,0.862935503,-2.525472661,1.035913844,-0.21948255,0.71386759,-0.610583215,0.263455141
1497534833705350000,78650,0.873480786,-2.5245443,1.035618072,-0.219501323,0.713710161,-0.609926152,0.26538098
1497534833715340000,78651,0.884075224,-2.523308791,1.036056096,-0.220353429,0.712340006,-0.610493185,0.2670471
1497534833725290000,78652,0.894910844,-2.521858298,1.036480664,-0.220939102,0.711195017,-0.610236015,0.27018432
1497534833735360000,78653,0.905723326,-2.520070632,1.037344054,-0.222546312,0.708813573,-0.610784008,0.273860098
1497534833745370000,78654,0.916991008,-2.517850482,1.038659956,-0.224406808,0.706770703,-0.610414273,0.278408286
1497534833755350000,78655,0.928037441,-2.515112288,1.039860522,-0.226900541,0.703147076,-0.611117537,0.28396424
1497534833765290000,78656,0.939215139,-2.511866147,1.04153352,-0.231449459,0.698835709,-0.611265449,0.29054148
1497534833775340000,78657,0.950426392,-2.508263579,1.043246813,-0.237704029,0.693670522,-0.611342277,0.297621607
1497534833785400000,78658,0.961656742,-2.504189083,1.045297775,-0.243504377,0.687381715,-0.612292947,0.305465781
1497534833795370000,78659,0.972561696,-2.500059451,1.04746935,-0.249906288,0.679871834,-0.614201348,0.313173817
1497534833805370000,78660,0.982990435,-2.496057857,1.049509053,-0.256858565,0.673081437,-0.615344289,0.319900708
1497534833815370000,78661,0.99303771,-2.492207839,1.051537353,-0.261991823,0.665248696,-0.618236023,0.326479215
1497534833825410000,78662,1.00276729,-2.488689289,1.053723813,-0.264666297,0.658290866,-0.621382599,0.332398183
1497534833835370000,78663,1.011867622,-2.485821893,1.05553881,-0.265986413,0.652531079,-0.624039782,0.337681461
1497534833845360000,78664,1.020866923,-2.483395217,1.057338401,-0.265113686,0.647714223,-0.626238575,0.343520403
1497534833855360000,78665,1.029542565,-2.481209168,1.058953315,-0.263335475,0.643781537,-0.628128774,0.348789339
1497534833865410000,78666,1.037952365,-2.479255067,1.060538848,-0.260223453,0.641021983,-0.628674736,0.355165664
1497534833875360000,78667,1.046549806,-2.477170645,1.062185034,-0.256363045,0.638572778,-0.62898141,0.361780572
1497534833885400000,78668,1.054743451,-2.475059013,1.06365873,-0.253532728,0.636707565,-0.627756892,0.369115045
1497534833895370000,78669,1.063171847,-2.472734171,1.065271779,-0.250976033,0.634057714,-0.626846544,0.376888917
1497534833905370000,78670,1.071628547,-2.470347976,1.06675842,-0.248956165,0.631446041,-0.625652812,0.38451955
1497534833915380000,78671,1.080066013,-2.46783824,1.06836017,-0.249550112,0.629010973,-0.623040461,0.392288823
1497534833925340000,78672,1.088870541,-2.464944482,1.070115558,-0.250863539,0.626265735,-0.620573501,0.39968393
1497534833935340000,78673,1.097564014,-2.461880347,1.071898473,-0.253472035,0.62276158,-0.618389766,0.406834167
1497534833945360000,78674,1.106257767,-2.458625629,1.073604506,-0.257861093,0.618854212,-0.615746883,0.413984174
1497534833955350000,78675,1.115090242,-2.4549134,1.07542523,-0.264136508,0.613895551,-0.613467774,0.420739169
1497534833965370000,78676,1.124273532,-2.450925427,1.077801761,0.269688976,-0.608213877,0.611854818,-0.427758597
1497534833975350000,78677,1.133106007,-2.446882166,1.079552586,0.275871891,-0.602534014,0.609970579,-0.434492064
1497534833985440000,78678,1.141635407,-2.442965753,1.080827798,0.281107059,-0.596547949,0.608503125,-0.441399266
1497534833995370000,78679,1.149909261,-2.439118732,1.081778992,0.286363144,-0.5909956,0.606360136,-0.44838347
1497534834005470000,78680,1.158443607,-2.435174065,1.082965342,0.290959908,-0.585923077,0.603896843,-0.455351604
1497534834015390000,78681,1.167041896,-2.431419816,1.084007907,0.295706057,-0.582015214,0.600163364,-0.462190604
1497534834025310000,78682,1.17570104,-2.427393032,1.085133537,0.300794853,-0.577968262,0.596647466,-0.46849434
1497534834035360000,78683,1.184368318,-2.423383899,1.086122527,0.305363885,-0.573376986,0.593072539,-0.475664476
1497534834045290000,78684,1.192761059,-2.419343497,1.086904608,0.311020546,-0.568785492,0.588956279,-0.482576197
1497534834055310000,78685,1.201418682,-2.415027027,1.087741327,0.31760416,-0.564508508,0.584725529,-0.488419695
1497534834065310000,78686,1.21069502,-2.410281596,1.089431477,0.324037618,-0.560034893,0.580253369,-0.494637816
1497534834075360000,78687,1.218355583,-2.406020034,1.088948583,-0.331097425,0.555304834,-0.575266758,0.501078031
1497534834085400000,78688,1.228083032,-2.40107421,1.091200552,-0.337513769,0.55165823,-0.570044078,0.506761682
1497534834095370000,78689,1.235915988,-2.396630601,1.090870059,-0.345402091,0.547280631,-0.563717212,0.513229201
1497534834105420000,78690,1.243114807,-2.392287419,1.089779881,-0.352081281,0.541583822,-0.558894724,0.519963867
1497534834115370000,78691,1.251575113,-2.387475042,1.09065933,-0.358842591,0.537048051,-0.553407494,0.525881671
1497534834125390000,78692,1.258795726,-2.382878831,1.089813117,-0.366733969,0.532088489,-0.547257312,0.531881069
1497534834135360000,78693,1.267553534,-2.377741111,1.091257367,-0.373018891,0.527094429,-0.542606694,0.537220947
1497534834145360000,78694,1.274070234,-2.373168606,1.090009696,-0.38025447,0.52178055,-0.537041275,0.542898024
1497534834155360000,78695,1.281401793,-2.368296994,1.08971789,-0.387040856,0.516987341,-0.531949972,0.54767937
1497534834165300000,78696,1.288628358,-2.363410126,1.089464381,-0.392944822,0.512109581,-0.527077807,0.552745085
1497534834175320000,78697,1.297270689,-2.358161422,1.090952998,-0.399314469,0.507643115,-0.522261706,0.556856474
1497534834185460000,78698,1.303533741,-2.353556689,1.089251859,-0.404397697,0.503612391,-0.517587178,0.561195666
1497534834195390000,78699,1.311279908,-2.348394774,1.089629942,-0.410499174,0.499698387,-0.512509244,0.564912581
1497534834205380000,78700,1.318822741,-2.343246273,1.089614234,-0.41670714,0.495187979,-0.50774535,0.568628776
1497534834215390000,78701,1.32609162,-2.338086722,1.088780913,-0.422725646,0.490651929,-0.502796629,0.572502631
1497534834225300000,78702,1.333946398,-2.332681446,1.088589286,-0.428997516,0.486527955,-0.49772569,0.575778445
1497534834235390000,78703,1.340979373,-2.327405136,1.087081563,-0.435454553,0.482038063,-0.492497924,0.579192915
1497534834245320000,78704,1.34899163,-2.321751342,1.086681278,-0.440950166,0.477686322,-0.487927592,0.582499265
1497534834255410000,78705,1.357155066,-2.315881321,1.086409566,-0.448033324,0.473719457,-0.481932746,0.58531773
1497534834265250000,78706,1.364081139,-2.310190425,1.084441852,-0.454234689,0.469363301,-0.476405436,0.588563335
1497534834275300000,78707,1.371954095,-2.304154687,1.083801948,-0.458724643,0.464812121,-0.47168577,0.592481163
1497534834285290000,78708,1.379502575,-2.29812267,1.082946052,-0.465252147,0.459861356,-0.466047628,0.595707631
1497534834295350000,78709,1.387050195,-2.292074591,1.082051428,-0.468460882,0.455597501,-0.461545495,0.599959228
1497534834305370000,78710,1.394854793,-2.285917614,1.081671473,-0.473876147,0.450987316,-0.456087201,0.603354211
1497534834315360000,78711,1.402092853,-2.279939431,1.080351131,-0.477162055,0.446814614,-0.451584133,0.607243645
1497534834325330000,78712,1.409805907,-2.273853555,1.079799154,-0.481552032,0.442627038,-0.446546746,0.610561176
1497534834335330000,78713,1.417349528,-2.267855618,1.079001325,-0.484924063,0.438840681,-0.44190181,0.613995358
1497534834345290000,78714,1.424449902,-2.261917775,1.077663286,-0.487434886,0.434943229,-0.437756749,0.617738333
1497534834355300000,78715,1.432185806,-2.255877698,1.077148399,-0.490337712,0.431484343,-0.433408754,0.620924345
1497534834365390000,78716,1.43982933,-2.249827824,1.076744346,-0.490878836,0.427702511,-0.430186036,0.625338712
1497534834375340000,78717,1.447124307,-2.243865437,1.075524176,-0.4917386,0.424701845,-0.426453983,0.629252329
1497534834385340000,78718,1.455108596,-2.237727087,1.074960571,-0.492072981,0.422222424,-0.423116671,0.6329018
1497534834395340000,78719,1.463554994,-2.231391735,1.074955113,-0.492705077,0.419945492,-0.419167313,0.636542422
1497534834405410000,78720,1.471409811,-2.225186913,1.073742103,-0.493041476,0.417762247,-0.415037903,0.640412637
1497534834415410000,78721,1.479705168,-2.218840084,1.073109573,-0.492347748,0.416328202,-0.411931369,0.643876595
1497534834425350000,78722,1.487981337,-2.212385652,1.072771719,-0.492916613,0.414193404,-0.40810122,0.647248353
1497534834435340000,78723,1.495632939,-2.206080371,1.071998484,-0.49420778,0.411559155,-0.404024436,0.650493649
1497534834445280000,78724,1.503496562,-2.199631052,1.072476627,-0.494849766,0.409777707,-0.401319352,0.652800672
1497534834455370000,78725,1.511241111,-2.193196136,1.073609173,-0.497591117,0.408249161,-0.398197261,0.653585989
1497534834465320000,78726,1.518261908,-2.186967476,1.074800469,-0.499335354,0.405908304,-0.396900051,0.654502102
1497534834475360000,78727,1.525813023,-2.180851876,1.077346534,-0.504035862,0.40458719,-0.394433891,0.653206676
1497534834485450000,78728,1.53280948,-2.174965821,1.079225946,-0.508127748,0.403536022,-0.392663343,0.65175177
1497534834495370000,78729,1.540059537,-2.169236817,1.081777877,-0.511441647,0.402418023,-0.391290725,0.650675606
1497534834505370000,78730,1.546726875,-2.16360649,1.083496073,-0.511780824,0.400331627,-0.39162127,0.651496552
1497534834515380000,78731,1.553324591,-2.157922822,1.084844388,-0.512552844,0.397950263,-0.391503853,0.652418503
1497534834525300000,78732,1.56062981,-2.152112816,1.086803639,-0.512056419,0.396799137,-0.392098525,0.653151908
1497534834535380000,78733,1.567883697,-2.146296863,1.087876258,-0.51163943,0.397199554,-0.392094044,0.653237988
1497534834545250000,78734,1.574965578,-2.140686407,1.088246258,-0.512628783,0.398865389,-0.390571429,0.652358867
1497534834555380000,78735,1.582566281,-2.135017359,1.088970754,-0.513391517,0.400888145,-0.388491801,0.651760666
1497534834565370000,78736,1.589896199,-2.12933355,1.089380133,-0.514939308,0.402566042,-0.387091133,0.650337255
1497534834575390000,78737,1.596934391,-2.123606496,1.089759887,-0.518957864,0.403659469,-0.384867644,0.647779797
1497534834585380000,78738,1.603848682,-2.117748758,1.090484959,-0.523818876,0.403706719,-0.383079331,0.644891383
1497534834595390000,78739,1.610190625,-2.111799072,1.090721182,-0.529753312,0.402895583,-0.380092513,0.642313209
1497534834605410000,78740,1.616086126,-2.105864741,1.090971387,-0.536656991,0.401253973,-0.37617012,0.639914498
1497534834615390000,78741,1.621061082,-2.100033028,1.089929121,-0.542222071,0.39937892,-0.372353609,0.638627038
1497534834625360000,78742,1.626404645,-2.094206535,1.090602863,-0.547895171,0.397415755,-0.368235306,0.637396548
1497534834635380000,78743,1.631199607,-2.08842495,1.09098968,-0.551980554,0.395317228,-0.364545173,0.63729787
1497534834645280000,78744,1.635000235,-2.082808657,1.090005436,-0.556070186,0.391857351,-0.360459558,0.638202689
1497534834655350000,78745,1.639390241,-2.077151722,1.090654286,-0.559638388,0.388000726,-0.356962426,0.639404518
1497534834665310000,78746,1.643334131,-2.071568591,1.090816794,-0.56329116,0.384097538,-0.353314902,0.640578434
1497534834675360000,78747,1.646750249,-2.0659945,1.089838215,-0.567047428,0.380967656,-0.349273316,0.641349367
1497534834685400000,78748,1.650714362,-2.060478392,1.08984855,-0.56959029,0.378308439,-0.346100921,0.642389118
1497534834695350000,78749,1.654587351,-2.055052461,1.089470096,-0.572741772,0.377620826,-0.341910292,0.642235725
1497534834705340000,78750,1.658772748,-2.049744497,1.08958268,-0.575360152,0.37702361,-0.337623828,0.642513847
1497534834715380000,78751,1.662476731,-2.044383841,1.088381416,-0.577289273,0.377729415,-0.333408475,0.642570131
1497534834725340000,78752,1.666746608,-2.039053067,1.088542454,-0.579817272,0.378491776,-0.328990383,0.642122445
1497534834735340000,78753,1.670674489,-2.033688802,1.088078086,-0.582425503,0.379583773,-0.324361762,0.641471855
1497534834745270000,78754,1.674651336,-2.028182403,1.087949272,-0.5838676,0.380991284,-0.321067238,0.640983694
1497534834755390000,78755,1.678468677,-2.022643259,1.087699016,-0.587076511,0.381799605,-0.316595682,0.639794816
1497534834765220000,78756,1.682099062,-2.01680124,1.087244875,-0.590147776,0.381668164,-0.313076177,0.638778775
1497534834775360000,78757,1.68568345,-2.010265611,1.085660185,-0.601010163,0.382004782,-0.304294446,0.632664225
1497534834785400000,78758,1.689023337,-2.004249104,1.085346964,-0.603624747,0.381349196,-0.301368754,0.631970592
1497534834795390000,78759,1.691910888,-1.997974451,1.084177975,-0.607805203,0.379500326,-0.298355205,0.630504964
1497534834805320000,78760,1.695336414,-1.991764107,1.084266886,-0.611171144,0.378686916,-0.29493076,0.629350378
1497534834815410000,78761,1.698751793,-1.985417992,1.084283265,-0.615782912,0.377103545,-0.291436004,0.627430775
1497534834825390000,78762,1.701203188,-1.978914966,1.082663527,-0.619046069,0.374731783,-0.29000299,0.626303697
1497534834835400000,78763,1.704195971,-1.972453765,1.08185657,-0.622685484,0.373689414,-0.287167182,0.624623101
1497534834845360000,78764,1.707991017,-1.9660165,1.081846867,-0.628801132,0.374622015,-0.280633604,0.620896338
1497534834855400000,78765,1.710368898,-1.959490802,1.079974203,-0.631356615,0.373245995,-0.27954674,0.619620748
1497534834865420000,78766,1.713411892,-1.953086891,1.079404191,-0.633931537,0.373104678,-0.277317339,0.618076693
1497534834875390000,78767,1.715945746,-1.946533237,1.07791169,-0.636726551,0.372214513,-0.275645143,0.616486342
1497534834885410000,78768,1.719035674,-1.940066417,1.077482309,-0.639783973,0.37259674,-0.272501301,0.614484482
1497534834895400000,78769,1.721420501,-1.933359625,1.075871039,-0.641814857,0.371969575,-0.2714081,0.613229132
1497534834905420000,78770,1.724168715,-1.926580339,1.075097896,-0.644172038,0.371420157,-0.269936959,0.61173809
1497534834915400000,78771,1.726569144,-1.919556341,1.073496184,-0.646808633,0.371214369,-0.267873492,0.609985473
1497534834925390000,78772,1.729142476,-1.912324165,1.07236127,-0.649581682,0.370339307,-0.265998904,0.608388872
1497534834935410000,78773,1.731352679,-1.904861689,1.070342519,-0.652418709,0.369511165,-0.263908094,0.606765067
1497534834945340000,78774,1.733921225,-1.897281772,1.06964603,-0.655855673,0.368208444,-0.261920565,0.60470943
1497534834955410000,78775,1.735703196,-1.889360703,1.067022418,-0.658668124,0.367154458,-0.260023585,0.603109974
1497534834965400000,78776,1.738156495,-1.881342325,1.066251244,-0.661991129,0.366046789,-0.257691056,0.601142922
1497534834975370000,78777,1.740027318,-1.873130183,1.064322439,-0.664614611,0.364239626,-0.256226759,0.599970633
1497534834985310000,78778,1.741519864,-1.864627208,1.061553168,-0.667603829,0.36304887,-0.253927772,0.598348838
1497534834995410000,78779,1.74359619,-1.856274588,1.060350539,-0.669356787,0.361929688,-0.252858064,0.597520871
1497534835005440000,78780,1.745307775,-1.847624385,1.058367364,-0.672888301,0.359939287,-0.251918991,0.595148608
1497534835015420000,78781,1.7468579,-1.839065358,1.056194094,-0.674418058,0.358896227,-0.251441349,0.59424829
1497534835025390000,78782,1.748635638,-1.830587102,1.054682575,-0.676371385,0.358196633,-0.250999479,0.59263495
1497534835035390000,78783,1.750148195,-1.822148365,1.052921358,-0.677922335,0.357679981,-0.250292414,0.591472777
1497534835045360000,78784,1.750893738,-1.813461652,1.049661063,-0.678865508,0.357025629,-0.249445729,0.591143934
1497534835055400000,78785,1.752390301,-1.804891038,1.048485222,-0.681364037,0.355443253,-0.248591419,0.58958074
1497534835065400000,78786,1.753275498,-1.796226487,1.046174934,-0.683039056,0.354089905,-0.246976568,0.589135436
1497534835075370000,78787,1.754066687,-1.787346458,1.04406626,-0.685114181,0.352360397,-0.246135555,0.588113933
1497534835085400000,78788,1.75501052,-1.778541792,1.042559525,-0.686600329,0.351469162,-0.245415098,0.587214481
1497534835095400000,78789,1.75560809,-1.769685891,1.040500119,-0.686402948,0.35124033,-0.245254826,0.587648955
1497534835105400000,78790,1.756404193,-1.760506246,1.039177625,-0.68762057,0.350813905,-0.245338551,0.586443988
1497534835115330000,78791,1.757115643,-1.751176547,1.037904039,-0.688602195,0.35043118,-0.245746268,0.585349277
1497534835125350000,78792,1.757782511,-1.741898111,1.037056574,-0.688252665,0.351290229,-0.246546337,0.584908836
1497534835135290000,78793,1.758390714,-1.732387736,1.036593958,-0.688397056,0.35140655,-0.247585035,0.584229903
1497534835145320000,78794,1.758967347,-1.722849313,1.036361248,-0.687250568,0.352809067,-0.247664852,0.584700385
1497534835155430000,78795,1.759213277,-1.713013246,1.035929036,-0.686500037,0.353794332,-0.248246191,0.584740197
1497534835165460000,78796,1.759668399,-1.70291989,1.036870512,-0.686463485,0.353774621,-0.248643971,0.584626014
1497534835175420000,78797,1.759550393,-1.692504249,1.036675394,-0.685896101,0.354552692,-0.247294155,0.585392628
1497534835185400000,78798,1.759266894,-1.681811028,1.037109774,-0.685383526,0.354227694,-0.246594219,0.586483976
1497534835195420000,78799,1.759068172,-1.670877656,1.038456387,-0.685445909,0.353573575,-0.244939248,0.587498424
1497534835205420000,78800,1.758241709,-1.659683559,1.03931531,-0.685374751,0.351695906,-0.243198138,0.589428627
1497534835215410000,78801,1.756907218,-1.647832664,1.040510425,-0.687703378,0.346352934,-0.242755839,0.590062126
1497534835225290000,78802,1.756065361,-1.637454889,1.042574094,-0.681963166,0.346849846,-0.240335841,0.597377693
1497534835235390000,78803,1.753812295,-1.625506506,1.04405527,-0.682341969,0.336688411,-0.247172338,0.599963487
1497534835245350000,78804,1.752020899,-1.614517773,1.045928723,-0.679120832,0.331239526,-0.250153998,0.605390989
1497534835255410000,78805,1.75090979,-1.60406265,1.04845228,-0.675944024,0.330306887,-0.247015799,0.610721076
1497534835265410000,78806,1.748970754,-1.592963131,1.050534894,-0.676198287,0.321075038,-0.253087329,0.612873152
1497534835275380000,78807,1.750534539,-1.582972325,1.054739079,-0.684635041,0.328932541,-0.228489665,0.608991558
1497534835285400000,78808,1.74969738,-1.572723358,1.05704088,-0.674152699,0.327990969,-0.235866342,0.618309899
1497534835295400000,78809,1.739589595,-1.577907186,1.060921887,-0.668772273,0.29397046,-0.170626762,0.661219724
1497534835315400000,78810,1.753760613,-1.562292561,1.013541511,0.566188019,-0.422206093,-0.086319883,0.702653556
1497534835325370000,78811,1.753507076,-1.552964236,1.014608426,0.574131555,-0.421336562,-0.087376089,0.696572952
1497534835335380000,78812,1.741538897,-1.52341221,1.065926987,-0.657553873,0.278921839,-0.218259926,0.664972268
1497534835345340000,78813,1.740704306,-1.515864901,1.067041071,-0.664651268,0.292456874,-0.220542732,0.651205476
1497534835355400000,78814,1.740483362,-1.507973042,1.068472525,-0.653295491,0.284105655,-0.218370166,0.666935865
1497534835365400000,78815,1.740162131,-1.500880851,1.070104767,-0.655650626,0.293959932,-0.220330364,0.659669877
1497534835375380000,78816,1.740029969,-1.493744181,1.0714659,-0.64576956,0.293432558,-0.219182943,0.669953616
1497534835385400000,78817,1.739996523,-1.487469749,1.072223321,-0.643042203,0.301510494,-0.217713568,0.669469154
1497534835395400000,78818,1.740001554,-1.480119821,1.074992319,-0.638388955,0.297391619,-0.219844347,0.675045355
1497534835405380000,78819,1.740173927,-1.47318912,1.077209411,-0.625864211,0.292914778,-0.218935056,0.688884869
1497534835415400000,78820,1.740483323,-1.466723576,1.079047295,-0.62861517,0.31431495,-0.220166435,0.676443509
1497534835425340000,78821,1.740550609,-1.46023763,1.081032131,-0.623626058,0.315082963,-0.220544968,0.68056828
1497534835435390000,78822,1.740638366,-1.453286934,1.08353293,-0.617866546,0.317007668,-0.221655212,0.684555357
1497534835445280000,78823,1.740643375,-1.446583329,1.085539715,-0.614235325,0.316306921,-0.221761072,0.688103861
1497534835455400000,78824,1.741395022,-1.441161592,1.083653556,-0.598527176,0.303502297,-0.219860773,0.708034473
1497534835465410000,78825,1.741723444,-1.433349544,1.084245,-0.612332683,0.298746114,-0.204426489,0.70285792
1497534835475380000,78826,1.741849738,-1.425773036,1.086367427,-0.609595802,0.297441147,-0.204164259,0.705860239
1497534835485350000,78827,1.741864365,-1.4180266,1.08797471,-0.607423455,0.29522929,-0.203133581,0.708952157
1497534835495400000,78828,1.741821274,-1.41025924,1.089475009,-0.604397315,0.292673851,-0.202888044,0.712658645
1497534835505380000,78829,1.741790774,-1.402264899,1.090753612,-0.603035643,0.289732656,-0.201872753,0.715297416
1497534835515400000,78830,1.741851866,-1.393966747,1.092078997,-0.602816882,0.286287551,-0.2008554,0.71715295
1497534835525370000,78831,1.741698094,-1.385807086,1.092933783,-0.601354491,0.282613959,-0.200350228,0.71997355
1497534835535400000,78832,1.741573399,-1.377456218,1.093655687,-0.600957052,0.27896032,-0.199708895,0.721905894
1497534835545340000,78833,1.741487378,-1.369080239,1.094207078,-0.599402058,0.275454352,-0.199765308,0.724524598
1497534835555400000,78834,1.741600978,-1.360472009,1.094876548,-0.600368766,0.272355757,-0.199369164,0.725004568
1497534835565410000,78835,1.741579092,-1.351276619,1.093232709,-0.595611724,0.27940561,-0.191704847,0.728305177
1497534835575380000,78836,1.741811817,-1.342776359,1.093240324,-0.594804121,0.277822856,-0.191280541,0.729680939
1497534835585410000,78837,1.742298749,-1.334211496,1.092896405,-0.595003886,0.276969649,-0.189669881,0.730262641
1497534835595400000,78838,1.742606,-1.3257191,1.092131207,-0.594925314,0.275652617,-0.188963043,0.731007848
1497534835605410000,78839,1.741166309,-1.318546453,1.089796368,-0.583321482,0.270148982,-0.194792484,0.740818105
1497534835615410000,78840,1.742002675,-1.309967435,1.088448151,-0.584667001,0.269600507,-0.192841323,0.740467615
1497534835625390000,78841,1.742996016,-1.300816292,1.086958292,-0.584524258,0.271873421,-0.192931716,0.739725346
1497534835635410000,78842,1.74386922,-1.29228952,1.084534101,-0.58643695,0.269408588,-0.191402579,0.739510493
1497534835645350000,78843,1.745263265,-1.283048838,1.082482821,-0.589641995,0.26989276,-0.189712523,0.737217318
1497534835655410000,78844,1.746549515,-1.273618712,1.080092315,-0.592043523,0.26969142,-0.188664002,0.735633672
1497534835665390000,78845,1.74856608,-1.263749112,1.077961011,-0.596364019,0.270376158,-0.186517377,0.732432903
1497534835675370000,78846,1.749891885,-1.253947296,1.075347846,-0.598374579,0.268994974,-0.185621714,0.731528637
1497534835685400000,78847,1.751381886,-1.244022118,1.0727192,-0.601600859,0.266735406,-0.183762961,0.730177926
1497534835695420000,78848,1.752616793,-1.233800355,1.070495233,-0.603443092,0.266065408,-0.182363391,0.729252512
1497534835705410000,78849,1.753703082,-1.223806845,1.068192921,-0.603285917,0.265060139,-0.181289203,0.730016061
1497534835715390000,78850,1.754154879,-1.213982573,1.065714568,-0.60477017,0.260674534,-0.179262435,0.730867162
1497534835725370000,78851,1.7550251,-1.204035874,1.064206017,-0.603793823,0.260661712,-0.177367012,0.73214031
1497534835735410000,78852,1.756300687,-1.193851931,1.063071341,-0.605784381,0.257693437,-0.174817754,0.732159906
1497534835745370000,78853,1.757024574,-1.18386377,1.061877439,-0.603765033,0.256152117,-0.173501769,0.73467749
1497534835755340000,78854,1.756770005,-1.174967412,1.059716531,-0.594658657,0.251057555,-0.176046906,0.743208364
1497534835765340000,78855,1.757760331,-1.164691175,1.058849557,-0.592114505,0.248290414,-0.175989311,0.746176953
1497534835775340000,78856,1.758979457,-1.15394771,1.058136064,-0.58800178,0.248466374,-0.175861724,0.749393769
1497534835785410000,78857,1.760574402,-1.142657901,1.057478169,-0.584144339,0.24998826,-0.175800881,0.751914431
1497534835795410000,78858,1.762161929,-1.131127508,1.056617146,-0.581544704,0.25009614,-0.173687592,0.754380738
1497534835805400000,78859,1.763937292,-1.119233081,1.055417709,-0.57740098,0.250045164,-0.172472704,0.757851364
1497534835815400000,78860,1.765787525,-1.106689717,1.054863197,-0.575761444,0.25053809,-0.170080866,0.759474768
1497534835825390000,78861,1.767663539,-1.09399164,1.054446264,-0.575313189,0.249587206,-0.166953568,0.760820259
1497534835835370000,78862,1.769374564,-1.081395378,1.054163654,-0.573772604,0.247946553,-0.165643854,0.762803788
1497534835845340000,78863,1.771369484,-1.068614484,1.0549263,-0.574415044,0.246965828,-0.165370072,0.762697828
1497534835855370000,78864,1.7731899,-1.056365205,1.056105238,-0.575169056,0.245680881,-0.16539336,0.762539506
1497534835865350000,78865,1.775423875,-1.043961997,1.058304322,-0.580376149,0.245770027,-0.165465323,0.758539285
1497534835875280000,78866,1.77767503,-1.031954866,1.060840254,-0.583927871,0.246988123,-0.166208732,0.755248149
1497534835885450000,78867,1.779920489,-1.020395866,1.063262062,-0.586919019,0.246819199,-0.167249288,0.752750971
1497534835895460000,78868,1.782143016,-1.009199686,1.065854228,-0.588287876,0.246654276,-0.169109443,0.751319533
1497534835905440000,78869,1.784486145,-0.99811306,1.06872136,-0.589046651,0.247838458,-0.17123698,0.749852011
1497534835915410000,78870,1.786857436,-0.987397654,1.071190268,-0.588744665,0.247633639,-0.174145573,0.749486904
1497534835925390000,78871,1.789157629,-0.976709346,1.07365414,-0.589067383,0.248541709,-0.176881116,0.748291192
1497534835935410000,78872,1.791414352,-0.966216594,1.07585044,-0.58875753,0.249351212,-0.180427129,0.747418621
1497534835945360000,78873,1.793559492,-0.955740407,1.078070171,-0.589498186,0.251393603,-0.184002044,0.745276051
1497534835955410000,78874,1.795481797,-0.945946118,1.07950623,-0.589165459,0.251404486,-0.187450321,0.744675918
1497534835965420000,78875,1.797363816,-0.936205028,1.08110651,-0.590556872,0.25300794,-0.190179307,0.742335095
1497534835975380000,78876,1.799191078,-0.926808246,1.082198909,-0.592679993,0.253649134,-0.19145078,0.740094009
1497534835985390000,78877,1.801196029,-0.917449384,1.083183963,-0.596703471,0.254329683,-0.191870371,0.736510109
1497534835995430000,78878,1.803431443,-0.907984589,1.084448305,-0.602288887,0.257433545,-0.191754093,0.730894271
1497534836005430000,78879,1.805713198,-0.89879564,1.085279988,-0.607247713,0.259851184,-0.190923125,0.726137685
1497534836015430000,78880,1.807968227,-0.889738903,1.086463189,-0.611892794,0.263124746,-0.189194366,0.721497102
1497534836025400000,78881,1.810018358,-0.880822078,1.087705196,-0.616399195,0.266131811,-0.186717383,0.717190707
1497534836035430000,78882,1.811729077,-0.872325413,1.08857032,-0.61822103,0.268222083,-0.18493566,0.715303065
1497534836045370000,78883,1.813154135,-0.863967094,1.08940864,-0.619793786,0.270001608,-0.182969747,0.713776483
1497534836055410000,78884,1.814238022,-0.85590868,1.089865624,-0.620208304,0.270001478,-0.181556407,0.713777369
1497534836065410000,78885,1.815224054,-0.847570587,1.090490813,-0.621937817,0.270507077,-0.1802503,0.712410768
1497534836075380000,78886,1.816259431,-0.839080849,1.091095151,-0.62488773,0.269947726,-0.179466754,0.710236041
1497534836085350000,78887,1.817296767,-0.830682821,1.091607799,-0.627809559,0.269772117,-0.178967678,0.707847959
1497534836095430000,78888,1.818324999,-0.822632317,1.091491785,-0.630146866,0.26878978,-0.179151628,0.706096081
1497534836105440000,78889,1.819420389,-0.814568574,1.091601494,-0.633350381,0.26906962,-0.179205131,0.703103375
1497534836115420000,78890,1.820619395,-0.806519397,1.091960561,-0.637036024,0.270578618,-0.178959722,0.699246547
1497534836125400000,78891,1.821852191,-0.798815982,1.091646711,-0.639382003,0.271496286,-0.179459178,0.696616698
1497534836135420000,78892,1.823111071,-0.791268354,1.091098188,-0.641378989,0.272866823,-0.179631744,0.694196749
1497534836145370000,78893,1.824409314,-0.783649728,1.090812354,-0.643417062,0.275722425,-0.179593722,0.691185738
1497534836155430000,78894,1.825615379,-0.77627386,1.090074936,-0.644788685,0.277603039,-0.179871308,0.689079398
1497534836165330000,78895,1.826800335,-0.768742752,1.089584749,-0.646324953,0.280024391,-0.180135748,0.686586854
1497534836175400000,78896,1.827843813,-0.761185998,1.088826574,-0.647793131,0.282051376,-0.180445894,0.684288214
1497534836185350000,78897,1.828765018,-0.753596507,1.087952074,-0.649023894,0.283461326,-0.180975345,0.682396942
1497534836195430000,78898,1.829614435,-0.745816706,1.087437594,-0.651131006,0.285306397,-0.180861366,0.679645377
1497534836205430000,78899,1.830340246,-0.738104483,1.086484781,-0.652667476,0.286310337,-0.181266434,0.677638573
1497534836215430000,78900,1.830988816,-0.730327102,1.08542419,-0.654421581,0.28728502,-0.18163312,0.675432544
1497534836225310000,78901,1.831710879,-0.722281675,1.084786541,-0.656572665,0.288890622,-0.181978903,0.672560943
1497534836235420000,78902,1.832235676,-0.714295664,1.083773068,-0.65797176,0.289989762,-0.182612927,0.670545763
1497534836245330000,78903,1.83269732,-0.706034642,1.083072813,-0.659676947,0.291812544,-0.183157223,0.667926041
1497534836255430000,78904,1.833029542,-0.697820124,1.081900029,-0.660814351,0.292615543,-0.184523195,0.666071864
1497534836265430000,78905,1.83329274,-0.689262572,1.08096073,-0.663215741,0.29347508,-0.184625818,0.663272617
1497534836275410000,78906,1.833405438,-0.680653035,1.079878622,-0.664885819,0.29429143,-0.184855384,0.661171604
1497534836285410000,78907,1.833501473,-0.671732306,1.078474972,-0.66689544,0.294423884,-0.185387129,0.658936006
1497534836295420000,78908,1.833550214,-0.662555397,1.077418507,-0.66937409,0.295283253,-0.185743227,0.65593108
1497534836305420000,78909,1.833367598,-0.653477355,1.075734996,-0.672098308,0.294378492,-0.185633944,0.653578768
1497534836315420000,78910,1.833243006,-0.643984097,1.074576494,-0.674749919,0.29468746,-0.185857982,0.650637117
1497534836325390000,78911,1.832863191,-0.634704789,1.072959571,-0.67686618,0.294341056,-0.186750755,0.64833608
1497534836335420000,78912,1.832460032,-0.625467681,1.071131482,-0.678536166,0.293377957,-0.18760337,0.646778959
1497534836345350000,78913,1.8317477,-0.616291606,1.06946846,-0.681083737,0.295802118,-0.188088355,0.642844321
1497534836355420000,78914,1.831265438,-0.607210868,1.06786178,-0.681945787,0.296040416,-0.189394443,0.641435702
1497534836365420000,78915,1.830754671,-0.598296043,1.065801747,-0.683097888,0.296297888,-0.190907525,0.639639862
1497534836375390000,78916,1.830469245,-0.589228297,1.064540076,-0.68356603,0.297350768,-0.192410091,0.638199311
1497534836385420000,78917,1.830144244,-0.580359574,1.063063801,-0.683425418,0.298620539,-0.194144653,0.637230982
1497534836395420000,78918,1.82957013,-0.571714733,1.060544046,-0.683323829,0.300457216,-0.195744265,0.635985997
1497534836405430000,78919,1.829322151,-0.562732018,1.059259252,-0.682845728,0.302652879,-0.197354687,0.6349599
1497534836415420000,78920,1.828733023,-0.553840282,1.056963012,-0.683140634,0.30471995,-0.198240028,0.633376284
1497534836425450000,78921,1.82809567,-0.544812435,1.054918368,-0.682204228,0.306605001,-0.199865926,0.632964752
1497534836435420000,78922,1.827348369,-0.535400236,1.052808279,-0.682226964,0.307859928,-0.201155078,0.631921885
1497534836445350000,78923,1.82639234,-0.52569095,1.051253987,-0.681424559,0.309371969,-0.203036856,0.631447219
1497534836455410000,78924,1.825073146,-0.515786626,1.048956383,-0.681181359,0.310107929,-0.204848819,0.630763021
1497534836465410000,78925,1.82380889,-0.505437587,1.047093311,-0.680903004,0.310974643,-0.206804828,0.629998122
1497534836475360000,78926,1.822446394,-0.49472045,1.045910355,-0.680768584,0.311500394,-0.2081475,0.629441227
1497534836485360000,78927,1.821217145,-0.483647368,1.045528016,-0.680392242,0.3121917,-0.209465837,0.629068202
1497534836495430000,78928,1.81930255,-0.472908558,1.043551772,-0.679838723,0.312828679,-0.210684418,0.628943245
1497534836505420000,78929,1.817672775,-0.461764263,1.042695674,-0.679160841,0.313601646,-0.211474798,0.629025413
1497534836515420000,78930,1.816047241,-0.450405795,1.042331859,-0.678625575,0.314623229,-0.211586294,0.629055477
1497534836525390000,78931,1.814170199,-0.439060536,1.042223498,-0.677249413,0.315445016,-0.211436381,0.630176429
1497534836535410000,78932,1.812381453,-0.42752706,1.042167536,-0.676949556,0.316109166,-0.209603363,0.630777872
1497534836545350000,78933,1.810196455,-0.415992567,1.042393576,-0.676262926,0.315862101,-0.207414921,0.63235958
1497534836555400000,78934,1.807769426,-0.404523614,1.042441685,-0.676027367,0.315062798,-0.203715801,0.634209984
1497534836565380000,78935,1.805119495,-0.392995991,1.042836842,-0.675012416,0.313247216,-0.199916647,0.637391366
1497534836575390000,78936,1.802238371,-0.38159158,1.043559603,-0.673654101,0.309965504,-0.195613943,0.641752852
1497534836585400000,78937,1.799189555,-0.37044235,1.044922145,-0.67249144,0.305497857,-0.190499249,0.64663464
1497534836595370000,78938,1.79610533,-0.359491184,1.046351788,-0.670867636,0.299874316,-0.186121664,0.65220452
1497534836605400000,78939,1.792828918,-0.34883671,1.047890143,-0.668971168,0.293946222,-0.182534568,0.657840654
1497534836615430000,78940,1.789654151,-0.338704151,1.049506581,-0.665483349,0.2894248,-0.180716319,0.663857522
1497534836625400000,78941,1.786857019,-0.328616603,1.051229545,-0.663001911,0.285537288,-0.178615944,0.668575552
1497534836635410000,78942,1.784234717,-0.318878543,1.053231584,-0.658425183,0.282756527,-0.178844566,0.674195555
1497534836645350000,78943,1.781800536,-0.309517618,1.05516848,-0.653766557,0.281469061,-0.178888998,0.679237207
1497534836655340000,78944,1.779783191,-0.300352248,1.057457424,-0.648995327,0.281811323,-0.178590882,0.683734408
1497534836665330000,78945,1.777939145,-0.291397247,1.059517908,-0.644675933,0.282306559,-0.177168298,0.687973359
1497534836675400000,78946,1.775958184,-0.282821391,1.0612127,-0.639796375,0.283567649,-0.175478842,0.692428453
1497534836685430000,78947,1.774240664,-0.274418809,1.063194361,-0.635241786,0.284949958,-0.173282085,0.696595086
1497534836695420000,78948,1.772585892,-0.266123414,1.064996438,-0.630762845,0.28573751,-0.170692174,0.700968252
1497534836705430000,78949,1.770993685,-0.258008272,1.066925819,-0.62644097,0.286815622,-0.168457979,0.704932919
1497534836715430000,78950,1.769527862,-0.250042063,1.068762874,-0.622481686,0.287479227,-0.166250888,0.708683912
1497534836725430000,78951,1.768042823,-0.242259264,1.070300998,-0.618315498,0.287834063,-0.164547936,0.712573838
1497534836735430000,78952,1.766707713,-0.234523677,1.072057007,-0.614689977,0.287923697,-0.163140825,0.715989699
1497534836745320000,78953,1.765389782,-0.226859147,1.073820546,-0.612020802,0.287365903,-0.161851101,0.718787588
1497534836755420000,78954,1.764029136,-0.2191751,1.075496632,-0.609110404,0.286164499,-0.161022989,0.721918272
1497534836765390000,78955,1.762531463,-0.211415847,1.077021003,-0.606716382,0.284081148,-0.160175137,0.724939348
1497534836775420000,78956,1.760990984,-0.203459442,1.078309357,-0.605416017,0.280879637,-0.15936003,0.727449281
1497534836785390000,78957,1.759449613,-0.195339502,1.079532728,-0.604062008,0.278030253,-0.158466702,0.729860653
1497534836795410000,78958,1.757963514,-0.187135911,1.080944065,-0.603928269,0.274266802,-0.157025425,0.731704437
1497534836805380000,78959,1.756260006,-0.178874688,1.08175631,-0.602292319,0.271297951,-0.155938544,0.734387196
1497534836815420000,78960,1.754663573,-0.170542449,1.082553106,-0.601786707,0.267856206,-0.154238747,0.736421225
1497534836825410000,78961,1.753136666,-0.162127278,1.083637869,-0.601828179,0.264144286,-0.151614409,0.738270756
1497534836835390000,78962,1.751444995,-0.153716137,1.084212568,-0.6016226,0.26060635,-0.149393862,0.740145966
1497534836845490000,78963,1.749710749,-0.145213959,1.084879047,-0.60145276,0.256483736,-0.146766029,0.742246861
1497534836855430000,78964,1.748025522,-0.136729126,1.08540613,-0.602225213,0.252585215,-0.144172934,0.743464637
1497534836865430000,78965,1.746185356,-0.128077984,1.085615775,-0.602317292,0.248265386,-0.141360999,0.745382617
1497534836875430000,78966,1.744481828,-0.119502375,1.085800184,-0.602883657,0.243832831,-0.139139813,0.746804499
1497534836885420000,78967,1.742812808,-0.110797948,1.08563093,-0.603719462,0.240766988,-0.136656602,0.74758213
1497534836895420000,78968,1.741100011,-0.102124554,1.085292709,-0.604792976,0.236286011,-0.134336462,0.74856402
1497534836905470000,78969,1.739791666,-0.093333408,1.084805425,-0.605735109,0.234016245,-0.132391265,0.748861755
1497534836915430000,78970,1.738397706,-0.084331882,1.083777757,-0.607767563,0.23113203,-0.130449957,0.748451323
1497534836925410000,78971,1.737168472,-0.075262755,1.08263195,-0.610282596,0.228542279,-0.128435923,0.747547853
1497534836935420000,78972,1.736012436,-0.066154757,1.081261882,-0.611724172,0.226802166,-0.12714719,0.747119741
1497534836945400000,78973,1.734947098,-0.057068357,1.079702305,-0.614145125,0.225308769,-0.125806293,0.745811304
1497534836955360000,78974,1.734089476,-0.047713455,1.078137893,-0.616553997,0.224056201,-0.124361457,0.744442217
1497534836965440000,78975,1.733237924,-0.038197624,1.076260067,-0.619942472,0.222739545,-0.122527544,0.742324341
1497534836975400000,78976,1.732799457,-0.028235417,1.074147876,-0.627668602,0.221544019,-0.118214319,0.736868881
1497534836985410000,78977,1.732162319,-0.018543028,1.071970511,-0.630157104,0.220618576,-0.116691378,0.73526362
1497534836995440000,78978,1.731472511,-0.008848278,1.069671551,-0.631780866,0.219486849,-0.115663683,0.734370733
1497534837005430000,78979,1.730978785,0.001157976,1.067328019,-0.635321312,0.218806528,-0.113324101,0.731879896
1497534837015430000,78980,1.730370063,0.011036276,1.065218234,-0.636482009,0.217796026,-0.112096359,0.73136171
1497534837025410000,78981,1.729741606,0.020728802,1.063180271,-0.636789914,0.217060007,-0.11095855,0.731485994
1497534837035440000,78982,1.728938776,0.030281033,1.061104004,-0.636210014,0.21642956,-0.109653053,0.732373724
1497534837045370000,78983,1.728341647,0.039812967,1.059079804,-0.635441535,0.216544875,-0.106674349,0.733445946
1497534837055430000,78984,1.727570955,0.04902944,1.057323765,-0.633199152,0.216337799,-0.105973306,0.735545002
1497534837065320000,78985,1.726878193,0.058438323,1.055699923,-0.631063165,0.215984734,-0.104761007,0.737655074
1497534837075400000,78986,1.726117569,0.067876966,1.054433448,-0.628134887,0.214760799,-0.105484668,0.740403503
1497534837085430000,78987,1.725503254,0.07758908,1.05300388,-0.625605133,0.214668918,-0.105463036,0.742571896
1497534837095430000,78988,1.724922951,0.087656949,1.051917888,-0.622378917,0.214531438,-0.106569869,0.745160123
1497534837105350000,78989,1.724448739,0.098137667,1.050517805,-0.620603142,0.214707744,-0.106825555,0.746552494
1497534837115420000,78990,1.724112526,0.10917817,1.049257363,-0.619104634,0.216097333,-0.106994119,0.747371162
1497534837125410000,78991,1.723734109,0.12068385,1.048218673,-0.617129971,0.216708975,-0.106812925,0.748851666
1497534837135430000,78992,1.723559161,0.132820561,1.046608013,-0.6170093,0.218559208,-0.103610192,0.748863355
1497534837145360000,78993,1.722910089,0.144742833,1.045859166,-0.613693448,0.21675147,-0.102337545,0.752280652
1497534837155410000,78994,1.721793699,0.156045361,1.045583169,-0.605561492,0.213190224,-0.103437442,0.759701194
1497534837165400000,78995,1.72126916,0.168619027,1.045680727,-0.604168736,0.211158511,-0.101655666,0.761615616
1497534837175400000,78996,1.718978464,0.178330965,1.046722871,-0.584061143,0.204167983,-0.111370857,0.77767895
1497534837185390000,78997,1.718898895,0.191040716,1.047793316,-0.587359259,0.204439125,-0.109181702,0.775430913
1497534837195360000,78998,1.718662633,0.203083748,1.049792443,-0.588665972,0.203128619,-0.111300437,0.774482634
1497534837205450000,78999,1.719206402,0.215181569,1.05207296,-0.593583307,0.203748538,-0.111700535,0.770498787
1497534837215430000,79000,1.720055792,0.226844119,1.054496206,-0.597928607,0.205159937,-0.112197254,0.766682827
1497534837225420000,79001,1.720981917,0.238259623,1.057122491,-0.601182732,0.204839096,-0.115400195,0.763742799
1497534837235420000,79002,1.722167235,0.249321632,1.059763278,-0.602149505,0.205707271,-0.118693753,0.762241619
1497534837245370000,79003,1.72247581,0.261232666,1.060186344,-0.605419821,0.208166816,-0.121841407,0.758477481
1497534837255420000,79004,1.723957277,0.272062697,1.062573096,-0.606412295,0.211205621,-0.126484792,0.756080625
1497534837265410000,79005,1.72533466,0.282778359,1.064457098,-0.606052711,0.216000771,-0.129916202,0.754430619
1497534837275400000,79006,1.726886394,0.293047622,1.066581425,-0.604856377,0.22029985,-0.135224507,0.753213829
1497534837285400000,79007,1.727882462,0.303332565,1.068259748,-0.604993594,0.223035133,-0.140177187,0.751391001
1497534837295400000,79008,1.728184644,0.312966354,1.068604742,-0.610545421,0.221959033,-0.138246184,0.747567033
1497534837305440000,79009,1.728849889,0.32246661,1.069893794,-0.612746731,0.221909622,-0.140562826,0.745345326
1497534837315370000,79010,1.729559342,0.332457322,1.070927238,-0.619601784,0.220871584,-0.143396082,0.739423381
1497534837325440000,79011,1.729926289,0.342246234,1.073003933,-0.63027318,0.233598524,-0.145806024,0.725898099
1497534837335390000,79012,1.730987609,0.351703906,1.074178123,-0.634522072,0.235350327,-0.146379026,0.721502006
1497534837345370000,79013,1.731934132,0.360810771,1.075414873,-0.640411427,0.236542808,-0.146043129,0.715955382
1497534837355280000,79014,1.733885868,0.369465226,1.074382925,-0.645364944,0.230048649,-0.137347793,0.715344178
1497534837365450000,79015,1.735033673,0.377943422,1.074994471,-0.647536288,0.234615011,-0.135116149,0.71231747
1497534837375420000,79016,1.735763237,0.38579898,1.075411759,-0.64913355,0.236736888,-0.133175903,0.710524777
1497534837385430000,79017,1.736658876,0.393660245,1.07591562,-0.649142447,0.240503032,-0.133016281,0.709280653
1497534837395440000,79018,1.737041094,0.401583847,1.077099086,-0.649753972,0.241634991,-0.135398625,0.707883832
1497534837405430000,79019,1.737937707,0.409243175,1.076606528,-0.650590447,0.245102013,-0.133321931,0.706316032
1497534837415430000,79020,1.738663834,0.416986445,1.076601164,-0.652162154,0.246733074,-0.133423579,0.704276553
1497534837425420000,79021,1.739492779,0.424715628,1.076516809,-0.65339475,0.248661674,-0.135122552,0.702128598
1497534837435440000,79022,1.74028998,0.432363403,1.076341116,-0.656271156,0.250741753,-0.135611744,0.698603033
1497534837445360000,79023,1.741223741,0.439997081,1.076152398,-0.659508833,0.253288375,-0.136864372,0.694378313
1497534837455300000,79024,1.741957016,0.446955115,1.075739494,-0.659017326,0.25558992,-0.138882143,0.693600538
1497534837465440000,79025,1.743032991,0.454527923,1.075274596,-0.662120645,0.259807327,-0.138730468,0.689093798
1497534837475370000,79026,1.743248917,0.461847458,1.0733818,-0.667172047,0.260234239,-0.134922002,0.684803369
1497534837485380000,79027,1.743982665,0.46895989,1.072851781,-0.668087083,0.263273058,-0.136286817,0.682475531
1497534837495430000,79028,1.745379428,0.47579127,1.073741414,-0.664412182,0.269091895,-0.143140917,0.682390418
1497534837505440000,79029,1.745119317,0.483434821,1.07173979,-0.671073806,0.266956808,-0.139126192,0.677523367
1497534837515370000,79030,1.74557023,0.490746596,1.07031784,-0.663929924,0.27835295,-0.138646874,0.680068919
1497534837525400000,79031,1.745901775,0.498538056,1.069900278,-0.664912713,0.280796936,-0.140439129,0.677732259
1497534837535370000,79032,1.745467739,0.506024777,1.069014229,-0.66576882,0.279051436,-0.143919446,0.676882093
1497534837545370000,79033,1.745811212,0.513458836,1.067782065,-0.668125983,0.279312054,-0.144720911,0.674276134
1497534837555450000,79034,1.746306178,0.521653225,1.067188327,-0.66779136,0.283786172,-0.148104392,0.672000891
1497534837565470000,79035,1.746549944,0.529562099,1.066141536,-0.67058705,0.28452196,-0.148874402,0.668727654
1497534837575420000,79036,1.746675216,0.537538441,1.064940637,-0.672548088,0.285637856,-0.149270871,0.666189382
1497534837585440000,79037,1.74682698,0.545853517,1.063866071,-0.675082425,0.285103629,-0.151352854,0.663379193
1497534837595450000,79038,1.746973394,0.554553853,1.06285266,-0.67633509,0.288782244,-0.152326968,0.660281877
1497534837605440000,79039,1.747157158,0.5630455,1.06152789,-0.679031122,0.288643443,-0.15381636,0.657223117
1497534837615400000,79040,1.746964921,0.571907031,1.060376523,-0.681441287,0.289907666,-0.154217651,0.654070512
1497534837625410000,79041,1.746793192,0.580536639,1.058882247,-0.684562174,0.288696366,-0.155656091,0.6509994
1497534837635460000,79042,1.746769039,0.589635625,1.057543313,-0.685914259,0.291915884,-0.157143862,0.647775079
1497534837645390000,79043,1.746461999,0.598403908,1.056089525,-0.687671566,0.291413247,-0.158987138,0.645685083
1497534837655440000,79044,1.746009464,0.607211965,1.054627749,-0.689348852,0.291929403,-0.160307783,0.643332572
1497534837665420000,79045,1.745993543,0.615902805,1.053202652,-0.690855857,0.292525335,-0.163490405,0.640638745
1497534837675420000,79046,1.745576553,0.624565334,1.051753095,-0.69136599,0.293574476,-0.165732462,0.639030395
1497534837685440000,79047,1.74526554,0.632892218,1.050392044,-0.692565439,0.293862689,-0.167821871,0.637050746
1497534837695440000,79048,1.745053776,0.6416208,1.049107593,-0.692500705,0.295704587,-0.170679122,0.635507835
1497534837705440000,79049,1.744936356,0.65029359,1.04778608,-0.691728005,0.299261336,-0.173686967,0.633867381
1497534837715370000,79050,1.744436411,0.658435891,1.046189677,-0.692313377,0.299345995,-0.175780666,0.632609928
1497534837725420000,79051,1.744088485,0.667191213,1.04474213,-0.691510346,0.302577428,-0.178340717,0.631232866
1497534837735410000,79052,1.743659863,0.675808737,1.042994068,-0.691339413,0.304327974,-0.180375667,0.629999142
1497534837745390000,79053,1.743279855,0.68481608,1.041498303,-0.691237811,0.30670753,-0.182121412,0.628452521
1497534837755440000,79054,1.742664286,0.693919666,1.039793751,-0.690954868,0.308832774,-0.183882533,0.627208819
1497534837765450000,79055,1.742067404,0.703272638,1.038296458,-0.690846134,0.310650872,-0.186469305,0.625665129
1497534837775320000,79056,1.74122898,0.712726768,1.036912386,-0.689728517,0.313103148,-0.189068807,0.624895173
1497534837785440000,79057,1.74034774,0.722616689,1.03581736,-0.688528016,0.315416377,-0.191933299,0.624182096
1497534837795430000,79058,1.739420758,0.732438824,1.034808908,-0.688289751,0.315883092,-0.194434577,0.623434268
1497534837805450000,79059,1.738396448,0.742586044,1.034036075,-0.687220879,0.317700478,-0.196486477,0.623046494
1497534837815440000,79060,1.737482827,0.752855067,1.033398658,-0.686387842,0.319835931,-0.198398502,0.622265814
1497534837825410000,79061,1.736494948,0.763259823,1.033224271,-0.685373235,0.321771154,-0.200120993,0.621834738
1497534837835330000,79062,1.735485497,0.773894413,1.033260828,-0.684105907,0.323454681,-0.201070265,0.622050582
1497534837845430000,79063,1.734337009,0.784549206,1.033372343,-0.684108841,0.324040033,-0.200757949,0.621843547
1497534837855400000,79064,1.733186224,0.795366043,1.033623529,-0.683487673,0.325861114,-0.200275457,0.62173055
1497534837865490000,79065,1.73178694,0.806248618,1.034170502,-0.68230483,0.326854303,-0.19910436,0.622883486
1497534837875460000,79066,1.730287081,0.817288628,1.034987108,-0.681305553,0.327090183,-0.196949069,0.624536484
1497534837885400000,79067,1.728251931,0.828175984,1.036131911,-0.679804196,0.326052065,-0.194470406,0.627485113
1497534837895440000,79068,1.72591834,0.838883288,1.037400915,-0.678469758,0.323653015,-0.191779277,0.630989875
1497534837905420000,79069,1.723499126,0.849559264,1.038897109,-0.67675683,0.320220197,-0.188964491,0.635414542
1497534837915440000,79070,1.720949762,0.859869126,1.04063471,-0.675012142,0.315302066,-0.185940597,0.640600741
1497534837925430000,79071,1.718484901,0.869926299,1.04256944,-0.672925882,0.309823123,-0.183712328,0.646088361
1497534837935430000,79072,1.716216056,0.879696534,1.04464759,-0.66971121,0.306013541,-0.183425042,0.651304738
1497534837945380000,79073,1.713791197,0.888607876,1.0464719,-0.666017564,0.301095196,-0.183532722,0.657326423
1497534837955440000,79074,1.711692263,0.897469517,1.048546883,-0.661654456,0.297998946,-0.184463437,0.662859901
1497534837965360000,79075,1.709938918,0.906007696,1.050364796,-0.656498536,0.296258213,-0.185535175,0.668444046
1497534837975350000,79076,1.708537036,0.914490042,1.052268052,-0.652065376,0.295080844,-0.186717085,0.67295971
1497534837985430000,79077,1.707247076,0.922463094,1.054218418,-0.646530742,0.295132435,-0.186790187,0.678236148
1497534837995430000,79078,1.706122975,0.930360684,1.05609134,-0.642012917,0.295941838,-0.186797907,0.682161553
1497534838005430000,79079,1.705018258,0.937921855,1.057917047,-0.636686785,0.297092484,-0.186532206,0.686710806
1497534838015440000,79080,1.704159795,0.945421157,1.059876685,-0.631282175,0.298636185,-0.18643139,0.691044559
1497534838025420000,79081,1.703352716,0.952773737,1.061946563,-0.625724746,0.299664117,-0.186187071,0.6957042
1497534838035380000,79082,1.702439695,0.959852255,1.063901875,-0.620185289,0.30132732,-0.186521448,0.699844128
1497534838045320000,79083,1.701761431,0.967046082,1.065803238,-0.615830156,0.301401643,-0.186428745,0.703672219
1497534838055470000,79084,1.701178832,0.974063964,1.067893661,-0.611686537,0.301360861,-0.186789043,0.707199452
1497534838065470000,79085,1.700633766,0.98106129,1.070092824,-0.607080122,0.301585708,-0.18776522,0.710805183
1497534838075390000,79086,1.699957926,0.98800011,1.07200093,-0.604581215,0.301393335,-0.188707035,0.712764525
1497534838085450000,79087,1.699335941,0.994969636,1.074173846,-0.600285545,0.300036391,-0.18951012,0.716743568
1497534838095460000,79088,1.69853019,1.001940466,1.075967034,-0.597672388,0.299037342,-0.191207699,0.718890813
1497534838105460000,79089,1.697848808,1.008887948,1.077911367,-0.592664808,0.297070437,-0.192252725,0.723558201
1497534838115430000,79090,1.697048161,1.015938367,1.079454847,-0.590079886,0.294973396,-0.192938289,0.726340994
1497534838125420000,79091,1.696413461,1.023040987,1.08115808,-0.585715033,0.294165937,-0.193476663,0.730048685
1497534838135450000,79092,1.695670345,1.030143896,1.082188422,-0.583332857,0.291649639,-0.193351989,0.732992684
1497534838145370000,79093,1.695143757,1.037590315,1.083167034,-0.581133038,0.290813398,-0.194065948,0.734881193
1497534838155460000,79094,1.694798235,1.045290447,1.083986099,-0.58023256,0.289191952,-0.194010013,0.736246091
1497534838165460000,79095,1.694451551,1.053111658,1.084540233,-0.579981781,0.288327818,-0.193764626,0.736846981
1497534838175430000,79096,1.694149773,1.061086659,1.085018354,-0.578972652,0.286760033,-0.194039356,0.738178895
1497534838185460000,79097,1.693552518,1.06892805,1.084915571,-0.578804585,0.285420773,-0.193776616,0.738898408
1497534838195450000,79098,1.693091904,1.076993547,1.084856437,-0.579643,0.283322781,-0.193268952,0.739181511
1497534838205460000,79099,1.693117379,1.085553006,1.085168104,-0.58143707,0.281949903,-0.192280876,0.738554839
1497534838215460000,79100,1.692811766,1.093760079,1.084557068,-0.582237005,0.280651816,-0.191637606,0.738586255
1497534838225410000,79101,1.692520638,1.10225525,1.08385834,-0.583874883,0.278902054,-0.191395139,0.738018744
1497534838235450000,79102,1.692506623,1.110932518,1.082968473,-0.584636219,0.277778959,-0.191004519,0.737940794
1497534838245390000,79103,1.692658309,1.119682026,1.081714652,-0.586859468,0.277253961,-0.190272175,0.736561406
1497534838255440000,79104,1.692622576,1.128234951,1.079807066,-0.587529526,0.278079782,-0.19057024,0.735638277
1497534838265380000,79105,1.693146223,1.137633127,1.078460683,-0.592019287,0.276860422,-0.188681117,0.732980837
1497534838275450000,79106,1.693385694,1.146512664,1.076162671,-0.59227452,0.276911505,-0.188931589,0.732690771
1497534838285440000,79107,1.693990757,1.155923967,1.074083409,-0.594635256,0.276643993,-0.188590595,0.730965526
1497534838295440000,79108,1.694616263,1.16548559,1.071950228,-0.597718662,0.276215129,-0.18759995,0.728864776
1497534838305450000,79109,1.695339321,1.175228561,1.069652001,-0.601090119,0.275032401,-0.186686351,0.726770977
1497534838315460000,79110,1.696177755,1.185075529,1.067264492,-0.605281899,0.275478603,-0.18441626,0.723696072
1497534838325430000,79111,1.697062474,1.195099431,1.065085195,-0.608363882,0.27472845,-0.182905175,0.721777918
1497534838335450000,79112,1.697869691,1.205062838,1.06298714,-0.611050855,0.273112749,-0.180569427,0.720708652
1497534838345410000,79113,1.698477642,1.214762108,1.060843819,-0.612925074,0.272483458,-0.177903366,0.720018063
1497534838355450000,79114,1.698947813,1.224189455,1.058852908,-0.612974977,0.270562402,-0.175341673,0.721327222
1497534838365460000,79115,1.699360211,1.233245013,1.056978857,-0.611850864,0.26961261,-0.173277693,0.723133737
1497534838375460000,79116,1.699662594,1.241926819,1.05552058,-0.608893646,0.267688482,-0.171689644,0.726714573
1497534838385460000,79117,1.699886084,1.250405134,1.053942775,-0.605691584,0.266639351,-0.170681898,0.730006063
1497534838395430000,79118,1.70046093,1.259378199,1.052841236,-0.601885695,0.265735895,-0.171068019,0.733385149
1497534838405450000,79119,1.701201996,1.268531958,1.051676709,-0.597715441,0.265119309,-0.172294489,0.736724245
1497534838415360000,79120,1.702301782,1.278301606,1.050649274,-0.593810598,0.266268112,-0.173857515,0.739096632
1497534838425430000,79121,1.703565536,1.288278314,1.049628962,-0.589285141,0.267843298,-0.174957967,0.74188456
1497534838435440000,79122,1.704950246,1.298630102,1.048569419,-0.584739707,0.269147312,-0.174905767,0.74501488
1497534838445380000,79123,1.706504929,1.30935486,1.047590196,-0.58053124,0.270712281,-0.174374744,0.747858135
1497534838455410000,79124,1.708175415,1.320594074,1.046560963,-0.576965366,0.272508614,-0.173576491,0.750147467
1497534838465420000,79125,1.709797333,1.332168016,1.045963385,-0.572753805,0.272553359,-0.172738648,0.753544362
1497534838475380000,79126,1.711405582,1.344000427,1.045657151,-0.57042966,0.271604312,-0.17222935,0.755763291
1497534838485410000,79127,1.713024173,1.356069675,1.046063326,-0.569666704,0.269197509,-0.170352503,0.757622975
1497534838495430000,79128,1.714852431,1.368333307,1.046945454,-0.569525275,0.268107116,-0.170929198,0.757985979
1497534838505530000,79129,1.716766653,1.38048505,1.048403388,-0.570451585,0.267627293,-0.170744202,0.75750052
1497534838515490000,79130,1.718928066,1.392737712,1.050139301,-0.574446876,0.267829694,-0.169832084,0.75460924
1497534838525450000,79131,1.721219518,1.404667714,1.052102333,-0.57765725,0.268225348,-0.169436722,0.752102694
1497534838535450000,79132,1.723664792,1.416558697,1.054272276,-0.58097795,0.269004579,-0.170058868,0.749120243
1497534838545400000,79133,1.726250817,1.42799546,1.05630126,-0.582983769,0.269588359,-0.17142827,0.747037074
1497534838555460000,79134,1.72865408,1.438990801,1.058424558,-0.583660312,0.269633168,-0.173686758,0.745970177
1497534838565450000,79135,1.73105485,1.449798256,1.060788901,-0.583632062,0.270443675,-0.177082757,0.744899679
1497534838575400000,79136,1.73337933,1.460455168,1.062888441,-0.584517322,0.271182357,-0.180045018,0.743225014
1497534838585470000,79137,1.73550819,1.470873348,1.064908229,-0.585160326,0.27181351,-0.183707759,0.741590364
1497534838595460000,79138,1.737468147,1.48106586,1.066920076,-0.585046224,0.272685774,-0.186679303,0.74061746
1497534838605470000,79139,1.739095819,1.491011632,1.068690776,-0.586907606,0.272603675,-0.189492748,0.738457308
1497534838615460000,79140,1.74065081,1.500888122,1.070273426,-0.589524331,0.27051254,-0.1907322,0.736821048
1497534838625440000,79141,1.742031302,1.510603899,1.071687814,-0.59308033,0.268040425,-0.19133972,0.734710259
1497534838635450000,79142,1.743482784,1.520281298,1.072919348,-0.598250549,0.265338094,-0.191732839,0.731389428
1497534838645400000,79143,1.744828028,1.529619119,1.073981731,-0.603785607,0.263757407,-0.191381742,0.727494329
1497534838655450000,79144,1.746216083,1.538719939,1.075044117,-0.609150644,0.263248457,-0.19096144,0.72330455
1497534838665470000,79145,1.74760491,1.547532592,1.075941966,-0.613507446,0.263097888,-0.190346312,0.719830811
1497534838675380000,79146,1.74895003,1.55596666,1.076673697,-0.616509251,0.263553367,-0.189647862,0.717279342
1497534838685470000,79147,1.750136126,1.563926218,1.077427599,-0.619198624,0.263886387,-0.18846942,0.715147758
1497534838695460000,79148,1.751210819,1.571684453,1.078033409,-0.620260346,0.264549763,-0.188097392,0.714079756
1497534838705460000,79149,1.752233866,1.579262648,1.078459366,-0.621890796,0.265282959,-0.187019072,0.712671493
1497534838715450000,79150,1.753268696,1.586816307,1.078872248,-0.622580388,0.265653473,-0.186384756,0.712097335
1497534838725430000,79151,1.754279999,1.594310927,1.079086123,-0.62501619,0.267761473,-0.184984914,0.709534451
1497534838735460000,79152,1.755385613,1.601795908,1.07937273,-0.626506644,0.269672757,-0.183799638,0.707802036
1497534838745380000,79153,1.756574244,1.609418806,1.079533611,-0.628468081,0.272264533,-0.182531172,0.705395114
1497534838755440000,79154,1.757679394,1.616903028,1.079527022,-0.63048854,0.275089166,-0.18184066,0.702669287
1497534838765430000,79155,1.758743032,1.624435133,1.079548011,-0.632307677,0.276906121,-0.180866728,0.700569218
1497534838775380000,79156,1.759581947,1.631893203,1.079481184,-0.634720716,0.278903156,-0.180000471,0.697812634
1497534838785440000,79157,1.760281144,1.639400186,1.079334338,-0.636652547,0.280078288,-0.18005403,0.695564686
1497534838795490000,79158,1.760823956,1.646862509,1.079192302,-0.638760829,0.280438426,-0.179454049,0.693639053
1497534838805510000,79159,1.761232041,1.654504805,1.078864435,-0.640776211,0.281187405,-0.178847068,0.691630839
1497534838815470000,79160,1.761312149,1.662132561,1.078830181,-0.6435462,0.280692215,-0.179396756,0.689113178
1497534838825500000,79161,1.761797662,1.67000397,1.07818527,-0.64689722,0.280936369,-0.17806557,0.686215269
1497534838835450000,79162,1.761467298,1.677671497,1.077981579,-0.647588587,0.27962794,-0.17990001,0.685618862
1497534838845400000,79163,1.761520075,1.685579117,1.07735465,-0.650368031,0.279668804,-0.179683728,0.68302309
1497534838855460000,79164,1.761461613,1.693683834,1.076809242,-0.653194992,0.278295224,-0.179487137,0.680934974
1497534838865470000,79165,1.761377662,1.701768546,1.075982097,-0.656904749,0.278657892,-0.178880089,0.677368322
1497534838875350000,79166,1.761334094,1.709997455,1.074996901,-0.659894209,0.278180213,-0.179046922,0.674609221
1497534838885460000,79167,1.761206935,1.718071062,1.074002863,-0.662960587,0.278066514,-0.179729119,0.671460883
1497534838895450000,79168,1.761018886,1.726343669,1.073160966,-0.665641399,0.277979621,-0.180660678,0.668588497
1497534838905450000,79169,1.760828175,1.734712732,1.071909631,-0.669089579,0.278462979,-0.18034297,0.665021742
1497534838915450000,79170,1.760417137,1.74292986,1.07092036,-0.671020578,0.278667238,-0.181936698,0.662551879
1497534838925440000,79171,1.760034646,1.751457356,1.069726351,-0.672875853,0.278734238,-0.182495781,0.660485126
1497534838935450000,79172,1.759626604,1.7600901,1.068583211,-0.675729304,0.278310168,-0.183336596,0.657511256
1497534838945350000,79173,1.759045284,1.768771378,1.067340075,-0.67756342,0.278314676,-0.183900266,0.655461246
1497534838955350000,79174,1.75837609,1.777441509,1.06615032,-0.680247021,0.278026531,-0.184645195,0.652588224
1497534838965460000,79175,1.758401765,1.786836094,1.064345302,-0.689374173,0.278419605,-0.178508964,0.644500057
1497534838975510000,79176,1.756731711,1.7947637,1.063720287,-0.683017254,0.276565664,-0.186225493,0.6498607
1497534838985370000,79177,1.755824862,1.803408586,1.062354916,-0.685295764,0.276200786,-0.186634974,0.64749535
1497534838995440000,79178,1.755003036,1.812037947,1.060951104,-0.686739947,0.274962198,-0.187105139,0.646355709
1497534839005460000,79179,1.754135014,1.820651124,1.05967844,-0.687693025,0.274577831,-0.187559703,0.645373284
1497534839015460000,79180,1.753365278,1.829230607,1.058378294,-0.690243021,0.273679345,-0.187874016,0.642936655
1497534839025430000,79181,1.752547832,1.837713935,1.057026617,-0.691154401,0.272399038,-0.187846185,0.642509275
1497534839035450000,79182,1.751579576,1.846009761,1.055752044,-0.692477421,0.272222418,-0.188648026,0.640922694
1497534839045400000,79183,1.750634465,1.854160186,1.054537276,-0.692081372,0.271011419,-0.18938152,0.641646963
1497534839055450000,79184,1.749705019,1.862329582,1.053432023,-0.692420248,0.270987758,-0.190304669,0.641017915
1497534839065450000,79185,1.74856625,1.870503149,1.052395506,-0.692999118,0.271162947,-0.191451316,0.639975994
1497534839075370000,79186,1.747484857,1.87876106,1.051243445,-0.692244578,0.271206087,-0.19149048,0.640762124
1497534839085470000,79187,1.746315566,1.887048238,1.050023515,-0.692237585,0.272115336,-0.192446723,0.640097358
1497534839095470000,79188,1.744885602,1.895670297,1.049194827,-0.691798389,0.271563576,-0.194248095,0.640262361
1497534839105470000,79189,1.743483323,1.904586005,1.048281119,-0.691271273,0.271352773,-0.195537227,0.640528604
1497534839115440000,79190,1.741811106,1.913465374,1.04750094,-0.691311387,0.272558985,-0.19669379,0.639618417
1497534839125430000,79191,1.740126381,1.922748117,1.047105163,-0.690497471,0.271609351,-0.198911221,0.640215533
1497534839135470000,79192,1.73860187,1.932051393,1.046538239,-0.690430617,0.273422577,-0.199210134,0.63942238
1497534839145430000,79193,1.736903726,1.941454236,1.046358517,-0.689644293,0.27464361,-0.200300083,0.639407158
1497534839155480000,79194,1.735043284,1.950998498,1.046470817,-0.689066987,0.275074455,-0.200828271,0.63967862
1497534839165470000,79195,1.732887845,1.960525675,1.046633816,-0.688511604,0.276189563,-0.200353599,0.639944944
1497534839175360000,79196,1.730559567,1.970402608,1.047122939,-0.688383778,0.2754974,-0.20066521,0.640283086
1497534839185490000,79197,1.727813012,1.97969522,1.047465349,-0.689095956,0.278652521,-0.201072985,0.638019741
1497534839195480000,79198,1.724977358,1.989679676,1.048060674,-0.689124407,0.277721075,-0.198696781,0.639138597
1497534839205490000,79199,1.722099717,2.000053371,1.048643761,-0.686570785,0.271987832,-0.195089242,0.645432696
1497534839215490000,79200,1.718774283,2.009601165,1.049159941,-0.685805275,0.271415549,-0.190657033,0.647807549
1497534839225460000,79201,1.714649729,2.019309393,1.0503153,-0.685231123,0.266053447,-0.185877643,0.652014856
1497534839235440000,79202,1.710369244,2.028926663,1.05152912,-0.684192586,0.260162768,-0.182655181,0.656378644
1497534839245430000,79203,1.705881476,2.038054063,1.052990351,-0.682910694,0.253255553,-0.178393073,0.661566716
1497534839255450000,79204,1.701360057,2.046848363,1.054499381,-0.678939278,0.246293056,-0.176440663,0.668767434
1497534839265440000,79205,1.696950217,2.055410543,1.056086732,-0.676991458,0.240068472,-0.172713256,0.673958327
1497534839275440000,79206,1.692772011,2.063850041,1.057391118,-0.673766596,0.235313127,-0.170917349,0.679303737
1497534839285490000,79207,1.688777592,2.071977758,1.058966037,-0.67001395,0.231158768,-0.169360569,0.68480941
1497534839295480000,79208,1.685025056,2.07979816,1.060408387,-0.664002387,0.229000824,-0.169128452,0.691415229
1497534839305500000,79209,1.681596237,2.087720982,1.061871912,-0.660844578,0.227587536,-0.165529009,0.69576469
1497534839315480000,79210,1.678260989,2.09558715,1.063092049,-0.656753745,0.227907047,-0.163283272,0.700051047
1497534839325430000,79211,1.675023721,2.103509008,1.064562803,-0.653439858,0.227431743,-0.159155011,0.70424487
1497534839335430000,79212,1.671602944,2.111275608,1.066144911,-0.651783205,0.227345843,-0.15390532,0.706969358
1497534839345400000,79213,1.668223228,2.11898448,1.067466145,-0.64773709,0.227236052,-0.148998996,0.711758202
1497534839355460000,79214,1.664743738,2.126836784,1.068961107,-0.645601754,0.226498534,-0.143790961,0.714997167
1497534839365480000,79215,1.661084477,2.134491465,1.070594429,-0.642329575,0.22567355,-0.138549331,0.719227537
1497534839375360000,79216,1.657333202,2.142097188,1.072151738,-0.640243035,0.223477336,-0.132440311,0.722915141
1497534839385520000,79217,1.653431011,2.149736811,1.073927829,-0.638344973,0.221492933,-0.127981185,0.726000959
1497534839395470000,79218,1.649431281,2.157524552,1.075608075,-0.637244827,0.217686451,-0.122566762,0.729046657
1497534839405470000,79219,1.645310959,2.165131767,1.077184199,-0.635028581,0.214061183,-0.118002332,0.732797353
1497534839415470000,79220,1.641000213,2.173101542,1.078646591,-0.635138513,0.208889975,-0.112486027,0.735058461
1497534839425450000,79221,1.636432073,2.180936005,1.080083312,-0.634323522,0.203911992,-0.106652372,0.738023604
1497534839435380000,79222,1.631917103,2.189103713,1.081300043,-0.634535584,0.197322823,-0.101589506,0.740343075
1497534839445400000,79223,1.627134984,2.197248353,1.082363461,-0.633995288,0.191651524,-0.095941278,0.743044373
1497534839455450000,79224,1.622288693,2.204774931,1.082950009,-0.631873136,0.184980461,-0.088810223,0.747416425
1497534839465480000,79225,1.617659257,2.212922562,1.08348459,-0.631119747,0.179285877,-0.083375759,0.750061945
1497534839475460000,79226,1.612653312,2.221150564,1.084039191,-0.6316915,0.173716688,-0.07631181,0.75164145
1497534839485360000,79227,1.607274766,2.229564476,1.084914959,-0.634765679,0.167081211,-0.067770023,0.751374491
1497534839495480000,79228,1.602042745,2.238022289,1.085400381,-0.635845343,0.160962588,-0.06023529,0.75243834
1497534839505480000,79229,1.596609671,2.246409152,1.085818679,-0.637393468,0.154299688,-0.052438324,0.753107825
1497534839515500000,79230,1.59124054,2.254655004,1.085913855,-0.638117437,0.146590305,-0.044172238,0.754563604
1497534839525490000,79231,1.585360622,2.262947742,1.086191921,-0.639958591,0.140029251,-0.035641762,0.754701581
1497534839535480000,79232,1.57941871,2.270975708,1.086353142,-0.640508687,0.132628936,-0.027454073,0.755912999
1497534839545420000,79233,1.573505111,2.279096674,1.086329067,-0.641783286,0.124243087,-0.018917858,0.75651833
1497534839555480000,79234,1.567341889,2.286914721,1.086288773,-0.643146308,0.116005074,-0.009392833,0.756847028
1497534839565490000,79235,1.561164573,2.294339126,1.086009859,-0.642640884,0.108393807,-0.000901928,0.758460719
1497534839575450000,79236,1.554829241,2.302266136,1.086008721,-0.644322558,0.099523966,0.007584781,0.758212301
1497534839585470000,79237,1.548358234,2.309683094,1.08593157,-0.645001516,0.091210559,0.016139999,0.758546754
1497534839595470000,79238,1.542149052,2.316862825,1.085429766,-0.644181624,0.081568973,0.024969631,0.760100688
1497534839605490000,79239,1.535514378,2.324222446,1.085321036,-0.644687962,0.073872219,0.032632512,0.760168038
1497534839615470000,79240,1.529043742,2.331479425,1.085031803,-0.645149274,0.064515189,0.040464373,0.760251826
1497534839625440000,79241,1.522355823,2.338722901,1.084868971,-0.646126866,0.056275409,0.04874224,0.759590248
1497534839635450000,79242,1.515817271,2.34590547,1.084404229,-0.64689335,0.047574553,0.055878198,0.759041028
1497534839645420000,79243,1.509138491,2.353295639,1.083907969,-0.647491223,0.039649786,0.062248756,0.758490675
1497534839655470000,79244,1.502328658,2.360836513,1.083344959,-0.648951639,0.032786203,0.067939785,0.75708059
1497534839665480000,79245,1.495507498,2.368203846,1.082645804,-0.65030056,0.024526715,0.074698233,0.755597641
1497534839675410000,79246,1.488484411,2.375474849,1.081560515,-0.651810187,0.017702268,0.080832809,0.753854208
1497534839685480000,79247,1.481437155,2.38309861,1.080428179,-0.653343909,0.008473686,0.086682645,0.752034609
1497534839695500000,79248,1.473955648,2.390581786,1.079404754,-0.656074086,0.000130214,0.092959366,0.748949486
1497534839705480000,79249,1.466589433,2.398098187,1.077806418,-0.657051689,-0.009934815,0.09853409,0.747312124
1497534839715460000,79250,1.45891598,2.405480322,1.076425212,-0.658296287,-0.018887854,0.105177542,0.745135513
1497534839725480000,79251,1.451052371,2.413215073,1.0750095,-0.660906032,-0.028663131,0.111181978,0.741633474
1497534839735500000,79252,1.443145788,2.42044187,1.073632106,-0.661271137,-0.035780268,0.117571142,0.740011677
1497534839745380000,79253,1.435316588,2.427661896,1.071850283,-0.661497976,-0.041875132,0.122845995,0.738631005
1497534839755420000,79254,1.427398436,2.434889285,1.07061823,-0.663590733,-0.048980099,0.129389239,0.735191617
1497534839765400000,79255,1.419839526,2.441799485,1.068944791,-0.662605043,-0.05685243,0.13706998,0.734121366
1497534839775410000,79256,1.412144245,2.448535748,1.067177507,-0.66263237,-0.059468087,0.142364072,0.732880863
1497534839785520000,79257,1.404548697,2.455443829,1.065993148,-0.661693283,-0.067137065,0.149916673,0.731559707
1497534839795480000,79258,1.397034365,2.4620686,1.06420858,-0.658861351,-0.073244754,0.156209897,0.73221267
1497534839805490000,79259,1.38930537,2.469038179,1.062891918,-0.658545131,-0.076789234,0.161279746,0.731033903
1497534839815440000,79260,1.38216953,2.47545794,1.061226659,-0.654996807,-0.085598068,0.168769356,0.731552498
1497534839825460000,79261,1.374355719,2.482318281,1.060200035,-0.653067088,-0.086709014,0.173967637,0.731929086
1497534839835470000,79262,1.366722238,2.48838911,1.058295676,-0.651586295,-0.083989389,0.178849134,0.732389289
1497534839845460000,79263,1.359112002,2.495379775,1.05723561,-0.648943824,-0.086137191,0.184295712,0.733135314
1497534839855470000,79264,1.351469882,2.502607005,1.056246412,-0.646110408,-0.086812552,0.189150838,0.734320694
1497534839865490000,79265,1.343767767,2.510067821,1.055533363,-0.644590457,-0.087792554,0.193604768,0.734379196
1497534839875400000,79266,1.335999103,2.517551868,1.055000844,-0.642032625,-0.087627592,0.197618234,0.735569539
1497534839885490000,79267,1.328263332,2.52491812,1.054771941,-0.640762008,-0.089505538,0.202074859,0.735240477
1497534839895480000,79268,1.32046993,2.532277808,1.054771345,-0.64050968,-0.090048397,0.205390236,0.734474974
1497534839905500000,79269,1.312662617,2.539562794,1.055160281,-0.639366308,-0.091600834,0.208397846,0.734431991
1497534839915490000,79270,1.304757923,2.546836321,1.055755644,-0.640224697,-0.093227677,0.210218745,0.732959083
1497534839925370000,79271,1.29669589,2.554572237,1.057204627,-0.640421376,-0.095563346,0.211326073,0.732167603
1497534839935430000,79272,1.288762717,2.562363871,1.058960522,-0.642479678,-0.098885459,0.211943235,0.729740772
1497534839945460000,79273,1.281100728,2.569836836,1.060542617,-0.645194507,-0.101922949,0.211361717,0.727091456
1497534839955470000,79274,1.273572924,2.577236142,1.062219319,-0.646181428,-0.103534736,0.210872986,0.726128573
1497534839965510000,79275,1.266274073,2.58454462,1.063857155,-0.64700389,-0.105281745,0.210228344,0.725331486
1497534839975430000,79276,1.259004654,2.591887259,1.06531668,-0.646376381,-0.105562479,0.210514221,0.725767111
1497534839985460000,79277,1.251904935,2.599421105,1.066327938,-0.64697205,-0.102421872,0.209345783,0.72602429
1497534839995480000,79278,1.244981005,2.607140665,1.067606992,-0.648468317,-0.101592646,0.209910492,0.72464154
1497534840005500000,79279,1.238025768,2.614659733,1.068400021,-0.650866679,-0.100053948,0.210779217,0.722449926
1497534840015490000,79280,1.231050934,2.622210955,1.069132935,-0.653914199,-0.099741886,0.210557451,0.7198009
1497534840025460000,79281,1.223965662,2.629256202,1.069655987,-0.657406906,-0.102072946,0.211361571,0.716047177
1497534840035470000,79282,1.216694577,2.635866811,1.069853944,-0.660026449,-0.105546005,0.212391317,0.712821896
1497534840045430000,79283,1.209373248,2.642338896,1.07042468,-0.663101276,-0.112638062,0.213351259,0.708583521
1497534840055480000,79284,1.202250923,2.64794943,1.070501032,-0.666648991,-0.119607892,0.214447099,0.703765243
1497534840065460000,79285,1.195190842,2.653464084,1.070570501,-0.668497073,-0.123748442,0.215163664,0.701072453
1497534840075480000,79286,1.188552488,2.658483033,1.070822524,-0.669379888,-0.129890312,0.218237999,0.698162766
1497534840085490000,79287,1.182319048,2.663244289,1.070905113,-0.670937095,-0.134387945,0.220169149,0.695204172
1497534840095480000,79288,1.176156457,2.667794833,1.070852895,-0.671129478,-0.137432908,0.223631196,0.69331559
1497534840105450000,79289,1.170452532,2.672202314,1.070778781,-0.672221203,-0.140362637,0.225791676,0.690966789
1497534840115490000,79290,1.164621843,2.676965392,1.070881733,-0.670724482,-0.14438024,0.229857914,0.690252385
1497534840125460000,79291,1.159103764,2.681195022,1.070557439,-0.673891108,-0.1453313,0.231098814,0.686544191
1497534840135470000,79292,1.153634789,2.685633284,1.070153369,-0.675316486,-0.146808405,0.233491968,0.684014939
1497534840145430000,79293,1.148252007,2.689942828,1.06982136,-0.678293409,-0.147461039,0.235349817,0.680282115
1497534840155480000,79294,1.143029087,2.694416005,1.069322205,-0.678705181,-0.149081144,0.237567939,0.678745581
1497534840165470000,79295,1.137871923,2.698546502,1.068881427,-0.681660068,-0.147749662,0.238182044,0.675854202
1497534840175440000,79296,1.132719178,2.702695279,1.06852329,-0.6839202,-0.147699549,0.239440132,0.673131805
1497534840185480000,79297,1.127497611,2.706766204,1.068036427,-0.686165738,-0.146847436,0.240087991,0.670798157
1497534840195470000,79298,1.122252467,2.710830086,1.067561637,-0.687958963,-0.146500936,0.240761522,0.668792816
1497534840205490000,79299,1.11679187,2.714931554,1.067137995,-0.690286276,-0.14587908,0.241062121,0.666418191
1497534840215450000,79300,1.111310377,2.718815874,1.066424126,-0.691810857,-0.146808413,0.24179717,0.664363723
1497534840225430000,79301,1.10558541,2.722652878,1.065761072,-0.69451102,-0.147583802,0.241940642,0.6613155
1497534840235440000,79302,1.099650011,2.726398224,1.065327467,-0.697520965,-0.147987749,0.241983788,0.658033415
1497534840245390000,79303,1.093564535,2.730157732,1.064503705,-0.699808946,-0.15067327,0.242495745,0.654798303
1497534840255460000,79304,1.087310114,2.733415409,1.063523759,-0.701876005,-0.152867011,0.242176024,0.652190558
1497534840265500000,79305,1.08089099,2.73676194,1.062483299,-0.703722466,-0.155870191,0.241749145,0.649643383
1497534840275430000,79306,1.074382448,2.740167348,1.061361943,-0.706330846,-0.158582725,0.241199086,0.64635227
1497534840285490000,79307,1.067884269,2.743448281,1.060286386,-0.707288067,-0.161387979,0.241366824,0.644546016
1497534840295470000,79308,1.061228563,2.746802412,1.059087415,-0.709569025,-0.165139342,0.240912079,0.641250472
1497534840305490000,79309,1.054793708,2.749862551,1.057765032,-0.712147435,-0.166936739,0.239506941,0.638447007
1497534840315480000,79310,1.048280341,2.753003956,1.056386109,-0.714533194,-0.168896769,0.238260556,0.635726438
1497534840325450000,79311,1.04174452,2.756127108,1.055204021,-0.715916797,-0.170574763,0.237657897,0.633944883
1497534840335450000,79312,1.034941108,2.759432103,1.053862567,-0.718941712,-0.173038382,0.236214604,0.63038337
1497534840345390000,79313,1.028040389,2.763166721,1.0523859,-0.724412193,-0.176440155,0.235080636,0.623564705
1497534840355480000,79314,1.0213603,2.766288863,1.051041034,-0.726231714,-0.177821331,0.23411481,0.621415584
1497534840365490000,79315,1.014379962,2.76944153,1.049506438,-0.728810496,-0.180631951,0.232510218,0.618179875
1497534840375460000,79316,1.007338911,2.772524983,1.047987339,-0.730543732,-0.182349299,0.230648432,0.6163245
1497534840385480000,79317,1.000235224,2.775671962,1.04641001,-0.732814588,-0.18388755,0.228806318,0.613853254
1497534840395460000,79318,0.992981424,2.779018487,1.044680763,-0.73571631,-0.186577619,0.226956076,0.61024687
1497534840405470000,79319,0.985875005,2.782070897,1.042970016,-0.736778462,-0.18706291,0.22493336,0.609565377
1497534840415430000,79320,0.978521215,2.785319762,1.041006731,-0.740073972,-0.189169341,0.222170058,0.60592569
1497534840425410000,79321,0.971502036,2.788329364,1.039638921,-0.740900906,-0.188434277,0.220287172,0.605831604
1497534840435460000,79322,0.964079362,2.791395707,1.037613646,-0.742581963,-0.189490092,0.217159349,0.604572039
1497534840445460000,79323,0.956743367,2.794582387,1.036011779,-0.743888901,-0.189518151,0.214851223,0.603780692
1497534840455490000,79324,0.949410983,2.797667814,1.03420897,-0.745160917,-0.188574347,0.212295863,0.60341146
1497534840465500000,79325,0.941973711,2.800526526,1.032275286,-0.746862795,-0.188632805,0.209247029,0.602353145
1497534840475470000,79326,0.934454154,2.80354291,1.030800767,-0.748427012,-0.187179823,0.206909326,0.601672047
1497534840485400000,79327,0.926849023,2.806205971,1.028722225,-0.749980661,-0.188174705,0.204579116,0.600222187
1497534840495480000,79328,0.919245537,2.808893084,1.027304485,-0.750716808,-0.186959132,0.202701898,0.600318663
1497534840505500000,79329,0.911599988,2.811319274,1.025723207,-0.750657785,-0.187550715,0.200189507,0.601050564
1497534840515460000,79330,0.903812873,2.813715986,1.024403686,-0.751858353,-0.187136923,0.198154242,0.600352968
1497534840525500000,79331,0.895930703,2.81609224,1.022792029,-0.751566245,-0.187233896,0.195862792,0.601439451
1497534840535430000,79332,0.887835008,2.818300405,1.021351462,-0.752040787,-0.187055205,0.192465741,0.601998291
1497534840545330000,79333,0.879633914,2.820711059,1.020405037,-0.753119718,-0.185895723,0.189799122,0.601855268
1497534840555490000,79334,0.871281306,2.82306264,1.019264124,-0.752947284,-0.184386059,0.18650922,0.603561496
1497534840565500000,79335,0.862744219,2.825465865,1.0186029,-0.753257812,-0.182307137,0.183884672,0.60460996
1497534840575450000,79336,0.854068634,2.827962215,1.0180967,-0.754015045,-0.18008655,0.181818556,0.604956328
1497534840585510000,79337,0.845101728,2.830331504,1.017775773,-0.75367163,-0.17772834,0.179813305,0.606678569
1497534840595430000,79338,0.83581338,2.83257264,1.017640081,-0.753684426,-0.176266166,0.178185136,0.607568994
1497534840605500000,79339,0.826311784,2.834774858,1.017516564,-0.753450547,-0.175770865,0.177803351,0.608114171
1497534840615460000,79340,0.81640728,2.836872778,1.01761025,-0.753267082,-0.175240436,0.178204994,0.608376917
1497534840625480000,79341,0.806246087,2.838717154,1.018221207,-0.752547962,-0.174288103,0.17899456,0.609307944
1497534840635490000,79342,0.795700888,2.840456631,1.019011924,-0.750573899,-0.174820446,0.180517613,0.611138303
1497534840645440000,79343,0.784877368,2.842058221,1.019779376,-0.749570202,-0.175248432,0.1825401,0.611646639
1497534840655480000,79344,0.773992043,2.843438267,1.020761843,-0.747680033,-0.175298634,0.186309563,0.612808048
1497534840665500000,79345,0.762760439,2.84472465,1.021974336,-0.746940332,-0.17708884,0.191073679,0.611727498
1497534840675470000,79346,0.751404666,2.845569946,1.023159483,-0.744755523,-0.180114714,0.19606847,0.611927329
1497534840685500000,79347,0.740240164,2.846239753,1.024633145,-0.741398828,-0.182676977,0.201150359,0.613592236
1497534840695500000,79348,0.729026635,2.846831282,1.026311985,-0.738482974,-0.18609729,0.207037615,0.614122237
1497534840705500000,79349,0.718214584,2.847226944,1.028245448,-0.733982594,-0.188887448,0.212984485,0.616626867
1497534840715490000,79350,0.707592679,2.847401031,1.02996238,-0.728835955,-0.192547074,0.218220266,0.619760994
1497534840725470000,79351,0.697406206,2.847444271,1.031739377,-0.722525681,-0.195338933,0.223792388,0.624272624
1497534840735510000,79352,0.687558719,2.847641143,1.033441406,-0.71579449,-0.197750747,0.229061637,0.629335885
1497534840745450000,79353,0.678118945,2.847898536,1.035061878,-0.709478457,-0.199058366,0.234082572,0.634209299
1497534840755500000,79354,0.668963443,2.848278622,1.036576358,-0.703733445,-0.198774141,0.238549873,0.639016461
1497534840765510000,79355,0.659984274,2.849057471,1.03776585,-0.699827229,-0.198502928,0.243651331,0.641461196
1497534840775510000,79356,0.651426303,2.849941163,1.039014106,-0.695486549,-0.19568637,0.248676124,0.645108898
1497534840785500000,79357,0.642899999,2.850982098,1.039995847,-0.692313034,-0.193557547,0.253529416,0.647271947
1497534840795530000,79358,0.634806109,2.851983668,1.041166989,-0.688877849,-0.188978478,0.258993228,0.650120721
1497534840805500000,79359,0.626699566,2.853019206,1.042256401,-0.686433705,-0.185141052,0.264530228,0.651579095
1497534840815500000,79360,0.618727729,2.854051144,1.043350995,-0.683611211,-0.181135326,0.270661685,0.653152324
1497534840825480000,79361,0.610731879,2.855034797,1.04454307,-0.68051561,-0.17731002,0.276422826,0.655019147
1497534840835500000,79362,0.602608508,2.855986148,1.045631437,-0.677870486,-0.174696068,0.282409021,0.65591008
1497534840845440000,79363,0.594386442,2.856759594,1.047045058,-0.674639998,-0.173059164,0.287866839,0.657300603
1497534840855490000,79364,0.585994263,2.857522845,1.048554539,-0.671207911,-0.17263178,0.293762377,0.658317457
1497534840865510000,79365,0.57734294,2.858075221,1.050277361,-0.667673522,-0.174243945,0.298794408,0.659221523
1497534840875460000,79366,0.568691283,2.858464803,1.052198944,-0.663564237,-0.175754241,0.30336041,0.660882298
1497534840885510000,79367,0.559888149,2.858682202,1.054048325,-0.658876816,-0.177980816,0.308392867,0.662644709
1497534840895490000,79368,0.551044261,2.858934226,1.055944881,-0.653949505,-0.180549078,0.313849638,0.664266873
1497534840905500000,79369,0.542006422,2.859183268,1.057582675,-0.649833023,-0.184600109,0.318861917,0.664805927
1497534840915480000,79370,0.532899967,2.859370207,1.059132442,-0.645815352,-0.188204912,0.32381366,0.665316583
1497534840925460000,79371,0.523889056,2.859457099,1.06066716,-0.641091459,-0.190276305,0.328823143,0.666837319
1497534840935490000,79372,0.514622578,2.859727065,1.062063009,-0.63774405,-0.194186938,0.334105299,0.666293936
1497534840945380000,79373,0.505367867,2.859840613,1.063296244,-0.634047323,-0.197417646,0.338849127,0.666476957
1497534840955460000,79374,0.496076456,2.860046775,1.064300289,-0.630440018,-0.200402306,0.344227154,0.666252179
1497534840965390000,79375,0.486506635,2.860243753,1.065203909,-0.627141982,-0.204412553,0.349000527,0.665662884
1497534840975440000,79376,0.476559085,2.860616986,1.066371696,-0.626510973,-0.209863439,0.352513676,0.662703136
1497534840985470000,79377,0.466404118,2.861136667,1.06739379,-0.622557838,-0.206232875,0.355542687,0.665942293
1497534840995490000,79378,0.457583945,2.860250036,1.06655417,-0.619779958,-0.218269921,0.362789755,0.660768219
1497534841005510000,79379,0.447730979,2.860173057,1.066661214,-0.61739026,-0.222602399,0.366908187,0.659284324
1497534841015490000,79380,0.437821208,2.859974729,1.066500759,-0.614923615,-0.227235383,0.371388054,0.657498245
1497534841025510000,79381,0.427896736,2.859738969,1.065966953,-0.612546515,-0.231678627,0.376124124,0.655471146
1497534841035490000,79382,0.417575542,2.859654635,1.065180428,-0.611502897,-0.237722176,0.379680597,0.652223135
1497534841045430000,79383,0.407130814,2.859521275,1.06425884,-0.610765798,-0.243913797,0.383036595,0.648655661
1497534841055470000,79384,0.396887603,2.859382577,1.06280707,-0.609243137,-0.248839586,0.38619472,0.646339925
1497534841065460000,79385,0.386371073,2.859320501,1.061272423,-0.608575306,-0.254578115,0.388822531,0.643150931
1497534841075420000,79386,0.375349199,2.859673604,1.059738741,-0.608752589,-0.258164711,0.38969678,0.641020817
1497534841085480000,79387,0.364316068,2.86002749,1.058159975,-0.610919782,-0.264866534,0.391027585,0.635389775
1497534841095510000,79388,0.353758491,2.859962188,1.05578885,-0.610450354,-0.272078488,0.393099252,0.631503475
1497534841105510000,79389,0.343062269,2.859933913,1.053636251,-0.609170594,-0.279116171,0.395262351,0.628309657
1497534841115510000,79390,0.332156768,2.860080859,1.051380786,-0.608355877,-0.287483069,0.397645377,0.623806674
1497534841125480000,79391,0.321063846,2.859865404,1.049350328,-0.605242322,-0.29379233,0.399458106,0.622736718
1497534841135500000,79392,0.309660577,2.860084479,1.047829424,-0.605502108,-0.300408251,0.400968687,0.618341485
1497534841145450000,79393,0.298936744,2.85988002,1.045868347,-0.603982158,-0.305630501,0.402808574,0.616068829
1497534841155470000,79394,0.288947942,2.85946567,1.043731781,-0.601176715,-0.311648215,0.405994091,0.613702489
1497534841165500000,79395,0.278406067,2.859710951,1.042593171,-0.600012767,-0.31481722,0.408880824,0.611302928
1497534841175460000,79396,0.26830223,2.859822115,1.041484619,-0.598192862,-0.317808478,0.412093364,0.609378479
1497534841185510000,79397,0.258054694,2.860121465,1.040748191,-0.59546672,-0.320053549,0.415563329,0.608516417
1497534841195510000,79398,0.247906892,2.860319618,1.040143554,-0.592171601,-0.321645669,0.418983935,0.608546893
1497534841205510000,79399,0.237804835,2.860265858,1.039297759,-0.588154955,-0.321849662,0.422391384,0.6099771
1497534841215510000,79400,0.227661968,2.860179372,1.038348424,-0.583882434,-0.321559206,0.4262341,0.611559868
1497534841225490000,79401,0.217544794,2.859940047,1.036927387,-0.578451314,-0.318709367,0.431092118,0.614799156
1497534841235500000,79402,0.206350735,2.86014382,1.035930457,-0.576231284,-0.317193867,0.434523674,0.615251765
1497534841245450000,79403,0.194989438,2.860499401,1.03493079,-0.57437204,-0.315522225,0.438741142,0.614856646
1497534841255460000,79404,0.183219373,2.860829926,1.033931025,-0.573140467,-0.314825646,0.442473738,0.613687062
1497534841265520000,79405,0.17117331,2.861185957,1.033370268,-0.572239451,-0.314812955,0.445730591,0.612175673
1497534841275490000,79406,0.159370334,2.861428972,1.032712797,-0.569701718,-0.314966553,0.449326146,0.611834975
1497534841285510000,79407,0.147658161,2.861616061,1.032536491,-0.567434161,-0.31630985,0.452637863,0.610807267
1497534841295510000,79408,0.135960993,2.861838835,1.033066566,-0.565914072,-0.316528982,0.454607764,0.610641014
1497534841305520000,79409,0.124559905,2.862047599,1.034308953,-0.565522932,-0.31593721,0.455855752,0.610379412
1497534841315520000,79410,0.113029714,2.862531295,1.035981466,-0.567858815,-0.315062658,0.455184756,0.609162315
1497534841325490000,79411,0.101577503,2.863297417,1.038103275,-0.571691649,-0.316088579,0.45368101,0.606160218
1497534841335470000,79412,0.090328989,2.864067706,1.039806092,-0.573957058,-0.317227807,0.453541875,0.603522644
1497534841345460000,79413,0.078794744,2.865118722,1.041699685,-0.576875519,-0.319066448,0.452340741,0.600665541
1497534841355510000,79414,0.067190115,2.86608595,1.043527514,-0.579648805,-0.319306331,0.450759205,0.59905498
1497534841365520000,79415,0.056144465,2.86662543,1.044876569,-0.580591252,-0.317639116,0.450041931,0.59956772
1497534841375490000,79416,0.045404113,2.867155179,1.045977018,-0.581540547,-0.316842476,0.44879552,0.600003349
1497534841385520000,79417,0.034921105,2.867509134,1.046788361,-0.582167886,-0.315057141,0.448261734,0.600733692
1497534841395510000,79418,0.024693497,2.867493004,1.047483705,-0.581982921,-0.314692984,0.448068104,0.601248019
1497534841405520000,79419,0.014648589,2.867496293,1.04794704,-0.581675844,-0.31587846,0.447381078,0.601435102
1497534841415510000,79420,0.004764562,2.867083667,1.048498447,-0.580728894,-0.318961852,0.447109439,0.600924653
1497534841425490000,79421,-0.005047233,2.866677501,1.048931966,-0.580382936,-0.322780268,0.445620117,0.600325959
1497534841435520000,79422,-0.014710499,2.866260917,1.049438232,-0.581275953,-0.329168743,0.443519986,0.597541821
1497534841445480000,79423,-0.02409184,2.865746968,1.049856482,-0.582319499,-0.335022226,0.442112212,0.594307077
1497534841455480000,79424,-0.0336064,2.865496839,1.05049614,-0.584334605,-0.3406008,0.440431406,0.590393379
1497534841465510000,79425,-0.042508191,2.865024041,1.050513918,-0.586094563,-0.344616324,0.439031687,0.587353327
1497534841475480000,79426,-0.051310068,2.864713066,1.050961594,-0.587302418,-0.348500969,0.438479534,0.584259054
1497534841485490000,79427,-0.059804943,2.864199466,1.05139944,-0.58820034,-0.350949953,0.438994883,0.581496332
1497534841495500000,79428,-0.068083811,2.863607343,1.051966532,-0.588201035,-0.352855003,0.440142399,0.579471792
1497534841505560000,79429,-0.075923464,2.862718417,1.051453368,-0.58851788,-0.354657268,0.441805396,0.576778049
1497534841515510000,79430,-0.084038694,2.861964182,1.0516111,-0.589557406,-0.355476583,0.442877257,0.574385062
1497534841525490000,79431,-0.09211249,2.861262579,1.05161589,-0.591453127,-0.356104848,0.443790438,0.571334038
1497534841535490000,79432,-0.100156904,2.860570958,1.05140823,-0.593568421,-0.35703775,0.444350533,0.568113702
1497534841545460000,79433,-0.108245802,2.859914934,1.051325044,-0.595914672,-0.35794258,0.444582321,0.564897666
1497534841555410000,79434,-0.116241392,2.859034421,1.050741737,-0.598521069,-0.358763355,0.44444174,0.561723174
1497534841565580000,79435,-0.124477472,2.858289265,1.050679642,-0.601078987,-0.36100112,0.443537801,0.558262001
1497534841575480000,79436,-0.132479932,2.857193332,1.050242345,-0.603240616,-0.363112255,0.442616223,0.555284728
1497534841585520000,79437,-0.140386035,2.856085645,1.049751065,-0.605077084,-0.365117223,0.441506186,0.552850272
1497534841595510000,79438,-0.148354367,2.854959653,1.049498477,-0.606528558,-0.36785527,0.440525016,0.550221154
1497534841605490000,79439,-0.156082236,2.853698066,1.049068965,-0.607421814,-0.369862931,0.439961994,0.548337119
1497534841615510000,79440,-0.163883146,2.852377489,1.04868514,-0.608350932,-0.371606633,0.439427353,0.546553982
1497534841625490000,79441,-0.171207958,2.85041727,1.047127768,-0.609292079,-0.373707886,0.438783487,0.54458666
1497534841635520000,79442,-0.179104151,2.849022022,1.046777479,-0.610228606,-0.376897536,0.438053824,0.54192079
1497534841645450000,79443,-0.186670878,2.847349443,1.0458384,-0.611421981,-0.378455735,0.437278489,0.540112896
1497534841655510000,79444,-0.194420681,2.845586067,1.044789968,-0.612805314,-0.381454484,0.436099135,0.537382236
1497534841665520000,79445,-0.202095942,2.843850409,1.043772917,-0.614189076,-0.38379979,0.434696501,0.535264843
1497534841675480000,79446,-0.209802503,2.842025626,1.042412236,-0.616290451,-0.3865313,0.433075531,0.532189081
1497534841685510000,79447,-0.217574339,2.840535211,1.041999748,-0.617236652,-0.388356748,0.431200965,0.531284932
1497534841695470000,79448,-0.224857465,2.838279997,1.04004992,-0.618979859,-0.389822181,0.428510193,0.530359893
1497534841705490000,79449,-0.233393684,2.83648805,1.038917185,-0.623455303,-0.398282443,0.423316135,0.52295127
1497534841715460000,79450,-0.241117343,2.834543366,1.037665801,-0.62531246,-0.400226125,0.420214543,0.521750049
1497534841725480000,79451,-0.248756948,2.832758159,1.036324282,-0.628270162,-0.399785508,0.417772422,0.520494337
1497534841735540000,79452,-0.256801331,2.830902112,1.035403717,-0.629925901,-0.401862027,0.414397182,0.519591423
1497534841745430000,79453,-0.258636064,2.823021137,1.030132614,-0.604806243,-0.391803859,0.424619636,0.548085131
1497534841755490000,79454,-0.265358923,2.820806475,1.026587332,-0.610675768,-0.384540328,0.424012694,0.547190165
1497534841765550000,79455,-0.277670341,2.819260737,1.025680038,-0.611517841,-0.390179824,0.40522477,0.55641578
1497534841775510000,79456,-0.282353948,2.815740111,1.023221822,-0.615401902,-0.390391774,0.416972134,0.543147311
1497534841785510000,79457,-0.290649119,2.812805303,1.021501427,-0.616593353,-0.393055461,0.414229938,0.541971955
1497534841795520000,79458,-0.298589917,2.81001962,1.018839939,-0.619849228,-0.390840368,0.412029131,0.541537382
1497534841805620000,79459,-0.307063431,2.806969918,1.017004221,-0.620552015,-0.393869896,0.409117219,0.540744675
1497534841815510000,79460,-0.319786855,2.804634576,1.016425897,-0.619765321,-0.402691469,0.388229013,0.550462316
1497534841825500000,79461,-0.327336443,2.801576553,1.013606099,-0.623897157,-0.39352446,0.38818367,0.552452963
1497534841835510000,79462,-0.3356254,2.797598598,1.012797425,-0.628000029,-0.412068175,0.3829226,0.53776023
1497534841845470000,79463,-0.343558249,2.794252071,1.011128908,-0.627306184,-0.413372374,0.380243609,0.539467357
1497534841855480000,79464,-0.351383403,2.79088512,1.009539871,-0.627071224,-0.413419561,0.378698296,0.540789744
1497534841865530000,79465,-0.359968026,2.787801235,1.007471556,-0.620870659,-0.410948637,0.37402473,0.552943346
1497534841875430000,79466,-0.368048584,2.78436461,1.006114881,-0.621613674,-0.411946658,0.372408108,0.55245687
1497534841885440000,79467,-0.376084193,2.780476317,1.004399248,-0.620998834,-0.412709836,0.370495664,0.553862802
1497534841895520000,79468,-0.383976105,2.776100074,1.003585954,-0.627631486,-0.417405921,0.371814651,0.541853191
1497534841905530000,79469,-0.392129816,2.771963438,1.001851636,-0.630274131,-0.415143023,0.370755277,0.541249772
1497534841915510000,79470,-0.400524603,2.767502018,1.000434756,-0.629255075,-0.413428988,0.370617903,0.543835355
1497534841925500000,79471,-0.40969076,2.763164922,0.999891662,-0.628264951,-0.415341834,0.368975068,0.544639065
1497534841935530000,79472,-0.418693514,2.758860164,0.998958643,-0.629831892,-0.413094115,0.368124892,0.545113845
1497534841945510000,79473,-0.427714343,2.754253504,0.998066331,-0.631386025,-0.410035021,0.36746663,0.546068901
1497534841955510000,79474,-0.436885483,2.749269099,0.997926285,-0.631471969,-0.40794547,0.366454838,0.548210268
1497534841965530000,79475,-0.446551719,2.744347563,0.997941883,-0.63143243,-0.407762547,0.365517594,0.549017013
1497534841975420000,79476,-0.456049455,2.739139995,0.997533419,-0.633698281,-0.404602552,0.365164247,0.548979359
1497534841985460000,79477,-0.465640234,2.733549009,0.997991544,-0.633601298,-0.403810396,0.367041242,0.548422543
1497534841995530000,79478,-0.475558449,2.727661344,0.998613262,-0.633637502,-0.402516538,0.367024907,0.549342034
1497534842005530000,79479,-0.485530094,2.721593777,0.999034661,-0.632582764,-0.401560074,0.370158551,0.549154988
1497534842015490000,79480,-0.495231625,2.71470299,0.999704993,-0.63081292,-0.401860503,0.374010778,0.548360405
1497534842025490000,79481,-0.505081567,2.707800102,1.001216655,-0.627809289,-0.40474156,0.378489748,0.546612547
1497534842035510000,79482,-0.514539943,2.70074951,1.002055987,-0.626830047,-0.406068068,0.383439881,0.543292439
1497534842045470000,79483,-0.523748508,2.693509131,1.003533048,-0.621742349,-0.408066859,0.390258355,0.54278569
1497534842055510000,79484,-0.529936855,2.683817832,1.007767804,-0.628029014,-0.419565441,0.401434548,0.518068241
1497534842065470000,79485,-0.540253468,2.675958706,1.010222791,-0.632980056,-0.408660876,0.407097177,0.516337512
1497534842075530000,79486,-0.548921959,2.669460321,1.011905226,-0.628809599,-0.408458976,0.413678364,0.516362242
1497534842085510000,79487,-0.549771166,2.665674027,1.006562239,-0.622808997,-0.408782705,0.420774043,0.517643563
1497534842095530000,79488,-0.562430811,2.658321068,1.011916379,-0.619040834,-0.407338497,0.42655459,0.518570127
1497534842105530000,79489,-0.566744693,2.653832902,1.009795684,-0.614700753,-0.406242417,0.432750536,0.519458427
1497534842115520000,79490,-0.580457157,2.646411985,1.016250377,-0.612270908,-0.403728225,0.437882501,0.51998728
1497534842125510000,79491,-0.581623148,2.643395777,1.011125033,-0.60807935,-0.402072658,0.444595149,0.520492301
1497534842135540000,79492,-0.589607436,2.638260078,1.01258109,-0.605444129,-0.399492483,0.450970201,0.520066381
1497534842145470000,79493,-0.59704188,2.633367739,1.013766421,-0.602869447,-0.396584747,0.457334117,0.519725382
1497534842155540000,79494,-0.604471687,2.62867869,1.01516323,-0.600671802,-0.392992266,0.463695429,0.519362122
1497534842165530000,79495,-0.611385913,2.624228014,1.016239442,-0.598108028,-0.389766993,0.470197424,0.518905445
1497534842175470000,79496,-0.618702097,2.619611398,1.01802149,-0.596445993,-0.386405996,0.475319501,0.518665552
1497534842185490000,79497,-0.626643519,2.614986801,1.020765757,-0.594670242,-0.383208951,0.480443816,0.518355035
1497534842195540000,79498,-0.633914464,2.610568122,1.023113077,-0.59292922,-0.380079835,0.485965293,0.51750555
1497534842205520000,79499,-0.637295991,2.607372468,1.021860361,-0.589899538,-0.377957748,0.490797987,0.517961206
1497534842215530000,79500,-0.645579811,2.602525281,1.02542963,-0.587755964,-0.374777481,0.495377661,0.518349052
1497534842225510000,79501,-0.651321319,2.598302738,1.026702248,-0.584007077,-0.37365241,0.500194363,0.518772793
1497534842235520000,79502,-0.658383568,2.593476914,1.029234861,-0.580221162,-0.372945292,0.504531621,0.519329429
1497534842245470000,79503,-0.665512663,2.588572713,1.031517111,-0.575831374,-0.373599121,0.508829904,0.519551782
1497534842255530000,79504,-0.680488363,2.592457536,1.037567567,-0.572899268,-0.381309653,0.512683192,0.513366655
1497534842265530000,79505,-0.679009579,2.581015825,1.031126784,-0.539217068,-0.346200709,0.538624597,0.547059015
1497534842275490000,79506,-0.68567895,2.576251252,1.032673867,-0.533856859,-0.345695051,0.54374796,0.547567294
1497534842285450000,79507,-0.69332034,2.570931737,1.0353708,-0.566538317,-0.356467754,0.51309709,0.537304803
1497534842295540000,79508,-0.700242414,2.56600773,1.036750349,-0.562205797,-0.358370166,0.517702611,0.536171123
1497534842305540000,79509,-0.707094058,2.56110793,1.037942028,-0.558485725,-0.360349582,0.521862735,0.534697259
1497534842315540000,79510,-0.713885503,2.556289635,1.038853554,-0.554566611,-0.360426371,0.526310495,0.534365015
1497534842325400000,79511,-0.720783113,2.551304315,1.039501445,-0.550864565,-0.36244831,0.530537716,0.532643582
1497534842335530000,79512,-0.725913039,2.544679986,1.042208375,-0.535373832,-0.387188704,0.548530679,0.512419615
1497534842345510000,79513,-0.732942839,2.53953455,1.042613787,-0.531410773,-0.39003446,0.552354164,0.510275012
1497534842355520000,79514,-0.740362122,2.534339115,1.042941573,-0.528477584,-0.392224443,0.555458608,0.508268791
1497534842365530000,79515,-0.747842898,2.529076655,1.043012168,-0.525073821,-0.395569846,0.558873373,0.505452799
1497534842375500000,79516,-0.754775245,2.523925975,1.042070226,-0.522075002,-0.398842265,0.561709525,0.502836902
1497534842385520000,79517,-0.762973075,2.518339736,1.042179022,-0.519181645,-0.402861069,0.564428648,0.499573498
1497534842395520000,79518,-0.771108955,2.512789842,1.04191448,-0.516570764,-0.406451002,0.567209411,0.496211358
1497534842405520000,79519,-0.779301709,2.507135463,1.041373655,-0.513992906,-0.4097708,0.5698622,0.493108769
1497534842415510000,79520,-0.786178219,2.501757749,1.039281096,-0.511108582,-0.413620598,0.572041137,0.490362066
1497534842425460000,79521,-0.794051347,2.496044771,1.037801436,-0.508819439,-0.417755114,0.573966333,0.486976479
1497534842435460000,79522,-0.802310726,2.490179768,1.036439565,-0.507306136,-0.42274918,0.574985865,0.48302678
1497534842445390000,79523,-0.811149236,2.484147583,1.035449304,-0.5058238,-0.427559456,0.575832764,0.47932434
1497534842455510000,79524,-0.819011746,2.478162252,1.033358071,-0.503535224,-0.432372529,0.576782068,0.476265388
1497534842465570000,79525,-0.827157544,2.472061953,1.031224112,-0.500578319,-0.438036676,0.578275338,0.472379986
1497534842475510000,79526,-0.835449351,2.465882248,1.028797588,-0.497349007,-0.444194383,0.57937081,0.468684093
1497534842485530000,79527,-0.843666554,2.459549429,1.026417341,-0.493452829,-0.449784503,0.581251691,0.465128669
1497534842495530000,79528,-0.854005205,2.452593203,1.026133917,-0.490314628,-0.45468642,0.582498699,0.462111557
1497534842505560000,79529,-0.86334873,2.445807861,1.024954091,-0.486796469,-0.459633178,0.584547792,0.458334395
1497534842515540000,79530,-0.872736846,2.438750215,1.023976196,-0.482736829,-0.463023684,0.586936299,0.45615787
1497534842525510000,79531,-0.880658498,2.432174549,1.021503456,-0.479523902,-0.465257475,0.590119435,0.453157104
1497534842535530000,79532,-0.888905827,2.425547281,1.019671879,-0.475226463,-0.467678972,0.593661726,0.450557368
1497534842545480000,79533,-0.897207517,2.41896337,1.017871779,-0.47127314,-0.469011899,0.597213201,0.448626636
1497534842555530000,79534,-0.908579206,2.411941846,1.019623014,-0.468435048,-0.470688791,0.599668974,0.446562189
1497534842565540000,79535,-0.917476836,2.405528986,1.018662275,-0.465488864,-0.471386996,0.602470315,0.445133618
1497534842575510000,79536,-0.925596853,2.399505619,1.016700855,-0.461526094,-0.472847824,0.605097413,0.444146057
1497534842585540000,79537,-0.93526254,2.393225476,1.01652503,-0.457831298,-0.472186205,0.607929218,0.444806425
1497534842595510000,79538,-0.944824215,2.387137118,1.015868099,-0.455564999,-0.471720095,0.610162398,0.444570053
1497534842605590000,79539,-0.95515864,2.380971499,1.016026867,-0.453131284,-0.470930827,0.613214925,0.443693194
1497534842615520000,79540,-0.964660204,2.375004205,1.014788538,-0.451733623,-0.468629558,0.616248563,0.443351756
1497534842625510000,79541,-0.974647049,2.368805591,1.014213838,-0.451094658,-0.46691232,0.619256971,0.441618952
1497534842635540000,79542,-0.98655821,2.362211213,1.016171487,-0.448959852,-0.46764897,0.622202451,0.438866269
1497534842645480000,79543,-0.996439504,2.355825041,1.015804752,-0.448014834,-0.465481337,0.625377061,0.437622401
1497534842655540000,79544,-1.006114752,2.349406714,1.015628445,-0.447656471,-0.466208043,0.627084676,0.434762641
1497534842665520000,79545,-1.016473375,2.342915438,1.016864077,-0.448014498,-0.468512786,0.626865462,0.432225025
1497534842675510000,79546,-1.025807296,2.336500238,1.017523845,-0.449310012,-0.471219027,0.625820811,0.42944319
1497534842685380000,79547,-1.035344261,2.330184129,1.019085498,-0.447743523,-0.474236526,0.625357295,0.428431685
1497534842695360000,79548,-1.045133827,2.323965647,1.02157783,-0.445657791,-0.476830351,0.624695903,0.428692173
1497534842705520000,79549,-1.05401497,2.318155567,1.023533254,-0.442405464,-0.479369441,0.624349239,0.429732908
1497534842715510000,79550,-1.063082001,2.312531768,1.02556795,-0.440856669,-0.479866928,0.623784195,0.431585921
1497534842725480000,79551,-1.071911528,2.307173915,1.027251935,-0.441116421,-0.480330246,0.622537683,0.432603734
1497534842735510000,79552,-1.080998493,2.301951919,1.029264092,-0.442778301,-0.480050962,0.620633331,0.433950133
1497534842745460000,79553,-1.089463546,2.296954538,1.030755282,-0.444340731,-0.480276837,0.619590846,0.433592733
1497534842755510000,79554,-1.097695774,2.292035608,1.032157206,-0.445719642,-0.478945895,0.619424883,0.433886672
1497534842765520000,79555,-1.105619718,2.287079393,1.033340373,-0.446402675,-0.478870038,0.619370926,0.433344891
1497534842775510000,79556,-1.113244539,2.281961295,1.034124109,-0.446508187,-0.481163446,0.618481587,0.431963776
1497534842785500000,79557,-1.120919316,2.276664459,1.034884508,-0.446595281,-0.485122908,0.616695854,0.429993771
1497534842795550000,79558,-1.128187286,2.271325524,1.035022161,-0.446089675,-0.491341781,0.614244466,0.426955493
1497534842805540000,79559,-1.13624369,2.265712393,1.036579877,-0.445028483,-0.498244352,0.611688465,0.423720942
1497534842815540000,79560,-1.143488133,2.260307684,1.037176293,-0.444718415,-0.503850207,0.609446958,0.42063631
1497534842825530000,79561,-1.149973907,2.255079599,1.037122767,-0.444093323,-0.508640125,0.607805327,0.417898346
1497534842835520000,79562,-1.156726649,2.249971273,1.037963225,-0.443662992,-0.511652613,0.607211724,0.415534205
1497534842845480000,79563,-1.163085443,2.245071117,1.038592536,-0.44251851,-0.51369386,0.607783342,0.413394963
1497534842855530000,79564,-1.169104835,2.240335376,1.038868775,-0.442091176,-0.514960838,0.608499438,0.411216684
1497534842865540000,79565,-1.175306811,2.235629177,1.039300612,-0.442844358,-0.516356801,0.608446131,0.40872709
1497534842875520000,79566,-1.181378443,2.230993124,1.039345366,-0.444356678,-0.517705907,0.607939185,0.406125207
1497534842885530000,79567,-1.187502571,2.226287373,1.039465477,-0.446557133,-0.519555993,0.606782945,0.403066687
1497534842895540000,79568,-1.193380133,2.22156825,1.03933737,-0.448341115,-0.521328732,0.606001651,0.399960744
1497534842905540000,79569,-1.199221713,2.2167244,1.039106693,-0.450344524,-0.523197644,0.605174885,0.396506487
1497534842915540000,79570,-1.205364386,2.211708468,1.039236107,-0.452088638,-0.525998047,0.603639596,0.393142666
1497534842925510000,79571,-1.211209888,2.206621844,1.039278431,-0.453039488,-0.527321412,0.603145962,0.391027235
1497534842935530000,79572,-1.21651031,2.201376163,1.038655492,-0.453912515,-0.529675402,0.602181577,0.388310115
1497534842945480000,79573,-1.222165524,2.195926332,1.03866301,-0.453747418,-0.533135587,0.601168229,0.385326468
1497534842955520000,79574,-1.227286829,2.190300372,1.037743867,-0.454484504,-0.535413254,0.59980931,0.383412668
1497534842965540000,79575,-1.233305798,2.184578258,1.038267292,-0.454927551,-0.538732198,0.59831185,0.380567304
1497534842975510000,79576,-1.238362857,2.178675815,1.037233995,-0.454523017,-0.542259464,0.597026704,0.378051075
1497534842985560000,79577,-1.243713139,2.172654771,1.0367718,-0.453856917,-0.54676991,0.595367298,0.374959124
1497534842995540000,79578,-1.248835149,2.166497747,1.035573408,-0.454157751,-0.550207008,0.59343002,0.372630913
1497534843005550000,79579,-1.254139623,2.160317622,1.034926336,-0.454078879,-0.55558624,0.590727795,0.369021644
1497534843015540000,79580,-1.259239244,2.153998733,1.033534292,-0.453783323,-0.559570897,0.588610977,0.366739996
1497534843025510000,79581,-1.264346933,2.147659333,1.032260185,-0.453401727,-0.5636002,0.586288037,0.364757489
1497534843035510000,79582,-1.269638764,2.141304541,1.031261002,-0.453778496,-0.567610693,0.583378747,0.362729121
1497534843045480000,79583,-1.27468335,2.134961527,1.029706077,-0.454706209,-0.571093897,0.580324474,0.360995192
1497534843055520000,79584,-1.279663672,2.128620011,1.028041766,-0.455342295,-0.573965346,0.577588112,0.360026594
1497534843065550000,79585,-1.28490666,2.12216456,1.026988721,0.45639372,0.577205325,-0.574645666,-0.358219407
1497534843075500000,79586,-1.289983059,2.115663639,1.025573388,0.458274238,0.579721393,-0.571654579,-0.356537337
1497534843085460000,79587,-1.295617459,2.109123756,1.024843892,0.460480511,0.581928826,-0.569117497,-0.354149425
1497534843095520000,79588,-1.301446513,2.102024722,1.023273276,0.463497728,0.59022091,-0.562694035,-0.346676444
1497534843105560000,79589,-1.306337741,2.094833498,1.02154099,0.464132007,0.593733625,-0.559943478,-0.344274838
1497534843115520000,79590,-1.311229152,2.087456959,1.020235853,0.463261894,0.59608508,-0.558654214,-0.343477023
1497534843125510000,79591,-1.315463637,2.079816155,1.017685091,0.461882477,0.599220757,-0.557449609,-0.341831823
1497534843135490000,79592,-1.320704948,2.072167942,1.016889562,0.461209146,0.602267453,-0.555892421,-0.339917128
1497534843145450000,79593,-1.32517899,2.064341671,1.015217027,0.459854755,0.603693777,-0.55526828,-0.340241921
1497534843155490000,79594,-1.324913117,2.05787876,1.015456883,0.442724804,0.581969876,-0.577702125,-0.36272037
1497534843165500000,79595,-1.329558114,2.049742927,1.013502462,0.441879072,0.585263943,-0.575870738,-0.36136117
1497534843175490000,79596,-1.334531013,2.041440229,1.01261423,0.440525338,0.58880054,-0.574220412,-0.359892025
1497534843185490000,79597,-1.338842627,2.033278346,1.010346443,0.440687126,0.591704661,-0.571856454,-0.35869297
1497534843195580000,79598,-1.343442304,2.024943189,1.009292564,0.4394714,0.594277008,-0.570805951,-0.357603541
1497534843205600000,79599,-1.347620313,2.016792123,1.00740596,0.439227587,0.596534887,-0.569281528,-0.356572289
1497534843215600000,79600,-1.351832226,2.008412413,1.006333198,0.437985177,0.598160386,-0.568973799,-0.355867888
1497534843225520000,79601,-1.355759118,1.999951135,1.004311057,0.437650755,0.600683992,-0.567808747,-0.353883859
1497534843235540000,79602,-1.360311583,1.991284357,1.003643631,0.436864908,0.603142596,-0.566627866,-0.35256336
1497534843245490000,79603,-1.364006019,1.982387112,1.001633991,0.436332714,0.605694096,-0.56537252,-0.35085943
1497534843255540000,79604,-1.368045132,1.973356114,1.000468434,0.435636093,0.60810677,-0.564509021,-0.348936837
1497534843265550000,79605,-1.372012372,1.963986548,0.999541406,0.434533659,0.610682681,-0.563211178,-0.34790851
1497534843275520000,79606,-1.375667929,1.954390323,0.998310724,0.433870487,0.613051041,-0.561555744,-0.347246263
1497534843285520000,79607,-1.379588372,1.94474761,0.997678203,0.433441467,0.615013877,-0.560221009,-0.346466229
1497534843295550000,79608,-1.383373913,1.934710628,0.996980351,0.432055325,0.617620998,-0.558697157,-0.34602021
1497534843305550000,79609,-1.387279801,1.924654379,0.996506565,0.4322618,0.619272508,-0.557392015,-0.344913668
1497534843315540000,79610,-1.391372484,1.914647251,0.996851046,0.432577474,0.620206557,-0.556424457,-0.344401479
1497534843325530000,79611,-1.394966632,1.904040497,0.99672248,0.431528375,0.622479055,-0.555352835,-0.343345768
1497534843335540000,79612,-1.398638789,1.893583635,0.996823023,0.432666231,0.623624525,-0.554687538,-0.34090192
1497534843345490000,79613,-1.402284308,1.882755792,0.997644844,0.431395257,0.625853158,-0.554360633,-0.338954635
1497534843355550000,79614,-1.408385224,1.872583301,0.994897012,0.452856124,0.631630956,-0.545829155,-0.313104135
1497534843365550000,79615,-1.410828451,1.861261791,0.994882208,0.45039253,0.632572655,-0.547740043,-0.311414917
1497534843375530000,79616,-1.4135345,1.850339727,0.995930261,0.449988482,0.63182092,-0.550640926,-0.308394655
1497534843385550000,79617,-1.41610479,1.839220151,0.997417736,0.448464935,0.631448748,-0.553736556,-0.305822673
1497534843395530000,79618,-1.418069305,1.827907145,0.998437552,0.444949656,0.631848684,-0.55724534,-0.303751007
1497534843405550000,79619,-1.420044291,1.817054028,0.999718404,0.442601659,0.630380662,-0.562088378,-0.30129827
1497534843415550000,79620,-1.421878329,1.806175899,1.000996917,0.439042103,0.630236816,-0.566602195,-0.298337963
1497534843425530000,79621,-1.423596414,1.79566928,1.002148428,0.435265407,0.629003744,-0.572015511,-0.296136069
1497534843435550000,79622,-1.424833442,1.785119139,1.004227908,0.423505334,0.627553807,-0.578644789,-0.303297972
1497534843445490000,79623,-1.426396626,1.775291947,1.005476396,0.418828873,0.626062535,-0.584566266,-0.301513447
1497534843455540000,79624,-1.427974329,1.765754077,1.006349052,0.413729386,0.623661326,-0.59146716,-0.300068566
1497534843465560000,79625,-1.429629615,1.756462551,1.007126804,0.409253813,0.622053838,-0.597834075,-0.296908671
1497534843475560000,79626,-1.431258215,1.74733765,1.007933391,0.404543781,0.620274167,-0.603672388,-0.295269259
1497534843485470000,79627,-1.432941525,1.738482972,1.008645674,0.40066302,0.616734926,-0.611034852,-0.292820056
1497534843495550000,79628,-1.435002887,1.729725715,1.008530532,-0.401077377,-0.615366673,0.615492081,0.285710156
1497534843505560000,79629,-1.436861851,1.72101297,1.009094198,-0.39940462,-0.61396807,0.620625399,0.279898684
1497534843515550000,79630,-1.438328789,1.712857558,1.010262419,-0.396305719,-0.608572862,0.628550108,0.278398294
1497534843525550000,79631,-1.439483371,1.704471451,1.009161666,-0.399821062,-0.606375044,0.633615762,0.266427272
1497534843535550000,79632,-1.441139282,1.696526105,1.010252317,-0.398145561,-0.602507265,0.639762557,0.262999958
1497534843545490000,79633,-1.442633405,1.688741365,1.01122316,-0.39700877,-0.599011472,0.645565314,0.258485432
1497534843555490000,79634,-1.444114492,1.681182306,1.013018692,-0.394105225,-0.596327742,0.65065214,0.256370999
1497534843565560000,79635,-1.44589758,1.67443088,1.017136903,-0.385580951,-0.590818779,0.657602131,0.264234626
1497534843575550000,79636,-1.447114436,1.666632357,1.016658735,-0.389850069,-0.590319703,0.660855784,0.250617646
1497534843585510000,79637,-1.448891881,1.65997668,1.020736218,-0.381339486,-0.586182956,0.666863698,0.257415125
1497534843595550000,79638,-1.450183091,1.653071902,1.02283651,-0.378126621,-0.582331152,0.672246178,0.256896408
1497534843605570000,79639,-1.451276207,1.645625922,1.022796512,-0.380013802,-0.581717146,0.675562826,0.246595907
1497534843615550000,79640,-1.453100161,1.639078175,1.026414889,-0.371951365,-0.577936926,0.681013046,0.25270996
1497534843625570000,79641,-1.454583409,1.632141305,1.02859063,-0.367502742,-0.576080313,0.685145432,0.252287422
1497534843635530000,79642,-1.45625522,1.624997469,1.030320441,-0.36447256,-0.575137556,0.688572783,0.249487611
1497534843645490000,79643,-1.457820524,1.617966489,1.032240612,-0.360148964,-0.573100762,0.692481829,0.249634044
1497534843655550000,79644,-1.459452592,1.610858323,1.033492567,-0.357722098,-0.572241313,0.695409731,0.246941464
1497534843665570000,79645,-1.460965779,1.603735669,1.035013442,-0.353518964,-0.570204581,0.699571774,0.245947985
1497534843675540000,79646,-1.462392744,1.595819184,1.033919026,-0.356005139,-0.570935587,0.701555262,0.234761818
1497534843685500000,79647,-1.464170817,1.589007697,1.037209659,-0.346017847,-0.569478549,0.705364467,0.241716365
1497534843695540000,79648,-1.46576628,1.581495947,1.038209187,-0.341444143,-0.569696153,0.707898202,0.240296331
1497534843705560000,79649,-1.467453189,1.573913617,1.039070007,-0.336484964,-0.570656532,0.709923522,0.239034691
1497534843715550000,79650,-1.46914156,1.566064807,1.039661565,-0.332092535,-0.572460575,0.711082813,0.23741245
1497534843725550000,79651,-1.471418729,1.557467007,1.03986301,-0.32928907,-0.579083093,0.708758192,0.232149318
1497534843735510000,79652,-1.474694796,1.548260073,1.040783196,-0.326573295,-0.592135311,0.701214025,0.225886138
1497534843745490000,79653,-1.478287217,1.538484169,1.040949958,-0.325791063,-0.607562403,0.691245107,0.216583265
1497534843755550000,79654,-1.480627924,1.530347549,1.039793723,-0.324823975,-0.609881542,0.690984078,0.212308486
1497534843765550000,79655,-1.474740989,1.528713902,1.039314814,-0.302124145,-0.556251167,0.733512615,0.247517443
1497534843775490000,79656,-1.477137965,1.520456636,1.037963292,-0.301549026,-0.559559589,0.73252899,0.243644267
1497534843785520000,79657,-1.479243743,1.51206227,1.036725746,-0.299026353,-0.562538247,0.731697357,0.242390054
1497534843795550000,79658,-1.481807625,1.503770033,1.034691772,-0.300192617,-0.565017963,0.730723476,0.238080439
1497534843805560000,79659,-1.484089418,1.495412149,1.032878657,-0.299149882,-0.567169854,0.729911649,0.236762939
1497534843815550000,79660,-1.486377574,1.486862748,1.031244968,-0.295499743,-0.569228546,0.729791744,0.236775791
1497534843825550000,79661,-1.488987858,1.478086004,1.029186099,-0.293201768,-0.571910914,0.72914951,0.235141707
1497534843835540000,79662,-1.49183939,1.468812799,1.02736373,-0.290003688,-0.575471121,0.72813072,0.23357334
1497534843845500000,79663,-1.501678219,1.454081265,1.02457966,-0.303845024,-0.618424167,0.695446227,0.203922279
1497534843855550000,79664,-1.504454203,1.444308294,1.023057853,-0.302780231,-0.618590823,0.695608631,0.204445979
1497534843865550000,79665,-1.507439199,1.433436358,1.02329986,-0.304973095,-0.622360556,0.690999886,0.205372608
1497534843875550000,79666,-1.507556143,1.429655901,1.015792336,-0.287379627,-0.606273746,0.712893857,0.204028047
1497534843885570000,79667,-1.51034717,1.418953545,1.015779814,-0.28578696,-0.606964853,0.713639886,0.201587683
1497534843895540000,79668,-1.511537635,1.411924809,1.012573454,-0.283824322,-0.604562736,0.716996592,0.199658555
1497534843905550000,79669,-1.513870493,1.402560281,1.011911976,-0.281865616,-0.60304706,0.719531741,0.197889089
1497534843915540000,79670,-1.515921682,1.393751456,1.010722317,-0.279102441,-0.602231718,0.721529614,0.197012187
1497534843925520000,79671,-1.518403841,1.384371591,1.010310192,-0.276665365,-0.600139545,0.724273342,0.196766175
1497534843935460000,79672,-1.521058749,1.374785891,1.009952517,-0.275376339,-0.598644524,0.726079395,0.196472179
1497534843945420000,79673,-1.523522516,1.365744775,1.008857833,-0.273974341,-0.596526351,0.728503364,0.195901052
1497534843955470000,79674,-1.528698697,1.351171029,1.013356823,-0.274467136,-0.594219958,0.730219117,0.195832769
1497534843965580000,79675,-1.530791777,1.343597168,1.010068576,-0.273715064,-0.590546544,0.733574661,0.195456033
1497534843975550000,79676,-1.537883277,1.325136657,1.017858298,-0.277914342,-0.589153911,0.733080156,0.195588276
1497534843985440000,79677,-1.541557295,1.314160167,1.01753624,-0.278570049,-0.587390653,0.734415237,0.194949248
1497534843995560000,79678,-1.539671554,1.314917751,1.004087881,-0.260526191,-0.555944641,0.767191033,0.18565985
1497534844005520000,79679,-1.542890168,1.304479615,1.003435225,-0.262505612,-0.554325284,0.767575304,0.186124785
1497534844015550000,79680,-1.547009739,1.28929901,1.00949051,-0.292879918,-0.574889115,0.737182308,0.200713986
1497534844025560000,79681,-1.55116189,1.277952021,1.010399663,-0.292741638,-0.581355095,0.732885941,0.19800703
1497534844035550000,79682,-1.554476351,1.268916613,1.009163319,-0.274778188,-0.581060825,0.740508362,0.196246352
1497534844045500000,79683,-1.555308131,1.261617609,1.011151132,-0.265834444,-0.605969349,0.730143567,0.170363048
1497534844055560000,79684,-1.560056958,1.250445041,1.012968558,-0.27365144,-0.603688296,0.727374861,0.177767098
1497534844065560000,79685,-1.564451393,1.240360481,1.014769004,-0.275417639,-0.604378135,0.725175829,0.181637583
1497534844075560000,79686,-1.568117531,1.231292448,1.017122342,-0.273306723,-0.608011199,0.723190279,0.18061461
1497534844085550000,79687,-1.572610565,1.22180426,1.019285536,-0.276173921,-0.605326555,0.72276685,0.186857718
1497534844095560000,79688,-1.577045789,1.212653527,1.021397313,-0.278716793,-0.604772999,0.721162818,0.191025546
1497534844105580000,79689,-1.581497273,1.203724604,1.023430002,-0.283520427,-0.602701752,0.719604754,0.196305282
1497534844115560000,79690,-1.585494803,1.195531194,1.02513501,-0.286085197,-0.602644571,0.718116742,0.198199714
1497534844125570000,79691,-1.589848583,1.187156962,1.026450026,-0.29057321,-0.601736786,0.716064963,0.201819271
1497534844135550000,79692,-1.593894339,1.178929932,1.027640532,-0.294704586,-0.600688245,0.714205353,0.205508036
1497534844145470000,79693,-1.597497943,1.170990577,1.028502432,-0.296319096,-0.601183264,0.712614708,0.207253357
1497534844155530000,79694,-1.601162187,1.162526965,1.029443045,-0.29852114,-0.603837019,0.709128777,0.208332333
1497534844165570000,79695,-1.604745788,1.154040839,1.029940598,-0.300255355,-0.604887702,0.706761398,0.210822
1497534844175560000,79696,-1.607910828,1.145731533,1.030574948,-0.299716185,-0.610216161,0.702901728,0.209130596
1497534844185560000,79697,-1.606157269,1.140167361,1.028626836,-0.28030718,-0.610186811,0.710801314,0.209431211
1497534844195550000,79698,-1.608824355,1.134032427,1.03014323,-0.28530677,-0.592967819,0.721082638,0.216861803
1497534844205560000,79699,-1.611327851,1.126230121,1.030748104,-0.283750605,-0.599512642,0.717729974,0.211976109
1497534844215560000,79700,-1.613709521,1.118629511,1.031100707,-0.284102811,-0.599528623,0.717508381,0.212209203
1497534844225540000,79701,-1.616752967,1.110712458,1.031643264,-0.286600103,-0.602291496,0.714643871,0.210688092
1497534844235630000,79702,-1.619037716,1.103706973,1.031646613,-0.285905732,-0.603301961,0.714446417,0.209406242
1497534844245510000,79703,-1.620980224,1.097105667,1.031806437,-0.284160812,-0.607186024,0.713209207,0.204720276
1497534844255570000,79704,-1.625503533,1.088139225,1.032011996,-0.298388711,-0.597520944,0.711508061,0.218378519
1497534844265560000,79705,-1.626852255,1.082623565,1.032009512,-0.298043501,-0.589862994,0.71692778,0.221915023
1497534844275570000,79706,-1.629536962,1.075673008,1.03249081,-0.301979719,-0.592743065,0.713218231,0.220870241
1497534844285560000,79707,-1.636618845,1.064636457,1.033222931,-0.31294607,-0.626963459,0.683608365,0.204110711
1497534844295570000,79708,-1.638836022,1.058337399,1.033157002,-0.314930032,-0.627533619,0.682036682,0.204564407
1497534844305570000,79709,-1.640135711,1.054681211,1.028921281,-0.299995875,-0.608294976,0.708216322,0.195983006
1497534844315560000,79710,-1.642430734,1.048082484,1.029171188,-0.301460466,-0.608672948,0.707256939,0.19602666
1497534844325560000,79711,-1.644559559,1.041948232,1.028819661,-0.305958394,-0.610896363,0.703278272,0.196455507
1497534844335570000,79712,-1.646849306,1.035390739,1.028878194,-0.306660263,-0.612100614,0.701851646,0.196714488
1497534844345510000,79713,-1.648711902,1.029321686,1.028172108,-0.310300844,-0.613051505,0.699348857,0.1969579
1497534844355560000,79714,-1.65061113,1.022917481,1.027770757,-0.313063539,-0.615138026,0.696143121,0.197436534
1497534844365560000,79715,-1.652757239,1.015779783,1.028160819,-0.313000833,-0.617196369,0.694023468,0.198571263
1497534844375540000,79716,-1.654906715,1.007491191,1.030484652,-0.330052169,-0.637210176,0.664771635,0.207623291
1497534844385540000,79717,-1.656502073,1.000767607,1.029844089,-0.331200856,-0.639264239,0.662045972,0.208188273
1497534844395570000,79718,-1.658249827,0.993778736,1.029353148,-0.33335577,-0.640708999,0.659084184,0.20969966
1497534844405570000,79719,-1.65982274,0.986802616,1.028525595,-0.33441298,-0.643359053,0.655698258,0.210515751
1497534844415570000,79720,-1.661292454,0.979852692,1.027474464,-0.334648747,-0.646200443,0.652530347,0.211280264
1497534844425610000,79721,-1.662853492,0.972669242,1.026695708,-0.336993346,-0.648295636,0.648877743,0.212381562
1497534844435570000,79722,-1.664445559,0.96552505,1.025545269,0.338390853,0.650907004,-0.645372044,-0.212853538
1497534844445510000,79723,-1.666007754,0.958226328,1.024519242,0.340493779,0.652777594,-0.641945843,-0.214128312
1497534844455480000,79724,-1.667378707,0.950981643,1.023317213,0.341194854,0.655718591,-0.638415875,-0.21457952
1497534844465500000,79725,-1.66899366,0.943562321,1.022011047,0.342715328,0.658213634,-0.634837387,-0.215133697
1497534844475540000,79726,-1.670499824,0.936110574,1.020713876,0.344399191,0.659969924,-0.631796294,-0.216014673
1497534844485490000,79727,-1.671983959,0.928423532,1.01949565,0.346758963,0.662218873,-0.627736089,-0.217190671
1497534844495570000,79728,-1.673395263,0.920757863,1.018209735,0.347940039,0.663958277,-0.624764163,-0.218556345
1497534844505570000,79729,-1.674564652,0.913023013,1.01677994,0.349262836,0.666072252,-0.621252193,-0.220020315
1497534844515570000,79730,-1.675820215,0.905198341,1.01541337,0.349863467,0.668312464,-0.618132967,-0.221055739
1497534844525570000,79731,-1.676846867,0.897421926,1.01389384,0.350345444,0.669601117,-0.615761036,-0.223003949
1497534844535550000,79732,-1.677931094,0.889528223,1.012485053,0.351053506,0.671375328,-0.612943418,-0.224314448
1497534844545510000,79733,-1.678942611,0.881702954,1.010927488,0.352020712,0.672432826,-0.610597969,-0.226021311
1497534844555570000,79734,-1.679820423,0.873894953,1.009250514,0.352464092,0.67372423,-0.608297128,-0.227682519
1497534844565600000,79735,-1.680742172,0.866042726,1.007620428,0.35282196,0.674777362,-0.606508154,-0.228779448
1497534844575550000,79736,-1.681722395,0.858111335,1.006124525,0.354257802,0.675797932,-0.6043874,-0.229160284
1497534844585640000,79737,-1.682547889,0.850174809,1.004720579,0.355620944,0.676496423,-0.602558522,-0.229803309
1497534844595520000,79738,-1.683261285,0.842257826,1.003283352,0.356521744,0.677532757,-0.600679525,-0.230273137
1497534844605570000,79739,-1.683924586,0.834193869,1.002080733,0.357805212,0.67642176,-0.600669982,-0.231569873
1497534844615550000,79740,-1.684184673,0.826382719,1.000357175,0.357524371,0.677139924,-0.599734032,-0.232329375
1497534844625620000,79741,-1.684684056,0.818086654,0.999150596,0.358593304,0.676513715,-0.599207885,-0.233858817
1497534844635550000,79742,-1.685126215,0.809749108,0.997788098,0.359542849,0.676897414,-0.597882285,-0.23468192
1497534844645500000,79743,-1.685357933,0.801379293,0.996105565,0.359611271,0.677012635,-0.596934293,-0.236649688
1497534844655550000,79744,-1.685855566,0.792582783,0.994911801,0.361081241,0.677345617,-0.595351942,-0.237443295
1497534844665520000,79745,-1.6860654,0.783842983,0.993364537,0.36195935,0.676912186,-0.594509826,-0.239443912
1497534844675530000,79746,-1.686481654,0.774679036,0.99210759,0.363487813,0.676631352,-0.593181836,-0.241209315
1497534844685500000,79747,-1.68669613,0.765407814,0.990754267,0.364841392,0.676262179,-0.592002781,-0.243090375
1497534844695510000,79748,-1.686980084,0.755794528,0.98966394,0.366094368,0.675969504,-0.590909895,-0.244674559
1497534844705620000,79749,-1.687118577,0.74599533,0.988668247,0.367430087,0.675059344,-0.590413098,-0.246378545
1497534844715610000,79750,-1.687257416,0.735798393,0.987963558,0.368618694,0.674346885,-0.58991688,-0.247738999
1497534844725510000,79751,-1.687309227,0.725387068,0.987502565,0.369368495,0.673691483,-0.589987348,-0.248237045
1497534844735570000,79752,-1.687353117,0.714585988,0.987232313,0.370209761,0.67303412,-0.590112083,-0.248470393
1497534844745520000,79753,-1.687185853,0.703682809,0.987055301,0.370503013,0.672414738,-0.590918639,-0.247792454
1497534844755580000,79754,-1.686890708,0.692451211,0.986890119,0.370494043,0.672458556,-0.591536549,-0.246207567
1497534844765580000,79755,-1.686345466,0.681222258,0.98690958,0.36936362,0.671924254,-0.593723042,-0.244092735
1497534844775500000,79756,-1.685807016,0.669687099,0.98718753,0.3680125,0.672051124,-0.595677573,-0.24100273
1497534844785570000,79757,-1.685063312,0.658051547,0.98784632,0.366708748,0.671582897,-0.598344363,-0.237666005
1497534844795580000,79758,-1.683941271,0.646538066,0.988577786,0.364267046,0.671173857,-0.601838179,-0.233722013
1497534844805570000,79759,-1.682781516,0.635087483,0.989741853,0.361509789,0.670826847,-0.605589755,-0.229266357
1497534844815570000,79760,-1.68150204,0.623940116,0.990927485,0.35730919,0.669758542,-0.61072778,-0.225311377
1497534844825450000,79761,-1.680221689,0.613101998,0.992262705,0.353325528,0.668089011,-0.616055714,-0.222021399
1497534844835560000,79762,-1.678925314,0.602614049,0.993757314,0.348978764,0.66643548,-0.621502153,-0.218661034
1497534844845510000,79763,-1.677613722,0.592524915,0.995134324,0.344444345,0.66402235,-0.627439832,-0.216221344
1497534844855580000,79764,-1.676345426,0.582741476,0.996513487,0.34025376,0.661076812,-0.633359153,-0.214618293
1497534844865570000,79765,-1.675281504,0.573211666,0.998022767,0.337149503,0.657280276,-0.639244891,-0.213726041
1497534844875450000,79766,-1.674389324,0.563929582,0.99943844,0.334058451,0.653525642,-0.645094776,-0.212513334
1497534844885530000,79767,-1.673598104,0.554939632,1.0006704,-0.331533024,-0.649851282,0.650541297,0.211128364
1497534844895580000,79768,-1.671359668,0.548000574,0.997566211,-0.331292032,-0.644773962,0.655957298,0.210314409
1497534844905570000,79769,-1.670884866,0.539382616,0.999119908,-0.330641291,-0.640547508,0.66086451,0.208885917
1497534844915580000,79770,-1.670442066,0.531048805,1.000708374,-0.330198192,-0.635965008,0.665982796,0.207327222
1497534844925580000,79771,-1.669991845,0.523017594,1.002344494,-0.330176588,-0.631196434,0.670988962,0.205787014
1497534844935680000,79772,-1.669593175,0.515120152,1.004184934,-0.330150062,-0.626350105,0.675982683,0.204288751
1497534844945520000,79773,-1.669214135,0.507439892,1.006002593,-0.329877971,-0.621678458,0.680743515,0.203186334
1497534844955580000,79774,-1.668881379,0.499840513,1.007860408,-0.329865288,-0.617055114,0.685185314,0.202368387
1497534844965590000,79775,-1.668647704,0.492346842,1.009766039,-0.329796154,-0.61277679,0.689264469,0.201627363
1497534844975580000,79776,-1.668436346,0.484919308,1.011766018,-0.329426343,-0.608399492,0.693415374,0.201254719
1497534844985470000,79777,-1.668161825,0.477581046,1.013610275,-0.328117834,-0.604946641,0.697262287,0.200508234
1497534844995570000,79778,-1.667947265,0.470098439,1.015893758,-0.326598813,-0.60120843,0.701259555,0.200291477
1497534845005540000,79779,-1.667631165,0.462636946,1.018067542,-0.324248502,-0.597891029,0.705152972,0.200370938
1497534845015580000,79780,-1.667282277,0.455111739,1.020198612,-0.321169319,-0.595126916,0.708978275,0.20006006
1497534845025520000,79781,-1.666968844,0.447538109,1.022330775,-0.317907885,-0.591961282,0.713119006,0.199944244
1497534845035580000,79782,-1.666700295,0.439908788,1.024284757,-0.314794572,-0.589410817,0.716793017,0.199266247
1497534845045520000,79783,-1.666402051,0.432292914,1.026008849,-0.312330451,-0.586352148,0.720550922,0.198613235
1497534845055570000,79784,-1.666184307,0.424612961,1.027596431,-0.30934158,-0.584206498,0.723921596,0.197352672
1497534845065590000,79785,-1.665958566,0.41685462,1.029041503,-0.306327,-0.582110618,0.727144521,0.196397158
1497534845075580000,79786,-1.66570494,0.408967381,1.030077828,-0.303131698,-0.580670249,0.729895671,0.19541122
1497534845085590000,79787,-1.665499542,0.400924795,1.030987484,-0.299805522,-0.579854382,0.732229666,0.194229915
1497534845095570000,79788,-1.66527299,0.392825885,1.031470992,-0.296496969,-0.579761103,0.733997949,0.192908325
1497534845105510000,79789,-1.665219992,0.384446866,1.032173672,-0.293352981,-0.579872657,0.735439409,0.191886962
1497534845115580000,79790,-1.665128747,0.376040668,1.032260803,-0.290365085,-0.580603956,0.7363825,0.190598997
1497534845125560000,79791,-1.665152262,0.367523517,1.032397042,-0.287185458,-0.581356289,0.737348426,0.189384996
1497534845135580000,79792,-1.665079962,0.359014819,1.03202274,-0.284135021,-0.582403561,0.738146217,0.187652723
1497534845145510000,79793,-1.665184216,0.350339589,1.031631496,-0.281371474,-0.583599737,0.738649424,0.186114129
1497534845155570000,79794,-1.665298565,0.341629685,1.030651641,-0.279379707,-0.585411298,0.738508864,0.183970784
1497534845165510000,79795,-1.665555786,0.332747785,1.029570785,-0.277495432,-0.586710827,0.738653111,0.18209413
1497534845175580000,79796,-1.665884856,0.323790721,1.028107847,-0.276328541,-0.588913653,0.73781261,0.180154931
1497534845185560000,79797,-1.666264551,0.314670952,1.026248636,-0.275162998,-0.591102619,0.736953258,0.17827763
1497534845195500000,79798,-1.666726697,0.305432298,1.024117389,-0.274527654,-0.593660716,0.735505521,0.176729027
1497534845205510000,79799,-1.667264554,0.295944828,1.021769595,-0.273988289,-0.596465581,0.733730993,0.175493757
1497534845215590000,79800,-1.667842113,0.286364498,1.019392317,-0.272860115,-0.599342638,0.732162195,0.173995055
1497534845225590000,79801,-1.668501543,0.276594273,1.016730695,-0.271789092,-0.602636821,0.730221187,0.172442947
1497534845235580000,79802,-1.669280371,0.266568649,1.014190791,-0.270290468,-0.605975748,0.728419003,0.170710901
1497534845245490000,79803,-1.670118371,0.256291597,1.011613067,-0.268987742,-0.609245105,0.72656674,0.169017067
1497534845255560000,79804,-1.670980631,0.245820818,1.009238471,-0.267316597,-0.612329766,0.72508546,0.166868721
1497534845265580000,79805,-1.671712994,0.235447335,1.007033806,-0.265935065,-0.614313726,0.724424621,0.164639474
1497534845275590000,79806,-1.672237298,0.225442839,1.004791376,-0.265073225,-0.614822015,0.724863665,0.162181203
1497534845285590000,79807,-1.672628962,0.215786224,1.00279286,-0.26376587,-0.614092207,0.726597182,0.159294891
1497534845295590000,79808,-1.672922923,0.206530736,1.001033721,-0.262870896,-0.61115936,0.729773409,0.157524282
1497534845305580000,79809,-1.673278863,0.197285191,0.99970602,-0.26190121,-0.60770025,0.733233841,0.156449022
1497534845315570000,79810,-1.673563648,0.18784093,0.99840879,-0.259806831,-0.604265387,0.736663569,0.157132237
1497534845325510000,79811,-1.674042308,0.178049331,0.997241155,-0.257866849,-0.60065404,0.739977672,0.158595262
1497534845335580000,79812,-1.67493482,0.167731255,0.996226672,-0.257407223,-0.597882271,0.74207717,0.159999326
1497534845345520000,79813,-1.675974451,0.157083875,0.995256876,-0.257096429,-0.594809183,0.74440102,0.161153914
1497534845355570000,79814,-1.677200698,0.14599168,0.994235786,-0.25746872,-0.59209056,0.746377408,0.161429216
1497534845365580000,79815,-1.678542788,0.134473207,0.993030636,-0.257722571,-0.589534944,0.748454209,0.160760451
1497534845375570000,79816,-1.679901526,0.12264099,0.991997213,-0.257888823,-0.587102074,0.750570063,0.159527708
1497534845385550000,79817,-1.681281647,0.110376031,0.991480401,-0.256976206,-0.586050616,0.752038922,0.157941017
1497534845395520000,79818,-1.682621436,0.098032308,0.991256431,-0.255416276,-0.585675375,0.753332803,0.155680982
1497534845405480000,79819,-1.683901463,0.085695825,0.991468821,-0.254210316,-0.585505334,0.754185062,0.15416067
1497534845415600000,79820,-1.685175422,0.073657364,0.992682042,-0.253006701,-0.586157608,0.754214115,0.153518521
1497534845425630000,79821,-1.686790616,0.061895806,0.994544193,-0.252898493,-0.588162697,0.75251727,0.154352692
1497534845435620000,79822,-1.688914968,0.050012839,0.99688079,-0.253161128,-0.597933952,0.745171456,0.15199978
1497534845445520000,79823,-1.691265288,0.039054323,0.999559898,-0.254613239,-0.600731377,0.742302766,0.152579536
1497534845455580000,79824,-1.693639632,0.028513073,1.002103973,-0.255519378,-0.601457888,0.740846879,0.155255138
1497534845465580000,79825,-1.696326343,0.018093941,1.004654081,-0.257299415,-0.602511578,0.738878253,0.157593583
1497534845475580000,79826,-1.69901337,0.007728041,1.007133057,-0.259052644,-0.603006011,0.737255064,0.160407134
1497534845485510000,79827,-1.701440867,-0.002394169,1.009386941,-0.26107642,-0.601680559,0.736615838,0.164974891
1497534845495570000,79828,-1.703945996,-0.012570299,1.011309023,-0.263301389,-0.601588156,0.73509973,0.168500611
1497534845505590000,79829,-1.706270884,-0.022569933,1.013012121,-0.265324702,-0.601279111,0.733744633,0.172293487
1497534845515580000,79830,-1.708421187,-0.032385801,1.014435027,-0.26732164,-0.601258451,0.732227418,0.175699814
1497534845525590000,79831,-1.710321934,-0.042028535,1.015609093,-0.267717178,-0.602220035,0.730560673,0.178716663
1497534845535590000,79832,-1.712071268,-0.051394607,1.016475611,-0.268285312,-0.604053268,0.728406947,0.180460409
1497534845545500000,79833,-1.713621665,-0.060611426,1.017406264,-0.267170246,-0.606966692,0.726054703,0.181813265
1497534845555580000,79834,-1.715306956,-0.069781054,1.018277734,-0.267410285,-0.611634906,0.722083103,0.181632798
1497534845565630000,79835,-1.717105753,-0.078845821,1.019141118,-0.268357138,-0.616386954,0.71769204,0.181575615
1497534845575570000,79836,-1.719113505,-0.087795453,1.020037088,-0.270940411,-0.621943819,0.712468191,0.179349535
1497534845585590000,79837,-1.721080583,-0.096562167,1.020973204,-0.272819981,-0.626724509,0.70815275,0.176933125
1497534845595580000,79838,-1.722275933,-0.103807582,1.021870799,-0.277276172,-0.620833927,0.711028959,0.179223265
1497534845605580000,79839,-1.723968945,-0.112073103,1.022708485,-0.278755416,-0.624221607,0.708317358,0.175867344
1497534845615590000,79840,-1.725460413,-0.120203644,1.023395738,-0.279719835,-0.628140305,0.70535359,0.17225819
1497534845625590000,79841,-1.726944061,-0.128284434,1.023901809,-0.280070651,-0.631698572,0.702827261,0.168970961
1497534845635590000,79842,-1.728407568,-0.136292607,1.02436576,-0.280240398,-0.635544502,0.699836638,0.166664891
1497534845645520000,79843,-1.729830994,-0.144224819,1.024534185,-0.280612796,-0.639505823,0.69658963,0.164473852
1497534845655590000,79844,-1.731424936,-0.152020822,1.024649267,-0.281777622,-0.643663058,0.692835792,0.162104299
1497534845665580000,79845,-1.733027862,-0.159606576,1.024781565,-0.28346938,-0.647377528,0.688942489,0.160952456
1497534845675590000,79846,-1.734554064,-0.167012513,1.024663209,-0.284770693,-0.650657936,0.685432446,0.160412797
1497534845685580000,79847,-1.736248382,-0.174248149,1.024506228,-0.287918456,-0.653739361,0.681556481,0.158772081
1497534845695560000,79848,-1.738273471,-0.181658946,1.02403721,-0.291478839,-0.659197752,0.675663761,0.154844735
1497534845705620000,79849,-1.739762361,-0.188574943,1.023669082,-0.294738443,-0.66018785,0.67333657,0.154593389
1497534845715590000,79850,-1.740991535,-0.195460324,1.023277567,-0.297824487,-0.660110276,0.671711836,0.156071162
1497534845725580000,79851,-1.740427348,-0.20124956,1.02373804,-0.29740606,-0.647984203,0.679566581,0.172787065
1497534845735590000,79852,-1.741526784,-0.208337441,1.023257954,-0.299833747,-0.648111775,0.677959347,0.174418966
1497534845745440000,79853,-1.742358175,-0.21538323,1.022911137,-0.302551588,-0.64534742,0.678316069,0.178540062
1497534845755560000,79854,-1.743210375,-0.222666428,1.022411641,-0.304963776,-0.642243787,0.678993177,0.182998028
1497534845765610000,79855,-1.743959552,-0.230396147,1.021991225,-0.305884591,-0.640823481,0.678396406,0.188568819
1497534845775610000,79856,-1.745027244,-0.238669291,1.021480036,-0.306127892,-0.649146279,0.671069808,0.185903565
1497534845785550000,79857,-1.746147893,-0.246919827,1.020660763,-0.308734416,-0.651272312,0.667141318,0.188281432
1497534845795550000,79858,-1.746456478,-0.254611397,1.019452794,-0.311482457,-0.644318537,0.669877823,0.197727095
1497534845805590000,79859,-1.745053412,-0.258647151,1.018178371,-0.300164754,-0.653936381,0.671370949,0.177565142
1497534845815590000,79860,-1.745971085,-0.26699417,1.017107092,-0.301365107,-0.656311541,0.668001179,0.17946771
1497534845825580000,79861,-1.746652261,-0.275063005,1.015964638,-0.301739043,-0.658354167,0.665819541,0.179464982
1497534845835590000,79862,-1.747290753,-0.283317776,1.014823507,-0.301894481,-0.660997216,0.663106834,0.179531973
1497534845845470000,79863,-1.748098019,-0.292109383,1.013511789,0.303490226,0.66328733,-0.65951927,-0.181598272
1497534845855590000,79864,-1.748847078,-0.300838932,1.012227991,0.303748215,0.666627816,-0.656009764,-0.18164682
1497534845865600000,79865,-1.74953313,-0.309713255,1.010636349,0.304726556,0.668439419,-0.653161345,-0.18360481
1497534845875590000,79866,-1.750058409,-0.318543085,1.009184971,0.304788809,0.670594903,-0.650536719,-0.184954685
1497534845885530000,79867,-1.750388083,-0.327274944,1.007770127,0.304237155,0.674154107,-0.647150362,-0.184803687
1497534845895630000,79868,-1.750764447,-0.336035107,1.006319937,0.303192758,0.678269169,-0.643568494,-0.183969237
1497534845905590000,79869,-1.751323988,-0.344889801,1.004862857,0.303117322,0.681258914,-0.640059721,-0.185282851
1497534845915590000,79870,-1.751779367,-0.353484688,1.003351632,0.303823118,0.682316216,-0.638072646,-0.187081249
1497534845925590000,79871,-1.753803838,-0.362402543,1.001196619,0.308690765,0.691849283,-0.628036109,-0.17783483
1497534845935590000,79872,-1.754197652,-0.370823426,0.999841005,0.30989692,0.691793516,-0.626617878,-0.180929998
1497534845945500000,79873,-1.754679551,-0.379162368,0.998428308,0.311239801,0.691291756,-0.625803569,-0.183344997
1497534845955590000,79874,-1.755120621,-0.38737568,0.997034096,0.312887016,0.690975752,-0.62481494,-0.185095963
1497534845965590000,79875,-1.755498456,-0.395673264,0.99564654,0.315222492,0.690696637,-0.623493708,-0.186624039
1497534845975560000,79876,-1.75591321,-0.404164928,0.994130039,0.317918755,0.689974526,-0.622406665,-0.18834214
1497534845985540000,79877,-1.756156205,-0.412766296,0.99269973,0.320410604,0.689410477,-0.621312053,-0.189793496
1497534845995530000,79878,-1.756401919,-0.421679479,0.991133722,0.322971299,0.688765397,-0.620259486,-0.191232682
1497534846005600000,79879,-1.756416739,-0.430856506,0.989664928,0.32566439,0.688168066,-0.618893761,-0.193230249
1497534846015580000,79880,-1.756328114,-0.440237815,0.988215072,0.327706933,0.687924671,-0.617829446,-0.194047902
1497534846025610000,79881,-1.755990997,-0.449911897,0.986733833,0.328925493,0.687532571,-0.617056818,-0.195826117
1497534846035590000,79882,-1.754360659,-0.459723192,0.985957156,0.327834095,0.680329201,-0.622068082,-0.206659831
1497534846045530000,79883,-1.755121725,-0.470205433,0.984347347,0.332197958,0.686117547,-0.615465128,-0.200224636
1497534846055590000,79884,-1.754574048,-0.480683172,0.983587719,0.333552492,0.685287977,-0.614982236,-0.202286857
1497534846065590000,79885,-1.753825258,-0.491298174,0.983132107,0.334315588,0.684401279,-0.614930759,-0.20417673
1497534846075550000,79886,-1.75304116,-0.501968096,0.982812858,0.33464576,0.683105119,-0.615692359,-0.205675791
1497534846085590000,79887,-1.752230084,-0.512762359,0.982545011,0.334802662,0.682960457,-0.615942127,-0.205152352
1497534846095560000,79888,-1.751342721,-0.523783392,0.982605995,0.334964889,0.682252579,-0.616772384,-0.204748059
1497534846105590000,79889,-1.750263721,-0.534738111,0.982976836,0.334433279,0.681630891,-0.618385116,-0.202814098
1497534846115580000,79890,-1.7484276,-0.5456061,0.983710028,0.332980246,0.675606246,-0.624455203,-0.206727008
1497534846125550000,79891,-1.747217877,-0.556808344,0.984336551,0.332483445,0.675267599,-0.626027153,-0.203858854
1497534846135570000,79892,-1.745774625,-0.568020969,0.985179582,0.331560085,0.673916026,-0.628575639,-0.201984568
1497534846145500000,79893,-1.743833287,-0.578472452,0.986401661,0.327988655,0.673631414,-0.632621057,-0.196047846
1497534846155480000,79894,-1.741966039,-0.589169131,0.987900187,0.32505572,0.671540858,-0.636815122,-0.19452032
1497534846165610000,79895,-1.739941686,-0.599124347,0.98968531,0.320808582,0.669660207,-0.642096385,-0.190654908
1497534846175650000,79896,-1.737860192,-0.608811174,0.99152691,0.315160819,0.667142718,-0.647775726,-0.189686216
1497534846185590000,79897,-1.735871626,-0.61842636,0.993458036,0.311935313,0.663790548,-0.65268383,-0.189953382
1497534846195580000,79898,-1.733885065,-0.627144546,0.995301704,0.306258616,0.660523067,-0.658762613,-0.189596305
1497534846205610000,79899,-1.731949598,-0.635809,0.997204108,-0.302737241,-0.655634767,0.664725865,0.191396812
1497534846215550000,79900,-1.730261612,-0.64427855,0.998935939,-0.299663464,-0.651542075,0.6697344,0.192744824
1497534846225600000,79901,-1.729101803,-0.652274134,1.000591157,-0.29647383,-0.647147677,0.67516599,0.193530457
1497534846235580000,79902,-1.727688806,-0.660561461,1.002365897,-0.296764789,-0.642431842,0.679081411,0.195090813
1497534846245560000,79903,-1.726906659,-0.668285374,1.004058568,-0.296866569,-0.636412674,0.684117745,0.197058519
1497534846255580000,79904,-1.72621506,-0.675948714,1.00576025,-0.297912367,-0.630568229,0.688603035,0.198639852
1497534846265630000,79905,-1.72530954,-0.683177365,1.007641031,-0.298595465,-0.625697886,0.693032146,0.19760908
1497534846275480000,79906,-1.724878276,-0.690466982,1.009384283,-0.298874433,-0.620216738,0.697493819,0.198765299
1497534846285580000,79907,-1.724391311,-0.697944311,1.011278796,-0.301039925,-0.615832734,0.700549761,0.198381046
1497534846295600000,79908,-1.724093768,-0.704958169,1.013135294,-0.30180369,-0.609805786,0.70509905,0.199716711
1497534846305600000,79909,-1.723643322,-0.711994593,1.01516851,-0.301756725,-0.606782307,0.707938654,0.198949675
1497534846315590000,79910,-1.723246563,-0.719098467,1.01718753,-0.301295775,-0.6031507,0.710813868,0.200433864
1497534846325500000,79911,-1.722817528,-0.726000719,1.019245441,-0.301118441,-0.598261284,0.714608437,0.201856145
1497534846335600000,79912,-1.722303943,-0.732641738,1.021319144,-0.29914673,-0.594508499,0.718437241,0.202283979
1497534846345540000,79913,-1.721581801,-0.739465486,1.023616716,-0.297290161,-0.59109131,0.721922855,0.202625306
1497534846355580000,79914,-1.721068233,-0.746433429,1.025764194,-0.295273413,-0.587884163,0.725012834,0.203868125
1497534846365550000,79915,-1.720540846,-0.75335277,1.027798849,-0.29242773,-0.584011352,0.728776306,0.205674158
1497534846375600000,79916,-1.719894371,-0.760378376,1.029720256,-0.290772841,-0.581060708,0.731851763,0.205457066
1497534846385580000,79917,-1.719545052,-0.767586652,1.03148979,-0.289565402,-0.578443324,0.734298168,0.205818851
1497534846395610000,79918,-1.719169717,-0.774706109,1.03288632,-0.286698617,-0.576370335,0.736928491,0.206246308
1497534846405490000,79919,-1.718893417,-0.782196022,1.034217164,-0.285941142,-0.574183148,0.738758229,0.20685177
1497534846415590000,79920,-1.718561675,-0.789851936,1.035186334,-0.284639852,-0.573338003,0.739880821,0.206978402
1497534846425520000,79921,-1.718407824,-0.797570808,1.035996832,-0.282955833,-0.573043263,0.740696265,0.207187013
1497534846435610000,79922,-1.718337682,-0.80513079,1.036425347,-0.280965262,-0.57299771,0.741859371,0.20585631
1497534846445500000,79923,-1.718289301,-0.813158132,1.036711187,-0.280179576,-0.57240088,0.742435784,0.206508461
1497534846455610000,79924,-1.718153265,-0.821073183,1.036756212,-0.278688998,-0.573128376,0.742717994,0.205490362
1497534846465500000,79925,-1.718163548,-0.82898057,1.036502424,-0.276915712,-0.573955222,0.743057597,0.204348965
1497534846475550000,79926,-1.718267327,-0.837050102,1.0359897,-0.275261265,-0.57512616,0.743153706,0.202937686
1497534846485540000,79927,-1.718315432,-0.845372438,1.035293839,-0.27471632,-0.575874654,0.742996555,0.2021273
1497534846495600000,79928,-1.718443872,-0.853794165,1.034361308,-0.273868852,-0.576981869,0.742713137,0.201159069
1497534846505620000,79929,-1.71877083,-0.862155533,1.033029312,-0.272662383,-0.578679366,0.742370282,0.199177761
1497534846515600000,79930,-1.71905759,-0.870844505,1.031494972,-0.272174675,-0.58127362,0.74107455,0.197105141
1497534846525610000,79931,-1.719496343,-0.879791621,1.029661277,-0.272615316,-0.583446247,0.739525016,0.195893128
1497534846535500000,79932,-1.719914081,-0.888991453,1.027751542,-0.27302359,-0.586307463,0.737466603,0.19453711
1497534846545510000,79933,-1.72044469,-0.898044693,1.025513854,-0.272542402,-0.588837429,0.736062017,0.192882938
1497534846555580000,79934,-1.720987243,-0.907392403,1.023225516,-0.272917943,-0.591908513,0.733788149,0.191611745
1497534846565570000,79935,-1.721712015,-0.916728586,1.020830007,-0.271672877,-0.59563314,0.731748628,0.189628467
1497534846575610000,79936,-1.722426776,-0.926254123,1.018447917,-0.270790431,-0.599318373,0.729731959,0.187032878
1497534846585560000,79937,-1.723415447,-0.936013944,1.016170977,-0.269540379,-0.603431537,0.727314309,0.185019622
1497534846595510000,79938,-1.724453345,-0.945935122,1.014122031,-0.268523565,-0.606832406,0.725239602,0.183513069
1497534846605540000,79939,-1.725305394,-0.955862401,1.012351475,-0.2667815,-0.610122072,0.723594604,0.181630223
1497534846615600000,79940,-1.725927591,-0.965482151,1.01076237,-0.264898346,-0.610976414,0.724172673,0.179194384
1497534846625580000,79941,-1.726288654,-0.975378291,1.009498742,-0.263418759,-0.611837381,0.724428903,0.177393181
1497534846635600000,79942,-1.726572947,-0.984511538,1.008276126,-0.260536543,-0.610877415,0.726885203,0.174892526
1497534846645480000,79943,-1.726688011,-0.993593361,1.007299782,-0.258694252,-0.608166693,0.730166704,0.173398798
1497534846655610000,79944,-1.726912132,-1.002500163,1.006194752,-0.25670076,-0.604579413,0.734227585,0.171750712
1497534846665620000,79945,-1.727186702,-1.011590448,1.005302587,-0.255471255,-0.601201548,0.737566788,0.17113261
1497534846675610000,79946,-1.728004257,-1.021195483,1.004119298,-0.255350391,-0.597704421,0.740242112,0.172009358
1497534846685560000,79947,-1.728919598,-1.03114471,1.003258621,-0.254607792,-0.59660552,0.741604092,0.171055828
1497534846695600000,79948,-1.730173768,-1.04162154,1.002286523,-0.254500097,-0.594537431,0.743248415,0.171279706
1497534846705610000,79949,-1.731449376,-1.052291595,1.001379412,-0.25319521,-0.593965472,0.744247003,0.170861352
1497534846715570000,79950,-1.732862108,-1.063245026,1.000516664,-0.251517241,-0.594000872,0.744988558,0.169982617
1497534846725560000,79951,-1.734238844,-1.074268822,0.99973419,-0.250892473,-0.590946022,0.747662159,0.169814787
1497534846735610000,79952,-1.735704159,-1.085406823,0.999506656,-0.249402711,-0.591440593,0.74817691,0.168010786
1497534846745440000,79953,-1.737124184,-1.0966776,0.99951494,-0.248771334,-0.590411567,0.749418608,0.167029205
1497534846755610000,79954,-1.738575708,-1.107857776,1.000337686,-0.248913589,-0.590289077,0.749663667,0.166148178
1497534846765610000,79955,-1.739961627,-1.118649685,1.001681884,-0.249222127,-0.589997224,0.750072615,0.164871707
1497534846775600000,79956,-1.741583541,-1.129649728,1.003701252,-0.251177295,-0.592294495,0.747742972,0.164248729
1497534846785540000,79957,-1.743535958,-1.140262858,1.005692013,-0.251603567,-0.595238349,0.745467822,0.16329323
1497534846795590000,79958,-1.745410898,-1.151163117,1.008004223,-0.253006905,-0.599540014,0.741615815,0.162927162
1497534846805600000,79959,-1.747364201,-1.161591739,1.010091945,-0.252810262,-0.601542256,0.739830514,0.163965535
1497534846815600000,79960,-1.749065544,-1.172036713,1.012170247,-0.252251297,-0.604326591,0.737420484,0.165437857
1497534846825500000,79961,-1.751532297,-1.182877067,1.014078429,-0.243503546,-0.600478456,0.743406037,0.165768246
1497534846835590000,79962,-1.753045812,-1.193225134,1.015947785,-0.242055041,-0.599266615,0.744405337,0.167778352
1497534846845580000,79963,-1.754631346,-1.203513946,1.017550649,-0.240532209,-0.600474918,0.743579602,0.169302995
1497534846855590000,79964,-1.755708713,-1.212109684,1.018403071,-0.251233044,-0.609591273,0.731804543,0.172460278
1497534846865580000,79965,-1.757578712,-1.223730539,1.020434098,-0.239952894,-0.601784672,0.74196323,0.172535163
1497534846875550000,79966,-1.759042863,-1.233297006,1.021594356,-0.239571265,-0.604869484,0.739543187,0.172668443
1497534846885550000,79967,-1.759979452,-1.242979002,1.022842927,-0.238013651,-0.60727694,0.738116257,0.172477859
1497534846895620000,79968,-1.76080287,-1.252546363,1.024036725,-0.235071799,-0.612748473,0.734720052,0.171659559
1497534846905640000,79969,-1.761597905,-1.261702979,1.024909195,-0.232855805,-0.617220967,0.731956552,0.170458378
1497534846915490000,79970,-1.762293211,-1.270199754,1.025627416,-0.230380863,-0.622712999,0.728277705,0.16960178
1497534846925610000,79971,-1.762883456,-1.27844777,1.026098129,-0.227936213,-0.627182916,0.725735389,0.167316519
1497534846935620000,79972,-1.76325913,-1.286825983,1.026840407,-0.225469394,-0.631252924,0.723521285,0.164924975
1497534846945560000,79973,-1.763544415,-1.294821665,1.027458359,-0.223064366,-0.634846024,0.72162187,0.162710451
1497534846955570000,79974,-1.763742443,-1.303090605,1.028236454,-0.22091218,-0.637809991,0.720326045,0.159770502
1497534846965560000,79975,-1.763820151,-1.311234942,1.028907451,-0.219877206,-0.640204825,0.71926057,0.156384233
1497534846975570000,79976,-1.763966266,-1.318778363,1.02923159,-0.219302221,-0.642093579,0.718499569,0.152907624
1497534846985610000,79977,-1.764084934,-1.326475994,1.029561575,-0.219384153,-0.645217388,0.716446097,0.149231716
1497534846995520000,79978,-1.764182579,-1.334045668,1.029821358,-0.219405554,-0.647609845,0.714966577,0.145895464
1497534847005650000,79979,-1.764312311,-1.341362223,1.029779447,-0.21926567,-0.650093801,0.713442273,0.142480662
1497534847015610000,79980,-1.76436874,-1.348869041,1.029787263,-0.219137253,-0.652960461,0.711471861,0.139388994
1497534847025620000,79981,-1.764261141,-1.356479238,1.029829448,-0.219066921,-0.655963958,0.709209628,0.136903884
1497534847035610000,79982,-1.764090481,-1.363900204,1.029774572,-0.219041543,-0.658359856,0.707346211,0.135071981
1497534847045560000,79983,-1.763914411,-1.37129123,1.029676443,-0.218766191,-0.661231751,0.70504641,0.133504625
1497534847055620000,79984,-1.763574206,-1.378822614,1.029685297,-0.218386695,-0.663868526,0.702983279,0.131910352
1497534847065600000,79985,-1.763158183,-1.386129409,1.029549809,-0.217891115,-0.666828805,0.700608761,0.130423046
1497534847075620000,79986,-1.762586846,-1.393718955,1.029550216,-0.217176444,-0.669300012,0.698702302,0.129178097
1497534847085550000,79987,-1.761825908,-1.401461876,1.029516638,-0.216108799,-0.672364263,0.696375108,0.127612673
1497534847095620000,79988,-1.761043861,-1.409002824,1.029285043,-0.214824017,-0.675316637,0.694261539,0.125694061
1497534847105620000,79989,-1.760202217,-1.416289971,1.028727765,-0.2136645,-0.67851664,0.691848412,0.123727221
1497534847115610000,79990,-1.759128898,-1.424108575,1.028417141,-0.212183345,-0.680911726,0.690162807,0.12252653
1497534847125610000,79991,-1.758132311,-1.431543837,1.027591522,-0.209941921,-0.684300336,0.687790574,0.120836942
1497534847135580000,79992,-1.756998675,-1.439139211,1.026741816,0.207773173,0.688035679,-0.685181451,-0.118167641
1497534847145550000,79993,-1.75585088,-1.446486555,1.025781109,0.205746309,0.690474659,-0.683575375,-0.116781454
1497534847155620000,79994,-1.754575833,-1.454286836,1.024830133,0.203947874,0.693958908,-0.680782618,-0.115591197
1497534847165610000,79995,-1.753118849,-1.46258816,1.024203782,0.202721794,0.697442168,-0.677720754,-0.114773153
1497534847175620000,79996,-1.751676084,-1.470395138,1.02343954,0.201457338,0.699533353,-0.676013369,-0.114341392
1497534847185590000,79997,-1.750320265,-1.477838444,1.022034646,0.199926722,0.703069098,-0.673001792,-0.11310056
1497534847195610000,79998,-1.748887181,-1.485607419,1.020990856,0.198953053,0.705226517,-0.671022752,-0.113144631
1497534847205610000,79999,-1.747329399,-1.493441192,1.01995344,0.198277527,0.708866748,-0.66747641,-0.112557531
1497534847215610000,80000,-1.74592242,-1.501155004,1.018695066,0.196958351,0.712400932,-0.664169313,-0.112122448
1497534847225620000,80001,-1.744179252,-1.509677902,1.018011051,0.196078773,0.714915138,-0.661673739,-0.112415849
1497534847235620000,80002,-1.742551244,-1.517430574,1.016633445,0.195777599,0.717106836,-0.659447014,-0.112064953
1497534847245560000,80003,-1.740706869,-1.525722926,1.015845419,0.195114087,0.719429311,-0.657040184,-0.112472916
1497534847255620000,80004,-1.738960536,-1.533352658,1.014446144,0.194087282,0.722124875,-0.654475728,-0.111925482
1497534847265610000,80005,-1.73696989,-1.541139367,1.01327079,0.193740958,0.723608194,-0.653000956,-0.111558834
1497534847275600000,80006,-1.734896651,-1.549053359,1.012262789,0.193069199,0.724887379,-0.651751019,-0.111728159
1497534847285680000,80007,-1.732810933,-1.556353001,1.010905898,0.192561935,0.726157487,-0.65045137,-0.111929532
1497534847295590000,80008,-1.730617626,-1.564251593,1.009973354,0.192298346,0.726851641,-0.649674414,-0.112388586
1497534847305590000,80009,-1.728485762,-1.57163614,1.008751838,0.192548746,0.727068281,-0.649367136,-0.1123344
1497534847315610000,80010,-1.726305186,-1.579150654,1.007752732,0.192038848,0.728342722,-0.648007632,-0.112801014
1497534847325620000,80011,-1.723984951,-1.586923266,1.006886669,0.192535563,0.728773689,-0.647286644,-0.113309164
1497534847335620000,80012,-1.721536826,-1.594715867,1.005936041,0.19281784,0.728687997,-0.647157982,-0.114112354
1497534847345550000,80013,-1.719162006,-1.601614365,1.004456472,0.193110055,0.729000597,-0.646720597,-0.114101293
1497534847355610000,80014,-1.716359774,-1.609964246,1.003843864,0.193055063,0.72903991,-0.646391074,-0.115797808
1497534847365570000,80015,-1.713584045,-1.617299251,1.002520902,0.192948398,0.729510367,-0.645798267,-0.116319121
1497534847375630000,80016,-1.710519874,-1.625538545,1.001547479,0.193082802,0.729226151,-0.645852172,-0.117572207
1497534847385590000,80017,-1.707353383,-1.633740326,1.000771241,0.192717574,0.729348585,-0.645638256,-0.118582546
1497534847395600000,80018,-1.704127029,-1.64167239,0.999508581,0.192762498,0.729518719,-0.645142145,-0.120152701
1497534847405620000,80019,-1.700626713,-1.64987267,0.998627116,0.192630721,0.729249193,-0.645376556,-0.12073989
1497534847415640000,80020,-1.696957578,-1.658494318,0.997943762,0.193483679,0.728965605,-0.645062575,-0.122749689
1497534847425620000,80021,-1.693107338,-1.666806564,0.997243739,0.193763047,0.728292758,-0.645639088,-0.123270872
1497534847435620000,80022,-1.689091753,-1.675631683,0.996975876,0.194806807,0.727564176,-0.645892909,-0.124591444
1497534847445570000,80023,-1.684949215,-1.683977067,0.996676504,0.195591121,0.727048311,-0.646164229,-0.124966619
1497534847455620000,80024,-1.68050618,-1.692663979,0.996619579,0.196333289,0.725948441,-0.647280985,-0.124416345
1497534847465600000,80025,-1.675764084,-1.701162719,0.996559688,0.19576791,0.725020799,-0.648644597,-0.12361211
1497534847475640000,80026,-1.670533384,-1.710245652,0.997175112,0.195127557,0.724446715,-0.649817033,-0.121819613
1497534847485560000,80027,-1.665266048,-1.718158703,0.997151083,0.193372319,0.723371978,-0.652139922,-0.118548092
1497534847495580000,80028,-1.65933316,-1.727447561,0.998434276,0.191496639,0.722211118,-0.654667682,-0.11467504
1497534847505630000,80029,-1.653180508,-1.735693438,0.999002121,0.188177855,0.721448467,-0.657300725,-0.109804194
1497534847515610000,80030,-1.646580091,-1.744150771,1.000225657,0.183432866,0.720140939,-0.660939801,-0.104441333
1497534847525610000,80031,-1.639778651,-1.751694518,1.001107628,0.177787283,0.71772303,-0.665902652,-0.099191694
1497534847535620000,80032,-1.632809675,-1.759522922,1.00258596,0.170972113,0.715734296,-0.670613492,-0.093650939
1497534847545560000,80033,-1.625998393,-1.767209883,1.004002023,0.164029584,0.713793745,-0.675057515,-0.088826443
1497534847555600000,80034,-1.619432679,-1.773957586,1.005351465,0.157364735,0.710557792,-0.680586769,-0.084531732
1497534847565590000,80035,-1.613312434,-1.780247612,1.00652327,0.152342177,0.706842204,-0.685889098,-0.081988444
1497534847575610000,80036,-1.607473587,-1.787056978,1.008382795,0.149534669,0.702499816,-0.691083432,-0.08085222
1497534847585580000,80037,-1.602104458,-1.793227377,1.010007786,0.148405721,0.697133247,-0.696744891,-0.080793161
1497534847595490000,80038,-1.597193958,-1.799175082,1.011378396,-0.149616601,-0.6914929,0.702134532,0.080371267
1497534847605630000,80039,-1.592445889,-1.805257595,1.012940289,-0.151947315,-0.685775495,0.707251173,0.080123414
1497534847615710000,80040,-1.58795353,-1.811163063,1.01433955,-0.15375283,-0.680421721,0.712244758,0.078062493
1497534847625670000,80041,-1.58344626,-1.817341806,1.015864688,-0.155454321,-0.676469212,0.716024135,0.074382776
1497534847635530000,80042,-1.578977181,-1.823515883,1.017261871,-0.157570222,-0.672458347,0.719767944,0.070039298
1497534847645580000,80043,-1.574581819,-1.82927434,1.018237191,-0.158121169,-0.669649202,0.722742327,0.064893536
1497534847655610000,80044,-1.569759362,-1.835957367,1.019792482,-0.157371675,-0.666887565,0.725933053,0.059298681
1497534847665620000,80045,-1.565045358,-1.841905872,1.02077666,-0.156006611,-0.66516581,0.728241115,0.053677375
1497534847675630000,80046,-1.560016988,-1.848892005,1.02259606,-0.153530043,-0.663668,0.730566008,0.047398524
1497534847685610000,80047,-1.554978309,-1.855180833,1.023978724,-0.150348686,-0.663111088,0.732079777,0.041691216
1497534847695580000,80048,-1.549818565,-1.860866792,1.024992302,-0.14650281,-0.6621241,0.734051401,0.036015876
1497534847705630000,80049,-1.544601123,-1.867250036,1.026664136,-0.143052743,-0.659961975,0.73692447,0.030470144
1497534847715610000,80050,-1.539372229,-1.872916406,1.027791072,-0.138707033,-0.658716855,0.739059408,0.025370367
1497534847725600000,80051,-1.533860766,-1.878633082,1.029010721,-0.134111331,-0.656821671,0.741752462,0.020068096
1497534847735580000,80052,-1.528409574,-1.884840891,1.030385066,-0.13007346,-0.654966536,0.744220483,0.015349409
1497534847745500000,80053,-1.522881375,-1.890632419,1.031312166,-0.124470465,-0.654344943,0.745814297,0.010041547
1497534847755630000,80054,-1.517340099,-1.896618203,1.032339113,-0.119432808,-0.652397326,0.748393615,0.004531068
1497534847765630000,80055,-1.511758222,-1.902521871,1.033237111,-0.113752597,-0.651609949,0.749975273,-0.001382546
1497534847775610000,80056,-1.506110085,-1.908722019,1.034066844,-0.107206111,-0.652206941,0.750383267,-0.007609745
1497534847785650000,80057,-1.500474998,-1.914665058,1.034737792,-0.102684664,-0.650604134,0.752320637,-0.013556498
1497534847795650000,80058,-1.494850934,-1.920643022,1.035350429,-0.096445884,-0.649594983,0.753879262,-0.019763799
1497534847805640000,80059,-1.48923943,-1.926438854,1.035746047,-0.091383044,-0.649188485,0.754661671,-0.02625285
1497534847815630000,80060,-1.483613929,-1.932478004,1.036222474,-0.085583211,-0.648683089,0.755514581,-0.032916288
1497534847825600000,80061,-1.478018389,-1.938197944,1.036367088,-0.078903075,-0.64933045,0.755385301,-0.039208654
1497534847835640000,80062,-1.472366597,-1.944096184,1.036496225,-0.072497351,-0.649458879,0.755557283,-0.045612388
1497534847845600000,80063,-1.466643668,-1.949951532,1.036558371,-0.066295054,-0.650326996,0.754949139,-0.05226434
1497534847855640000,80064,-1.460805413,-1.956348856,1.037010038,-0.059780737,-0.64976855,0.755539356,-0.058201167
1497534847865620000,80065,-1.454989925,-1.962012263,1.036926552,-0.052311054,-0.650416903,0.755069864,-0.063960194
1497534847875630000,80066,-1.449139747,-1.967316043,1.036661303,-0.045834511,-0.649985934,0.755338314,-0.069867844
1497534847885570000,80067,-1.443109874,-1.973308919,1.036895339,-0.038885734,-0.651075244,0.754223768,-0.075732642
1497534847895560000,80068,-1.437059255,-1.978926282,1.036856061,-0.032293321,-0.650278535,0.754579813,-0.081879632
1497534847905640000,80069,-1.430901385,-1.984372271,1.036552672,-0.025172231,-0.650805791,0.753726419,-0.087833175
1497534847915600000,80070,-1.424670886,-1.99009683,1.036541171,-0.018699157,-0.650073833,0.753825514,-0.093816032
1497534847925590000,80071,-1.418296507,-1.996049676,1.036585378,-0.01244327,-0.65053146,0.75287208,-0.099184756
1497534847935640000,80072,-1.41188803,-2.001617162,1.036298666,-0.005660857,-0.651389964,0.751423177,-0.104987038
1497534847945610000,80073,-1.405373074,-2.007580348,1.03601396,-0.000153086,-0.65159265,0.750550339,-0.11000538
1497534847955640000,80074,-1.398781835,-2.013187624,1.03538283,0.006071025,-0.65186929,0.749386316,-0.115972932
1497534847965630000,80075,-1.392021541,-2.019558489,1.035151773,0.012757493,-0.653147114,0.747320743,-0.121440523
1497534847975620000,80076,-1.385086504,-2.025484942,1.034314425,0.017522856,-0.654695637,0.745110602,-0.126003029
1497534847985600000,80077,-1.378081319,-2.031583754,1.033524402,0.024665212,-0.655152271,0.743471025,-0.131977138
1497534847995550000,80078,-1.3708393,-2.03808181,1.03302603,0.03180806,-0.656812171,0.740704853,-0.137631173
1497534848005650000,80079,-1.363578601,-2.044178421,1.032106283,0.038077754,-0.657705128,0.738477377,-0.143614808
1497534848015640000,80080,-1.356216677,-2.050328174,1.031109047,0.045302046,-0.658238708,0.736344064,-0.149889785
1497534848025620000,80081,-1.348700537,-2.056479313,1.030206693,0.051836389,-0.658592649,0.734446191,-0.155426844
1497534848035640000,80082,-1.341166629,-2.06284405,1.029520046,0.058104637,-0.658282533,0.732890071,-0.161740849
1497534848045610000,80083,-1.333659952,-2.068588044,1.028482941,0.06458968,-0.658291888,0.730937611,-0.167958844
1497534848055640000,80084,-1.326228994,-2.074446404,1.027434043,0.069670204,-0.656736324,0.730393071,-0.174268257
1497534848065640000,80085,-1.318742217,-2.08031801,1.02651671,0.074972225,-0.655861581,0.729168068,-0.180384815
1497534848075620000,80086,-1.31132675,-2.086239921,1.025723888,0.079429247,-0.655259108,0.727696473,-0.186505602
1497534848085640000,80087,-1.303935134,-2.091959012,1.024827747,0.085095739,-0.65404678,0.726541292,-0.192663633
1497534848095640000,80088,-1.296549265,-2.097996264,1.024143674,0.088149541,-0.651490933,0.727105034,-0.197756143
1497534848105660000,80089,-1.289185855,-2.103890031,1.023454571,0.092417762,-0.649398535,0.726897592,-0.203372541
1497534848115640000,80090,-1.281805732,-2.110058165,1.022957941,0.095451608,-0.647364037,0.726789531,-0.208772056
1497534848125590000,80091,-1.274412976,-2.115859629,1.021916739,0.097226082,-0.644415692,0.727711586,-0.213802132
1497534848135540000,80092,-1.266899198,-2.1223222,1.021201044,0.098563489,-0.642295047,0.727932832,-0.218760378
1497534848145590000,80093,-1.259332325,-2.128934413,1.020383045,0.100193892,-0.639978056,0.728253918,-0.223686171
1497534848155640000,80094,-1.251615001,-2.135694039,1.019448934,0.101469514,-0.638079543,0.728076034,-0.229049608
1497534848165650000,80095,-1.243829625,-2.142884933,1.018803242,0.102116362,-0.636387781,0.72789831,-0.233980537
1497534848175620000,80096,-1.235898112,-2.149821677,1.017664192,0.103294179,-0.6349028,0.727392606,-0.2390162
1497534848185650000,80097,-1.228046056,-2.156816338,1.016803134,0.103746248,-0.631850986,0.72824642,-0.244250277
1497534848195690000,80098,-1.220104284,-2.163619573,1.015915,0.104769414,-0.630647835,0.727599565,-0.248808263
1497534848205650000,80099,-1.212296792,-2.170813751,1.015900018,0.105578189,-0.628810935,0.727532898,-0.253270479
1497534848215640000,80100,-1.204548004,-2.177786427,1.016411755,0.107584928,-0.627766207,0.726605099,-0.257643363
1497534848225620000,80101,-1.196810242,-2.184619166,1.017478835,0.10871122,-0.628243545,0.724884461,-0.260834118
1497534848235620000,80102,-1.189115757,-2.191285432,1.018724451,0.11004183,-0.630632535,0.72198303,-0.262552673
1497534848245570000,80103,-1.18154986,-2.197947917,1.020482575,0.112923152,-0.632725803,0.719050511,-0.264334605
1497534848255640000,80104,-1.174124044,-2.204433118,1.022315854,0.116792081,-0.633494548,0.717220191,-0.265780858
1497534848265640000,80105,-1.16673578,-2.210889961,1.024200853,0.120225305,-0.632917621,0.716685174,-0.26706464
1497534848275620000,80106,-1.159379563,-2.216846611,1.025516128,0.122420653,-0.631191389,0.71775542,-0.267278452
1497534848285660000,80107,-1.151941591,-2.223299566,1.027070979,0.12462132,-0.630668721,0.717868037,-0.267192763
1497534848295640000,80108,-1.144494961,-2.229572952,1.027999993,0.125745745,-0.629147017,0.719054159,-0.267063954
1497534848305630000,80109,-1.137211058,-2.23607089,1.029114917,0.127374912,-0.629144396,0.718720584,-0.267195964
1497534848315590000,80110,-1.130056939,-2.242651059,1.030164562,0.129062769,-0.628728661,0.718703404,-0.267410714
1497534848325600000,80111,-1.122960621,-2.248990634,1.031007612,0.130433031,-0.629901606,0.717483052,-0.267262531
1497534848335600000,80112,-1.115956427,-2.255634787,1.032070615,0.132855077,-0.632318852,0.715176192,-0.266543455
1497534848345550000,80113,-1.108986445,-2.261888936,1.032828486,0.136755909,-0.6353689,0.711965232,-0.265912938
1497534848355560000,80114,-1.10211605,-2.268029652,1.033702141,0.140715161,-0.639619409,0.707638427,-0.265205791
1497534848365580000,80115,-1.095421855,-2.273657834,1.034360889,0.145221567,-0.644006934,0.702583903,-0.265596733
1497534848375560000,80116,-1.088885579,-2.2793201,1.035006493,0.148926528,-0.648226305,0.698008552,-0.26534432
1497534848385820000,80117,-1.082624538,-2.28408074,1.035270342,0.152454055,-0.651489599,0.693657799,-0.266754421
1497534848395670000,80118,-1.076558404,-2.288500805,1.035365649,0.155802342,-0.653287397,0.690577825,-0.268409155
1497534848405650000,80119,-1.070728327,-2.292621534,1.035757446,0.159036822,-0.654611218,0.687804612,-0.270400182
1497534848415610000,80120,-1.064964327,-2.29637533,1.035978341,0.163048218,-0.655314622,0.685175797,-0.27296914
1497534848425620000,80121,-1.05928717,-2.299683724,1.035956534,0.166864055,-0.655567242,0.68309699,-0.275257116
1497534848435650000,80122,-1.053691071,-2.303182768,1.03628317,0.170702374,-0.65639025,0.680637596,-0.277028881
1497534848445590000,80123,-1.04810006,-2.306308576,1.036270564,0.173721703,-0.65724857,0.678398153,-0.278605516
1497534848455620000,80124,-1.042735096,-2.309796019,1.036560052,0.176645583,-0.658683808,0.675807876,-0.27967069
1497534848465660000,80125,-1.037499179,-2.312864188,1.036395411,0.177912941,-0.659792991,0.674051046,-0.280491323
1497534848475620000,80126,-1.032522524,-2.316339348,1.036437863,0.178715628,-0.661847738,0.6716554,-0.280886668
1497534848485600000,80127,-1.027813297,-2.31992654,1.036526836,0.178464191,-0.663529224,0.669873533,-0.281334235
1497534848495610000,80128,-1.023133061,-2.323426779,1.036444494,0.177285991,-0.665919477,0.667719972,-0.281551002
1497534848505650000,80129,-1.018500468,-2.326977321,1.036288575,-0.176597407,0.667969057,-0.665867902,0.281514888
1497534848515590000,80130,-1.013733769,-2.330047556,1.035773004,-0.174844423,0.670296004,-0.66429262,0.280798877
1497534848525610000,80131,-1.009015408,-2.333505663,1.035659992,-0.174346803,0.672698156,-0.662274417,0.28013029
1497534848535640000,80132,-1.004170714,-2.336704617,1.035338384,-0.173652389,0.675400624,-0.659930324,0.279590437
1497534848545600000,80133,-0.999171916,-2.339712365,1.034915016,-0.173991534,0.677460258,-0.658140277,0.278614286
1497534848555630000,80134,-0.99399645,-2.342523007,1.034314048,-0.174290213,0.67963116,-0.6560325,0.278111067
1497534848565670000,80135,-0.988807435,-2.345567833,1.03392762,-0.175073121,0.682223075,-0.65342818,0.277403482
1497534848575620000,80136,-0.983393871,-2.348229172,1.033101605,-0.176523867,0.684431977,-0.650978528,0.276801643
1497534848585660000,80137,-0.978010621,-2.350952273,1.032333806,-0.177611087,0.686960675,-0.648297036,0.276134542
1497534848595630000,80138,-0.972584377,-2.353492782,1.031461672,-0.17911401,0.689052015,-0.64588963,0.275594045
1497534848605650000,80139,-0.966998482,-2.356024216,1.030590426,-0.180954465,0.691165064,-0.643407308,0.274906115
1497534848615640000,80140,-0.961421018,-2.358439958,1.029761868,-0.182315342,0.693358232,-0.640801738,0.274569865
1497534848625620000,80141,-0.95579294,-2.36065072,1.028789244,-0.184106605,0.695019382,-0.638901942,0.273600303
1497534848635640000,80142,-0.950007518,-2.362673136,1.027677674,-0.18594509,0.69677116,-0.63682888,0.272733115
1497534848645590000,80143,-0.944409543,-2.365107225,1.027401732,-0.187875203,0.698776025,-0.63429211,0.272192017
1497534848655630000,80144,-0.938682656,-2.366912392,1.026339316,-0.189517368,0.700007047,-0.632905532,0.271116005
1497534848665610000,80145,-0.93276988,-2.36890559,1.025371627,-0.192075752,0.702434167,-0.629972424,0.269866433
1497534848675630000,80146,-0.92714058,-2.370976114,1.024783669,-0.193310305,0.703616199,-0.628775249,0.2686951
1497534848685640000,80147,-0.921215375,-2.373004886,1.023865925,-0.196117719,0.705788491,-0.626152469,0.26708338
1497534848695650000,80148,-0.915301172,-2.374956419,1.022616728,-0.197171881,0.707688799,-0.624302233,0.265605976
1497534848705650000,80149,-0.909245942,-2.37702038,1.021712732,-0.199454724,0.709770358,-0.622013496,0.263710186
1497534848715620000,80150,-0.903066499,-2.379349311,1.02066952,-0.201555794,0.713458942,-0.617892805,0.261839801
1497534848725620000,80151,-0.896980702,-2.381251109,1.019540105,-0.202655282,0.714532214,-0.617274257,0.259513087
1497534848735650000,80152,-0.890648503,-2.383394959,1.018501222,-0.204477643,0.716459166,-0.615385504,0.257246648
1497534848745530000,80153,-0.884297208,-2.385462113,1.017195184,-0.205899797,0.719088161,-0.61243378,0.255817035
1497534848755560000,80154,-0.877991183,-2.387369567,1.016146566,-0.206001051,0.719450715,-0.613030809,0.253273496
1497534848765570000,80155,-0.871531626,-2.389269646,1.014987205,-0.207798887,0.721280947,-0.610919056,0.251696893
1497534848775630000,80156,-0.865066495,-2.391200817,1.013652357,-0.208040589,0.723920917,-0.608276782,0.250313754
1497534848785650000,80157,-0.85858276,-2.393000267,1.012697442,-0.207698492,0.72406691,-0.608973882,0.248473856
1497534848795640000,80158,-0.851871703,-2.394630251,1.011412807,-0.209571519,0.724995116,-0.607807346,0.247046739
1497534848805640000,80159,-0.845328862,-2.396451275,1.010267614,-0.209161707,0.727443223,-0.60555262,0.245731075
1497534848815590000,80160,-0.838557818,-2.398019382,1.009030062,-0.209054324,0.728244721,-0.605150081,0.244436692
1497534848825620000,80161,-0.831603315,-2.399347196,1.007721453,-0.209680038,0.728994416,-0.604594572,0.243036676
1497534848835650000,80162,-0.824596616,-2.400737055,1.006577018,-0.210613231,0.729980679,-0.603399437,0.242238301
1497534848845600000,80163,-0.817308065,-2.401954888,1.005477768,-0.211896463,0.731191907,-0.601973509,0.241010743
1497534848855690000,80164,-0.810066525,-2.402780108,1.004208923,-0.211547626,0.731077198,-0.602461611,0.24044488
1497534848865510000,80165,-0.802525725,-2.403759437,1.002882975,-0.212593424,0.731697657,-0.601491683,0.240063179
1497534848875630000,80166,-0.794736339,-2.404657491,1.00168361,-0.213310274,0.732248189,-0.600776548,0.239538839
1497534848885640000,80167,-0.786884279,-2.405354071,1.000465201,-0.214008887,0.732967805,-0.599959125,0.238762313
1497534848895640000,80168,-0.77859926,-2.405982172,0.999090305,-0.215399999,0.733674793,-0.599012891,0.237713471
1497534848905600000,80169,-0.770282168,-2.406518112,0.997862429,-0.216205462,0.734438636,-0.598335237,0.236326115
1497534848915680000,80170,-0.761766418,-2.407175649,0.996625043,-0.217006508,0.735546137,-0.597251309,0.234884929
1497534848925630000,80171,-0.753251086,-2.407619366,0.995707785,-0.217249676,0.735749557,-0.597907309,0.232340307
1497534848935650000,80172,-0.744590687,-2.408107665,0.994866646,-0.216866478,0.736616456,-0.597851861,0.230083202
1497534848945610000,80173,-0.73576492,-2.408562961,0.994088858,-0.216361267,0.736905778,-0.598526624,0.227867411
1497534848955580000,80174,-0.726880076,-2.408927624,0.993409888,-0.215341756,0.737289517,-0.599186737,0.225848071
1497534848965690000,80175,-0.717871731,-2.409094801,0.992894559,-0.213994856,0.737353593,-0.600311926,0.223922916
1497534848975630000,80176,-0.708670928,-2.409468045,0.992469017,-0.212958648,0.738635411,-0.599528244,0.22278292
1497534848985610000,80177,-0.699469237,-2.409429794,0.992477793,-0.211312887,0.737716598,-0.601807249,0.22124448
1497534848995630000,80178,-0.689925866,-2.409602719,0.992320074,-0.210533819,0.738767534,-0.60075105,0.221350894
1497534849005620000,80179,-0.680478439,-2.409393809,0.992488333,-0.208229137,0.737985092,-0.602266818,0.222020969
1497534849015630000,80180,-0.670696823,-2.409146147,0.992880789,-0.206881209,0.737452708,-0.602722274,0.223806904
1497534849025520000,80181,-0.660759479,-2.408758307,0.993602919,-0.206347085,0.736708699,-0.603082142,0.225772239
1497534849035640000,80182,-0.650488109,-2.408167625,0.994477988,-0.206283581,0.73601914,-0.602610329,0.22931136
1497534849045600000,80183,-0.640378666,-2.407124799,0.995673602,-0.205667853,0.734297254,-0.603369547,0.233352666
1497534849055630000,80184,-0.630127195,-2.406126554,0.997279699,-0.206998745,0.731889808,-0.604165559,0.237640075
1497534849065650000,80185,-0.619939503,-2.40480219,0.999026162,-0.2072085,0.729429033,-0.605386731,0.241877717
1497534849075580000,80186,-0.610000029,-2.403367072,1.000885763,-0.207361347,0.726549608,-0.607158961,0.245936852
1497534849085610000,80187,-0.600438489,-2.401835563,1.002837241,-0.206669299,0.723578334,-0.609162047,0.250287428
1497534849095550000,80188,-0.590837424,-2.400364342,1.004928347,-0.207181966,0.719312045,-0.612400509,0.254227126
1497534849105640000,80189,-0.58161405,-2.399079177,1.006925705,-0.206348755,0.716332202,-0.614051937,0.259284759
1497534849115710000,80190,-0.57235612,-2.397607868,1.008902182,-0.208570508,0.711667029,-0.616759829,0.263885764
1497534849125660000,80191,-0.563501188,-2.396273786,1.010599538,-0.208582735,0.70719611,-0.619741343,0.268863483
1497534849135580000,80192,-0.554666288,-2.3952554,1.012346799,-0.210743619,0.703014152,-0.621588665,0.273835281
1497534849145610000,80193,-0.546061246,-2.394203793,1.013785269,-0.211006207,0.698292851,-0.624893843,0.278156719
1497534849155650000,80194,-0.537713414,-2.393420317,1.015271093,-0.211349081,0.693916199,-0.627335141,0.283306365
1497534849165640000,80195,-0.529630833,-2.392725913,1.016609482,-0.210333011,0.690641663,-0.629429995,0.287388236
1497534849175620000,80196,-0.521796933,-2.392114885,1.017970064,-0.209008197,0.686872579,-0.631929574,0.291867517
1497534849185660000,80197,-0.51434152,-2.391467914,1.019301116,-0.205848301,0.683262012,-0.634866435,0.296182562
1497534849195640000,80198,-0.507055324,-2.390871721,1.020671127,-0.202427185,0.679730647,-0.637850717,0.30022649
1497534849205650000,80199,-0.49998046,-2.390549694,1.02215809,-0.199907671,0.676702167,-0.640248977,0.303631927
1497534849215610000,80200,-0.492908011,-2.390153492,1.023573883,-0.196935665,0.67456638,-0.641485765,0.307689058
1497534849225620000,80201,-0.486052147,-2.389890345,1.025051227,-0.193506615,0.671851806,-0.643780697,0.310993174
1497534849235650000,80202,-0.479200362,-2.389626024,1.026584749,-0.191046746,0.669493045,-0.645294586,0.314444114
1497534849245570000,80203,-0.472350155,-2.38938108,1.028165642,-0.188842897,0.666786387,-0.647116935,0.31776398
1497534849255650000,80204,-0.465630295,-2.389112943,1.029902984,-0.187365649,0.663773271,-0.649071106,0.320945256
1497534849265560000,80205,-0.458729035,-2.388860466,1.031536597,-0.186681498,0.660763889,-0.650650653,0.324337524
1497534849275640000,80206,-0.451892334,-2.388892605,1.03337076,-0.186819731,0.657950863,-0.651892835,0.327467222
1497534849285670000,80207,-0.445091589,-2.388746991,1.035089453,-0.186485927,0.654711794,-0.653766927,0.330400167
1497534849295590000,80208,-0.438192489,-2.388708844,1.036562877,0.186251122,-0.652020917,0.655140476,-0.3331219
1497534849305660000,80209,-0.431374237,-2.388857499,1.038235013,0.186746734,-0.649286533,0.656007485,-0.336462233
1497534849315660000,80210,-0.42456054,-2.388851074,1.039591701,0.186422822,-0.646572485,0.657166798,-0.33959145
1497534849325690000,80211,-0.417717276,-2.388962295,1.040933309,0.186134891,-0.643464336,0.658916465,-0.342252161
1497534849335630000,80212,-0.410914432,-2.388947839,1.042170276,0.18709982,-0.640624318,0.659694926,-0.345538341
1497534849345620000,80213,-0.404025779,-2.389133679,1.043275664,0.188302179,-0.637859282,0.660516341,-0.348419274
1497534849355670000,80214,-0.397110998,-2.389042193,1.044468412,0.189517362,-0.634938275,0.661103251,-0.351964554
1497534849365640000,80215,-0.390006868,-2.389100114,1.045429291,0.191423274,-0.632137358,0.66217169,-0.353960654
1497534849375650000,80216,-0.382808632,-2.389289885,1.046356389,0.194185423,-0.629905913,0.66195129,-0.356834769
1497534849385670000,80217,-0.375563274,-2.389410334,1.047138965,0.197206657,-0.628073619,0.66171513,-0.358840006
1497534849395600000,80218,-0.368178113,-2.38958672,1.047881375,0.199851735,-0.625866913,0.661896018,-0.360892716
1497534849405610000,80219,-0.360774374,-2.389821815,1.048327889,0.203103506,-0.624148525,0.661537048,-0.362706932
1497534849415650000,80220,-0.353367126,-2.390072445,1.048809283,0.205638077,-0.622700739,0.661207053,-0.364365207
1497534849425630000,80221,-0.346009691,-2.390454367,1.048990641,0.207901558,-0.621002601,0.66133809,-0.365738488
1497534849435640000,80222,-0.338436205,-2.390815359,1.049015004,0.210914114,-0.620131064,0.660710969,-0.366624761
1497534849445630000,80223,-0.330820526,-2.391174932,1.048839286,0.212647779,-0.619686867,0.659686717,-0.36821535
1497534849455650000,80224,-0.3232547,-2.391674747,1.048493394,0.215110513,-0.619175431,0.658566295,-0.36964806
1497534849465650000,80225,-0.31542745,-2.392231049,1.047953244,0.217466805,-0.618939952,0.657786035,-0.370052776
1497534849475630000,80226,-0.307431755,-2.392815337,1.047286204,0.220439526,-0.619086165,0.655944309,-0.371316306
1497534849485630000,80227,-0.299301841,-2.393410811,1.046405055,0.223408439,-0.620341185,0.653316673,-0.372079036
1497534849495650000,80228,-0.291079106,-2.394104933,1.045412898,0.226064366,-0.619908199,0.651912765,-0.373655555
1497534849505630000,80229,-0.282807223,-2.394630947,1.044254085,0.228736265,-0.620995525,0.649954898,-0.373634727
1497534849515620000,80230,-0.274308232,-2.395313521,1.043101031,0.231761427,-0.621127466,0.647998219,-0.374947491
1497534849525630000,80231,-0.265562041,-2.395930731,1.041676411,0.235380691,-0.622237418,0.645433101,-0.375276749
1497534849535640000,80232,-0.256764354,-2.396652744,1.04019567,0.238681015,-0.622256217,0.643397973,-0.376653185
1497534849545630000,80233,-0.247817883,-2.397340722,1.038777952,0.241837583,-0.622357749,0.641449369,-0.377793758
1497534849555660000,80234,-0.238819878,-2.397951267,1.03712181,0.244755965,-0.622776402,0.639185744,-0.379058906
1497534849565580000,80235,-0.22992618,-2.398574435,1.0356217,0.247584685,-0.621813482,0.638095569,-0.380636128
1497534849575620000,80236,-0.220440946,-2.399303497,1.034070152,0.252322356,-0.621962453,0.634896307,-0.382626208
1497534849585650000,80237,-0.211235824,-2.400067011,1.03257808,0.253852671,-0.621701086,0.634248273,-0.38311318
1497534849595660000,80238,-0.202294995,-2.400712654,1.031137386,0.25449228,-0.620600969,0.633820343,-0.385175142
1497534849605670000,80239,-0.193144973,-2.401584654,1.029749314,0.252792719,-0.619230003,0.635089065,-0.386409013
1497534849615640000,80240,-0.185786442,-2.401440557,1.028493221,0.255035305,-0.613847814,0.634882627,-0.393791702
1497534849625640000,80241,-0.176864076,-2.402622115,1.027237518,0.253610689,-0.611750056,0.636401557,-0.395520601
1497534849635590000,80242,-0.167902439,-2.403469478,1.026056418,0.252940159,-0.609676213,0.637558949,-0.397284253
1497534849645620000,80243,-0.159186638,-2.404639915,1.024699575,0.254855833,-0.60735518,0.637543754,-0.39963252
1497534849655660000,80244,-0.149723949,-2.405979287,1.024116964,0.252401528,-0.60562725,0.638807819,-0.401788095
1497534849665660000,80245,-0.140222594,-2.407525611,1.022836939,0.252605985,-0.603806855,0.639400615,-0.403453037
1497534849675630000,80246,-0.131041808,-2.40933378,1.021795733,0.249159944,-0.601417309,0.641732873,-0.405457103
1497534849685610000,80247,-0.120827493,-2.4111321,1.0209362,0.247009803,-0.600178246,0.64263104,-0.407182487
1497534849695650000,80248,-0.11097349,-2.413302513,1.020259381,0.245635553,-0.598035842,0.643884102,-0.409181585
1497534849705670000,80249,-0.100865318,-2.415256782,1.019747708,0.243055469,-0.595935623,0.646171448,-0.410179512
1497534849715600000,80250,-0.09088505,-2.417299458,1.019774748,0.241422569,-0.593873315,0.647049644,-0.412742521
1497534849725640000,80251,-0.080812395,-2.41929407,1.020272254,0.239998506,-0.5920337,0.649140562,-0.412932616
1497534849735660000,80252,-0.071170676,-2.42150549,1.021332207,0.238290298,-0.589941695,0.652171498,-0.412139378
1497534849745560000,80253,-0.061491489,-2.423774366,1.023006574,0.236515313,-0.589685276,0.653065958,-0.412112407
1497534849755660000,80254,-0.05221573,-2.426170335,1.025057285,0.235255332,-0.589859325,0.654278696,-0.410658366
1497534849765650000,80255,-0.042809125,-2.428910233,1.027464934,0.234176638,-0.59155537,0.654088102,-0.409136042
1497534849775600000,80256,-0.033974516,-2.431869086,1.02979789,0.235643344,-0.592087588,0.65381659,-0.407956332
1497534849785620000,80257,-0.024822655,-2.435163786,1.032493343,0.234387774,-0.592936452,0.653902637,-0.407308331
1497534849795620000,80258,-0.015399952,-2.438582524,1.035124384,0.235660037,-0.595916622,0.652104499,-0.405101777
1497534849805580000,80259,-0.005969112,-2.442123507,1.037360353,0.23651708,-0.599461334,0.650440371,-0.402036198
1497534849815690000,80260,0.003189942,-2.445872603,1.039129748,0.23453506,-0.60256311,0.649781141,-0.399619159
1497534849825670000,80261,0.01212155,-2.449671856,1.04087874,0.23175305,-0.606723015,0.648737263,-0.396632917
1497534849835720000,80262,0.020900032,-2.453450012,1.042423415,0.228106246,-0.609772088,0.64940304,-0.392964671
1497534849845630000,80263,0.029373564,-2.456674936,1.043727919,0.224612476,-0.612061728,0.650251149,-0.390004
1497534849855670000,80264,0.038453774,-2.460312519,1.044916134,0.225825642,-0.618174986,0.647835977,-0.383628743
1497534849865680000,80265,0.046667418,-2.463121327,1.045796561,0.225942808,-0.620239073,0.648371784,-0.379298523
1497534849875590000,80266,0.054687427,-2.465512069,1.046794341,0.226559351,-0.621873242,0.648821373,-0.375466852
1497534849885610000,80267,0.062230728,-2.467748557,1.047658999,0.229108172,-0.622589867,0.648632385,-0.373051379
1497534849895660000,80268,0.069384762,-2.469691034,1.048522205,0.232860609,-0.623245271,0.647646049,-0.371343324
1497534849905670000,80269,0.076753181,-2.471629279,1.049648423,0.231965401,-0.624329588,0.647711706,-0.369965085
1497534849915660000,80270,0.083481836,-2.473851866,1.050460214,0.233090207,-0.625157359,0.647392643,-0.368415522
1497534849925630000,80271,0.090329782,-2.476089723,1.051424046,0.237148291,-0.627492577,0.644982434,-0.366075695
1497534849935660000,80272,0.09712468,-2.478554385,1.052155581,0.240584876,-0.631867326,0.640824055,-0.363602984
1497534849945610000,80273,0.103380841,-2.48096659,1.052612035,0.23745451,-0.632829228,0.641544886,-0.362715705
1497534849955640000,80274,0.109242075,-2.483359405,1.053002647,0.236930236,-0.635630242,0.639057673,-0.362551444
1497534849965650000,80275,0.115118531,-2.48593343,1.053357769,-0.234438019,0.638818223,-0.637045959,0.362108464
1497534849975650000,80276,0.121041056,-2.488531077,1.053655361,-0.231570268,0.642440936,-0.635412191,0.360411156
1497534849985540000,80277,0.126647535,-2.49108753,1.053921053,-0.227964587,0.645535741,-0.634279408,0.359173199
1497534849995630000,80278,0.132337681,-2.493653871,1.054184894,-0.225657991,0.648665988,-0.633217893,0.356855723
1497534850005560000,80279,0.137899737,-2.495972184,1.054337419,-0.223947694,0.652143951,-0.631473282,0.354678998
1497534850015610000,80280,0.143477723,-2.498037252,1.054603084,-0.221540506,0.654525728,-0.630890071,0.352836498
1497534850025650000,80281,0.148821769,-2.500118282,1.054755048,-0.220147929,0.656530285,-0.630552894,0.35057941
1497534850035670000,80282,0.1541474,-2.501960453,1.054844606,-0.220464315,0.659082548,-0.62913125,0.348137258
1497534850045650000,80283,0.159658749,-2.503682073,1.054968598,-0.220074431,0.660841517,-0.628517371,0.346152639
1497534850055670000,80284,0.165338183,-2.50540385,1.055062639,-0.218805959,0.663041807,-0.628032687,0.343619642
1497534850065680000,80285,0.17068357,-2.506893906,1.055046446,-0.2207001,0.665243487,-0.626103522,0.341667893
1497534850075630000,80286,0.176512799,-2.508526476,1.054945947,-0.219769624,0.667410456,-0.625648792,0.338863078
1497534850085670000,80287,0.181945542,-2.509738462,1.054880572,-0.220017605,0.668878663,-0.62463173,0.337681493
1497534850095580000,80288,0.187651179,-2.511248771,1.054542488,-0.219815904,0.670755435,-0.623986642,0.335274195
1497534850105680000,80289,0.193277632,-2.512332834,1.054284482,-0.219333372,0.6722329,-0.623344553,0.33382236
1497534850115690000,80290,0.198939606,-2.51362443,1.054025895,-0.219452555,0.674399261,-0.622031259,0.331818211
1497534850125660000,80291,0.204511431,-2.514851183,1.053555722,-0.21907806,0.675362568,-0.62230793,0.329580106
1497534850135670000,80292,0.210110716,-2.516084292,1.053300933,-0.219334505,0.677711204,-0.620931562,0.327175633
1497534850145640000,80293,0.215749035,-2.517258693,1.052864747,-0.218387422,0.679153897,-0.620804049,0.325052689
1497534850155670000,80294,0.221288745,-2.518615348,1.052445048,-0.218568709,0.680922076,-0.620316615,0.322149257
1497534850165680000,80295,0.226989996,-2.519812466,1.051966869,-0.21697436,0.683168144,-0.619624676,0.319794739
1497534850175650000,80296,0.232603884,-2.521029655,1.051534242,-0.215875978,0.684973177,-0.618960509,0.317957856
1497534850185680000,80297,0.238326898,-2.522476022,1.05092097,-0.214335891,0.687104128,-0.618701333,0.314891574
1497534850195670000,80298,0.243977947,-2.523774143,1.05024559,-0.213129988,0.689002009,-0.618395802,0.31215136
1497534850205670000,80299,0.249942224,-2.525189744,1.049642924,-0.212116524,0.691398253,-0.617319456,0.30966389
1497534850215670000,80300,0.255922221,-2.52648117,1.049002149,-0.211003128,0.694028326,-0.616060471,0.307037226
1497534850225650000,80301,0.261705223,-2.527778596,1.048245375,-0.210559674,0.695945519,-0.615607332,0.303894835
1497534850235680000,80302,0.268158651,-2.529157155,1.047538072,-0.208656746,0.698568816,-0.615111844,0.300168938
1497534850245580000,80303,0.274121999,-2.530234103,1.046750355,-0.208479595,0.700912385,-0.614036502,0.297013908
1497534850255680000,80304,0.280414119,-2.531425421,1.04610341,-0.209102957,0.703229274,-0.612662683,0.293920022
1497534850265850000,80305,0.286468292,-2.532451042,1.045319873,-0.209640691,0.704888992,-0.612122138,0.290669532
1497534850275630000,80306,0.292982792,-2.533771406,1.044470468,-0.210436562,0.707901832,-0.61009534,0.287010672
1497534850285670000,80307,0.299329971,-2.534645767,1.043600187,-0.209901042,0.709932887,-0.609579866,0.283459407
1497534850295700000,80308,0.30574513,-2.535827667,1.042795714,-0.210118508,0.712587679,-0.608347224,0.279253769
1497534850305680000,80309,0.312125595,-2.536866196,1.04193008,-0.209921615,0.714420882,-0.607907004,0.275653393
1497534850315680000,80310,0.318526868,-2.537891397,1.040842277,-0.209053265,0.716790913,-0.607289287,0.271490776
1497534850325660000,80311,0.325073447,-2.538831441,1.039950829,-0.20903507,0.719276505,-0.605884589,0.268047596
1497534850335680000,80312,0.331535785,-2.539644369,1.038938393,-0.207774386,0.721300403,-0.605534041,0.264355932
1497534850345580000,80313,0.338188259,-2.540438694,1.037942707,-0.207711237,0.72334632,-0.604467344,0.261238155
1497534850355670000,80314,0.344818599,-2.541147294,1.036950655,-0.207224693,0.724504906,-0.60470608,0.257839338
1497534850365680000,80315,0.351374156,-2.541857958,1.035954541,-0.207387871,0.725860852,-0.604432348,0.254514894
1497534850375650000,80316,0.358189681,-2.542468954,1.034891224,-0.207492117,0.727052905,-0.604152697,0.251675611
1497534850385660000,80317,0.365016185,-2.543067617,1.033914489,-0.206571194,0.728142789,-0.604428483,0.248601348
1497534850395680000,80318,0.371841503,-2.543669445,1.033059522,-0.205866263,0.729186097,-0.604391006,0.246207696
1497534850405690000,80319,0.37885694,-2.544431573,1.031936014,-0.205083982,0.729933517,-0.604925143,0.243317061
1497534850415680000,80320,0.38574256,-2.545244596,1.030927101,-0.20462879,0.731289693,-0.60487084,0.239736751
1497534850425630000,80321,0.392642221,-2.545909859,1.029858019,-0.202834402,0.731559482,-0.60620318,0.237058293
1497534850435650000,80322,0.400047782,-2.546683357,1.028893514,-0.200598333,0.73243429,-0.607016572,0.234160629
1497534850445640000,80323,0.407312573,-2.547370266,1.027802598,-0.198166449,0.733326881,-0.607951262,0.230991356
1497534850455590000,80324,0.414847763,-2.548055252,1.026866376,-0.195695955,0.733722174,-0.609296507,0.228281911
1497534850465630000,80325,0.422621929,-2.548802708,1.02589998,-0.193838996,0.734356465,-0.610065407,0.22575922
1497534850475600000,80326,0.430725076,-2.549526688,1.024951755,-0.192158513,0.734830194,-0.611092575,0.222857703
1497534850485650000,80327,0.439117456,-2.549966712,1.024212191,-0.190193837,0.735302626,-0.61164897,0.221454034
1497534850495570000,80328,0.447757193,-2.550424783,1.023484451,-0.187562586,0.735370316,-0.613106994,0.219432427
1497534850505590000,80329,0.45647807,-2.550782221,1.022898806,-0.186352881,0.735739713,-0.613263669,0.218786083
1497534850515730000,80330,0.465535591,-2.551116924,1.022672737,-0.185440449,0.735410439,-0.613626359,0.219649761
1497534850525700000,80331,0.474840417,-2.551186245,1.022713396,-0.183542174,0.735013537,-0.61424797,0.220832068
1497534850535610000,80332,0.48420481,-2.551081919,1.022809241,-0.183249694,0.734504115,-0.614301499,0.222613842
1497534850545670000,80333,0.493912927,-2.550851573,1.023262282,-0.182265115,0.733447018,-0.614664162,0.22588242
1497534850555670000,80334,0.503768354,-2.550462772,1.024004556,-0.183768138,0.732562173,-0.613639504,0.230279164
1497534850565860000,80335,0.51363511,-2.549666916,1.025027792,-0.184333997,0.731499515,-0.612770383,0.235461028
1497534850575640000,80336,0.523718929,-2.548257606,1.026382929,-0.186874598,0.728964033,-0.61262158,0.241628068
1497534850585670000,80337,0.533838178,-2.546457273,1.028081344,-0.189703663,0.725355158,-0.613752681,0.247346036
1497534850595630000,80338,0.544068847,-2.544139292,1.030044406,-0.193812039,0.720741269,-0.615221531,0.25391216
1497534850605670000,80339,0.554220817,-2.541668033,1.032285265,-0.198811229,0.715549526,-0.617171044,0.259928594
1497534850615680000,80340,0.563783026,-2.53917137,1.034568658,-0.204574244,0.709046937,-0.620050564,0.266343986
1497534850625660000,80341,0.573360213,-2.536669499,1.036950035,-0.210001335,0.702600959,-0.623080004,0.27207102
1497534850635670000,80342,0.582376834,-2.534423476,1.039328646,-0.214101332,0.695840259,-0.627006962,0.277180848
1497534850645650000,80343,0.590981928,-2.532346703,1.041602855,-0.216918692,0.690258578,-0.630650279,0.280659229
1497534850655680000,80344,0.599128362,-2.530626376,1.043662438,-0.218190854,0.684863794,-0.634507111,0.28417435
1497534850665690000,80345,0.606930135,-2.529177907,1.045566665,-0.217429587,0.679916142,-0.638617233,0.287413367
1497534850675640000,80346,0.614502648,-2.527942315,1.047428036,-0.216188004,0.676155887,-0.641536665,0.290700311
1497534850685680000,80347,0.621812005,-2.526719466,1.049148424,-0.21345614,0.671658806,-0.645388064,0.294593231
1497534850695670000,80348,0.629389971,-2.525512954,1.050920592,-0.211236069,0.668986812,-0.646999314,0.298710321
1497534850705680000,80349,0.636738198,-2.524428691,1.052451229,-0.209729657,0.665955619,-0.648644738,0.30294651
1497534850715680000,80350,0.644309436,-2.523221451,1.054141808,-0.207684645,0.663266108,-0.649810026,0.307720795
1497534850725660000,80351,0.65182901,-2.522109438,1.055772409,-0.207099871,0.660817089,-0.649924005,0.313096162
1497534850735690000,80352,0.65927263,-2.520806563,1.057297991,-0.205696546,0.658368675,-0.65007167,0.318820391
1497534850745610000,80353,0.666800812,-2.519545594,1.05896221,-0.206220089,0.65540435,-0.649862283,0.324957575
1497534850755680000,80354,0.674517463,-2.518172897,1.06084538,-0.20638868,0.653234205,-0.649553428,0.329801653
1497534850765690000,80355,0.682127086,-2.51648516,1.062714243,-0.208449686,0.649800967,-0.649305138,0.335723502
1497534850775600000,80356,0.689781925,-2.514703293,1.064557591,0.209965416,-0.645973956,0.649799058,-0.341164706
1497534850785680000,80357,0.69744688,-2.51257486,1.066372577,0.213342569,-0.641940466,0.649565139,-0.347077104
1497534850795680000,80358,0.705217918,-2.510372115,1.068014898,0.218124002,-0.637855835,0.648911064,-0.352811967
1497534850805650000,80359,0.713272534,-2.508050701,1.069746578,0.221258645,-0.633405923,0.648857172,-0.358923276
1497534850815680000,80360,0.721202795,-2.505674547,1.071331604,0.224907273,-0.628311353,0.649349307,-0.364673882
1497534850825500000,80361,0.728976759,-2.503350893,1.072583602,0.229433253,-0.624769991,0.647869683,-0.370523568
1497534850835410000,80362,0.737106758,-2.500854279,1.073823816,0.233164016,-0.620919763,0.646697766,-0.37666323
1497534850845670000,80363,0.745174278,-2.49853464,1.074848896,0.238248462,-0.617363657,0.644497257,-0.383044477
1497534850855640000,80364,0.753300962,-2.495941265,1.075931833,0.242746705,-0.613192066,0.643152804,-0.389132367
1497534850865580000,80365,0.761496025,-2.493428109,1.076802468,0.248534476,-0.610077302,0.640338155,-0.394972591
1497534850875610000,80366,0.769659921,-2.490831683,1.077426004,0.254938572,-0.606868715,0.637045282,-0.401110951
1497534850885690000,80367,0.777816961,-2.487930203,1.078247265,0.260407072,-0.602383597,0.634743983,-0.407948814
1497534850895630000,80368,0.786261042,-2.48499801,1.079083819,0.266561993,-0.59975392,0.630846583,-0.413850853
1497534850905680000,80369,0.794393324,-2.482057756,1.079583732,0.272550612,-0.595635544,0.627868971,-0.420374854
1497534850915690000,80370,0.802080806,-2.478936958,1.079572475,0.278169085,-0.590403593,0.625443231,-0.42762872
1497534850925660000,80371,0.810089716,-2.47560067,1.080064038,0.284547539,-0.587013697,0.621054987,-0.434440238
1497534850935670000,80372,0.818248816,-2.472246088,1.080448096,0.290427572,-0.582809582,0.617657678,-0.441003185
1497534850945660000,80373,0.82609896,-2.468726531,1.080826329,0.298089252,-0.57755491,0.613934911,-0.447947596
1497534850955650000,80374,0.83418876,-2.464978582,1.081470203,0.304044555,-0.573824477,0.609687392,-0.454492752
1497534850965610000,80375,0.842036823,-2.46134032,1.081763534,0.311488012,-0.569093468,0.60591907,-0.460401915
1497534850975680000,80376,0.849729999,-2.457469199,1.082060674,0.318763399,-0.564677773,0.601648216,-0.466420767
1497534850985690000,80377,0.857481468,-2.453502079,1.082395629,0.32576406,-0.560641922,0.597222038,-0.472106185
1497534850995660000,80378,0.864897914,-2.449628456,1.082561688,0.334605554,-0.555961733,0.592288369,-0.477640202
1497534851005650000,80379,0.87230795,-2.445658118,1.082626933,0.341402183,-0.55107796,0.588576479,-0.483047989
1497534851015690000,80380,0.879903907,-2.441578843,1.082825218,0.348591067,-0.547212082,0.584125419,-0.487689142
1497534851025660000,80381,0.887132087,-2.437602797,1.082650041,0.355381149,-0.542192863,0.58050296,-0.492694075
1497534851035690000,80382,0.894168754,-2.433611628,1.082397461,0.363721914,-0.537161003,0.575879283,-0.497521334
1497534851045640000,80383,0.901205747,-2.429667056,1.082099353,-0.371556121,0.532915253,-0.571054673,0.501840555
1497534851055680000,80384,0.908160787,-2.425654342,1.081664208,-0.378273935,0.529291054,-0.566716776,0.505560982
1497534851065710000,80385,0.91588902,-2.421511078,1.081906429,-0.383923704,0.525072902,-0.563047668,0.509782661
1497534851075650000,80386,0.922813615,-2.417464587,1.081398705,-0.389625913,0.520646828,-0.55912411,0.514294428
1497534851085700000,80387,0.92975538,-2.413405154,1.080885031,-0.395463759,0.516767226,-0.554742588,0.518479229
1497534851095690000,80388,0.937538578,-2.409056008,1.081250892,-0.401734373,0.512313191,-0.550669188,0.5224061
1497534851105650000,80389,0.944067919,-2.40501472,1.080380623,-0.407358065,0.507818636,-0.546927595,0.526355247
1497534851115720000,80390,0.950973065,-2.40077881,1.079779897,-0.413459656,0.503213789,-0.54261723,0.530465396
1497534851125670000,80391,0.958547336,-2.396322891,1.079843707,-0.418760938,0.498569724,-0.538498546,0.534870846
1497534851135690000,80392,0.961960654,-2.392904162,1.075492715,-0.422730649,0.493227826,-0.534945376,0.540239349
1497534851145680000,80393,0.972813299,-2.38752941,1.078646779,-0.427737553,0.48926511,-0.530289937,0.544474812
1497534851155690000,80394,0.98001943,-2.383096061,1.077842051,-0.431606168,0.485759135,-0.526074985,0.54863402
1497534851165590000,80395,0.984602759,-2.379156208,1.074060744,-0.434891496,0.481718761,-0.521681902,0.553772891
1497534851175670000,80396,0.992207626,-2.374355402,1.073555198,-0.438734328,0.477539545,-0.516744157,0.55896659
1497534851185680000,80397,0.99995346,-2.369464461,1.072993227,-0.442736956,0.473502499,-0.511444686,0.564095475
1497534851195660000,80398,1.008134424,-2.364351635,1.072522635,-0.447319597,0.470479562,-0.505782048,0.568100942
1497534851205800000,80399,1.015624497,-2.359282724,1.071127025,-0.451512743,0.466683123,-0.500150777,0.572880709
1497534851215650000,80400,1.023669876,-2.353952774,1.070233782,-0.455150142,0.463193341,-0.49501127,0.577281665
1497534851225640000,80401,1.031385306,-2.34860676,1.068874737,-0.459268858,0.458682375,-0.489376244,0.582403199
1497534851235680000,80402,1.040069435,-2.343020681,1.068388832,-0.463150253,0.455412689,-0.483512073,0.58677696
1497534851245650000,80403,1.048341627,-2.337435566,1.06737064,-0.466985242,0.451955383,-0.477348178,0.591438781
1497534851255630000,80404,1.056925994,-2.331779153,1.066593169,-0.468615353,0.449148041,-0.472771018,0.595947357
1497534851265610000,80405,1.067452798,-2.325624353,1.067714037,-0.47258358,0.446700671,-0.466102559,0.599893053
1497534851275610000,80406,1.075688599,-2.319971447,1.066144173,-0.474393624,0.443936764,-0.460932982,0.604492866
1497534851285730000,80407,1.08339398,-2.314406154,1.06371311,-0.476149988,0.441635865,-0.455599007,0.608825506
1497534851295720000,80408,1.091824748,-2.308716129,1.06205888,-0.477643902,0.439470563,-0.450466641,0.613026698
1497534851305820000,80409,1.10056723,-2.302966633,1.060811002,-0.479087512,0.437042187,-0.445033374,0.61758771
1497534851315700000,80410,1.109317441,-2.297171397,1.059762327,-0.480501988,0.434613308,-0.439908272,0.621859972
1497534851325670000,80411,1.118358663,-2.291352042,1.059460149,-0.481240748,0.432058865,-0.43564535,0.626055596
1497534851335700000,80412,1.129049426,-2.285199866,1.061632658,-0.482601601,0.430251187,-0.430805568,0.629592069
1497534851345570000,80413,1.135671743,-2.279836803,1.059782112,-0.481025842,0.428484887,-0.428360249,0.633657903
1497534851355690000,80414,1.143809333,-2.274245674,1.060409758,-0.481678404,0.427200955,-0.424481106,0.636632587
1497534851365690000,80415,1.15325408,-2.268473152,1.06354183,-0.4829513,0.426355968,-0.421262922,0.638369941
1497534851375670000,80416,1.160121086,-2.263224796,1.064070704,-0.483945287,0.426004804,-0.418491259,0.639673302
1497534851385700000,80417,1.169152861,-2.25771071,1.067622984,-0.485478759,0.426212636,-0.416003914,0.63999524
1497534851395690000,80418,1.177325851,-2.252544283,1.070630521,-0.488809938,0.424921853,-0.412367154,0.640671205
1497534851405650000,80419,1.185167192,-2.247505686,1.072762727,-0.490208462,0.423980747,-0.411412314,0.640839994
1497534851415680000,80420,1.192929962,-2.242537368,1.074919223,-0.490981155,0.422231037,-0.410017269,0.642296113
1497534851425670000,80421,1.200387368,-2.237603133,1.076025931,-0.49117185,0.421798837,-0.409718617,0.642624781
1497534851435690000,80422,1.208577589,-2.232520812,1.077654948,-0.49120786,0.421298183,-0.410380711,0.642503192
1497534851445680000,80423,1.216327552,-2.227420619,1.078504043,-0.490668325,0.419969536,-0.411852863,0.642843218
1497534851455670000,80424,1.222563419,-2.222551422,1.077470616,-0.490096683,0.418566083,-0.413651804,0.643039548
1497534851465580000,80425,1.230189956,-2.217540565,1.078265339,-0.490192103,0.416686539,-0.415496115,0.642998451
1497534851475670000,80426,1.238012242,-2.212506632,1.079282075,-0.490920046,0.415513202,-0.417366392,0.641990329
1497534851485670000,80427,1.244780276,-2.207644002,1.079111863,-0.49177877,0.41532402,-0.418283493,0.640857644
1497534851495680000,80428,1.252368691,-2.202759462,1.080417728,-0.494653196,0.416511321,-0.417102319,0.638640894
1497534851505640000,80429,1.259172262,-2.198029524,1.080724727,-0.497584366,0.417845336,-0.415297145,0.636665811
1497534851515730000,80430,1.266390377,-2.193206132,1.082032105,-0.502606619,0.418822781,-0.410988924,0.634871774
1497534851525730000,80431,1.272803958,-2.188459398,1.082505333,-0.506983126,0.419212827,-0.407134226,0.633616948
1497534851535700000,80432,1.279027074,-2.183670599,1.083144406,-0.512387635,0.418528022,-0.402488773,0.632689493
1497534851545680000,80433,1.284851875,-2.178824525,1.083845446,-0.517916121,0.41757287,-0.397295537,0.632101294
1497534851555710000,80434,1.290469081,-2.173949315,1.084891599,-0.522587687,0.415689666,-0.393123788,0.632105923
1497534851565770000,80435,1.295120033,-2.169098457,1.084898082,-0.525588438,0.413038263,-0.390116171,0.633218414
1497534851575680000,80436,1.299800059,-2.164201536,1.085494426,-0.529125897,0.409353636,-0.387038798,0.634552089
1497534851585700000,80437,1.30361852,-2.159382429,1.085047393,-0.532658989,0.405767173,-0.383740973,0.635901147
1497534851595700000,80438,1.307635291,-2.15451993,1.08505607,-0.535704043,0.40277724,-0.380808847,0.637005726
1497534851605620000,80439,1.312356715,-2.149722033,1.08596356,-0.538364283,0.400435535,-0.377774734,0.638045086
1497534851615700000,80440,1.31734793,-2.145015508,1.087164476,-0.542130156,0.398975,-0.373989618,0.638001261
1497534851625680000,80441,1.321576788,-2.140605068,1.087151014,-0.544526603,0.398587146,-0.371278875,0.637786064
1497534851635650000,80442,1.32522807,-2.136291506,1.086028719,-0.547148018,0.399369858,-0.368185785,0.636845343
1497534851645670000,80443,1.329609537,-2.132078371,1.086032673,-0.548679832,0.400646617,-0.365455122,0.63629811
1497534851655700000,80444,1.333524278,-2.127889569,1.085472753,-0.550237067,0.402909451,-0.362934928,0.634965655
1497534851665710000,80445,1.339078945,-2.123571768,1.087446541,-0.5525086,0.40461722,-0.360303904,0.633403701
1497534851675680000,80446,1.343455295,-2.119209813,1.088001156,-0.554626128,0.40566806,-0.357665587,0.632375372
1497534851685690000,80447,1.345872626,-2.114829625,1.086010635,-0.55646715,0.406185033,-0.355453541,0.631673025
1497534851695700000,80448,1.349850814,-2.110170615,1.08626327,-0.558839884,0.406304549,-0.353598634,0.630541516
1497534851705670000,80449,1.353757379,-2.105354407,1.086372474,-0.562145379,0.406033622,-0.351190112,0.629122226
1497534851715700000,80450,1.35751183,-2.100477759,1.086558013,-0.565393447,0.404916013,-0.349039746,0.628127797
1497534851725680000,80451,1.361095967,-2.095494118,1.08644555,-0.568848991,0.403927406,-0.346717596,0.62692933
1497534851735700000,80452,1.363400291,-2.090474118,1.084340074,-0.572257537,0.402698684,-0.344540247,0.625817146
1497534851745670000,80453,1.366438578,-2.085400984,1.083538157,-0.575815585,0.40153915,-0.342134643,0.62461717
1497534851755690000,80454,1.370139816,-2.080222821,1.083586527,-0.579521049,0.399969594,-0.339772931,0.623485392
1497534851765710000,80455,1.372907261,-2.075045412,1.082354463,-0.582601279,0.399103109,-0.337650667,0.62232185
1497534851775680000,80456,1.375930033,-2.069821013,1.081599611,-0.58639166,0.397671885,-0.335053108,0.621080758
1497534851785710000,80457,1.379701007,-2.064469302,1.081758409,-0.589988176,0.39695046,-0.332430605,0.619543524
1497534851795700000,80458,1.382035658,-2.059215018,1.080158189,-0.592178462,0.396114554,-0.330903117,0.618806154
1497534851805690000,80459,1.384599679,-2.053824808,1.078861871,-0.594820727,0.395001464,-0.329017546,0.61798835
1497534851815690000,80460,1.38751146,-2.048454011,1.078435498,-0.597624479,0.394278158,-0.326643609,0.617003783
1497534851825680000,80461,1.390304709,-2.042850744,1.077470155,-0.59991723,0.393492467,-0.324817096,0.616244148
1497534851835700000,80462,1.393454795,-2.037152173,1.077174867,-0.602859662,0.392727706,-0.322497245,0.615077803
1497534851845680000,80463,1.396244007,-2.031311866,1.076225386,-0.605729079,0.392371118,-0.319998696,0.613789886
1497534851855730000,80464,1.399880201,-2.025373147,1.076487202,-0.608872482,0.391565509,-0.31717529,0.612658623
1497534851865710000,80465,1.401840304,-2.019140476,1.074126217,-0.611296746,0.391109211,-0.31518304,0.611563181
1497534851875670000,80466,1.405113687,-2.012863002,1.0737004,-0.614164165,0.38948173,-0.313688263,0.610496547
1497534851885700000,80467,1.408133657,-2.006350318,1.072769639,-0.617353053,0.388413345,-0.312022436,0.608812189
1497534851895700000,80468,1.410364715,-1.999665456,1.070457731,-0.620248057,0.387923566,-0.310384313,0.607016667
1497534851905630000,80469,1.414163385,-1.993002912,1.070438385,-0.623097929,0.387822741,-0.308614874,0.605061445
1497534851915710000,80470,1.416638141,-1.985955506,1.068254952,-0.626672819,0.386283388,-0.307807166,0.602761205
1497534851925690000,80471,1.420061594,-1.9790838,1.067325582,-0.629208374,0.38659471,-0.306336192,0.600665872
1497534851935700000,80472,1.423208901,-1.971996231,1.066016157,-0.633382952,0.385844718,-0.304375697,0.59775022
1497534851945700000,80473,1.426001621,-1.964298417,1.063199102,-0.642731147,0.386054787,-0.297886005,0.590865722
1497534851955670000,80474,1.429859957,-1.957415935,1.063174177,-0.645706716,0.386603543,-0.2955038,0.588453942
1497534851965710000,80475,1.424465589,-1.961954644,1.064544377,-0.622990996,0.382093227,-0.263841582,0.629503459
1497534851975670000,80476,1.426852202,-1.955827918,1.058727372,-0.622797017,0.397367826,-0.251400206,0.625316418
1497534851985710000,80477,1.431551894,-1.940145352,1.054620528,-0.622581183,0.387129625,-0.302554438,0.60908467
1497534851995680000,80478,1.43398975,-1.932975715,1.05305533,-0.625830442,0.387467938,-0.299493256,0.607049129
1497534852005570000,80479,1.435258791,-1.926008631,1.051247331,-0.62488631,0.385085159,-0.300242757,0.609164024
1497534852015620000,80480,1.440795893,-1.914542458,1.050626924,-0.655694355,0.382977598,-0.287534058,0.583709892
1497534852025690000,80481,1.443545715,-1.907302193,1.050519213,-0.656789276,0.383960085,-0.284973269,0.583088961
1497534852035720000,80482,1.444903938,-1.899485319,1.048754097,-0.657657347,0.38325062,-0.284295091,0.582908292
1497534852045730000,80483,1.447497068,-1.891719771,1.048777689,-0.65914547,0.383621318,-0.282061651,0.582068002
1497534852055710000,80484,1.447640901,-1.883264862,1.045497122,-0.659395008,0.383219489,-0.281406104,0.582367282
1497534852065730000,80485,1.449718146,-1.875062505,1.045073795,-0.660184957,0.384089096,-0.27909953,0.582009313
1497534852075690000,80486,1.450354363,-1.866273525,1.043255849,-0.660821167,0.383048811,-0.279007845,0.582016853
1497534852085720000,80487,1.451441207,-1.857588717,1.042209306,-0.660896341,0.383692824,-0.277673795,0.582145262
1497534852095700000,80488,1.451935647,-1.848511079,1.040843226,-0.66040226,0.383596736,-0.27778734,0.582714848
1497534852105730000,80489,1.453156649,-1.839304655,1.040951147,-0.660935809,0.384140744,-0.276654075,0.582290535
1497534852115700000,80490,1.453273086,-1.82969826,1.040058164,-0.660775066,0.383693051,-0.276687316,0.582752164
1497534852125700000,80491,1.45421295,-1.820129227,1.04068759,-0.66090886,0.383982262,-0.275326657,0.583054314
1497534852135720000,80492,1.454777574,-1.81043625,1.041387645,-0.659910113,0.383670899,-0.274843827,0.584616246
1497534852145720000,80493,1.454944864,-1.800433344,1.041736949,-0.659929266,0.383016673,-0.273192463,0.585796441
1497534852155720000,80494,1.454637318,-1.790191457,1.041836707,-0.659905336,0.381781198,-0.270985054,0.587652248
1497534852165730000,80495,1.45476989,-1.779946095,1.043187539,-0.660058396,0.379823842,-0.268714553,0.589787463
1497534852175700000,80496,1.453974731,-1.769344151,1.04343583,-0.660125044,0.377173876,-0.266345818,0.592481813
1497534852185730000,80497,1.454308782,-1.759264641,1.045679691,-0.659815876,0.375611226,-0.262407417,0.59556827
1497534852195720000,80498,1.453608357,-1.748884982,1.046736821,-0.659715821,0.372692592,-0.258917887,0.599029878
1497534852205720000,80499,1.452252467,-1.738473454,1.047264286,-0.658782331,0.36942252,-0.256459585,0.603126291
1497534852215700000,80500,1.452041881,-1.728579467,1.049671124,-0.658955276,0.365786315,-0.252953613,0.60662409
1497534852225700000,80501,1.450421294,-1.718574598,1.050233438,-0.656983335,0.362491763,-0.250505706,0.611734837
1497534852235710000,80502,1.449480522,-1.709078656,1.051982951,-0.655574591,0.358230328,-0.247957355,0.616773977
1497534852245710000,80503,1.448264156,-1.699707022,1.053144024,-0.653627551,0.353488937,-0.246044913,0.622317039
1497534852255710000,80504,1.447455082,-1.690708821,1.054890766,-0.651882572,0.348346613,-0.244382618,0.627678967
1497534852265730000,80505,1.445688523,-1.681615337,1.054513524,-0.649691451,0.344843779,-0.241540348,0.632962911
1497534852275710000,80506,1.44497104,-1.673146595,1.055422227,-0.647598616,0.341446184,-0.238942885,0.637916009
1497534852285720000,80507,1.444621513,-1.665117699,1.056745555,-0.644387844,0.338209335,-0.237917515,0.643252678
1497534852295720000,80508,1.444199618,-1.65726838,1.05785744,-0.640939398,0.336152515,-0.236822589,0.648161427
1497534852305720000,80509,1.443970378,-1.649818589,1.05928873,-0.636189092,0.334381341,-0.237009991,0.653665681
1497534852315690000,80510,1.443713718,-1.642517933,1.060448711,-0.631715024,0.334067769,-0.236024107,0.658503967
1497534852325700000,80511,1.44365676,-1.635352588,1.061742573,-0.627483074,0.334564145,-0.233856885,0.663055641
1497534852335720000,80512,1.442598458,-1.628401615,1.063288267,-0.618600015,0.330204715,-0.238685649,0.671809519
1497534852345690000,80513,1.442968176,-1.621127322,1.064641681,-0.619821745,0.33075194,-0.232492872,0.672585477
1497534852355710000,80514,1.442945452,-1.614188554,1.066216007,-0.617261173,0.329408431,-0.229945658,0.676464134
1497534852365720000,80515,1.442875673,-1.607485274,1.067648331,-0.61310064,0.329160784,-0.227338955,0.681232548
1497534852375710000,80516,1.442835248,-1.600713398,1.069311023,-0.610415235,0.327095744,-0.224858236,0.685449042
1497534852385730000,80517,1.442552722,-1.594407528,1.071422625,-0.604072652,0.323693431,-0.225868382,0.692316595
1497534852395730000,80518,1.442304779,-1.588065998,1.073026969,-0.599784014,0.322155931,-0.224349254,0.697238915
1497534852405730000,80519,1.442139588,-1.581677356,1.074939665,-0.597501654,0.319111351,-0.222910869,0.701049544
1497534852415590000,80520,1.442023008,-1.575344883,1.076706934,-0.594937741,0.315537438,-0.221967836,0.705135086
1497534852425710000,80521,1.441961501,-1.569102116,1.078365565,-0.592041523,0.313266239,-0.220082199,0.709164949
1497534852435720000,80522,1.441946607,-1.562720123,1.079846533,-0.591334498,0.309926218,-0.217101539,0.71213494
1497534852445700000,80523,1.441940992,-1.556691238,1.080984035,-0.587791907,0.308166048,-0.2153847,0.716340556
1497534852455700000,80524,1.442160609,-1.550400835,1.082450258,-0.586686963,0.304886858,-0.21320518,0.719295462
1497534852465720000,80525,1.442410439,-1.543965678,1.083529058,-0.586074864,0.30175644,-0.209972671,0.722060096
1497534852475730000,80526,1.442537957,-1.537723866,1.084406551,-0.584907047,0.298732969,-0.20765839,0.724927826
1497534852485680000,80527,1.442798242,-1.531349967,1.085180807,-0.584857766,0.295343853,-0.205002132,0.72710902
1497534852495710000,80528,1.443112356,-1.524855942,1.085729473,-0.584826247,0.292283964,-0.202224541,0.729145788
1497534852505680000,80529,1.443286635,-1.51863985,1.086356361,-0.583890172,0.28867343,-0.200878408,0.731701977
1497534852515720000,80530,1.443503425,-1.511990892,1.08666133,-0.58466469,0.284958969,-0.198759463,0.733116813
1497534852525710000,80531,1.443435835,-1.504939716,1.086430566,-0.585781911,0.282257349,-0.195758301,0.734076991
1497534852535700000,80532,1.443745162,-1.498084676,1.086440922,-0.586457783,0.279084608,-0.195008897,0.734949373
1497534852545710000,80533,1.444028803,-1.490952811,1.086265766,-0.588637797,0.275194246,-0.193670704,0.735027434
1497534852555660000,80534,1.445257321,-1.483207679,1.086127972,-0.596798203,0.273133322,-0.187709973,0.730749656
1497534852565780000,80535,1.445301479,-1.476123501,1.086009163,-0.593766983,0.26898673,-0.190740213,0.733965313
1497534852575690000,80536,1.446011391,-1.468596472,1.085783261,-0.597278285,0.265769626,-0.18896004,0.732747746
1497534852585730000,80537,1.446408857,-1.460828212,1.084944375,-0.598818168,0.263846413,-0.18804677,0.732420838
1497534852595710000,80538,1.447211574,-1.453084749,1.084437803,-0.602460608,0.261335504,-0.185781779,0.73091046
1497534852605720000,80539,1.447958605,-1.445072661,1.083508053,-0.605560529,0.259391373,-0.184795701,0.729289455
1497534852615710000,80540,1.448810838,-1.437053174,1.082497616,-0.608766285,0.257303368,-0.183196055,0.727762181
1497534852625700000,80541,1.449757212,-1.428692465,1.081387464,-0.612148155,0.255963546,-0.180903135,0.725969252
1497534852635720000,80542,1.450589113,-1.420275933,1.080026405,-0.615627642,0.252672573,-0.18027331,0.724334668
1497534852645690000,80543,1.451593717,-1.411736424,1.078618973,-0.618147205,0.251095845,-0.17824286,0.723238821
1497534852655710000,80544,1.452541829,-1.403140528,1.077057666,-0.620894515,0.249893946,-0.177104645,0.721579491
1497534852665710000,80545,1.453235808,-1.39459445,1.075292503,-0.623240686,0.247360792,-0.175103142,0.72091787
1497534852675620000,80546,1.453628264,-1.386189884,1.073439274,-0.625023898,0.244208145,-0.17196798,0.721203524
1497534852685710000,80547,1.454297739,-1.377613281,1.071558052,-0.626046626,0.242409341,-0.169669463,0.721467676
1497534852695710000,80548,1.455059101,-1.369137363,1.069902507,-0.627428321,0.240735196,-0.167038246,0.721441953
1497534852705710000,80549,1.455852155,-1.360808733,1.068095668,-0.626353715,0.239033359,-0.166282191,0.723114314
1497534852715700000,80550,1.456754511,-1.352416115,1.066685984,-0.624907416,0.238578608,-0.16555033,0.724682039
1497534852725650000,80551,1.457965011,-1.344007232,1.065352912,-0.62427293,0.239623469,-0.163336535,0.725386158
1497534852735680000,80552,1.458850449,-1.33606037,1.063807444,-0.623633754,0.238116752,-0.161772291,0.726781315
1497534852745610000,80553,1.460267754,-1.327794803,1.062518372,-0.621800587,0.237733587,-0.162033601,0.728417383
1497534852755600000,80554,1.461934321,-1.319474687,1.061142757,-0.61936805,0.238720871,-0.161847804,0.730206034
1497534852765800000,80555,1.463620527,-1.311044686,1.059870815,-0.616390319,0.239311994,-0.162461879,0.732392574
1497534852775710000,80556,1.465513432,-1.302309579,1.058546502,-0.613801625,0.24050167,-0.161672013,0.734349149
1497534852785760000,80557,1.467288253,-1.29342149,1.057240059,-0.611108804,0.240626077,-0.161834384,0.736515277
1497534852795710000,80558,1.469938522,-1.283602112,1.056518838,-0.607037043,0.244831269,-0.162486845,0.738350664
1497534852805670000,80559,1.471871139,-1.274178812,1.055075473,-0.604086603,0.243719688,-0.162814142,0.741061162
1497534852815650000,80560,1.474201662,-1.264148229,1.054102423,-0.603814859,0.243291224,-0.161604546,0.741687918
1497534852825700000,80561,1.476066759,-1.254412005,1.052767662,-0.600803061,0.241330152,-0.161688066,0.744749897
1497534852835720000,80562,1.47857312,-1.244047607,1.05221926,-0.600305609,0.240643751,-0.161739432,0.745361736
1497534852845700000,80563,1.480720202,-1.234186829,1.051612378,-0.598505562,0.23889679,-0.162268916,0.747253782
1497534852855720000,80564,1.483006541,-1.224270745,1.051807459,-0.597673027,0.237710555,-0.162650083,0.748214939
1497534852865730000,80565,1.485262428,-1.214784793,1.052516848,-0.596841622,0.23602168,-0.164283793,0.749055859
1497534852875700000,80566,1.48775799,-1.20532461,1.053965281,-0.596175906,0.236400783,-0.166724011,0.748927275
1497534852885730000,80567,1.49028512,-1.196425672,1.055557224,-0.595465463,0.237339321,-0.168916458,0.74870432
1497534852895720000,80568,1.493107645,-1.1875848,1.057575217,-0.594660752,0.238358028,-0.171568624,0.748417162
1497534852905730000,80569,1.496455774,-1.1783301,1.059921942,-0.595354509,0.241445322,-0.171737485,0.746835592
1497534852915720000,80570,1.500146123,-1.168985937,1.06212646,-0.597328117,0.243965121,-0.171211939,0.744557998
1497534852925720000,80571,1.504066401,-1.159508281,1.064117744,-0.599216737,0.246269716,-0.170880502,0.742354621
1497534852935740000,80572,1.507921629,-1.150096102,1.065949189,-0.600324552,0.248636874,-0.171903519,0.740431846
1497534852945740000,80573,1.511835153,-1.140759873,1.067436256,-0.599953831,0.252787503,-0.173714042,0.738902775
1497534852955740000,80574,1.515723423,-1.131619542,1.06904046,-0.598762023,0.257137535,-0.177337911,0.737506335
1497534852965740000,80575,1.51940613,-1.122831572,1.070358322,-0.597792344,0.259743967,-0.181632025,0.736333615
1497534852975710000,80576,1.523092223,-1.114215213,1.071340654,-0.595999504,0.263288617,-0.186703386,0.735258826
1497534852985700000,80577,1.526302331,-1.105667766,1.072248164,-0.596284154,0.265199792,-0.191513061,0.733100965
1497534852995730000,80578,1.529621158,-1.0973106,1.073125635,-0.596881058,0.268596863,-0.195921598,0.730207816
1497534853005720000,80579,1.532464388,-1.089234783,1.073867933,-0.598912103,0.27011173,-0.199633013,0.726973594
1497534853015750000,80580,1.535189827,-1.081295848,1.074724497,-0.601017908,0.272466158,-0.201748907,0.723765877
1497534853025690000,80581,1.537749778,-1.073697576,1.075374821,-0.604743733,0.272962903,-0.202650723,0.72021452
1497534853035730000,80582,1.540400024,-1.066003717,1.07630338,-0.607602635,0.274523821,-0.202882712,0.717143161
1497534853045730000,80583,1.543019638,-1.058464354,1.077293996,-0.610359419,0.275848229,-0.203647494,0.714070608
1497534853055720000,80584,1.545431698,-1.051165202,1.07817519,-0.613101658,0.276583129,-0.203825526,0.711381251
1497534853065760000,80585,1.547838486,-1.044036378,1.078899661,-0.614940553,0.278171743,-0.203276638,0.709328701
1497534853075710000,80586,1.550354369,-1.037049168,1.079612647,-0.617217433,0.280540307,-0.202349905,0.706678352
1497534853085670000,80587,1.552774265,-1.030364371,1.079985723,-0.618287073,0.282804672,-0.201610842,0.705050127
1497534853095720000,80588,1.555225489,-1.023858642,1.080218078,-0.618274044,0.286576181,-0.201910782,0.703451018
1497534853105740000,80589,1.557848258,-1.017324275,1.080521583,-0.618405234,0.290520581,-0.202110021,0.701658248
1497534853115740000,80590,1.560243375,-1.010932807,1.080757474,-0.618695616,0.294455139,-0.201947437,0.6998065
1497534853125720000,80591,1.562911824,-1.004404957,1.081160657,-0.620248909,0.298266649,-0.202223086,0.696731025
1497534853135740000,80592,1.565154307,-0.998159861,1.080990376,-0.622023441,0.30051481,-0.202466012,0.694107486
1497534853145730000,80593,1.567557457,-0.991787408,1.081297414,-0.623169753,0.303879006,-0.204215791,0.691095449
1497534853155730000,80594,1.569668097,-0.985412913,1.081447583,-0.624102523,0.307288614,-0.205236042,0.688438752
1497534853165740000,80595,1.571579138,-0.979233511,1.081422508,-0.62522366,0.309245894,-0.206669931,0.686112157
1497534853175710000,80596,1.573438352,-0.972935212,1.081393898,-0.625740939,0.31142482,-0.208126009,0.684212265
1497534853185740000,80597,1.575055173,-0.966704178,1.081247108,-0.626661807,0.312393811,-0.209489391,0.682509547
1497534853195650000,80598,1.576630971,-0.960326333,1.081111818,-0.628255693,0.313092554,-0.210221796,0.680495873
1497534853205740000,80599,1.57835736,-0.953627819,1.080947536,-0.630110324,0.314133579,-0.211133786,0.678014453
1497534853215720000,80600,1.580032014,-0.94685362,1.080700998,-0.63155157,0.315666293,-0.211766248,0.675760655
1497534853225720000,80601,1.581567446,-0.940084583,1.080264107,-0.633329063,0.316807007,-0.212319232,0.673385597
1497534853235740000,80602,1.582929833,-0.933235136,1.079363375,-0.635209344,0.31700085,-0.213227686,0.671232824
1497534853245700000,80603,1.584353114,-0.926319833,1.078896926,-0.637129318,0.318330698,-0.213312307,0.668752315
1497534853255720000,80604,1.585640394,-0.919257293,1.078119033,-0.639124828,0.319223601,-0.213607349,0.66632398
1497534853265750000,80605,1.587006871,-0.912191103,1.077257597,-0.640691849,0.320487906,-0.214006446,0.664080339
1497534853275720000,80606,1.588360125,-0.905020414,1.076335215,-0.642200163,0.321564845,-0.214867054,0.661821086
1497534853285720000,80607,1.589706781,-0.897705175,1.07547086,-0.643744251,0.32332086,-0.215139154,0.659372509
1497534853295690000,80608,1.591071739,-0.890127527,1.074344685,-0.645818267,0.324380064,-0.215754658,0.656617291
1497534853305680000,80609,1.592353593,-0.882584181,1.073277919,-0.647844407,0.325378202,-0.216004725,0.65404022
1497534853315730000,80610,1.59373789,-0.874768452,1.072360574,-0.6494934,0.32747305,-0.215989194,0.651358882
1497534853325700000,80611,1.594964006,-0.866807409,1.071129177,-0.651935578,0.328551917,-0.215404976,0.648563287
1497534853335730000,80612,1.596133992,-0.858701571,1.070013608,-0.654237792,0.32947108,-0.215162306,0.645853622
1497534853345690000,80613,1.597304036,-0.850368128,1.06888391,-0.657383236,0.329819722,-0.214591519,0.642663762
1497534853355720000,80614,1.597971129,-0.842173834,1.067203566,-0.659863208,0.329449825,-0.214844787,0.640222677
1497534853365730000,80615,1.598942645,-0.83352946,1.066084614,-0.661956667,0.330636903,-0.21528131,0.637296295
1497534853375710000,80616,1.59971563,-0.824946373,1.064774355,-0.664421639,0.33023877,-0.215702297,0.634790327
1497534853385750000,80617,1.600436807,-0.81645089,1.063111638,-0.667735296,0.329207413,-0.215426662,0.631936237
1497534853395690000,80618,1.601212559,-0.807866584,1.061529357,-0.670511892,0.328375717,-0.215584233,0.629370026
1497534853405720000,80619,1.602003781,-0.799209415,1.060181937,-0.671865917,0.328433046,-0.216821096,0.627468355
1497534853415730000,80620,1.602730144,-0.790635102,1.05858365,-0.674278743,0.328015042,-0.217315583,0.624922592
1497534853425700000,80621,1.603519529,-0.782028873,1.056917896,-0.676650457,0.32837139,-0.217749786,0.622014003
1497534853435720000,80622,1.604330774,-0.773445494,1.055740856,-0.678066787,0.330547482,-0.21843441,0.619072049
1497534853445720000,80623,1.605152049,-0.764903462,1.054168617,-0.678760217,0.331313816,-0.219720151,0.617445365
1497534853455720000,80624,1.605945216,-0.75644198,1.052347865,-0.679817795,0.332266961,-0.220957454,0.615324497
1497534853465730000,80625,1.606737395,-0.747990957,1.050649601,-0.680419059,0.333859477,-0.222056814,0.613399157
1497534853475700000,80626,1.60750326,-0.73943866,1.049150688,-0.680357484,0.336195391,-0.223833048,0.611543228
1497534853485620000,80627,1.608136584,-0.730723993,1.04760425,-0.680263521,0.338686116,-0.225425602,0.609685619
1497534853495670000,80628,1.608715606,-0.721812511,1.04573223,-0.680811693,0.340790457,-0.226679395,0.607432099
1497534853505720000,80629,1.60919436,-0.712693028,1.043922304,-0.680677052,0.341680824,-0.228116262,0.606544258
1497534853515750000,80630,1.609551938,-0.703254365,1.042146578,-0.681529006,0.343523595,-0.229474245,0.604029242
1497534853525730000,80631,1.609606912,-0.693570196,1.040612815,-0.681797725,0.345294301,-0.230898758,0.602170634
1497534853535770000,80632,1.609718002,-0.683619787,1.03900029,-0.681467128,0.345686767,-0.232661743,0.601640861
1497534853545730000,80633,1.609460951,-0.673369067,1.037711868,-0.681363681,0.346856144,-0.234252989,0.600466391
1497534853555690000,80634,1.609336126,-0.662939001,1.036608894,-0.680991983,0.347647023,-0.235831515,0.59981244
1497534853565750000,80635,1.609012542,-0.652336075,1.035495779,-0.68035079,0.347308656,-0.237233462,0.600183126
1497534853575690000,80636,1.608717269,-0.641560337,1.034869699,-0.680371622,0.349224912,-0.23687918,0.599186674
1497534853585660000,80637,1.608423391,-0.630600155,1.034335117,-0.679629531,0.349275714,-0.237088516,0.599916004
1497534853595710000,80638,1.608067253,-0.619508166,1.033960977,-0.679117843,0.349980468,-0.236270437,0.600407284
1497534853605700000,80639,1.607456056,-0.608295459,1.033823216,-0.678679996,0.3507566,-0.234813098,0.601020865
1497534853615750000,80640,1.606778916,-0.596926468,1.033762232,-0.678074996,0.350311172,-0.232570037,0.602832946
1497534853625710000,80641,1.605971436,-0.585478237,1.034089591,-0.677656217,0.349346239,-0.229270636,0.60512332
1497534853635740000,80642,1.604842906,-0.574037971,1.034458918,-0.677403746,0.348072339,-0.225275319,0.607635452
1497534853645730000,80643,1.603571926,-0.562687011,1.035307757,-0.676653171,0.345705016,-0.221057976,0.611360695
1497534853655670000,80644,1.601834983,-0.551549498,1.036237231,-0.676079657,0.342165772,-0.21664955,0.615550042
1497534853665740000,80645,1.600107527,-0.540684312,1.037583364,-0.674311035,0.337974605,-0.213135133,0.62100822
1497534853675720000,80646,1.598270016,-0.530192874,1.039032445,-0.672861997,0.332552454,-0.210080937,0.626523422
1497534853685720000,80647,1.596342374,-0.520217717,1.040746635,-0.670377052,0.326752573,-0.207927638,0.63292453
1497534853695710000,80648,1.5945175,-0.510648082,1.042276137,-0.668524184,0.323735058,-0.205452731,0.637228533
1497534853705740000,80649,1.593153159,-0.50135873,1.044251972,-0.663953434,0.317371498,-0.206094377,0.644954477
1497534853715740000,80650,1.591474354,-0.492631991,1.045455702,-0.659241643,0.313331807,-0.207161767,0.651389006
1497534853725600000,80651,1.590702438,-0.48385103,1.047329802,-0.654642799,0.311327823,-0.207794355,0.656764264
1497534853735730000,80652,1.589776889,-0.475601143,1.048984789,-0.649432773,0.309297187,-0.208084092,0.662776986
1497534853745720000,80653,1.588947402,-0.467559972,1.050267674,-0.644916134,0.309977489,-0.207561968,0.667019614
1497534853755720000,80654,1.588678665,-0.45956137,1.05240731,-0.639534679,0.310240937,-0.207365079,0.672120286
1497534853765750000,80655,1.588178271,-0.451993531,1.054121672,-0.634681197,0.310185601,-0.206290968,0.677058865
1497534853775690000,80656,1.587942449,-0.444427415,1.055989255,-0.629351982,0.311064787,-0.205699142,0.681793695
1497534853785730000,80657,1.587438369,-0.437241103,1.05767242,-0.624184103,0.311841383,-0.204742938,0.68646157
1497534853795730000,80658,1.587337102,-0.430028962,1.05956851,-0.619700331,0.313046871,-0.203799637,0.69024551
1497534853805740000,80659,1.587254315,-0.422936215,1.061619089,-0.614885533,0.312583007,-0.203265353,0.694903476
1497534853815740000,80660,1.587026014,-0.416062381,1.063379827,-0.610392,0.313648343,-0.203265164,0.6983764
1497534853825710000,80661,1.586962837,-0.409125337,1.065384908,-0.605895367,0.313633572,-0.203573295,0.702198477
1497534853835740000,80662,1.587209315,-0.401962596,1.067818295,-0.602407914,0.313070787,-0.203845359,0.70536406
1497534853845730000,80663,1.586972651,-0.394965713,1.069811952,-0.598672754,0.310973091,-0.204382532,0.709305612
1497534853855740000,80664,1.586636053,-0.387796123,1.071696443,-0.596162845,0.309452783,-0.204418864,0.712068652
1497534853865740000,80665,1.584828053,-0.381194534,1.071034523,-0.593276123,0.30838687,-0.20435642,0.714954148
1497534853875710000,80666,1.584535972,-0.373821818,1.072837453,-0.590898802,0.305962193,-0.204022763,0.718053239
1497534853885730000,80667,1.584299641,-0.366349578,1.074798751,-0.588003166,0.302242315,-0.203557938,0.722126045
1497534853895730000,80668,1.584081502,-0.358713272,1.076206587,-0.586145188,0.299559145,-0.202683768,0.724994778
1497534853905660000,80669,1.583842071,-0.351059673,1.077540825,-0.584356181,0.296272182,-0.20150964,0.728110234
1497534853915750000,80670,1.583759351,-0.343128358,1.078679855,-0.583099569,0.293868313,-0.20065315,0.73032501
1497534853925720000,80671,1.583664819,-0.335153749,1.079538596,-0.583135242,0.290667632,-0.199132025,0.73199184
1497534853935740000,80672,1.583573583,-0.327147535,1.080250693,-0.58256508,0.287383951,-0.198008993,0.734044162
1497534853945730000,80673,1.583631826,-0.318959212,1.080884214,-0.583225593,0.284302431,-0.19615907,0.73521538
1497534853955780000,80674,1.583556426,-0.310901089,1.081023473,-0.583469613,0.281331882,-0.194746626,0.736538753
1497534853965750000,80675,1.583678808,-0.302777712,1.081047667,-0.584192933,0.278660299,-0.193375199,0.737341907
1497534853975690000,80676,1.583776503,-0.294463329,1.080448348,-0.584846515,0.276850173,-0.19131088,0.738043822
1497534853985670000,80677,1.58421043,-0.286122138,1.080167194,-0.58689512,0.274253919,-0.189430081,0.737872042
1497534853995740000,80678,1.584706747,-0.277518038,1.079341606,-0.588212283,0.27320011,-0.187252033,0.737770077
1497534854005740000,80679,1.585266106,-0.268831783,1.078250713,-0.589835175,0.271590423,-0.185824605,0.737429539
1497534854015740000,80680,1.585948716,-0.260087399,1.077069154,-0.592362119,0.270286509,-0.184228117,0.736282774
1497534854025720000,80681,1.586657754,-0.251221245,1.07541989,-0.594637134,0.269129193,-0.182834149,0.73521958
1497534854035730000,80682,1.587392348,-0.242206866,1.073562802,-0.597348518,0.268291977,-0.181507991,0.733654559
1497534854045720000,80683,1.588230835,-0.233104137,1.071675776,-0.600290718,0.267122095,-0.180101519,0.732024783
1497534854055740000,80684,1.589231447,-0.223796779,1.069726858,-0.602693789,0.266415692,-0.179326124,0.730496418
1497534854065740000,80685,1.590280879,-0.214379237,1.067733662,-0.606139005,0.264862755,-0.177922395,0.728551199
1497534854075710000,80686,1.591338638,-0.204794933,1.065618846,-0.609368047,0.263036574,-0.176265124,0.726920182
1497534854085690000,80687,1.592471428,-0.195036216,1.063661266,-0.612194942,0.261210428,-0.175132602,0.725475731
1497534854095740000,80688,1.593576165,-0.185211062,1.061976694,-0.615257529,0.258705106,-0.173760301,0.724111317
1497534854105710000,80689,1.594387749,-0.175423245,1.060175306,-0.616618115,0.256691048,-0.173061603,0.723838025
1497534854115740000,80690,1.595253194,-0.165928266,1.05900077,-0.617198251,0.25462178,-0.171878056,0.724356267
1497534854125710000,80691,1.595778703,-0.156655373,1.057439368,-0.616696146,0.252221277,-0.17001607,0.726061173
1497534854135730000,80692,1.596320828,-0.147694448,1.056248646,-0.614578686,0.250345679,-0.168370664,0.728883666
1497534854145710000,80693,1.596994369,-0.138628497,1.055336881,-0.61178837,0.248635049,-0.168056682,0.731882883
1497534854155730000,80694,1.597771997,-0.129647077,1.054700152,-0.608871761,0.247443194,-0.167868533,0.734756559
1497534854165730000,80695,1.598537168,-0.120362494,1.05368332,-0.605669075,0.246383794,-0.168410092,0.737630014
1497534854175710000,80696,1.599573675,-0.110819924,1.052658445,-0.602127506,0.245946606,-0.16829604,0.740695063
1497534854185690000,80697,1.60091793,-0.101004799,1.051888049,-0.599722095,0.24517351,-0.167806649,0.743010288
1497534854195670000,80698,1.602419139,-0.090787828,1.050921795,-0.595744253,0.245181308,-0.167696698,0.746225656
1497534854205720000,80699,1.603941269,-0.080088499,1.049682914,-0.592760668,0.245310822,-0.166886127,0.748736544
1497534854215750000,80700,1.605502649,-0.069266658,1.048716122,-0.589541738,0.244224888,-0.16576487,0.751875489
1497534854225780000,80701,1.607108493,-0.058071956,1.047709207,-0.587792144,0.242430894,-0.163923597,0.754225902
1497534854235770000,80702,1.608798449,-0.046547744,1.047155731,-0.586170611,0.24099963,-0.161857857,0.7563896
1497534854245750000,80703,1.610488563,-0.034909359,1.047053559,-0.584817319,0.238587634,-0.160196798,0.758552325
1497534854255740000,80704,1.611981395,-0.023486596,1.047228816,-0.584365593,0.236301231,-0.158259685,0.760021351
1497534854265760000,80705,1.613880936,-0.012152749,1.048436015,-0.585118553,0.234639362,-0.157740839,0.760064784
1497534854275660000,80706,1.6157534,-0.001105058,1.049734906,-0.586784192,0.234526112,-0.157156366,0.758935894
1497534854285760000,80707,1.618054348,0.009846573,1.051649003,-0.589043866,0.2337676,-0.156740708,0.757504049
1497534854295750000,80708,1.620538235,0.020470389,1.05387495,-0.592084533,0.232824609,-0.156793382,0.755410116
1497534854305740000,80709,1.622941395,0.030961992,1.055797692,-0.59282391,0.231909669,-0.158052947,0.75484898
1497534854315650000,80710,1.625600564,0.041065467,1.058280544,-0.59353652,0.230717018,-0.159974634,0.754249411
1497534854325690000,80711,1.628438032,0.051042027,1.060575106,-0.593970125,0.231642609,-0.16191846,0.753208872
1497534854335760000,80712,1.63128432,0.060968293,1.062679994,-0.594200477,0.232716812,-0.16402347,0.752239975
1497534854345740000,80713,1.634223362,0.070746355,1.064808689,-0.595300631,0.234393974,-0.165139487,0.750603473
1497534854355760000,80714,1.63706804,0.080397796,1.066778169,-0.594886122,0.23738703,-0.167806024,0.749399118
1497534854365690000,80715,1.63974887,0.089841422,1.068491582,-0.596458709,0.2383866,-0.169752406,0.747390767
1497534854375710000,80716,1.64234239,0.09903975,1.069969888,-0.598476531,0.240312809,-0.171003594,0.744871376
1497534854385750000,80717,1.6445188,0.108155672,1.071148564,-0.601622631,0.240473311,-0.172334329,0.741972826
1497534854395760000,80718,1.646786814,0.117032732,1.072241603,-0.605757502,0.239940657,-0.17230036,0.738782049
1497534854405740000,80719,1.648652521,0.12561821,1.073161753,-0.6095098,0.239664056,-0.172792931,0.735664017
1497534854415750000,80720,1.65106541,0.134714528,1.074111044,-0.621487965,0.237815082,-0.16883405,0.72711193
1497534854425720000,80721,1.652946149,0.142832174,1.075017821,-0.625102434,0.237384011,-0.168603033,0.724202179
1497534854435730000,80722,1.655009905,0.150561137,1.075850183,-0.628121941,0.238763705,-0.167623742,0.721357749
1497534854445740000,80723,1.656904837,0.158001944,1.076504646,-0.630091167,0.239829201,-0.16674975,0.719487037
1497534854455740000,80724,1.658949588,0.165073562,1.077251747,-0.632324804,0.241920413,-0.165097039,0.717204868
1497534854465750000,80725,1.660737902,0.171977823,1.077692174,-0.633079101,0.242706794,-0.165231057,0.716242251
1497534854475740000,80726,1.662785731,0.178712777,1.07820898,-0.634473459,0.245573695,-0.163932555,0.714327032
1497534854485740000,80727,1.664862717,0.185282501,1.078346733,-0.635486408,0.24825803,-0.164232457,0.712427313
1497534854495760000,80728,1.667052809,0.191874443,1.078564977,-0.637219419,0.252152742,-0.163214395,0.709740423
1497534854505720000,80729,1.669250064,0.198346311,1.078729291,-0.638675873,0.255295864,-0.164059162,0.707108013
1497534854515750000,80730,1.671280171,0.204702759,1.078752322,-0.639369276,0.258723467,-0.165302332,0.704942718
1497534854525770000,80731,1.673327374,0.210828544,1.078654186,-0.639923829,0.263166912,-0.165790021,0.702676553
1497534854535750000,80732,1.675351809,0.216914719,1.078629102,-0.640450364,0.267151506,-0.167160455,0.700364752
1497534854545750000,80733,1.677418112,0.22311141,1.078460458,-0.64192103,0.270849881,-0.167795401,0.697439916
1497534854555740000,80734,1.67929212,0.229224461,1.078362722,-0.644019921,0.273865217,-0.168300461,0.694198199
1497534854565720000,80735,1.680931193,0.235193605,1.078117455,-0.644735641,0.277204917,-0.170062946,0.691774517
1497534854575730000,80736,1.681235773,0.242029886,1.0760839,-0.646525427,0.278656361,-0.172119805,0.689006732
1497534854585750000,80737,1.682881413,0.248215376,1.075672616,-0.648643372,0.280899456,-0.172368418,0.686036734
1497534854595750000,80738,1.684351923,0.254242746,1.075527443,-0.64897722,0.283113777,-0.174186774,0.684349417
1497534854605760000,80739,1.685577241,0.260393531,1.075203395,-0.650193541,0.284889851,-0.175883168,0.682019972
1497534854615730000,80740,1.686922681,0.266787708,1.074529948,-0.652369324,0.28724136,-0.175951794,0.678931243
1497534854625780000,80741,1.688302237,0.273062846,1.074002305,-0.653010804,0.289517148,-0.176996208,0.67707389
1497534854635690000,80742,1.68941725,0.279507818,1.073297063,-0.654686007,0.291729199,-0.178283596,0.674162641
1497534854645750000,80743,1.690550926,0.286006001,1.072843456,-0.656146029,0.293161406,-0.179765087,0.671724119
1497534854655730000,80744,1.691444622,0.292532835,1.072250524,-0.657157049,0.294466181,-0.18203744,0.669549589
1497534854665770000,80745,1.692580643,0.299475011,1.071541618,-0.66147928,0.293574948,-0.184620898,0.664961679
1497534854675740000,80746,1.693547905,0.306266638,1.070793519,-0.66358922,0.295274646,-0.184826933,0.662043228
1497534854685760000,80747,1.694874739,0.312979521,1.069690976,-0.664815928,0.298625028,-0.184938172,0.659272892
1497534854695750000,80748,1.695983242,0.319730637,1.069137102,-0.666541587,0.299933378,-0.186581226,0.656467613
1497534854705750000,80749,1.697104454,0.326411065,1.068574724,-0.667152258,0.302177874,-0.188609,0.6542347
1497534854715760000,80750,1.698475043,0.333436357,1.067119914,-0.669805822,0.305669785,-0.187189234,0.650297112
1497534854725620000,80751,1.699608048,0.340396553,1.066480027,-0.670834744,0.306979467,-0.189495829,0.647947285
1497534854735760000,80752,1.700745746,0.347504348,1.065100941,-0.672912432,0.309613391,-0.189764496,0.644451583
1497534854745750000,80753,1.701596385,0.35469746,1.064302964,-0.674450497,0.31078514,-0.1925008,0.641461274
1497534854755700000,80754,1.702568902,0.361995707,1.063273928,-0.676703411,0.312077318,-0.19392531,0.638022896
1497534854765760000,80755,1.703477725,0.369342484,1.062017203,-0.678078263,0.313273749,-0.195427312,0.635513645
1497534854775730000,80756,1.704153255,0.376679566,1.060950704,-0.679392224,0.314658937,-0.197344077,0.632827998
1497534854785750000,80757,1.704911189,0.383941631,1.059738314,-0.68066037,0.315951083,-0.199164426,0.630245909
1497534854795760000,80758,1.705683598,0.391261766,1.058681555,-0.681770738,0.316950433,-0.200581193,0.628090972
1497534854805760000,80759,1.706274916,0.398275389,1.057462317,-0.680731063,0.318698024,-0.203481165,0.627401151
1497534854815750000,80760,1.706860919,0.405366694,1.056431963,-0.680614444,0.32036247,-0.206210634,0.625786737
1497534854825740000,80761,1.707474318,0.412431637,1.055089341,-0.680438285,0.322966298,-0.207306188,0.624276105
1497534854835740000,80762,1.708019157,0.419491253,1.053728683,-0.680450993,0.325095817,-0.209458552,0.622435757
1497534854845750000,80763,1.70845085,0.426512303,1.052749474,-0.679116733,0.327059832,-0.212606562,0.621796413
1497534854855740000,80764,1.707989035,0.433677497,1.049463582,-0.672960541,0.337134157,-0.209932638,0.624013588
1497534854865750000,80765,1.708290834,0.44085352,1.048360357,-0.671209683,0.339448055,-0.212261427,0.623857088
1497534854875710000,80766,1.708349704,0.44843297,1.046983025,-0.671582448,0.340252645,-0.213802692,0.622489808
1497534854885740000,80767,1.708583426,0.456004521,1.045828785,-0.67136003,0.342798023,-0.215457243,0.620760341
1497534854895720000,80768,1.708633702,0.463919885,1.044566444,-0.672664307,0.342835566,-0.216339781,0.619018258
1497534854905720000,80769,1.708606953,0.471877307,1.043341436,-0.671711036,0.345060699,-0.217909343,0.618266056
1497534854915710000,80770,1.707891849,0.480396272,1.041919497,-0.67047929,0.343614854,-0.223894833,0.618269729
1497534854925740000,80771,1.707781901,0.488794559,1.040911116,-0.670622907,0.345122959,-0.226039016,0.616491219
1497534854935760000,80772,1.707430037,0.497673807,1.039600328,-0.670295162,0.34589094,-0.229179856,0.615256408
1497534854945750000,80773,1.707107848,0.506754578,1.03870346,-0.670708836,0.346732619,-0.231476487,0.613469465
1497534854955790000,80774,1.706766771,0.516299773,1.037978597,-0.671688597,0.347820273,-0.233824394,0.610885946
1497534854965850000,80775,1.706280657,0.525570308,1.037051179,-0.67130297,0.349367403,-0.235845422,0.609648815
1497534854975720000,80776,1.705729289,0.534936748,1.036468858,-0.669841615,0.350973019,-0.238800011,0.609183638
1497534854985710000,80777,1.704977865,0.544838043,1.036204846,-0.669491663,0.350930332,-0.240629652,0.608872882
1497534854995750000,80778,1.70449809,0.554957762,1.036112075,-0.669970356,0.351769965,-0.240078996,0.608078688
1497534855005740000,80779,1.703695163,0.564901333,1.036135534,-0.668846018,0.352027635,-0.240851513,0.608861312
1497534855015720000,80780,1.702921124,0.575303081,1.036449215,-0.669283622,0.35227757,-0.240065755,0.60854612
1497534855025730000,80781,1.702103592,0.585838922,1.036780069,-0.66902293,0.352744294,-0.237943134,0.609395477
1497534855035760000,80782,1.700970984,0.59626631,1.037078301,-0.669264103,0.351656435,-0.234272573,0.611178921
1497534855045760000,80783,1.699507486,0.606497702,1.037701537,-0.669130944,0.350061847,-0.231286341,0.61337355
1497534855055770000,80784,1.698095449,0.61675758,1.038728969,-0.669127282,0.348508796,-0.227604989,0.61563485
1497534855065780000,80785,1.696478511,0.627107205,1.039921608,-0.667402689,0.346984477,-0.225114585,0.619272837
1497534855075720000,80786,1.694616632,0.636991286,1.04155955,-0.666907662,0.34350476,-0.221523921,0.623029536
1497534855085760000,80787,1.69293575,0.646847469,1.043236204,-0.664923753,0.340610083,-0.219662627,0.62738306
1497534855095770000,80788,1.690926821,0.656142831,1.044632657,-0.662138778,0.337664895,-0.218421121,0.632334462
1497534855105710000,80789,1.689159388,0.665475762,1.046477426,-0.661015765,0.333431713,-0.2168524,0.636283339
1497534855115760000,80790,1.687328124,0.674327775,1.047836682,-0.657709717,0.329178453,-0.217091866,0.641818196
1497534855125720000,80791,1.685701259,0.682884065,1.049321635,-0.655284085,0.325365843,-0.215695822,0.646695561
1497534855135720000,80792,1.684242309,0.69116045,1.050752815,-0.651664526,0.322082793,-0.215922231,0.6519
1497534855145720000,80793,1.683045025,0.699034337,1.051910953,-0.648344944,0.319441443,-0.215914572,0.656495922
1497534855155770000,80794,1.682144747,0.706514061,1.052978497,-0.644021941,0.318347425,-0.216528373,0.661064384
1497534855165750000,80795,1.68136566,0.713678096,1.054363138,-0.638750573,0.318108628,-0.217004975,0.666118194
1497534855175740000,80796,1.680715439,0.720564174,1.055687826,-0.632802139,0.31954951,-0.217845995,0.670814942
1497534855185760000,80797,1.680144729,0.727204763,1.056986081,-0.626977925,0.321194745,-0.218657255,0.675219685
1497534855195740000,80798,1.679748502,0.733681804,1.058443328,-0.620845812,0.323698338,-0.219186368,0.679505114
1497534855205760000,80799,1.679336242,0.74009757,1.059948234,-0.614956184,0.32558507,-0.220248434,0.6836036
1497534855215770000,80800,1.678859523,0.746342081,1.06148414,-0.609550673,0.326919323,-0.220719659,0.687644214
1497534855225740000,80801,1.678623037,0.752825876,1.063022405,-0.604677431,0.328459574,-0.221559525,0.690934794
1497534855235770000,80802,1.678272906,0.759317866,1.064908092,-0.600090246,0.329600993,-0.222328739,0.69413602
1497534855245770000,80803,1.677878116,0.765971184,1.066927171,-0.596332341,0.329353871,-0.222503878,0.697427983
1497534855255710000,80804,1.677392845,0.772482479,1.068819713,-0.592441721,0.328271478,-0.223490568,0.700929818
1497534855265770000,80805,1.676979865,0.779341635,1.070840793,-0.589815698,0.326276469,-0.223270961,0.704138612
1497534855275730000,80806,1.676538054,0.78633737,1.073186808,-0.586490748,0.323418956,-0.223753159,0.708070128
1497534855285740000,80807,1.676000951,0.793398997,1.075164137,-0.58455804,0.320440926,-0.223208439,0.71118739
1497534855295770000,80808,1.675535775,0.800554323,1.07729482,-0.582756043,0.316954546,-0.222046562,0.714584169
1497534855305760000,80809,1.675143336,0.807734032,1.079070428,-0.580738152,0.31418704,-0.221528855,0.71760342
1497534855315760000,80810,1.674805279,0.815108765,1.080967026,-0.579559743,0.310943245,-0.220636864,0.720238972
1497534855325740000,80811,1.674057897,0.822145526,1.082027617,-0.57813188,0.306611981,-0.220081035,0.723406497
1497534855335770000,80812,1.673515879,0.829489614,1.083235668,-0.577193874,0.302422409,-0.218654984,0.726345591
1497534855345750000,80813,1.672803487,0.836737843,1.084224018,-0.576688804,0.297137697,-0.217083232,0.729392956
1497534855355770000,80814,1.672432262,0.844342447,1.085181298,-0.575811942,0.292962405,-0.217052615,0.731779884
1497534855365700000,80815,1.672167529,0.85211253,1.08578879,-0.575801407,0.289491162,-0.217017508,0.733178701
1497534855375740000,80816,1.672124031,0.859974956,1.08633345,-0.576796664,0.286508675,-0.216146441,0.733824982
1497534855385690000,80817,1.672048682,0.867841695,1.086482612,-0.577852705,0.283711936,-0.215724646,0.734204785
1497534855395770000,80818,1.672128085,0.875652406,1.086559938,-0.578425226,0.281181027,-0.215495936,0.734794522
1497534855405680000,80819,1.672299117,0.883782502,1.086502795,-0.58066263,0.278773505,-0.214066705,0.73436482
1497534855415780000,80820,1.672526516,0.891815407,1.086218354,-0.581342591,0.276666249,-0.213468447,0.734797796
1497534855425740000,80821,1.672971737,0.90012249,1.085481381,-0.582759765,0.275770954,-0.213409095,0.734028607
1497534855435770000,80822,1.673553166,0.90841642,1.084603967,-0.584325799,0.274882541,-0.212050697,0.733510362
1497534855445770000,80823,1.674214988,0.916919689,1.083554441,-0.586695535,0.27387535,-0.210267327,0.732508221
1497534855455740000,80824,1.674940849,0.925537962,1.08203117,-0.588698034,0.273606381,-0.209384752,0.731253854
1497534855465780000,80825,1.675700039,0.934272808,1.080328228,-0.590446886,0.273564084,-0.208481928,0.730116739
1497534855475730000,80826,1.676576179,0.943366997,1.07858837,-0.59324772,0.273168322,-0.207227534,0.728349476
1497534855485870000,80827,1.677430309,0.952576911,1.076540719,-0.596819724,0.272902449,-0.205792443,0.725933841
1497534855495770000,80828,1.678285616,0.961941175,1.07444409,-0.599615082,0.272360588,-0.204426236,0.72421777
1497534855505690000,80829,1.679223882,0.971611043,1.072304364,-0.603307423,0.270942003,-0.202668297,0.722174595
1497534855515660000,80830,1.680239534,0.981338956,1.070144194,-0.606840915,0.269366149,-0.200125584,0.720510744
1497534855525740000,80831,1.681070133,0.991130878,1.067902948,-0.610140212,0.267712794,-0.198333376,0.718834232
1497534855535730000,80832,1.681769485,1.000855063,1.065618638,-0.612469678,0.265733712,-0.196484921,0.718094816
1497534855545730000,80833,1.682372846,1.010531939,1.063644985,-0.614201539,0.263998146,-0.19499076,0.717662909
1497534855555780000,80834,1.682788676,1.019653744,1.061858551,-0.614715219,0.260373456,-0.192218159,0.719293432
1497534855565820000,80835,1.683304577,1.028519588,1.060050624,-0.614283689,0.258861602,-0.190652551,0.72062322
1497534855575630000,80836,1.683778827,1.03704973,1.058679261,-0.611339044,0.255952254,-0.188950841,0.724603751
1497534855585770000,80837,1.684291193,1.045672056,1.057525812,-0.607046458,0.254430044,-0.188981506,0.72872899
1497534855595760000,80838,1.685203143,1.054887952,1.056529284,-0.604607448,0.253685996,-0.189287827,0.730933217
1497534855605750000,80839,1.686119195,1.064002092,1.055166791,-0.600831706,0.25407291,-0.189674006,0.733806506
1497534855615700000,80840,1.687429788,1.073822673,1.054156765,-0.596582292,0.253028218,-0.188841468,0.737838187
1497534855625720000,80841,1.688839973,1.084068451,1.053323008,-0.593258139,0.253405974,-0.187439255,0.740740656
1497534855635640000,80842,1.690418692,1.094814826,1.052261422,-0.58956986,0.254747117,-0.18647122,0.743464707
1497534855645680000,80843,1.692036668,1.10588402,1.050882623,-0.587112731,0.253963156,-0.182778918,0.74658772
1497534855655790000,80844,1.693692736,1.117544578,1.049663702,-0.585713889,0.25254875,-0.179676685,0.748915655
1497534855665810000,80845,1.695328298,1.129465405,1.048636552,-0.583897763,0.250549786,-0.176850723,0.75167282
1497534855675710000,80846,1.6969144,1.141513422,1.047694992,-0.584183809,0.2474601,-0.174033401,0.753130236
1497534855685730000,80847,1.698480761,1.153449138,1.047241402,-0.58492662,0.245259888,-0.171500926,0.75385401
1497534855695760000,80848,1.700124728,1.165193071,1.047573614,-0.585728339,0.242491537,-0.170100725,0.754444107
1497534855705740000,80849,1.701877396,1.176451455,1.048573822,-0.587591804,0.241557837,-0.16953176,0.753421971
1497534855715740000,80850,1.703968119,1.187426262,1.050190355,-0.59001039,0.242309338,-0.169384807,0.751320645
1497534855725680000,80851,1.70635556,1.198259041,1.052448107,-0.592010378,0.242360107,-0.169260166,0.749757486
1497534855735770000,80852,1.708938757,1.208868096,1.05475811,-0.59574058,0.24278964,-0.168270139,0.74688119
1497534855745780000,80853,1.711526083,1.219090607,1.057184528,-0.597886829,0.243036812,-0.16874698,0.744975774
1497534855755770000,80854,1.714090782,1.229230169,1.059727539,-0.599412042,0.242813804,-0.169970793,0.743543267
1497534855765780000,80855,1.716487271,1.238882394,1.062082388,-0.598376076,0.242932166,-0.171985048,0.743875781
1497534855775720000,80856,1.71882995,1.248696831,1.064469428,-0.597497368,0.243656374,-0.175231959,0.743587404
1497534855785770000,80857,1.72110229,1.258287004,1.066508317,-0.59693814,0.244558592,-0.178255135,0.743021573
1497534855795770000,80858,1.723421817,1.267836846,1.068436408,-0.59605505,0.245798607,-0.181356496,0.7425707
1497534855805740000,80859,1.725666741,1.27726226,1.070047547,-0.596023599,0.24675426,-0.184800896,0.741428913
1497534855815790000,80860,1.727584269,1.286327045,1.071289749,-0.596988074,0.247657463,-0.186893259,0.739825608
1497534855825730000,80861,1.729467947,1.295461698,1.072164748,-0.599841579,0.247578729,-0.189000635,0.73700313
1497534855835780000,80862,1.731151746,1.304196452,1.072898488,-0.603445647,0.246275313,-0.189568786,0.734346986
1497534855845780000,80863,1.732778773,1.312924271,1.073501337,-0.608436024,0.245425316,-0.190043184,0.730380453
1497534855855780000,80864,1.73438823,1.321422697,1.074211782,-0.613537964,0.245234393,-0.189278971,0.726364048
1497534855865780000,80865,1.735907403,1.329708007,1.074855768,-0.619083847,0.244418536,-0.187725869,0.722325251
1497534855875660000,80866,1.737366847,1.337778887,1.07566689,-0.622691119,0.243713093,-0.186476507,0.719782058
1497534855885780000,80867,1.738713525,1.345607318,1.07650283,-0.625612272,0.244021926,-0.185914878,0.717285329
1497534855895760000,80868,1.739770159,1.352999549,1.077079276,-0.6287881,0.243616152,-0.183651528,0.715226406
1497534855905780000,80869,1.740904931,1.360258292,1.077599545,-0.630469843,0.244146625,-0.182588155,0.713835953
1497534855915720000,80870,1.741861535,1.367305258,1.078031248,-0.632302808,0.244814775,-0.180412341,0.712537909
1497534855925680000,80871,1.742955015,1.374304898,1.078353395,-0.633337276,0.24554882,-0.179218279,0.711667394
1497534855935780000,80872,1.744047373,1.381292301,1.078547578,-0.635316754,0.247510763,-0.177608109,0.709624129
1497534855945800000,80873,1.74522712,1.388276192,1.078838291,-0.636623809,0.249004732,-0.176405897,0.708228585
1497534855955730000,80874,1.74629407,1.395072361,1.078833816,-0.638450562,0.251155585,-0.175492473,0.706048259
1497534855965790000,80875,1.747327327,1.40184619,1.079051228,-0.639638017,0.253172308,-0.174666182,0.704456326
1497534855975750000,80876,1.748333142,1.408633771,1.07895972,-0.641026965,0.25582233,-0.174271784,0.702330913
1497534855985750000,80877,1.749266185,1.415299238,1.078939124,-0.643402419,0.257424432,-0.173265708,0.699817821
1497534855995780000,80878,1.749996012,1.421950433,1.078903048,-0.644620697,0.259291691,-0.173236052,0.698012354
1497534856005790000,80879,1.750810541,1.428817982,1.078672666,-0.64740168,0.260426297,-0.172353497,0.695229085
1497534856015790000,80880,1.751388297,1.435597883,1.078543323,-0.649086951,0.261752587,-0.172133443,0.693211217
1497534856025720000,80881,1.751833114,1.442468444,1.078136412,-0.652276019,0.262307075,-0.171369528,0.690190899
1497534856035780000,80882,1.752140049,1.44937738,1.07774408,-0.654245675,0.262241168,-0.170961849,0.688450589
1497534856045780000,80883,1.752324087,1.456306486,1.077387165,-0.657144218,0.262571262,-0.170923393,0.68556765
1497534856055770000,80884,1.75239911,1.463241828,1.076749368,-0.658769281,0.262215162,-0.171523089,0.683992744
1497534856065790000,80885,1.752434822,1.470313446,1.076232145,-0.661754686,0.261664902,-0.171046212,0.681436283
1497534856075760000,80886,1.752383553,1.477313779,1.075621999,-0.663682902,0.261559043,-0.171766177,0.679417584
1497534856085790000,80887,1.752372908,1.484424958,1.074899367,-0.665907767,0.261450542,-0.17234382,0.677132238
1497534856095800000,80888,1.752440342,1.491604635,1.074054118,-0.668354935,0.262445866,-0.172416212,0.67431187
1497534856105790000,80889,1.752311231,1.498847402,1.073440768,-0.670386053,0.262701741,-0.173808802,0.671833934
1497534856115770000,80890,1.752346794,1.506368715,1.072669951,-0.67256442,0.262876852,-0.174474712,0.669411261
1497534856125700000,80891,1.752237588,1.513808764,1.071711613,-0.675531218,0.2636922,-0.174492516,0.666090354
1497534856135780000,80892,1.75191587,1.521395789,1.07106149,-0.677251962,0.263064793,-0.176326542,0.664105146
1497534856145780000,80893,1.751642511,1.528916617,1.070130372,-0.679061722,0.263957947,-0.177554753,0.661570623
1497534856155780000,80894,1.750942504,1.536557124,1.069396198,-0.679814207,0.262604485,-0.179445996,0.660825743
1497534856165790000,80895,1.750819045,1.544672171,1.068181945,-0.683554284,0.263140081,-0.178998668,0.656864
1497534856175760000,80896,1.750272422,1.552649724,1.067328799,-0.684866135,0.262185358,-0.179854312,0.655644447
1497534856185780000,80897,1.749796461,1.560669752,1.066104045,-0.687447553,0.262449742,-0.180181961,0.652740726
1497534856195770000,80898,1.749134101,1.568710902,1.064917014,-0.689921006,0.262260967,-0.180449407,0.650127835
1497534856205790000,80899,1.748417247,1.576792956,1.063858669,-0.692081002,0.261522407,-0.180966531,0.647982277
1497534856215780000,80900,1.747832003,1.585086341,1.062489462,-0.695145604,0.261122483,-0.180643896,0.64494606
1497534856225750000,80901,1.746980083,1.593226591,1.061309396,-0.696739049,0.260108701,-0.181916946,0.64327629
1497534856235780000,80902,1.746023669,1.601071691,1.060002388,-0.698522593,0.259775116,-0.182855531,0.641207401
1497534856245790000,80903,1.745168907,1.609171312,1.058721005,-0.69979141,0.259388454,-0.183990916,0.639653778
1497534856255780000,80904,1.744241468,1.61714128,1.057503666,-0.701113105,0.258733107,-0.184854159,0.638221382
1497534856265800000,80905,1.743371459,1.62513522,1.056225218,-0.703636917,0.258925038,-0.185010521,0.635314112
1497534856275760000,80906,1.742339265,1.63308948,1.05506405,-0.705000555,0.259416339,-0.18586549,0.63334935
1497534856285780000,80907,1.74122105,1.640937168,1.053901138,-0.704522518,0.258960164,-0.1870378,0.633722745
1497534856295770000,80908,1.740034918,1.648925428,1.052661526,-0.705903707,0.258733293,-0.187062031,0.632269591
1497534856305780000,80909,1.738779381,1.656957991,1.051386574,-0.706774961,0.259201774,-0.187852877,0.630868363
1497534856315730000,80910,1.737290925,1.664971684,1.050323921,-0.706603127,0.259022335,-0.189133856,0.630751802
1497534856325760000,80911,1.735748358,1.673112129,1.049047255,-0.707404192,0.259391012,-0.189873516,0.629478879
1497534856335770000,80912,1.734154466,1.681363432,1.047976476,-0.706567109,0.259990021,-0.191678154,0.629624964
1497534856345750000,80913,1.732370471,1.689569455,1.046813101,-0.706914512,0.261615548,-0.19318195,0.628100241
1497534856355680000,80914,1.730572913,1.698246931,1.045837947,-0.706146534,0.260821732,-0.194710527,0.628821841
1497534856365710000,80915,1.728497161,1.706676069,1.044846608,-0.704461818,0.262801272,-0.197140676,0.629130028
1497534856375820000,80916,1.726386506,1.715431552,1.044029333,-0.703204959,0.263876073,-0.198763314,0.629575531
1497534856385840000,80917,1.72426329,1.724427999,1.043493962,-0.702337233,0.264978878,-0.200000608,0.629689099
1497534856395850000,80918,1.721785164,1.733404677,1.042976604,-0.701153649,0.266611316,-0.201087053,0.629972987
1497534856405780000,80919,1.719113271,1.742529012,1.042770057,-0.699570018,0.267092707,-0.201397275,0.631428867
1497534856415790000,80920,1.71619963,1.751824118,1.042689247,-0.698727199,0.267433283,-0.201270625,0.632257761
1497534856425750000,80921,1.712969033,1.761160686,1.042810681,-0.695857786,0.267112964,-0.200750563,0.635713629
1497534856435780000,80922,1.709349143,1.770484955,1.043145517,-0.694589376,0.266508284,-0.199398464,0.637776752
1497534856445810000,80923,1.705369653,1.780015042,1.043734008,-0.693479746,0.264653074,-0.195402488,0.640985538
1497534856455810000,80924,1.70105873,1.789462824,1.044465188,-0.691350773,0.262241149,-0.192769196,0.645061024
1497534856465800000,80925,1.696127804,1.798838553,1.045492871,-0.690713744,0.25715338,-0.188087227,0.649160887
1497534856475760000,80926,1.691118699,1.808234419,1.046689245,-0.690510931,0.250714448,-0.182067872,0.653596366
1497534856485750000,80927,1.685994719,1.817352907,1.048074324,-0.688559742,0.24297111,-0.176712324,0.660017633
1497534856495640000,80928,1.680936882,1.826052752,1.049647513,-0.687074423,0.235193499,-0.171835817,0.665646458
1497534856505550000,80929,1.676076356,1.834270677,1.051360878,-0.684669487,0.228085929,-0.167819421,0.671595968
1497534856515790000,80930,1.671629896,1.842264473,1.053199662,-0.681603696,0.22304947,-0.165975634,0.676843722
1497534856525760000,80931,1.667561641,1.849848902,1.05507925,-0.677511417,0.219590408,-0.163734439,0.682604839
1497534856535800000,80932,1.663776652,1.856912742,1.0571011,-0.673335117,0.219694382,-0.162462155,0.686993629
1497534856545800000,80933,1.660617969,1.864091936,1.058806186,-0.668008563,0.220058712,-0.161011751,0.69239724
1497534856555790000,80934,1.657380977,1.870975417,1.060604463,-0.664903209,0.221823097,-0.157868108,0.695540004
1497534856565740000,80935,1.654271561,1.87770744,1.062253604,-0.65831666,0.224760308,-0.155868285,0.701289567
1497534856575770000,80936,1.651098649,1.884559867,1.063769692,-0.654403535,0.227237135,-0.152125073,0.704966141
1497534856585790000,80937,1.64802545,1.891497634,1.065021681,-0.651116796,0.229976441,-0.147694126,0.708056636
1497534856595790000,80938,1.644602182,1.898514498,1.066270376,-0.648295577,0.230797411,-0.142039102,0.711526734
1497534856605790000,80939,1.641083972,1.905702639,1.067386986,-0.647861054,0.231188567,-0.135045229,0.713155444
1497534856615790000,80940,1.637366698,1.912892092,1.068686068,-0.646293332,0.229945834,-0.129362754,0.716027318
1497534856625770000,80941,1.633361025,1.920049718,1.069928786,-0.64410505,0.227754727,-0.124176103,0.719608758
1497534856635790000,80942,1.629117122,1.927327814,1.071289022,-0.642376706,0.223145133,-0.119161168,0.723435576
1497534856645800000,80943,1.624623477,1.934566683,1.072576063,-0.641950106,0.218320597,-0.113832238,0.726139381
1497534856655770000,80944,1.6198665,1.94172117,1.073963262,-0.640437363,0.212109711,-0.109559442,0.729963138
1497534856665800000,80945,1.614961262,1.948810561,1.075303671,-0.63912462,0.204982696,-0.104902645,0.733823718
1497534856675770000,80946,1.610093389,1.956041675,1.076454922,-0.639099435,0.198731982,-0.100125978,0.736228429
1497534856685780000,80947,1.605139623,1.963245198,1.077329435,-0.63952753,0.191981429,-0.094531732,0.738384331
1497534856695790000,80948,1.600228342,1.970395992,1.078274103,-0.639665328,0.186384872,-0.089475672,0.740326314
1497534856705750000,80949,1.59532726,1.97759732,1.07898769,-0.639515996,0.181535009,-0.084099052,0.742288138
1497534856715800000,80950,1.590496547,1.984810551,1.079743711,-0.640893773,0.175128259,-0.077105634,0.743397596
1497534856725760000,80951,1.585620922,1.992102427,1.080473293,-0.640869525,0.169294194,-0.071340506,0.745343048
1497534856735770000,80952,1.580597511,1.99925306,1.081290558,-0.642024893,0.162890108,-0.06517544,0.746339743
1497534856745800000,80953,1.575555291,2.006408401,1.081736537,-0.64305262,0.156895648,-0.058944028,0.747256774
1497534856755780000,80954,1.570369564,2.013475952,1.082244452,-0.643887513,0.150477032,-0.051715756,0.748392286
1497534856765720000,80955,1.564987261,2.02057076,1.082653821,-0.6454925,0.143181323,-0.04513862,0.748866507
1497534856775730000,80956,1.559514848,2.027589444,1.083083226,-0.645927658,0.136307944,-0.038240745,0.750156817
1497534856785780000,80957,1.553895104,2.034926623,1.083765279,-0.649132263,0.128254418,-0.030921799,0.749147483
1497534856795800000,80958,1.548246121,2.041127666,1.083577899,-0.646633181,0.120413133,-0.021963649,0.752916864
1497534856805800000,80959,1.542412203,2.048193493,1.083719241,-0.649743007,0.112030572,-0.013758972,0.751727256
1497534856815800000,80960,1.536451381,2.054978161,1.084002428,-0.651234363,0.103923006,-0.006831258,0.75169618
1497534856825790000,80961,1.530569672,2.061476489,1.083991336,-0.6511708,0.095180079,0.000912496,0.752938583
1497534856835800000,80962,1.524433041,2.067987405,1.084255457,-0.652572142,0.086478617,0.008407147,0.752728615
1497534856845810000,80963,1.518174137,2.074429386,1.084409637,-0.653344152,0.078574935,0.016020672,0.752801924
1497534856855800000,80964,1.511583055,2.080729469,1.084859538,-0.655752982,0.068786157,0.024984255,0.751420174
1497534856865810000,80965,1.505584155,2.086497946,1.084634602,-0.6551552,0.058521922,0.03291205,0.752504914
1497534856875770000,80966,1.499105983,2.092416813,1.084776679,-0.656216749,0.049165096,0.040578354,0.751874836
1497534856885770000,80967,1.492804476,2.098354204,1.084591866,-0.656425214,0.039964448,0.047630805,0.751824506
1497534856895800000,80968,1.486373155,2.104187144,1.08443292,-0.657052363,0.030885248,0.054646443,0.751227037
1497534856905810000,80969,1.47994245,2.109913275,1.084382048,-0.657031312,0.022500891,0.061647142,0.751001461
1497534856915800000,80970,1.473509973,2.115511973,1.083952481,-0.656497245,0.015242526,0.067968487,0.751105397
1497534856925770000,80971,1.467118408,2.121273815,1.083690372,-0.657366579,0.006622467,0.0744167,0.749858306
1497534856935800000,80972,1.460792758,2.126936651,1.083457162,-0.658457093,-0.001479004,0.081231574,0.748220222
1497534856945850000,80973,1.454552142,2.132601149,1.082993359,-0.659505391,-0.009155502,0.088551357,0.746409722
1497534856955790000,80974,1.448227101,2.138245685,1.082632006,-0.659796172,-0.016091719,0.093975785,0.745371464
1497534856965810000,80975,1.441830584,2.143710579,1.082215453,-0.659786634,-0.021693167,0.09976056,0.744485618
1497534856975780000,80976,1.43569036,2.148827008,1.081471542,-0.658160128,-0.028853875,0.106471303,0.744752684
1497534856985690000,80977,1.429348347,2.15393486,1.080753847,-0.656541959,-0.034770245,0.112823849,0.74499293
1497534856995800000,80978,1.422999235,2.1591356,1.08012021,-0.655388326,-0.041714608,0.118281302,0.744805724
1497534857005740000,80979,1.416434308,2.164806102,1.079287721,-0.656008109,-0.047168337,0.124095636,0.742986394
1497534857015790000,80980,1.410010305,2.170038321,1.078317651,-0.65410783,-0.052932217,0.129600822,0.743333542
1497534857025780000,80981,1.403335777,2.175563175,1.077235375,-0.654184384,-0.058259347,0.135063269,0.741893897
1497534857035790000,80982,1.396525412,2.181041654,1.075823774,-0.652836465,-0.060935829,0.140917917,0.741777268
1497534857045810000,80983,1.389579764,2.186935364,1.074739795,-0.65442791,-0.06721682,0.146884403,0.738668384
1497534857055780000,80984,1.382496697,2.192339463,1.073326181,-0.652058562,-0.070047548,0.152580734,0.739345719
1497534857065770000,80985,1.375289001,2.198050284,1.071832386,-0.65194803,-0.074197631,0.157643987,0.737974831
1497534857075760000,80986,1.367967668,2.203751709,1.070531562,-0.652278011,-0.080499062,0.16393331,0.735648807
1497534857085810000,80987,1.360438528,2.209456001,1.068948715,-0.651105317,-0.084976793,0.169424374,0.734939584
1497534857095740000,80988,1.35270909,2.215423752,1.067728713,-0.650071904,-0.089290831,0.173582427,0.734372391
1497534857105740000,80989,1.344854107,2.221017023,1.066342731,-0.647557714,-0.092955506,0.179292667,0.734766915
1497534857115750000,80990,1.336717554,2.226970771,1.065111582,-0.647985524,-0.097581329,0.185128229,0.732338844
1497534857125680000,80991,1.328438479,2.232843856,1.063925733,-0.646910875,-0.100814555,0.190754243,0.731406565
1497534857135860000,80992,1.319964896,2.23883999,1.062765536,-0.645582792,-0.103167511,0.19611583,0.730833705
1497534857145840000,80993,1.311393143,2.244916744,1.061637334,-0.644207112,-0.107637901,0.202842882,0.729565655
1497534857155850000,80994,1.302592246,2.251005208,1.060286764,-0.642847723,-0.110120144,0.208952268,0.728669547
1497534857165800000,80995,1.293784104,2.256843717,1.058508474,-0.639116582,-0.112426312,0.215797054,0.729603969
1497534857175780000,80996,1.284627668,2.263238563,1.057132008,-0.638714592,-0.1144067,0.222012415,0.727781055
1497534857185770000,80997,1.275441543,2.269550395,1.055588854,-0.638017177,-0.117175745,0.228835765,0.725836152
1497534857195800000,80998,1.266140298,2.276052722,1.054129675,-0.636379014,-0.118600928,0.234599834,0.725202378
1497534857205800000,80999,1.256584417,2.282692032,1.052465073,-0.635299732,-0.121392412,0.240438385,0.723773111
1497534857215800000,81000,1.24707204,2.289562517,1.05106199,-0.635843372,-0.125353859,0.245119622,0.721045066
1497534857225780000,81001,1.237771667,2.296253364,1.049963905,-0.635018475,-0.130410442,0.249627257,0.719326689
1497534857235800000,81002,1.228025895,2.302149509,1.049265801,-0.63776138,-0.126812816,0.253033926,0.716346818
1497534857245820000,81003,1.2185391,2.30833528,1.049152335,-0.641315098,-0.129243631,0.253737915,0.712480245
1497534857255800000,81004,1.209407712,2.31406896,1.049723819,-0.64281111,-0.132367557,0.254118171,0.71042006
1497534857265790000,81005,1.20056044,2.319699137,1.050930903,-0.645210665,-0.135771092,0.253773289,0.707720655
1497534857275780000,81006,1.192055079,2.324976159,1.052386911,-0.64592956,-0.141302481,0.252968893,0.706268611
1497534857285810000,81007,1.18401731,2.330632472,1.054651823,-0.646151361,-0.145576841,0.252296362,0.705437699
1497534857295810000,81008,1.176281349,2.335865335,1.056699073,-0.645361375,-0.14746403,0.250761979,0.706315429
1497534857305810000,81009,1.16883357,2.341059823,1.058876794,-0.643756957,-0.149107574,0.25067001,0.707466224
1497534857315810000,81010,1.161457371,2.346558484,1.060807008,-0.642629702,-0.14829933,0.250221025,0.708818604
1497534857325780000,81011,1.154225378,2.352170679,1.062418752,-0.641631289,-0.146965165,0.249884496,0.710118489
1497534857335800000,81012,1.147006855,2.357792382,1.063778522,-0.642218232,-0.144786442,0.248997569,0.710346985
1497534857345770000,81013,1.140108454,2.363226513,1.064696645,-0.642541548,-0.143931354,0.248903476,0.710261349
1497534857355790000,81014,1.133080372,2.368383419,1.065235879,-0.641922216,-0.14365875,0.248394758,0.711054201
1497534857365810000,81015,1.126091958,2.373597345,1.065590196,-0.644809601,-0.146668094,0.247798317,0.708028984
1497534857375780000,81016,1.118988981,2.378657543,1.065824313,-0.6468188,-0.149905429,0.247434963,0.705641369
1497534857385820000,81017,1.112094574,2.383207786,1.065740407,-0.650693345,-0.155672818,0.246904976,0.701000769
1497534857395810000,81018,1.105086671,2.38793901,1.065749949,-0.653772668,-0.159974501,0.246473104,0.697309448
1497534857405810000,81019,1.098241338,2.392717747,1.066011009,-0.658467495,-0.163957389,0.246989771,0.691761943
1497534857415810000,81020,1.09162624,2.396999574,1.066004638,-0.661973768,-0.168382389,0.247988821,0.686978635
1497534857425780000,81021,1.085124047,2.401065862,1.066097949,-0.664857099,-0.172712655,0.249891498,0.682414549
1497534857435810000,81022,1.078772978,2.404865214,1.066255491,-0.666124002,-0.175602557,0.251080995,0.680000654
1497534857445830000,81023,1.072576032,2.408472262,1.066414194,-0.666575669,-0.178562276,0.253075011,0.678045301
1497534857455770000,81024,1.066577873,2.411674766,1.066352879,-0.666512749,-0.181049666,0.254799644,0.676800499
1497534857465650000,81025,1.060718847,2.414892976,1.066427431,-0.667085853,-0.183017188,0.255897756,0.675290687
1497534857475760000,81026,1.054946749,2.418101792,1.066500782,-0.667219116,-0.18492605,0.256912981,0.674252718
1497534857485790000,81027,1.049332342,2.421264411,1.066536458,-0.66843912,-0.186614531,0.257158258,0.672483301
1497534857495810000,81028,1.043867766,2.424574096,1.066577188,-0.66967454,-0.188086253,0.257344034,0.670770915
1497534857505800000,81029,1.038470625,2.427870099,1.066280361,-0.671525362,-0.188617036,0.256580887,0.669061694
1497534857515800000,81030,1.033184737,2.431233444,1.066135347,-0.674746719,-0.189124393,0.256033055,0.665879797
1497534857525780000,81031,1.027999522,2.434563213,1.065829081,-0.678017592,-0.188816846,0.254781142,0.66311908
1497534857535810000,81032,1.022873843,2.438027191,1.065402653,-0.681231836,-0.188048626,0.253972168,0.660347665
1497534857545840000,81033,1.017818961,2.441257757,1.064882079,-0.684049984,-0.187190068,0.253848929,0.657720472
1497534857555810000,81034,1.012684942,2.444353167,1.06432833,-0.686751542,-0.186782473,0.253914322,0.654990186
1497534857565820000,81035,1.007498982,2.447325686,1.06355507,-0.688295655,-0.18680255,0.253687368,0.653449783
1497534857575780000,81036,1.002216531,2.450075201,1.06275126,-0.689696835,-0.187224842,0.253015915,0.652110482
1497534857585810000,81037,0.996854949,2.452742318,1.061972301,-0.691264022,-0.187725991,0.252469168,0.650516966
1497534857595800000,81038,0.991340583,2.455459058,1.061070052,-0.692318894,-0.188399191,0.251989147,0.649385682
1497534857605820000,81039,0.985842616,2.458037804,1.060147553,-0.693907932,-0.188983883,0.251870214,0.647563332
1497534857615820000,81040,0.980253314,2.460892044,1.05945996,-0.69530064,-0.189005073,0.251551841,0.646185557
1497534857625790000,81041,0.974661366,2.463504795,1.058844262,-0.696824822,-0.188751767,0.251805952,0.644516642
1497534857635810000,81042,0.96900434,2.465953469,1.057935986,-0.698069915,-0.189357315,0.25152102,0.643101374
1497534857645830000,81043,0.96324002,2.468530868,1.05720052,-0.699565907,-0.189884415,0.251435376,0.641351465
1497534857655810000,81044,0.957423401,2.471043916,1.056439352,-0.701514975,-0.191032524,0.251522062,0.638842678
1497534857665820000,81045,0.951424018,2.47362056,1.055546194,-0.702997626,-0.191415024,0.250870191,0.637352943
1497534857675790000,81046,0.945316357,2.476144082,1.054725657,-0.705106034,-0.192485475,0.250307512,0.634918083
1497534857685820000,81047,0.939173934,2.478795332,1.053829303,-0.7071436,-0.193931144,0.249552377,0.632504744
1497534857695810000,81048,0.932892952,2.481363938,1.052802044,-0.708931989,-0.195151039,0.248560205,0.630515133
1497534857705820000,81049,0.926648648,2.483887525,1.051835171,-0.710346072,-0.196053272,0.247647549,0.629001004
1497534857715820000,81050,0.920308264,2.486363345,1.050516289,-0.711639637,-0.197231157,0.246432249,0.627646433
1497534857725800000,81051,0.913784571,2.488943783,1.049315325,-0.713022521,-0.198434902,0.244938101,0.626280928
1497534857735810000,81052,0.907097439,2.491630325,1.048057731,-0.714937275,-0.199826057,0.243379124,0.624260236
1497534857745830000,81053,0.900403316,2.494348636,1.046889584,-0.71645137,-0.200817075,0.241734998,0.622843583
1497534857755820000,81054,0.893559047,2.497009142,1.045577252,-0.718318549,-0.201969801,0.239499675,0.62118159
1497534857765790000,81055,0.886549401,2.499881493,1.044369729,-0.720719227,-0.202665577,0.237172366,0.619063591
1497534857775780000,81056,0.879468711,2.502635544,1.042872648,-0.723570332,-0.203986918,0.234485345,0.616321292
1497534857785780000,81057,0.872259923,2.505504766,1.041564368,-0.72644321,-0.205593716,0.23203551,0.613327815
1497534857795750000,81058,0.86503424,2.508324502,1.039973624,-0.72878981,-0.206525611,0.229761996,0.611082655
1497534857805780000,81059,0.85783082,2.51102079,1.038223734,-0.7309881,-0.206622939,0.227099152,0.609417208
1497534857815780000,81060,0.850512344,2.513606111,1.03657901,-0.733019063,-0.207295303,0.224381974,0.607753602
1497534857825790000,81061,0.843031208,2.516514754,1.035129806,-0.735870453,-0.208583224,0.22236296,0.60460105
1497534857835820000,81062,0.835547052,2.519098954,1.033488466,-0.738422435,-0.209550536,0.220622812,0.601786054
1497534857845830000,81063,0.828067728,2.521510446,1.031781928,-0.739620274,-0.209916051,0.219402872,0.600632569
1497534857855800000,81064,0.820500419,2.523845651,1.030162972,-0.740695486,-0.209845045,0.217845512,0.599898814
1497534857865800000,81065,0.812771551,2.526079928,1.028391796,-0.742436037,-0.211074203,0.216663998,0.597740013
1497534857875760000,81066,0.805100584,2.52825097,1.026792822,-0.742757233,-0.210668763,0.215564636,0.597881471
1497534857885770000,81067,0.797271008,2.530323956,1.02510081,-0.743727857,-0.210707805,0.213729311,0.597319744
1497534857895750000,81068,0.789407381,2.532484691,1.023513729,-0.744475393,-0.210217307,0.212236907,0.597093433
1497534857905780000,81069,0.78156224,2.534610165,1.02184839,-0.745045552,-0.208657111,0.210799064,0.597438776
1497534857915850000,81070,0.773562325,2.536713415,1.020313072,-0.745337519,-0.207105742,0.208394871,0.598456992
1497534857925800000,81071,0.765364168,2.538952549,1.018562947,-0.746461695,-0.205499188,0.206289287,0.598339161
1497534857935900000,81072,0.756928606,2.541069188,1.016791109,-0.746976857,-0.203685342,0.202854418,0.599489734
1497534857945820000,81073,0.748363711,2.543219261,1.015253495,-0.747371248,-0.201094219,0.200158431,0.600777775
1497534857955750000,81074,0.739349118,2.545376746,1.013676167,-0.748492938,-0.199239413,0.19761618,0.600840931
1497534857965810000,81075,0.730112635,2.547466186,1.012133273,-0.749359631,-0.197282993,0.194674056,0.601366424
1497534857975800000,81076,0.720466713,2.549590394,1.01077063,-0.749896532,-0.19524107,0.192349911,0.602110976
1497534857985800000,81077,0.710584447,2.5515933,1.009568202,-0.750218604,-0.193770857,0.19096615,0.602624951
1497534857995800000,81078,0.700489225,2.553449889,1.008637582,-0.750553929,-0.192514969,0.190502505,0.602756653
1497534858005800000,81079,0.690207732,2.555138663,1.007995212,-0.750815278,-0.191708675,0.191112448,0.602495008
1497534858015820000,81080,0.679559271,2.556791135,1.00751879,-0.75100021,-0.192411361,0.192184187,0.601699087
1497534858025810000,81081,0.668799549,2.558163629,1.007418304,-0.750152999,-0.19269688,0.1944145,0.601947999
1497534858035810000,81082,0.657984414,2.55926868,1.007765153,-0.749292487,-0.193429634,0.197437115,0.601800907
1497534858045840000,81083,0.646963199,2.560285493,1.008158354,-0.749245631,-0.194780497,0.20121394,0.600170386
1497534858055820000,81084,0.635991534,2.560848973,1.009155542,-0.747746189,-0.196497795,0.206449529,0.599702297
1497534858065830000,81085,0.625073147,2.561084049,1.010343847,-0.745393322,-0.199096992,0.212428353,0.599686067
1497534858075790000,81086,0.614364137,2.561151778,1.01196966,-0.742831005,-0.201672621,0.219060323,0.599618901
1497534858085820000,81087,0.603771234,2.561080082,1.013798894,-0.739403824,-0.204547135,0.224844333,0.600739111
1497534858095790000,81088,0.593526487,2.560771955,1.016027914,-0.73522632,-0.207680258,0.229995831,0.60283753
1497534858105800000,81089,0.58343941,2.560531901,1.018546504,-0.729274746,-0.210307014,0.235084365,0.607177607
1497534858115820000,81090,0.573987173,2.560054583,1.020752278,-0.724567063,-0.211459794,0.240242399,0.610385875
1497534858125780000,81091,0.564817666,2.559624572,1.022991039,-0.71945034,-0.213318341,0.244109767,0.614244996
1497534858135820000,81092,0.555968581,2.559496219,1.025154797,-0.713994825,-0.214195172,0.247723572,0.618841539
1497534858145820000,81093,0.547517795,2.55946133,1.027056867,-0.709487581,-0.214136046,0.251157826,0.62264988
1497534858155820000,81094,0.539353328,2.559725567,1.028891691,-0.704871876,-0.213232734,0.254581703,0.626797891
1497534858165820000,81095,0.53144472,2.56005048,1.030483548,-0.700437432,-0.211595806,0.258044919,0.630894158
1497534858175740000,81096,0.523716209,2.560436372,1.032174517,-0.697176344,-0.209393125,0.261614096,0.633764727
1497534858185840000,81097,0.516224716,2.560726521,1.033766085,-0.693767766,-0.206498256,0.265291581,0.636918468
1497534858195750000,81098,0.508769964,2.561085337,1.035143405,-0.690872761,-0.203679222,0.26939241,0.639247474
1497534858205810000,81099,0.501564037,2.561484049,1.036726163,-0.687837918,-0.20110496,0.27319635,0.641716096
1497534858215820000,81100,0.494348613,2.562050269,1.038280916,-0.68441178,-0.198773791,0.27706658,0.644440537
1497534858225800000,81101,0.48715206,2.562642681,1.03995846,-0.681271063,-0.196592333,0.280900149,0.646773762
1497534858235810000,81102,0.480065958,2.56297874,1.041476223,-0.679025899,-0.194215644,0.284382154,0.648329317
1497534858245840000,81103,0.472905844,2.563437055,1.042962779,-0.677307477,-0.192834821,0.287913054,0.648980267
1497534858255740000,81104,0.465659416,2.563897635,1.044939265,-0.672759225,-0.192083327,0.291089773,0.65250729
1497534858265820000,81105,0.458371547,2.563986218,1.046521387,-0.668772809,-0.191893302,0.295469011,0.654689204
1497534858275810000,81106,0.450910419,2.564199902,1.04829182,-0.664418604,-0.191872235,0.299509583,0.657287589
1497534858285840000,81107,0.443494793,2.564234107,1.049788884,-0.660367152,-0.191745386,0.303651689,0.659503286
1497534858295800000,81108,0.435960032,2.564288609,1.051400689,-0.656445217,-0.192179351,0.308388497,0.661092512
1497534858305810000,81109,0.428210114,2.564480368,1.052925619,-0.652628511,-0.193353131,0.31283909,0.662436637
1497534858315820000,81110,0.420506453,2.564567578,1.054357712,-0.648880168,-0.195351057,0.316989397,0.66355875
1497534858325800000,81111,0.412604603,2.564676832,1.055717555,-0.645372447,-0.196744903,0.321951055,0.664178716
1497534858335820000,81112,0.404670198,2.564718189,1.056933928,-0.642506481,-0.198714071,0.326091989,0.664350928
1497534858345840000,81113,0.396560363,2.564827891,1.057950143,-0.639464613,-0.200950043,0.330469625,0.664450085
1497534858355830000,81114,0.388490485,2.564882951,1.05893647,-0.63659289,-0.20355781,0.334477972,0.664408155
1497534858365830000,81115,0.380336234,2.565033089,1.059853184,-0.633876955,-0.206823736,0.338797526,0.66380734
1497534858375800000,81116,0.372152094,2.565057994,1.060597546,-0.631511326,-0.209643717,0.342458888,0.663298475
1497534858385830000,81117,0.36396739,2.565006306,1.06108047,-0.629261765,-0.212591694,0.346225449,0.662542332
1497534858395850000,81118,0.355644017,2.565134887,1.061479648,-0.627219742,-0.215779733,0.349626055,0.661661638
1497534858405810000,81119,0.347384147,2.565207301,1.061483118,-0.625384985,-0.219052461,0.35313777,0.660456929
1497534858415820000,81120,0.339009105,2.565407432,1.061599112,-0.623858786,-0.222372814,0.355554754,0.659493262
1497534858425830000,81121,0.33064877,2.565630493,1.061256784,-0.622484461,-0.22625503,0.358725317,0.65775216
1497534858435810000,81122,0.322155452,2.565893282,1.061113066,-0.62076127,-0.229495068,0.361377197,0.656805893
1497534858445820000,81123,0.313540203,2.566158697,1.060634035,-0.620319205,-0.233030218,0.364131621,0.654453332
1497534858455850000,81124,0.304892579,2.566479086,1.059912154,-0.619365514,-0.236340349,0.366383455,0.652910992
1497534858465840000,81125,0.296127257,2.566957287,1.059295119,-0.618958117,-0.239546341,0.36792427,0.651260417
1497534858475780000,81126,0.287273659,2.567349804,1.058403337,-0.619120017,-0.243501074,0.369303142,0.648855008
1497534858485790000,81127,0.278415003,2.567712764,1.057487978,-0.618673821,-0.247095878,0.371152712,0.646863196
1497534858495830000,81128,0.269265104,2.56816463,1.056352748,-0.61803758,-0.251529005,0.372832049,0.644793744
1497534858505800000,81129,0.259869769,2.568626098,1.055162488,-0.617306148,-0.256121539,0.374977947,0.64243787
1497534858515810000,81130,0.250235854,2.569132191,1.053893524,-0.616477183,-0.260914043,0.376758914,0.640259687
1497534858525810000,81131,0.240374731,2.569508525,1.052443437,-0.616184683,-0.266067588,0.378718653,0.637257136
1497534858535810000,81132,0.230336227,2.569925019,1.051027305,-0.615221466,-0.270874014,0.380710979,0.634971627
1497534858545840000,81133,0.220456263,2.569809231,1.049265993,-0.611858223,-0.277646186,0.385114311,0.632636608
1497534858555820000,81134,0.210340951,2.569820483,1.047519958,-0.610378171,-0.281833331,0.388103949,0.630383841
1497534858565820000,81135,0.200307583,2.569773465,1.045925787,-0.607501365,-0.285488134,0.391414247,0.629470813
1497534858575800000,81136,0.190116885,2.569855605,1.044416907,-0.605871429,-0.288390137,0.394709969,0.627658332
1497534858585790000,81137,0.18009919,2.57008172,1.042560298,-0.604382201,-0.28917625,0.397835351,0.626758553
1497534858595820000,81138,0.169967213,2.570258304,1.041295384,-0.601252608,-0.293731505,0.401470838,0.625330529
1497534858605730000,81139,0.160015528,2.570367165,1.039686304,-0.598946996,-0.297592613,0.404940129,0.623477846
1497534858615810000,81140,0.149962596,2.570721127,1.038332301,-0.596211957,-0.300166187,0.407956808,0.622898712
1497534858625790000,81141,0.139583891,2.571374047,1.0374324,-0.594856037,-0.300592978,0.410651802,0.622218012
1497534858635780000,81142,0.129454732,2.571870984,1.036164189,-0.592278204,-0.302171977,0.414000165,0.621693243
1497534858645770000,81143,0.118648833,2.572736092,1.035342878,-0.590544763,-0.301139439,0.416951182,0.621871074
1497534858655860000,81144,0.107844426,2.573577507,1.034243579,-0.589851727,-0.300031023,0.42039933,0.620742079
1497534858665870000,81145,0.096735242,2.574399241,1.033046815,-0.587717355,-0.29984634,0.424704189,0.619924862
1497534858675850000,81146,0.085370468,2.575257797,1.031490182,-0.586324152,-0.299526492,0.429082508,0.618381816
1497534858685900000,81147,0.073693499,2.576139993,1.030348579,-0.585116064,-0.299209757,0.433914036,0.616304569
1497534858695830000,81148,0.061920519,2.576893791,1.029276036,-0.58370002,-0.300155868,0.43818794,0.614159646
1497534858705770000,81149,0.050191465,2.577341513,1.028368836,-0.582563044,-0.301047817,0.441992264,0.612072994
1497534858715810000,81150,0.038536089,2.577707954,1.027930887,-0.581828075,-0.303217582,0.444662972,0.609762274
1497534858725820000,81151,0.026961191,2.57807938,1.028216796,-0.581721715,-0.305535765,0.446238087,0.607551901
1497534858735770000,81152,0.01569938,2.578366865,1.029153682,-0.583964845,-0.307871055,0.446048175,0.604352131
1497534858745850000,81153,0.004656529,2.579127254,1.031060737,-0.585520131,-0.312239039,0.444583092,0.601680009
1497534858755870000,81154,-0.00578062,2.579730779,1.033304827,-0.586385177,-0.315944815,0.443751658,0.599512939
1497534858765800000,81155,-0.015630935,2.580162971,1.035895789,-0.585228096,-0.319362883,0.443935724,0.598695664
1497534858775810000,81156,-0.025291317,2.58072299,1.038478642,-0.582434899,-0.321126146,0.444763692,0.599860689
1497534858785830000,81157,-0.035018424,2.581314152,1.040950967,-0.581646461,-0.321320446,0.444798008,0.600495877
1497534858795830000,81158,-0.044435523,2.581653837,1.042562677,-0.580681654,-0.319415417,0.445563745,0.601876696
1497534858805610000,81159,-0.054038977,2.582507901,1.044236176,-0.581019492,-0.317740063,0.446732911,0.601570701
1497534858815770000,81160,-0.06318945,2.582665913,1.044804812,-0.580498442,-0.317043418,0.448305837,0.601271075
1497534858825810000,81161,-0.072187236,2.582713709,1.045156838,-0.579880044,-0.317324443,0.449591473,0.600759387
1497534858835720000,81162,-0.081379907,2.582943117,1.045863728,-0.579439037,-0.319141423,0.450169628,0.59978868
1497534858845810000,81163,-0.090513492,2.582726796,1.046098639,-0.578772803,-0.324261217,0.450674083,0.597301913
1497534858855790000,81164,-0.099629614,2.582377187,1.045965438,-0.578481069,-0.331879846,0.45057901,0.59345933
1497534858865810000,81165,-0.108796625,2.581992271,1.046286004,-0.578813533,-0.339973402,0.45009099,0.588906682
1497534858875810000,81166,-0.117834278,2.581467365,1.046480307,-0.579784389,-0.34750456,0.44937498,0.584082846
1497534858885840000,81167,-0.126456492,2.580800902,1.046406299,-0.580713261,-0.355368615,0.448690072,0.578932186
1497534858895830000,81168,-0.134686731,2.580025548,1.04647371,-0.581336924,-0.360880475,0.448748349,0.574837005
1497534858905830000,81169,-0.142689675,2.579186807,1.046682157,-0.581714107,-0.365965379,0.448730871,0.571243069
1497534858915790000,81170,-0.150374923,2.578327336,1.047142276,-0.581555306,-0.36933859,0.449639734,0.568512569
1497534858925810000,81171,-0.157609822,2.577213694,1.047137234,-0.58067817,-0.37299515,0.451043897,0.565903599
1497534858935830000,81172,-0.164890277,2.576116642,1.047116891,-0.580379745,-0.374888792,0.452623913,0.563692592
1497534858945850000,81173,-0.172003555,2.574968896,1.046965121,-0.58033371,-0.377387768,0.454108408,0.560871475
1497534858955850000,81174,-0.179100411,2.573873869,1.046982702,-0.580189322,-0.379125914,0.455875569,0.558409668
1497534858965840000,81175,-0.186232011,2.572882539,1.047192663,-0.580864823,-0.380476438,0.45704533,0.555826685
1497534858975810000,81176,-0.193327818,2.571935365,1.047465727,-0.581276501,-0.382594468,0.458498483,0.552737048
1497534858985820000,81177,-0.200309932,2.570512811,1.04699381,-0.581883878,-0.383589795,0.459743208,0.550369152
1497534858995800000,81178,-0.207380691,2.569322854,1.046966942,-0.582800426,-0.38556493,0.460827592,0.547102621
1497534859005840000,81179,-0.214421686,2.56814831,1.046984082,-0.583987073,-0.387636581,0.461197473,0.544053187
1497534859015720000,81180,-0.221221717,2.566564807,1.046324665,-0.585558334,-0.389417743,0.461348836,0.540955184
1497534859025780000,81181,-0.228229577,2.565281141,1.046299246,-0.586074266,-0.391767681,0.461977438,0.538156005
1497534859035800000,81182,-0.23511153,2.563720806,1.045856799,-0.588075194,-0.393223956,0.461083491,0.535672008
1497534859045860000,81183,-0.241976745,2.562264452,1.045676013,-0.588465657,-0.396083976,0.461472551,0.532793337
1497534859055830000,81184,-0.248625317,2.560488489,1.045040619,-0.58955504,-0.398566433,0.461258336,0.529915466
1497534859065840000,81185,-0.255310433,2.558860201,1.044561861,-0.590466251,-0.401106126,0.460722465,0.527445061
1497534859075810000,81186,-0.261901629,2.557028293,1.043926341,-0.590743239,-0.403876154,0.460498125,0.525212294
1497534859085840000,81187,-0.268369547,2.555198896,1.043411597,-0.591628337,-0.407053634,0.459947789,0.522236806
1497534859095830000,81188,-0.274901021,2.553146392,1.042686503,-0.591881686,-0.409561714,0.459575789,0.520312759
1497534859105840000,81189,-0.28098935,2.550906411,1.041706934,-0.593368908,-0.412334947,0.458036875,0.517779347
1497534859115760000,81190,-0.28742551,2.549135197,1.04137586,-0.59361715,-0.414733966,0.457303431,0.516224747
1497534859125780000,81191,-0.293481259,2.546821234,1.040175226,-0.593757136,-0.417101794,0.456644304,0.514737347
1497534859135780000,81192,-0.299792846,2.5446241,1.039198615,-0.595646264,-0.418835005,0.454977211,0.512619259
1497534859145850000,81193,-0.305907041,2.542052446,1.037898125,-0.597179491,-0.421126776,0.453585136,0.510185671
1497534859155830000,81194,-0.312358561,2.539934275,1.037313827,-0.597806799,-0.424595086,0.451455292,0.508462549
1497534859165840000,81195,-0.318799178,2.537516991,1.036085217,-0.598191786,-0.427485959,0.450014974,0.50686178
1497534859175890000,81196,-0.325325591,2.535170383,1.035018887,-0.60002067,-0.430599212,0.448032763,0.503811629
1497534859185840000,81197,-0.331877956,2.532580207,1.033771162,-0.601229347,-0.433574989,0.446689037,0.501003897
1497534859195840000,81198,-0.338364128,2.529928521,1.03250719,0.601805028,0.437173955,-0.444694938,-0.498954961
1497534859205840000,81199,-0.345198149,2.527223624,1.031147987,0.602456813,0.440555721,-0.443148548,-0.496564004
1497534859215860000,81200,-0.352001623,2.524530844,1.029825137,0.604330836,0.444595289,-0.440037399,-0.493443367
1497534859225750000,81201,-0.358750254,2.521639881,1.028126986,0.605369834,0.447526124,-0.438608336,-0.490785554
1497534859235820000,81202,-0.365341125,2.51854337,1.026611283,0.605838309,0.450000384,-0.437165653,-0.489229792
1497534859245860000,81203,-0.372118869,2.515489352,1.024788985,0.607067629,0.453040157,-0.434808058,-0.486996369
1497534859255830000,81204,-0.378973515,2.512367553,1.023072468,0.608945582,0.45636244,-0.432966265,-0.48317576
1497534859265830000,81205,-0.386360992,2.509063785,1.021271572,0.611601272,0.463239862,-0.429002731,-0.476769726
1497534859275820000,81206,-0.392277373,2.505692492,1.019402368,0.610941864,0.461175118,-0.42922847,-0.479406372
1497534859285840000,81207,-0.398934303,2.502201173,1.017448408,0.611544124,0.462396475,-0.428452959,-0.478154103
1497534859295830000,81208,-0.405448137,2.498723873,1.016013804,0.612144805,0.465102384,-0.426240345,-0.476736487
1497534859305850000,81209,-0.412226145,2.495248337,1.01433534,0.612464754,0.468038895,-0.425130488,-0.474437125
1497534859315810000,81210,-0.418632908,2.491209252,1.012601253,0.612313227,0.470287974,-0.423760436,-0.473633641
1497534859325870000,81211,-0.425029881,2.487322603,1.010790632,0.612552226,0.471713977,-0.422790823,-0.472772264
1497534859335820000,81212,-0.431521492,2.483222322,1.009298612,0.611679851,0.474070861,-0.421675218,-0.47254057
1497534859345840000,81213,-0.437980832,2.479110463,1.007807042,0.611738939,0.475606847,-0.421137426,-0.47139884
1497534859355800000,81214,-0.44460202,2.474822491,1.006051617,0.611666182,0.476943105,-0.420635522,-0.470590601
1497534859365780000,81215,-0.450955264,2.470473418,1.004517784,0.611385221,0.478220552,-0.419819926,-0.470387547
1497534859375730000,81216,-0.457411772,2.466033379,1.003087306,0.611130796,0.478352143,-0.418884655,-0.471417038
1497534859385850000,81217,-0.464026298,2.461371247,1.001603675,0.612119697,0.479187075,-0.417086802,-0.470879839
1497534859395850000,81218,-0.470662112,2.456633832,1.000091904,0.612295341,0.479781289,-0.415869751,-0.471122787
1497534859405840000,81219,-0.477683259,2.451777445,0.998730945,0.612856173,0.479949361,-0.414669589,-0.471280229
1497534859415820000,81220,-0.48463002,2.446667083,0.997430611,0.613004923,0.480281429,-0.413342944,-0.47191347
1497534859425850000,81221,-0.491595658,2.441363965,0.996335736,0.613335554,0.480747375,-0.41185254,-0.472312338
1497534859435790000,81222,-0.498758582,2.435954075,0.995358258,0.613812852,0.480643261,-0.410510016,-0.472966558
1497534859445870000,81223,-0.506161657,2.430287351,0.994483207,0.614521109,0.480242325,-0.40981659,-0.473055471
1497534859455840000,81224,-0.513627986,2.424475275,0.993790462,0.615144706,0.480494212,-0.408758072,-0.472905002
1497534859465850000,81225,-0.521080791,2.418368683,0.99331985,0.614488519,0.479887988,-0.408616036,-0.474493746
1497534859475840000,81226,-0.528833361,2.41206434,0.993034035,0.614702223,0.479750475,-0.40913018,-0.473912602
1497534859485780000,81227,-0.536449868,2.405442973,0.992942656,0.614264616,0.479842626,-0.409887533,-0.473732252
1497534859495840000,81228,-0.544209304,2.398499242,0.992903672,0.613410166,0.479992719,-0.411073294,-0.473659905
1497534859505840000,81229,-0.551865637,2.391233379,0.993227384,0.612571006,0.479678502,-0.413537955,-0.472918235
1497534859515840000,81230,-0.559608557,2.384053455,0.994006962,0.611110579,0.481006918,-0.416315185,-0.47101791
1497534859525910000,81231,-0.567218231,2.376303829,0.994785138,0.60939159,0.482098626,-0.419996104,-0.468856137
1497534859535870000,81232,-0.574547401,2.368517455,0.996016491,0.607582592,0.482136499,-0.424672254,-0.466948891
1497534859545860000,81233,-0.581884358,2.36070015,0.99743821,0.604789306,0.481845583,-0.429540637,-0.466422096
1497534859555860000,81234,-0.587943853,2.350666144,0.998811824,0.603985297,0.483838657,-0.44025092,-0.455281279
1497534859565870000,81235,-0.595813982,2.344987958,1.001087604,0.59897227,0.481825496,-0.439893578,-0.464295221
1497534859575800000,81236,-0.602602244,2.337248048,1.002954565,0.595485332,0.4823212,-0.444910935,-0.463484346
1497534859585850000,81237,-0.603965456,2.325723902,1.006126385,0.597814786,0.471131244,-0.444957011,-0.471875081
1497534859595830000,81238,-0.610492702,2.318319775,1.008106474,0.592418621,0.472237439,-0.450600971,-0.472218957
1497534859605850000,81239,-0.62177377,2.314528419,1.008425672,0.581559908,0.482715052,-0.463127578,-0.462911545
1497534859615820000,81240,-0.628034415,2.30746448,1.010051333,0.575455941,0.483603801,-0.469465397,-0.463227876
1497534859625830000,81241,-0.634080944,2.300560707,1.011471598,0.569795244,0.483557691,-0.476088073,-0.463514278
1497534859635850000,81242,-0.640183017,2.293765613,1.012708381,0.564621921,0.483632514,-0.482214729,-0.463433525
1497534859645860000,81243,-0.64589246,2.287241419,1.013863423,0.559716243,0.482310766,-0.488513171,-0.46416477
1497534859655840000,81244,-0.651616791,2.281096353,1.014839186,0.555807719,0.480848963,-0.494440128,-0.464102374
1497534859665840000,81245,-0.654992831,2.271856605,1.020350797,0.533864277,0.481416034,-0.509154958,-0.473274513
1497534859675790000,81246,-0.661977413,2.267018592,1.019449951,-0.481140291,-0.461421641,0.572905047,0.476837391
1497534859685850000,81247,-0.666466475,2.260780337,1.023803637,-0.517355477,-0.47827053,0.528473508,0.473620483
1497534859695830000,81248,-0.672972009,2.259029105,1.019936638,0.543857634,0.469681901,-0.517001515,-0.4651099
1497534859705840000,81249,-0.678125129,2.253672726,1.021421456,0.541440558,0.466205654,-0.522715828,-0.465040401
1497534859715840000,81250,-0.683261935,2.248687918,1.023076077,0.538928823,0.464078072,-0.527003479,-0.465246816
1497534859725830000,81251,-0.68833881,2.243756081,1.024899318,0.536057119,0.461495224,-0.532048239,-0.465391873
1497534859735850000,81252,-0.692454845,2.236933747,1.026967016,-0.535920292,-0.459551478,0.541433816,0.456564675
1497534859745870000,81253,-0.698179376,2.233879025,1.028516514,-0.530743413,-0.457010628,0.540427535,0.466251859
1497534859755830000,81254,-0.698222667,2.225850695,1.032113054,-0.534680357,-0.445916491,0.538423467,0.474737369
1497534859765830000,81255,-0.703007063,2.221160932,1.033579464,-0.531227293,-0.441855623,0.54300085,0.477190998
1497534859775830000,81256,-0.708362955,2.216300639,1.035667082,-0.528053768,-0.441462866,0.547039353,0.476463746
1497534859785870000,81257,-0.71338332,2.211513577,1.037240763,-0.524880481,-0.43872934,0.551843136,0.476955134
1497534859795790000,81258,-0.718673832,2.206807383,1.038947876,-0.522819542,-0.439508127,0.554835069,0.475026714
1497534859805850000,81259,-0.723522763,2.201817191,1.040688159,-0.511917586,-0.437842886,0.564865114,0.476614515
1497534859815830000,81260,-0.728880159,2.197116128,1.042044346,-0.508071571,-0.436381153,0.569012493,0.477136826
1497534859825830000,81261,-0.73427201,2.192350674,1.043461666,-0.505603348,-0.43599372,0.572757427,0.475629752
1497534859835830000,81262,-0.738537245,2.18772193,1.042677793,-0.502441386,-0.426614961,0.576994158,0.482317396
1497534859845820000,81263,-0.747940455,2.18410636,1.045852497,-0.531863266,-0.456619455,0.549332216,0.45481233
1497534859855840000,81264,-0.754561161,2.179446768,1.044232483,-0.50024812,-0.444313628,0.587221151,0.45553105
1497534859865710000,81265,-0.760523654,2.173549402,1.044662518,-0.485036849,-0.441437783,0.601253116,0.456471937
1497534859875780000,81266,-0.763792761,2.16776452,1.050374969,-0.498171363,-0.443090118,0.583127774,0.464175009
1497534859885850000,81267,-0.7694053,2.162779352,1.05052449,-0.495120609,-0.442535745,0.585712148,0.464713866
1497534859895820000,81268,-0.774714633,2.157799737,1.050113535,-0.492764127,-0.444751452,0.587583533,0.4627367
1497534859905840000,81269,-0.780008409,2.152890078,1.049909142,-0.4877967,-0.446970773,0.591766502,0.460525694
1497534859915840000,81270,-0.789393941,2.151312922,1.046025931,-0.479630893,-0.451118349,0.587146094,0.470856567
1497534859925820000,81271,-0.795683966,2.146215747,1.045650249,-0.478101587,-0.451934909,0.587307381,0.471427354
1497534859935840000,81272,-0.801854732,2.141311391,1.044857197,-0.476497779,-0.453687445,0.587303172,0.471373051
1497534859945870000,81273,-0.807948468,2.136571373,1.043811242,-0.473944925,-0.458644614,0.586960559,0.469572815
1497534859955840000,81274,-0.812017646,2.127458577,1.046902455,-0.484667625,-0.454950049,0.593656625,0.453530106
1497534859965790000,81275,-0.818294511,2.122325277,1.045422508,-0.484186385,-0.456532081,0.593889502,0.452147391
1497534859975820000,81276,-0.824987681,2.117132577,1.043911368,-0.483602891,-0.456968889,0.594258029,0.451846293
1497534859985700000,81277,-0.831849005,2.11180173,1.042673214,-0.48323695,-0.461504709,0.594084082,0.447838763
1497534859995790000,81278,-0.838499227,2.106843154,1.039762269,-0.491949315,-0.464455639,0.590923439,0.439404505
1497534860005840000,81279,-0.846842371,2.100826429,1.040268826,-0.480239376,-0.468080575,0.594897539,0.44313388
1497534860015850000,81280,-0.854180514,2.095175978,1.038703078,-0.479068191,-0.471041571,0.595278813,0.440745552
1497534860025820000,81281,-0.86149634,2.089214013,1.036930579,-0.476052514,-0.474036777,0.596810089,0.438726402
1497534860035840000,81282,-0.868887348,2.083220699,1.035285117,-0.473941147,-0.475521409,0.598534704,0.437053072
1497534860045860000,81283,-0.875996263,2.077115154,1.033512304,-0.471261807,-0.478105764,0.600276118,0.434736437
1497534860055830000,81284,-0.882654664,2.07146928,1.030433825,-0.477210172,-0.477093501,0.600816307,0.428569724
1497534860065810000,81285,-0.890766396,2.065090498,1.030833703,-0.466069497,-0.479086082,0.606058838,0.431217388
1497534860075760000,81286,-0.897000433,2.059698087,1.027394073,-0.473190805,-0.477328442,0.606752742,0.424380879
1497534860085840000,81287,-0.905424992,2.053444151,1.028210537,-0.460976889,-0.478855963,0.612388718,0.427992211
1497534860095700000,81288,-0.912393322,2.047701285,1.026472258,-0.458995608,-0.47776574,0.615227278,0.427268447
1497534860105780000,81289,-0.919800378,2.041964375,1.024898525,-0.455750617,-0.475371105,0.618926169,0.428070186
1497534860115870000,81290,-0.927661981,2.036215898,1.024151723,-0.453794603,-0.47497181,0.621809086,0.426410247
1497534860125870000,81291,-0.935306485,2.030470018,1.022543146,-0.452043788,-0.470257619,0.625037945,0.428767715
1497534860135880000,81292,-0.94339812,2.024702498,1.021353295,-0.449596523,-0.467966615,0.629096831,0.427910495
1497534860145870000,81293,-0.951953447,2.018726177,1.020291206,-0.448387103,-0.465639562,0.632344054,0.426930675
1497534860155850000,81294,-0.960853621,2.012728621,1.019180404,-0.446905851,-0.464255073,0.635237337,0.425694624
1497534860165880000,81295,-0.970009829,2.00654854,1.01832432,-0.445557713,-0.46488866,0.637876623,0.42245742
1497534860175840000,81296,-0.978971827,2.000258817,1.017109996,-0.44429633,-0.463527024,0.640365356,0.421515931
1497534860185840000,81297,-0.987874965,1.993919139,1.016150195,-0.442680589,-0.463130521,0.642793757,0.41995262
1497534860195920000,81298,-0.996758366,1.987755378,1.015774849,-0.44096172,-0.464298715,0.644137107,0.41840991
1497534860205820000,81299,-1.005952567,1.981606886,1.016170778,-0.439663502,-0.466884245,0.643953045,0.417180515
1497534860215840000,81300,-1.014995079,1.97558232,1.016903246,-0.438901053,-0.469167987,0.643450484,0.416195556
1497534860225790000,81301,-1.023925685,1.969849322,1.018069113,-0.438450994,-0.4729208,0.641447016,0.415514582
1497534860235830000,81302,-1.032629478,1.964299049,1.019947018,-0.437541074,-0.475703101,0.639681983,0.416018425
1497534860245880000,81303,-1.04101982,1.958988383,1.021915132,-0.435537986,-0.478363897,0.638300061,0.417190217
1497534860255860000,81304,-1.049271458,1.95397273,1.024165346,-0.434455615,-0.479827904,0.637178577,0.418350286
1497534860265820000,81305,-1.057839188,1.949154496,1.026530112,-0.433839525,-0.480038505,0.636244095,0.420166338
1497534860275840000,81306,-1.066500206,1.944435324,1.028836153,-0.434934581,-0.480402111,0.634544087,0.421188229
1497534860285850000,81307,-1.075044348,1.939812081,1.030906869,-0.436611308,-0.480942174,0.632699742,0.421611465
1497534860295850000,81308,-1.083423037,1.935359566,1.032926976,-0.438059448,-0.48043355,0.631417742,0.422609938
1497534860305770000,81309,-1.091534647,1.930926919,1.034484855,-0.439989633,-0.479748028,0.62985625,0.423712233
1497534860315850000,81310,-1.099492049,1.92644612,1.035767107,-0.441739294,-0.480041091,0.627860626,0.424520885
1497534860325830000,81311,-1.10740263,1.921953685,1.037197155,-0.442453807,-0.483076182,0.625523046,0.423784085
1497534860335860000,81312,-1.115087762,1.917311685,1.038062066,-0.443313395,-0.486595742,0.622458637,0.423371069
1497534860345870000,81313,-1.122613581,1.91266988,1.039000639,-0.443795957,-0.491983485,0.618920539,0.421823145
1497534860355850000,81314,-1.129845855,1.907970774,1.03953908,-0.445235892,-0.496986547,0.614762772,0.420518854
1497534860365770000,81315,-1.136628298,1.903383659,1.040008675,-0.445819627,-0.501138951,0.611915891,0.419122362
1497534860375830000,81316,-1.143305138,1.898957252,1.04049399,-0.446294055,-0.503936826,0.60962254,0.418604409
1497534860385790000,81317,-1.149564113,1.894705468,1.040896978,-0.447290408,-0.506782737,0.607767144,0.416799289
1497534860395890000,81318,-1.155438192,1.89060433,1.041248817,-0.448743839,-0.509124161,0.606275258,0.414550198
1497534860405880000,81319,-1.161028234,1.886633074,1.041426598,-0.449193952,-0.510427197,0.605788004,0.413170383
1497534860415800000,81320,-1.16645007,1.882685014,1.041566968,-0.449859865,-0.512142508,0.605148503,0.411255934
1497534860425840000,81321,-1.171837375,1.878826842,1.041717464,-0.451164818,-0.51400079,0.604049324,0.409118454
1497534860435860000,81322,-1.177262676,1.875016422,1.041794506,-0.452130098,-0.516110777,0.603002607,0.406934756
1497534860445890000,81323,-1.182454007,1.87128387,1.041853645,-0.454607974,-0.518264429,0.601014721,0.404369728
1497534860455870000,81324,-1.187610391,1.867651427,1.041910504,-0.455825703,-0.519322442,0.600056831,0.403061942
1497534860465810000,81325,-1.192537713,1.864128271,1.041837922,-0.458493489,-0.520148023,0.597952055,0.402098364
1497534860475830000,81326,-1.197352725,1.860763066,1.041677192,-0.460991232,-0.520225854,0.596661401,0.401057749
1497534860485820000,81327,-1.201986983,1.857384017,1.041621244,-0.463471201,-0.519736448,0.595603335,0.400406217
1497534860495870000,81328,-1.206612795,1.854009196,1.041618249,-0.465798171,-0.520361061,0.593684353,0.399744068
1497534860505910000,81329,-1.211084858,1.850569348,1.041479724,-0.468258115,-0.520584754,0.591790575,0.399386739
1497534860515760000,81330,-1.215527589,1.847160919,1.041282852,-0.470526775,-0.521664976,0.589644727,0.398483755
1497534860525840000,81331,-1.219992306,1.843534702,1.041043125,-0.472774587,-0.521993179,0.587844948,0.398052292
1497534860535860000,81332,-1.224404311,1.839905644,1.040649834,-0.474615218,-0.522681009,0.585462391,0.398470509
1497534860545880000,81333,-1.228670142,1.836155633,1.040391601,-0.476400713,-0.524590158,0.582863751,0.397639755
1497534860555860000,81334,-1.232975036,1.832322265,1.039902678,-0.47865976,-0.526113271,0.580097042,0.396959798
1497534860565750000,81335,-1.237044451,1.828387893,1.039353753,-0.47987612,-0.527077067,0.577820502,0.397532567
1497534860575840000,81336,-1.241267278,1.824348,1.03890056,-0.480884285,-0.528968979,0.575615882,0.396999346
1497534860585940000,81337,-1.245235746,1.820138268,1.038214339,-0.480921563,-0.53044616,0.573831148,0.397566516
1497534860595870000,81338,-1.249262963,1.815869037,1.037576297,-0.48170595,-0.532887653,0.571340359,0.396938688
1497534860605870000,81339,-1.253143077,1.811512171,1.036843757,-0.481972789,-0.534605245,0.569400132,0.397093128
1497534860615710000,81340,-1.25725352,1.807041801,1.035772389,-0.483912163,-0.535943257,0.56593159,0.397888526
1497534860625840000,81341,-1.261279265,1.802554958,1.035425198,-0.483632647,-0.539060629,0.564732856,0.395714421
1497534860635850000,81342,-1.265306286,1.797940522,1.03456321,-0.484128822,-0.540349296,0.56273403,0.396197342
1497534860645880000,81343,-1.269607147,1.793242033,1.033441259,-0.485514834,-0.542287903,0.559362972,0.396626073
1497534860655860000,81344,-1.273412712,1.788669129,1.032718209,-0.486273527,-0.543278383,0.55868134,0.395299654
1497534860665840000,81345,-1.277916561,1.783789413,1.03140927,-0.488531874,-0.544954943,0.555023869,0.395359611
1497534860675840000,81346,-1.282019292,1.778869815,1.030954348,-0.487990809,-0.546834861,0.554456957,0.394225935
1497534860685860000,81347,-1.28636429,1.7737757,1.030075365,-0.488519165,-0.548734561,0.552090028,0.394253735
1497534860695850000,81348,-1.290716566,1.768557093,1.02911938,0.49071665,0.550956274,-0.549471459,-0.392078397
1497534860705860000,81349,-1.295883373,1.763001918,1.027841062,0.493959162,0.558832925,-0.543103607,-0.385679375
1497534860715870000,81350,-1.300310369,1.757533339,1.026838209,0.494671362,0.559902774,-0.541008299,-0.386159485
1497534860725830000,81351,-1.304671103,1.752007795,1.025710685,0.495716269,0.56168969,-0.538755608,-0.385373154
1497534860735850000,81352,-1.309037544,1.746318096,1.024683231,0.496087345,0.563566434,-0.53708537,-0.384486053
1497534860745880000,81353,-1.313701089,1.740559783,1.023608112,0.496784686,0.565597203,-0.534588323,-0.384083459
1497534860755850000,81354,-1.318221055,1.734817299,1.022202671,0.498697484,0.56767376,-0.531999208,-0.382131083
1497534860765830000,81355,-1.322817596,1.728976593,1.021168063,0.499059682,0.569148805,-0.530134601,-0.382055462
1497534860775820000,81356,-1.327367445,1.723089831,1.0201143,0.499589022,0.570093492,-0.528251343,-0.382563378
1497534860785850000,81357,-1.331599537,1.717211537,1.018824513,0.500484637,0.570014269,-0.527124064,-0.383065376
1497534860795840000,81358,-1.336225284,1.711107963,1.017421124,0.501976937,0.571537935,-0.524757084,-0.382091018
1497534860805820000,81359,-1.340744105,1.704877094,1.016175239,0.503240028,0.57366899,-0.522200657,-0.380735916
1497534860815810000,81360,-1.345190709,1.698427992,1.014808839,0.503652765,0.574870865,-0.520224535,-0.381082425
1497534860825810000,81361,-1.349572277,1.691844223,1.013184878,0.504981197,0.576607618,-0.518151564,-0.379521543
1497534860835770000,81362,-1.353914878,1.685004475,1.0119541,0.504374228,0.579180363,-0.516193632,-0.379078988
1497534860845930000,81363,-1.357884271,1.678088424,1.010487895,0.50342639,0.579987306,-0.516058325,-0.379289334
1497534860855910000,81364,-1.361934358,1.670928732,1.009099721,0.502530243,0.581887157,-0.514940271,-0.379087337
1497534860865920000,81365,-1.365943569,1.6636596,1.007566261,0.502270001,0.583808807,-0.513528248,-0.37839247
1497534860875840000,81366,-1.369775864,1.656341314,1.006080154,0.501352762,0.584175924,-0.513445236,-0.379154175
1497534860885880000,81367,-1.373682769,1.648806531,1.004804827,0.500702228,0.58504629,-0.512829842,-0.379504507
1497534860895870000,81368,-1.377539419,1.641214451,1.003410331,0.501012567,0.584725499,-0.512330857,-0.380262528
1497534860905830000,81369,-1.381643522,1.633305521,1.002146269,0.501070711,0.58629766,-0.511313545,-0.379132768
1497534860915850000,81370,-1.385663554,1.625286499,1.001035758,0.499989115,0.585890668,-0.511191492,-0.381347962
1497534860925850000,81371,-1.389672656,1.616954315,0.999495982,0.501211584,0.585507602,-0.510843339,-0.380797688
1497534860935850000,81372,-1.39431786,1.608211558,0.9986439,0.4995572,0.589021102,-0.509593673,-0.379224251
1497534860945890000,81373,-1.398325892,1.599346665,0.997724622,0.498837207,0.588464003,-0.51062721,-0.379646429
1497534860955870000,81374,-1.402643071,1.590176938,0.996753523,0.499046864,0.590351819,-0.510162516,-0.377055917
1497534860965850000,81375,-1.406493727,1.580842574,0.996186642,0.498560379,0.589432853,-0.511569493,-0.377230851
1497534860975830000,81376,-1.411267918,1.571231005,0.995587501,0.499977304,0.59269433,-0.510531283,-0.371609924
1497534860985830000,81377,-1.415138847,1.561428315,0.995427702,0.499928853,0.593210578,-0.511583687,-0.369397461
1497534860995880000,81378,-1.418946773,1.551348789,0.995637117,0.499687354,0.593278264,-0.51365695,-0.366728767
1497534861005820000,81379,-1.422708665,1.540925616,0.995899993,0.499049313,0.594826534,-0.515092204,-0.36305812
1497534861015870000,81380,-1.426017237,1.530215409,0.996612606,0.497194288,0.59528631,-0.518031397,-0.360659842
1497534861025850000,81381,-1.429008088,1.519328773,0.997617247,0.494264391,0.59559264,-0.521834254,-0.358693645
1497534861035870000,81382,-1.431577477,1.508421994,0.998917276,0.490402405,0.594878515,-0.527411786,-0.357017986
1497534861045870000,81383,-1.434198274,1.497450231,1.000312569,0.487045619,0.595332579,-0.531709323,-0.354472679
1497534861055870000,81384,-1.43654721,1.486640395,1.001871806,0.483846794,0.595388628,-0.535721589,-0.352713823
1497534861065880000,81385,-1.438799089,1.476042181,1.003556545,0.479869391,0.594804446,-0.541027028,-0.351031043
1497534861075850000,81386,-1.440854787,1.46580967,1.005238314,0.476031908,0.594119479,-0.546438881,-0.349027529
1497534861085870000,81387,-1.443016716,1.455898535,1.006890952,0.471734039,0.592649362,-0.552281727,-0.348164651
1497534861095870000,81388,-1.445185475,1.446207929,1.008373312,0.467238829,0.591593905,-0.557769382,-0.347272005
1497534861105880000,81389,-1.447421881,1.436927378,1.00975115,0.462773217,0.590912218,-0.563643747,-0.34491945
1497534861115870000,81390,-1.449550669,1.428108309,1.010825306,0.458761376,0.588676582,-0.569973777,-0.343697214
1497534861125850000,81391,-1.451895756,1.419297348,1.011908283,0.455085647,0.587754509,-0.574667096,-0.342344007
1497534861135890000,81392,-1.454215915,1.410966084,1.012545042,0.450834896,0.58488559,-0.581557788,-0.341243729
1497534861145890000,81393,-1.456598212,1.402882356,1.013026867,-0.447744051,-0.581483915,0.587805105,0.340421622
1497534861155880000,81394,-1.458804104,1.394908493,1.013648583,-0.445414859,-0.578030048,0.593743731,0.339050512
1497534861165890000,81395,-1.461055886,1.38696555,1.014430382,-0.443964736,-0.575162167,0.598624623,0.337242279
1497534861175860000,81396,-1.46338186,1.379237004,1.014999299,-0.442512896,-0.571235049,0.604293302,0.33571187
1497534861185880000,81397,-1.465384621,1.371534223,1.015993828,-0.441730621,-0.568157357,0.608786881,0.333840996
1497534861195880000,81398,-1.467645088,1.364020372,1.016847301,-0.439829074,-0.563899887,0.615046072,0.332092807
1497534861205880000,81399,-1.469742632,1.356399184,1.018022246,-0.438994248,-0.561187671,0.619126631,0.330203971
1497534861215870000,81400,-1.471922994,1.348911683,1.019240119,-0.43669475,-0.558246687,0.624734198,0.327666773
1497534861225860000,81401,-1.474057871,1.341312573,1.020787973,-0.434782924,-0.556100886,0.629250387,0.325206957
1497534861235870000,81402,-1.476405332,1.333660592,1.022396622,-0.431393006,-0.554236265,0.634728847,0.322244515
1497534861245890000,81403,-1.478567497,1.325978599,1.024207222,-0.428370055,-0.553470807,0.638750749,0.319635171
1497534861255820000,81404,-1.480730419,1.318230727,1.026173425,-0.424509262,-0.552453161,0.643591831,0.31682321
1497534861265840000,81405,-1.48291362,1.310455088,1.027986886,-0.419616667,-0.551104011,0.648960778,0.314731837
1497534861275850000,81406,-1.485014315,1.30263421,1.029977189,-0.41526976,-0.550584156,0.653668437,0.311649944
1497534861285880000,81407,-1.485891729,1.29536966,1.031754498,-0.409055208,-0.539715786,0.663777344,0.317459203
1497534861295860000,81408,-1.489588626,1.28697893,1.033272186,-0.406647212,-0.549492196,0.66250168,0.306248094
1497534861305880000,81409,-1.491883632,1.278999668,1.034884342,-0.402998107,-0.550416232,0.665529084,0.302829218
1497534861315870000,81410,-1.494096652,1.27123262,1.035996438,-0.398621452,-0.550219803,0.669727174,0.299707555
1497534861325850000,81411,-1.496576143,1.26290638,1.037501004,-0.393949135,-0.552773098,0.671990708,0.29609875
1497534861335870000,81412,-1.498984996,1.254658679,1.038805007,-0.388921431,-0.555091987,0.674364616,0.292993808
1497534861345850000,81413,-1.500214764,1.247513126,1.039215377,-0.38284363,-0.548345893,0.682819838,0.294116653
1497534861355870000,81414,-1.502124121,1.239499544,1.039981326,-0.376951368,-0.54797799,0.687276054,0.292026394
1497534861365870000,81415,-1.504474831,1.231181442,1.04066272,-0.371564062,-0.551749424,0.688629401,0.288621324
1497534861375850000,81416,-1.506279614,1.223172118,1.041059984,-0.36596744,-0.550988566,0.692800725,0.287239603
1497534861385880000,81417,-1.509166925,1.214808723,1.040980396,-0.361701165,-0.555352223,0.693389188,0.282785446
1497534861395820000,81418,-1.511277827,1.206523242,1.041168594,-0.357357515,-0.555697987,0.695746311,0.281837584
1497534861405870000,81419,-1.513889368,1.198154882,1.040989824,-0.353982333,-0.558684923,0.696688166,0.277836758
1497534861415870000,81420,-1.516716042,1.189695224,1.040539539,-0.351971098,-0.558351504,0.698320462,0.276962953
1497534861425850000,81421,-1.519915752,1.180986517,1.039938374,-0.351767346,-0.55728196,0.699569039,0.276224023
1497534861435870000,81422,-1.523046406,1.172333039,1.038976687,-0.350714988,-0.559888116,0.699391622,0.272719002
1497534861445890000,81423,-1.525445458,1.16384065,1.038025771,-0.349363303,-0.554962884,0.703214128,0.274684129
1497534861455860000,81424,-1.52832488,1.155352259,1.036212435,-0.345222064,-0.560663927,0.702592088,0.269892656
1497534861465850000,81425,-1.531343493,1.146464875,1.034671667,-0.344084862,-0.563520115,0.701959621,0.267026923
1497534861475840000,81426,-1.534856302,1.137246417,1.032720484,-0.334540689,-0.566039011,0.705902997,0.263407145
1497534861485870000,81427,-1.53809866,1.128105915,1.030553743,-0.331509662,-0.571306037,0.70431919,0.260086974
1497534861495870000,81428,-1.541296462,1.118528148,1.028777628,-0.334840499,-0.578690577,0.698039845,0.256397016
1497534861505870000,81429,-1.544700117,1.1087926,1.026733547,-0.33097261,-0.582897592,0.697310522,0.253861309
1497534861515860000,81430,-1.548209981,1.098940655,1.024628563,-0.327812984,-0.586751581,0.696677378,0.250802435
1497534861525820000,81431,-1.551519656,1.089255987,1.022361648,-0.323293806,-0.590003385,0.697146955,0.247716056
1497534861535850000,81432,-1.554661279,1.07953019,1.020378096,-0.320419704,-0.592144882,0.697617992,0.244999569
1497534861545960000,81433,-1.557828157,1.069940323,1.018654857,-0.318767024,-0.592242289,0.699101355,0.242680761
1497534861555860000,81434,-1.560948483,1.060538851,1.017094711,-0.317231556,-0.591386258,0.701188432,0.240751359
1497534861565840000,81435,-1.56406702,1.051382315,1.0154518,-0.314019253,-0.591119812,0.703501209,0.238862566
1497534861575780000,81436,-1.567175146,1.04229651,1.013924342,-0.311584956,-0.588911636,0.706665668,0.238162832
1497534861585880000,81437,-1.570662797,1.033028275,1.012909973,-0.309492089,-0.586953848,0.709304035,0.23788151
1497534861595930000,81438,-1.574143981,1.023848177,1.011888529,-0.307013278,-0.584635028,0.712451615,0.237397194
1497534861605890000,81439,-1.577973425,1.014527225,1.010889905,-0.305257872,-0.581102346,0.716241534,0.236929863
1497534861615950000,81440,-1.580947774,1.007341998,1.006244763,-0.287293572,-0.557418552,0.744271778,0.22979661
1497534861625840000,81441,-1.586218715,0.995095134,1.009289222,-0.30425721,-0.575560595,0.721655431,0.235310414
1497534861635890000,81442,-1.590515028,0.985128556,1.008369648,-0.303040053,-0.573363417,0.724426971,0.233723516
1497534861645900000,81443,-1.593534771,0.977780027,1.00341296,-0.285256036,-0.550020866,0.751815901,0.225563498
1497534861655890000,81444,-1.597777068,0.967653486,1.003114264,-0.28440482,-0.547370324,0.754551906,0.223944296
1497534861665890000,81445,-1.602094893,0.957355355,1.003808589,-0.283976625,-0.54631996,0.755896022,0.222515127
1497534861675860000,81446,-1.606078857,0.947811858,1.004287499,-0.284044489,-0.545236949,0.757064037,0.221109569
1497534861685880000,81447,-1.6113345,0.935846802,1.009631412,-0.30098837,-0.566287118,0.733153267,0.226298891
1497534861695890000,81448,-1.61564566,0.926396049,1.011389586,-0.301328091,-0.567287196,0.732565889,0.225241729
1497534861705890000,81449,-1.620053447,0.917070016,1.013341984,-0.301335372,-0.568281451,0.732074106,0.224322732
1497534861715890000,81450,-1.624802784,0.907683723,1.015525472,-0.300401196,-0.571070494,0.730584893,0.223345755
1497534861725860000,81451,-1.629681961,0.898419741,1.017749678,-0.299790013,-0.5721154,0.729846628,0.223905823
1497534861735890000,81452,-1.634517354,0.88940691,1.019549356,-0.298980451,-0.572155193,0.729642211,0.22554682
1497534861745910000,81453,-1.639686271,0.880189593,1.021515819,-0.301077548,-0.572837142,0.727695512,0.227308517
1497534861755830000,81454,-1.644925293,0.871358318,1.022899287,-0.303798612,-0.572021621,0.726407953,0.229845937
1497534861765850000,81455,-1.650409335,0.862542725,1.024419794,-0.30908209,-0.572234519,0.723292706,0.232085283
1497534861775820000,81456,-1.655772144,0.854111155,1.025475778,-0.31421719,-0.57247537,0.72015581,0.234339746
1497534861785880000,81457,-1.661063316,0.845809989,1.026476352,-0.319407083,-0.573493281,0.716462545,0.236148246
1497534861795880000,81458,-1.666151119,0.837436793,1.02767514,-0.323482138,-0.577220444,0.711395071,0.236839437
1497534861805880000,81459,-1.670821671,0.829123216,1.028678057,-0.326179464,-0.581110383,0.70666162,0.237796203
1497534861815880000,81460,-1.674961369,0.820933682,1.029584553,-0.327013434,-0.585704229,0.702405704,0.237989489
1497534861825860000,81461,-1.678450564,0.812982893,1.03037824,-0.32627626,-0.589414392,0.699509098,0.238372604
1497534861835880000,81462,-1.68155395,0.805147077,1.031235585,-0.324689506,-0.592978304,0.697369599,0.237968692
1497534861845900000,81463,-1.684178326,0.797593103,1.032004319,-0.321328152,-0.596261751,0.696359201,0.237284653
1497534861855890000,81464,-1.686739851,0.790100151,1.032794258,-0.317996654,-0.599518854,0.69541882,0.236321679
1497534861865880000,81465,-1.68910364,0.78280243,1.033444161,-0.31497063,-0.602501555,0.694564089,0.235300033
1497534861875860000,81466,-1.691606987,0.775526541,1.034109635,-0.312718328,-0.605823432,0.693157999,0.233917089
1497534861885850000,81467,-1.694192784,0.768332311,1.034722401,-0.311694714,-0.608980974,0.691275495,0.232651604
1497534861895850000,81468,-1.696795562,0.761419112,1.03488979,-0.311096188,-0.612036006,0.689448156,0.230851314
1497534861905880000,81469,-1.698695782,0.756206655,1.032224825,-0.311458884,-0.614245632,0.687868065,0.229201203
1497534861915890000,81470,-1.701559372,0.749623645,1.032114858,-0.313439961,-0.616283973,0.685723826,0.227447334
1497534861925870000,81471,-1.704277555,0.743451183,1.031558484,-0.315989678,-0.6179718,0.683590998,0.225753682
1497534861935880000,81472,-1.707240108,0.737022672,1.031614051,-0.319069252,-0.619348265,0.681278426,0.224638033
1497534861945860000,81473,-1.709945196,0.730828163,1.031483177,-0.321913612,-0.620603613,0.679128284,0.223623691
1497534861955870000,81474,-1.712478924,0.724787621,1.031110502,-0.324249883,-0.621954399,0.677078425,0.222709554
1497534861965860000,81475,-1.714954294,0.718665328,1.030914888,-0.326744117,-0.622886917,0.67512647,0.222383499
1497534861975840000,81476,-1.717400147,0.712405692,1.030799864,-0.328921804,-0.624511251,0.67276617,0.221769755
1497534861985780000,81477,-1.719787631,0.706089231,1.030630126,-0.330859318,-0.625993957,0.670422954,0.221803382
1497534861995860000,81478,-1.72282091,0.698515265,1.032541511,-0.332500198,-0.628080999,0.667687997,0.22169938
1497534862005870000,81479,-1.724985667,0.69208086,1.032091213,-0.333892268,-0.629601042,0.665510111,0.221844031
1497534862015880000,81480,-1.726994924,0.68566411,1.031402133,-0.335375624,-0.631261317,0.663146284,0.221966994
1497534862025870000,81481,-1.728002126,0.680557936,1.027650117,-0.337061453,-0.632863927,0.66060355,0.22243151
1497534862035830000,81482,-1.729895203,0.673778701,1.026747059,-0.337667601,-0.635074238,0.658075819,0.222705007
1497534862045910000,81483,-1.731848768,0.666707296,1.026063207,-0.338804377,-0.63749986,0.655050076,0.22296843
1497534862055890000,81484,-1.733787103,0.659456682,1.02529978,-0.339804457,-0.639922466,0.652059988,0.223271001
1497534862065900000,81485,-1.735436822,0.652379856,1.02381825,-0.340790318,-0.642776283,0.648813251,0.223029086
1497534862075870000,81486,-1.73731408,0.644930118,1.022791113,-0.341487214,-0.64558534,0.645710628,0.222853847
1497534862085880000,81487,-1.739195647,0.637269449,1.021893872,0.342539487,0.648415097,-0.642356902,-0.222715453
1497534862095890000,81488,-1.740866306,0.629764202,1.020322896,0.343531178,0.651322636,-0.639010119,-0.222331331
1497534862105880000,81489,-1.742701154,0.621961186,1.019090292,0.344532579,0.653962581,-0.635789543,-0.222265387
1497534862115870000,81490,-1.744461835,0.61404332,1.017631434,0.345428017,0.656972578,-0.63230767,-0.221931359
1497534862125860000,81491,-1.746266128,0.605953302,1.016174153,0.346672163,0.659705468,-0.628918875,-0.221513328
1497534862135890000,81492,-1.748978554,0.596295662,1.017801802,0.346025728,0.66237928,-0.626457874,-0.221518434
1497534862145890000,81493,-1.749657063,0.588991582,1.016089262,0.341208377,0.66786125,-0.625832759,-0.214176451
1497534862155880000,81494,-1.752203002,0.579559381,1.014694646,0.347850911,0.667708055,-0.619781657,-0.22144163
1497534862165900000,81495,-1.753613526,0.571177269,1.013061809,0.348485221,0.669899901,-0.617056534,-0.221434881
1497534862175870000,81496,-1.754978017,0.562656925,1.011564,0.349144416,0.672621486,-0.613434007,-0.222209883
1497534862185900000,81497,-1.755911783,0.554392393,1.010003909,0.348085176,0.674072254,-0.612093608,-0.223169718
1497534862195890000,81498,-1.757003246,0.54606129,1.008612755,0.347805538,0.674136044,-0.611584125,-0.224803828
1497534862205860000,81499,-1.757539298,0.538256778,1.007068232,0.344670846,0.675655984,-0.612319963,-0.223058876
1497534862215890000,81500,-1.758499339,0.530191843,1.005318942,0.345523472,0.676577782,-0.610279203,-0.224533584
1497534862225860000,81501,-1.771191446,0.538390704,0.99045213,0.644144021,0.040461671,0.584121486,-0.492182307
1497534862235880000,81502,-1.772256771,0.530653159,0.989287181,0.643583223,0.039185086,0.584955052,-0.492029217
1497534862245900000,81503,-1.773150073,0.523003719,0.98787408,0.643443427,0.038335377,0.585784959,-0.491291092
1497534862255870000,81504,-1.761450999,0.501090033,0.996925126,0.321158643,0.673050919,-0.631556155,-0.212123571
1497534862265850000,81505,-1.762724671,0.492673888,0.995745519,0.329370962,0.669774237,-0.629093028,-0.217161697
1497534862275860000,81506,-1.763334059,0.484628514,0.994498621,0.330722644,0.669954069,-0.628610218,-0.215947383
1497534862285790000,81507,-1.76408675,0.476481713,0.992837824,0.33150913,0.670326268,-0.627011147,-0.218223307
1497534862295810000,81508,-1.764620068,0.467594871,0.992220968,0.33081656,0.669713512,-0.628046414,-0.218178635
1497534862305940000,81509,-1.764973555,0.458707685,0.990813983,0.328364042,0.669816225,-0.62985045,-0.216360096
1497534862315890000,81510,-1.76508938,0.449414873,0.989698988,0.333178802,0.671011088,-0.624254185,-0.221455906
1497534862325870000,81511,-1.765606493,0.439732827,0.988871098,0.332011966,0.67199402,-0.622751468,-0.224438636
1497534862335960000,81512,-1.765388295,0.430425619,0.98848197,0.331622308,0.673848282,-0.620581376,-0.22546373
1497534862345850000,81513,-1.762331098,0.419796178,0.990275125,0.340498701,0.67026145,-0.613035119,-0.24289538
1497534862355890000,81514,-1.762491528,0.409693776,0.989911726,0.342174293,0.66853365,-0.612597589,-0.246381221
1497534862365900000,81515,-1.762809412,0.399658264,0.989942859,0.343510901,0.668645238,-0.611583353,-0.246737936
1497534862375830000,81516,-1.762626374,0.389690206,0.989731458,0.345151983,0.667689737,-0.611553614,-0.247108684
1497534862385820000,81517,-1.762890949,0.379023617,0.98996697,0.347561252,0.665308784,-0.611634996,-0.249936051
1497534862395870000,81518,-1.762432941,0.368633658,0.99014302,0.347496794,0.664473363,-0.612760445,-0.249491011
1497534862405890000,81519,-1.762143172,0.357903149,0.990579322,0.348316851,0.66331317,-0.613995478,-0.248395981
1497534862415900000,81520,-1.761437954,0.349053793,0.989581674,0.352587833,0.658788897,-0.618794671,-0.242429708
1497534862425840000,81521,-1.760310511,0.338283447,0.990590611,0.350010293,0.658244954,-0.622198025,-0.238905825
1497534862435890000,81522,-1.759376036,0.327170627,0.991163258,0.347671869,0.659872844,-0.623538841,-0.23428917
1497534862445890000,81523,-1.757924264,0.316811427,0.992458409,0.343642389,0.657539706,-0.629318353,-0.231321971
1497534862455900000,81524,-1.756600317,0.306639988,0.993791924,0.339833552,0.655866206,-0.634405474,-0.22777702
1497534862465900000,81525,-1.7550256,0.297003323,0.995487003,0.334418872,0.654870415,-0.63992988,-0.223155789
1497534862475860000,81526,-1.754022188,0.287178476,0.996822333,0.332161497,0.652329258,-0.64391614,-0.222502324
1497534862485820000,81527,-1.753864173,0.274474884,0.999407963,0.323348513,0.673874026,-0.630184701,-0.210254081
1497534862495860000,81528,-1.750799507,0.268691949,0.999935164,0.32080444,0.65266466,-0.651450259,-0.216161776
1497534862505890000,81529,-1.754252444,0.257148542,1.000348191,0.334587485,0.657252031,-0.640867545,-0.212978337
1497534862515890000,81530,-1.753191859,0.24877912,1.001852557,0.332161425,0.652847798,-0.646836425,-0.212276189
1497534862525880000,81531,-1.752301155,0.240366423,1.003170751,-0.3299866,-0.648629993,0.652420132,0.211508742
1497534862535900000,81532,-1.751441588,0.232181655,1.004560013,-0.32865007,-0.644823805,0.65738195,0.20985796
1497534862545880000,81533,-1.750542199,0.224263346,1.005689301,-0.327182252,-0.640360508,0.662797486,0.208781433
1497534862555900000,81534,-1.749801204,0.216569393,1.007061921,-0.326536748,-0.635573273,0.667944234,0.208016506
1497534862565940000,81535,-1.749283811,0.20904832,1.00843401,-0.326221358,-0.631555833,0.672457138,0.206199549
1497534862575880000,81536,-1.748900931,0.201668475,1.009706338,-0.326046337,-0.628073997,0.676390355,0.204237431
1497534862585860000,81537,-1.7481695,0.195104551,1.011385051,-0.326609321,-0.617949592,0.684327833,0.207750018
1497534862595870000,81538,-1.748061395,0.188223315,1.012952432,-0.327137928,-0.613973532,0.687877872,0.206981427
1497534862605840000,81539,-1.748111998,0.181376562,1.014526268,-0.327618914,-0.609866273,0.691458378,0.206432281
1497534862615900000,81540,-1.747985761,0.174699268,1.016176295,-0.328241363,-0.606159649,0.6945399,0.20601557
1497534862625880000,81541,-1.748013911,0.16795657,1.017865568,-0.328133802,-0.602565399,0.697851202,0.20554038
1497534862635900000,81542,-1.747830044,0.161086634,1.019682785,-0.327307141,-0.599376715,0.701056586,0.205273601
1497534862645880000,81543,-1.747671797,0.154149158,1.021611974,-0.325882838,-0.595861115,0.70478272,0.205015183
1497534862655900000,81544,-1.747250797,0.147076465,1.023166767,-0.323708142,-0.593213881,0.708203655,0.204347534
1497534862665910000,81545,-1.746962327,0.139759765,1.024810579,-0.32086178,-0.590839553,0.711720044,0.203496732
1497534862675860000,81546,-1.746593021,0.132357182,1.026372095,-0.318362477,-0.589100545,0.714727838,0.201915822
1497534862685850000,81547,-1.746147336,0.124916903,1.027730778,-0.315327781,-0.586664196,0.718491813,0.200407152
1497534862695860000,81548,-1.745792861,0.117281806,1.029080727,-0.31188313,-0.585980171,0.721159708,0.198204005
1497534862705880000,81549,-1.745231075,0.109573378,1.030016712,-0.307732962,-0.585500551,0.723908465,0.196076678
1497534862715900000,81550,-1.744709458,0.10186643,1.030845028,-0.30353376,-0.584622267,0.726863823,0.194301426
1497534862725880000,81551,-1.744310946,0.09402366,1.031610153,-0.299772175,-0.584832155,0.729032193,0.191363672
1497534862735900000,81552,-1.743694063,0.086184854,1.032009686,-0.29530584,-0.584593953,0.731427882,0.189888452
1497534862745900000,81553,-1.743179545,0.078287058,1.032257208,-0.291184826,-0.585221488,0.733083895,0.187923416
1497534862755900000,81554,-1.742677313,0.070193335,1.032239455,-0.286362484,-0.587313324,0.733805157,0.185982739
1497534862765890000,81555,-1.742393402,0.062195599,1.032105531,-0.283562781,-0.587878171,0.734856449,0.184329607
1497534862775880000,81556,-1.742052584,0.054066498,1.031612559,-0.280523631,-0.589689079,0.734971563,0.18272954
1497534862785910000,81557,-1.741962305,0.045534218,1.030909348,-0.277719214,-0.594833631,0.732675048,0.179533463
1497534862795900000,81558,-1.742028808,0.037240575,1.029829418,-0.27650627,-0.597261791,0.731813562,0.176837627
1497534862805910000,81559,-1.742071534,0.028986075,1.028569233,-0.275346527,-0.598735505,0.731403917,0.175352203
1497534862815900000,81560,-1.742231029,0.020598248,1.02713253,-0.274344254,-0.600776781,0.73046667,0.173841692
1497534862825880000,81561,-1.742384515,0.012210709,1.025516336,-0.273634053,-0.602153955,0.729717431,0.173342119
1497534862835870000,81562,-1.742658734,0.003687474,1.023759838,-0.273065676,-0.603865033,0.72861573,0.172919855
1497534862845910000,81563,-1.743033825,-0.005042329,1.021870092,-0.272316742,-0.606884677,0.726620581,0.171921819
1497534862855820000,81564,-1.743583507,-0.013890995,1.019765432,-0.271917446,-0.610080472,0.724428925,0.170485932
1497534862865910000,81565,-1.744062677,-0.022778314,1.017670521,-0.270719901,-0.612263732,0.723118308,0.170128689
1497534862875870000,81566,-1.744591075,-0.031788711,1.015528986,-0.269398354,-0.614337428,0.721962745,0.169658028
1497534862885970000,81567,-1.745190826,-0.040963385,1.013354203,-0.268193321,-0.616819883,0.720562042,0.168510886
1497534862895860000,81568,-1.74564775,-0.050112154,1.011248023,-0.266920365,-0.617855821,0.720211508,0.168235214
1497534862905910000,81569,-1.746110169,-0.059364508,1.009218632,-0.266046526,-0.618990242,0.71982053,0.16711891
1497534862915910000,81570,-1.746518435,-0.068512454,1.007297744,-0.265404813,-0.619508226,0.719983657,0.165509445
1497534862925870000,81571,-1.74673518,-0.076724619,1.005417819,-0.26730785,-0.613681847,0.724246305,0.165554806
1497534862935890000,81572,-1.747482244,-0.086000652,1.003720202,-0.266647532,-0.615800433,0.723591437,0.161568416
1497534862945890000,81573,-1.748333519,-0.095405931,1.002168058,-0.266148626,-0.618726174,0.7222239,0.157275136
1497534862955890000,81574,-1.749065267,-0.104538179,1.000681829,-0.266350738,-0.618313659,0.722991586,0.155011837
1497534862965900000,81575,-1.748333113,-0.113201694,0.999486297,-0.26259654,-0.60989432,0.729405738,0.164436145
1497534862975820000,81576,-1.748963991,-0.122631519,0.998275952,-0.261895575,-0.607195634,0.731621697,0.165692072
1497534862985880000,81577,-1.749657464,-0.132402727,0.997005375,-0.261420174,-0.604603647,0.733717944,0.166649036
1497534862995820000,81578,-1.750696303,-0.142697524,0.99580197,-0.261481303,-0.603841279,0.734474204,0.165984581
1497534863005920000,81579,-1.751791374,-0.153344165,0.994532589,-0.261362446,-0.602161245,0.735964799,0.165672332
1497534863015870000,81580,-1.752886765,-0.164436169,0.993517243,-0.260323328,-0.601099272,0.737319386,0.16514101
1497534863025950000,81581,-1.753691837,-0.175634617,0.992863828,-0.258605539,-0.598125332,0.740093257,0.166226449
1497534863035860000,81582,-1.754775127,-0.187153782,0.992784947,-0.256080377,-0.597194791,0.741703961,0.166302302
1497534863045930000,81583,-1.755967609,-0.198718849,0.992992689,-0.254895356,-0.597585011,0.742151161,0.164718446
1497534863055910000,81584,-1.756730539,-0.209896577,0.993700378,-0.253166882,-0.595555822,0.744096594,0.165951957
1497534863065900000,81585,-1.757796985,-0.22086315,0.995308174,-0.252099658,-0.595313271,0.744384965,0.167149321
1497534863075880000,81586,-1.759083469,-0.231315952,0.997086582,-0.254563923,-0.594506341,0.744173453,0.167228263
1497534863085910000,81587,-1.760298152,-0.241532776,0.999366285,-0.254984435,-0.591537645,0.745095048,0.172914783
1497534863095910000,81588,-1.76236157,-0.252038545,1.001904836,-0.257088701,-0.594024952,0.742418705,0.172783744
1497534863105910000,81589,-1.764155748,-0.261937206,1.00469028,-0.255658056,-0.589893824,0.744723918,0.179026593
1497534863115900000,81590,-1.765432483,-0.268722835,1.005942235,-0.25905954,-0.567770222,0.759550897,0.183323659
1497534863125920000,81591,-1.766900522,-0.276835132,1.007508412,-0.248125154,-0.582474714,0.755296168,0.169365917
1497534863135830000,81592,-1.769433032,-0.28728573,1.009286561,-0.251882582,-0.581428126,0.753901533,0.173577007
1497534863145870000,81593,-1.771645346,-0.297113136,1.010957526,-0.253032455,-0.581304179,0.752925254,0.176532123
1497534863155910000,81594,-1.774073316,-0.307049562,1.0123764,-0.255494709,-0.582194402,0.750659909,0.179671458
1497534863165920000,81595,-1.77631746,-0.316688816,1.013687004,-0.25838205,-0.58113773,0.749233344,0.184843315
1497534863175880000,81596,-1.778454476,-0.325998262,1.01493439,-0.259954648,-0.582426491,0.746794561,0.188416686
1497534863185910000,81597,-1.780611354,-0.335598261,1.015914895,-0.26340395,-0.585154027,0.742640802,0.191566602
1497534863195920000,81598,-1.782562173,-0.344924608,1.017104541,-0.265684448,-0.587773095,0.738886475,0.194888018
1497534863205910000,81599,-1.78416685,-0.353782877,1.017996546,-0.265585497,-0.59490356,0.733912721,0.192161954
1497534863215900000,81600,-1.785700186,-0.362709787,1.019072391,-0.267230321,-0.599180586,0.729944896,0.191705581
1497534863225920000,81601,-1.787415347,-0.371725631,1.020331405,-0.269389793,-0.60135508,0.726966934,0.193184584
1497534863235840000,81602,-1.788289927,-0.379556339,1.021225841,-0.266660499,-0.607236551,0.724645866,0.187201277
1497534863245880000,81603,-1.789789294,-0.388591658,1.022341508,-0.268613115,-0.610494497,0.72105938,0.187661489
1497534863255890000,81604,-1.790701097,-0.396268675,1.023051156,-0.267183131,-0.613447083,0.72006592,0.183850271
1497534863265810000,81605,-1.791589715,-0.403890305,1.023665783,-0.267118137,-0.614688318,0.719336671,0.182649737
1497534863275870000,81606,-1.792638014,-0.411609205,1.024112087,-0.267008185,-0.618086446,0.717040924,0.180355446
1497534863285920000,81607,-1.793611179,-0.418953529,1.024309631,-0.266804997,-0.619452023,0.716079199,0.17979117
1497534863295910000,81608,-1.794596066,-0.426165638,1.024625041,-0.266547406,-0.622914311,0.713632444,0.177929696
1497534863305920000,81609,-1.795645242,-0.433200473,1.02476113,-0.266425651,-0.624652455,0.712080011,0.178237877
1497534863315900000,81610,-1.796680171,-0.440439298,1.024811267,-0.269142624,-0.624740405,0.710324166,0.180834879
1497534863325880000,81611,-1.79764309,-0.447059156,1.025038738,-0.268457055,-0.628945346,0.707321005,0.17904066
1497534863335810000,81612,-1.798844139,-0.453985459,1.02510159,-0.270323143,-0.631105906,0.704565513,0.179494211
1497534863345930000,81613,-1.799925539,-0.460659626,1.025232746,-0.272924846,-0.630518761,0.703485201,0.181842494
1497534863355900000,81614,-1.800826332,-0.467219005,1.025327584,-0.274635872,-0.6337711,0.700481133,0.179542511
1497534863365920000,81615,-1.80190713,-0.474213773,1.0253806,-0.27751851,-0.636619935,0.696889978,0.17900529
1497534863375860000,81616,-1.802742727,-0.480538201,1.025313516,-0.279799537,-0.634483717,0.697413889,0.180987567
1497534863385920000,81617,-1.803496816,-0.487363653,1.025140576,-0.282571428,-0.636246738,0.694882331,0.180227692
1497534863395860000,81618,-1.804433675,-0.494342838,1.024778129,-0.284791442,-0.637806606,0.692602268,0.179996296
1497534863405900000,81619,-1.804954118,-0.501121312,1.024423643,-0.285597651,-0.638125798,0.691759872,0.180825125
1497534863415910000,81620,-1.805268813,-0.508325166,1.024065341,-0.287090968,-0.640990096,0.688846599,0.179445913
1497534863425820000,81621,-1.805787059,-0.515922144,1.023432803,-0.288603873,-0.642868992,0.686197509,0.18044457
1497534863435890000,81622,-1.806300626,-0.523663429,1.02274871,-0.288794355,-0.645914225,0.683276337,0.180349886
1497534863445960000,81623,-1.806348256,-0.531489097,1.02211556,-0.289897655,-0.647135008,0.681335109,0.181543662
1497534863455900000,81624,-1.806361069,-0.539562909,1.021511453,-0.291288666,-0.649335626,0.678340273,0.18267083
1497534863465920000,81625,-1.806397344,-0.547487034,1.020713067,-0.29042105,-0.652668137,0.675684626,0.182017039
1497534863475840000,81626,-1.806510965,-0.555533551,1.019754717,-0.290086975,-0.654918944,0.673542382,0.182404452
1497534863485910000,81627,-1.806464609,-0.563728536,1.018812888,-0.290281769,-0.657443449,0.670948224,0.18257351
1497534863495920000,81628,-1.806258445,-0.57208017,1.017830564,-0.291034524,-0.659912743,0.66817649,0.182631475
1497534863505920000,81629,-1.806178968,-0.58051891,1.016719663,-0.291338705,-0.662149461,0.665662344,0.183230711
1497534863515890000,81630,-1.806128698,-0.589131435,1.015521176,0.291959338,0.66458362,-0.662791,-0.183838103
1497534863525880000,81631,-1.806185934,-0.598073056,1.014169339,0.292888881,0.66699123,-0.659672325,-0.184854606
1497534863535910000,81632,-1.80602474,-0.606819907,1.012739353,0.292467248,0.670436908,-0.656545594,-0.184187796
1497534863545950000,81633,-1.805759264,-0.615951118,1.011317933,0.293031162,0.674862707,-0.652079549,-0.18298996
1497534863555920000,81634,-1.805795317,-0.625455322,1.009767328,0.293749825,0.679760876,-0.646628412,-0.183051601
1497534863565920000,81635,-1.805683015,-0.634425005,1.008085553,0.29347133,0.681357789,-0.644687752,-0.184401312
1497534863575890000,81636,-1.805258767,-0.643523348,1.006488161,0.293361931,0.6837624,-0.641945086,-0.185241098
1497534863585910000,81637,-1.805110512,-0.652550319,1.004736141,0.292951755,0.685672806,-0.63952254,-0.187197736
1497534863595910000,81638,-1.804765955,-0.661626735,1.003063763,0.292855926,0.688475,-0.636342779,-0.187897442
1497534863605920000,81639,-1.80443111,-0.67044848,1.001275339,0.293239339,0.689281781,-0.63468508,-0.189937266
1497534863615880000,81640,-1.803952394,-0.679088005,0.999494861,0.292958628,0.691925986,-0.632062674,-0.189500521
1497534863625780000,81641,-1.803631596,-0.687825681,0.997645806,0.294043808,0.6921676,-0.63055425,-0.191946844
1497534863635870000,81642,-1.803141354,-0.696272761,0.995893863,0.294192397,0.693715163,-0.628749974,-0.192050973
1497534863645950000,81643,-1.80274554,-0.7047738,0.99414407,0.295258102,0.694235101,-0.627295098,-0.193290292
1497534863655910000,81644,-1.802111269,-0.713247856,0.992492813,0.297082558,0.693620836,-0.626484533,-0.195318253
1497534863665920000,81645,-1.801538181,-0.721686666,0.990778726,0.29792602,0.69443491,-0.624952141,-0.196048628
1497534863675890000,81646,-1.800727355,-0.730055324,0.989088196,0.298720623,0.693989043,-0.624683891,-0.197269447
1497534863685920000,81647,-1.799877922,-0.73857596,0.987525827,0.299730013,0.694014718,-0.624085083,-0.197543158
1497534863695910000,81648,-1.799119295,-0.747771684,0.985964201,0.302138057,0.693906841,-0.622258615,-0.200000266
1497534863705910000,81649,-1.798228135,-0.75698476,0.984305781,0.303530962,0.693643737,-0.621314175,-0.201732537
1497534863715820000,81650,-1.7971675,-0.766416245,0.983001482,0.305617009,0.693416588,-0.620333645,-0.202380454
1497534863725870000,81651,-1.796099454,-0.776134814,0.981840712,0.307462003,0.694189451,-0.618511657,-0.202512846
1497534863735910000,81652,-1.79469283,-0.786061979,0.981021914,0.309806426,0.693265022,-0.617951637,-0.203812075
1497534863745820000,81653,-1.792942435,-0.796182491,0.980728996,0.312445809,0.692516462,-0.617155656,-0.204737545
1497534863755820000,81654,-1.792670067,-0.806754096,0.980241454,0.314956751,0.701902558,-0.608405526,-0.194878833
1497534863765820000,81655,-1.790641141,-0.817225754,0.980315866,0.315591281,0.70109241,-0.608751602,-0.195686135
1497534863775880000,81656,-1.788282822,-0.827672299,0.981030317,0.315352372,0.699519813,-0.610501609,-0.196246526
1497534863786000000,81657,-1.785613435,-0.838505177,0.981953205,0.315697683,0.698766693,-0.611457701,-0.195395908
1497534863796020000,81658,-1.782890057,-0.849394809,0.98302274,0.315158584,0.698201116,-0.61276196,-0.194198478
1497534863805940000,81659,-1.779882092,-0.860314439,0.984364445,0.313325485,0.697329648,-0.615528519,-0.191528445
1497534863815890000,81660,-1.776764372,-0.871154436,0.986012233,0.3108396,0.697555762,-0.617715595,-0.18767564
1497534863825900000,81661,-1.773478615,-0.881898025,0.987944252,0.308855506,0.696730936,-0.620557433,-0.184615145
1497534863835920000,81662,-1.768707276,-0.891938783,0.990421126,0.304505376,0.688111323,-0.630802085,-0.189388523
1497534863845940000,81663,-1.765214315,-0.902308688,0.992753596,0.302689374,0.68581838,-0.634545282,-0.18810789
1497534863855910000,81664,-1.761680169,-0.911933404,0.99493602,0.299156759,0.683108216,-0.63974962,-0.185980707
1497534863865930000,81665,-1.75808578,-0.921540066,0.997322936,0.295619735,0.680903124,-0.644318243,-0.183939961
1497534863875880000,81666,-1.75465499,-0.931041311,0.999460402,0.292142316,0.677858741,-0.649350544,-0.183041706
1497534863885920000,81667,-1.751448443,-0.939971296,1.001207338,0.286996753,0.675135109,-0.655092412,-0.180774392
1497534863895950000,81668,-1.748441461,-0.948996677,1.002911451,0.283189444,0.672744662,-0.659598977,-0.179297371
1497534863905920000,81669,-1.745599913,-0.957361599,1.004345234,0.278953119,0.669249903,-0.665390249,-0.177610646
1497534863915940000,81670,-1.743057361,-0.965678209,1.005635253,-0.27681073,-0.665668207,0.670014671,0.177036716
1497534863925880000,81671,-1.740813904,-0.973260072,1.006725551,-0.274475565,-0.661694284,0.675332451,0.175356549
1497534863935930000,81672,-1.738581649,-0.981202988,1.007842614,-0.275896892,-0.656257014,0.680006661,0.175495236
1497534863945950000,81673,-1.736567892,-0.988820398,1.008965471,-0.277538871,-0.651031149,0.684410427,0.175251209
1497534863955930000,81674,-1.734620836,-0.99580583,1.009864869,-0.278176095,-0.645828638,0.689606528,0.173107675
1497534863965930000,81675,-1.732612884,-1.002810225,1.011112016,-0.279090204,-0.641403368,0.693819476,0.171245182
1497534863975840000,81676,-1.730931849,-1.010102869,1.01211988,-0.280971473,-0.636417931,0.697677724,0.171093665
1497534863985870000,81677,-1.72923198,-1.017126148,1.013401819,-0.281876197,-0.632853272,0.700978854,0.169325694
1497534863995920000,81678,-1.72745591,-1.02397179,1.01463099,-0.281752959,-0.629185262,0.704859102,0.167077294
1497534864005930000,81679,-1.725716604,-1.031216808,1.016330156,-0.28184572,-0.626978519,0.707224211,0.165211511
1497534864015920000,81680,-1.723981981,-1.03805881,1.017943301,-0.280426308,-0.623816237,0.710981697,0.163460744
1497534864025910000,81681,-1.722043446,-1.044941285,1.01981079,-0.278824877,-0.620646559,0.714936106,0.16099969
1497534864035890000,81682,-1.720099255,-1.051735544,1.021755679,-0.276257879,-0.618044559,0.718743029,0.158464398
1497534864045900000,81683,-1.718150277,-1.058650525,1.023805757,-0.274311231,-0.614656188,0.722623169,0.157374949
1497534864055900000,81684,-1.716169907,-1.065638904,1.025825987,-0.272281188,-0.612450828,0.725759929,0.15504665
1497534864065880000,81685,-1.714250607,-1.072651515,1.027723759,-0.270270995,-0.610226275,0.728766872,0.153219872
1497534864075890000,81686,-1.712273629,-1.079632938,1.029514041,-0.268078116,-0.607379262,0.732435749,0.150872227
1497534864085820000,81687,-1.710239041,-1.086708808,1.031122933,-0.26545335,-0.605414193,0.735502187,0.148474598
1497534864095930000,81688,-1.70814882,-1.093960501,1.032708286,-0.262310205,-0.603822637,0.738356991,0.146357556
1497534864105930000,81689,-1.706059028,-1.101655373,1.03406435,-0.258216899,-0.60449847,0.739786349,0.143602891
1497534864115930000,81690,-1.703815684,-1.109198913,1.035129216,-0.253878021,-0.603859703,0.742366176,0.140683584
1497534864125900000,81691,-1.701537138,-1.117082693,1.036058829,-0.249234309,-0.604575017,0.743759583,0.138538772
1497534864135930000,81692,-1.699370221,-1.125188489,1.036893987,-0.243926716,-0.607286824,0.74373134,0.136257711
1497534864145950000,81693,-1.697205855,-1.133055739,1.037386738,-0.23939957,-0.607597193,0.745481514,0.1333072
1497534864155920000,81694,-1.69498343,-1.141292658,1.037825287,-0.235673127,-0.608642281,0.746144064,0.131460207
1497534864165940000,81695,-1.692914587,-1.149244365,1.037822618,-0.23125419,-0.609679909,0.747198633,0.128476111
1497534864175900000,81696,-1.691038894,-1.157593665,1.037698011,-0.227749646,-0.61204178,0.746852338,0.125485234
1497534864185930000,81697,-1.689226833,-1.165960575,1.03722142,-0.22410857,-0.614555832,0.746460084,0.122040244
1497534864195940000,81698,-1.68724119,-1.174821255,1.036851294,-0.222700136,-0.617690225,0.744794827,0.118928975
1497534864205880000,81699,-1.685549799,-1.183351555,1.035864435,-0.219725412,-0.620287774,0.744063344,0.115471042
1497534864215930000,81700,-1.683726999,-1.191951904,1.034522096,-0.216815436,-0.622779594,0.743414942,0.111673042
1497534864225900000,81701,-1.682049931,-1.200259505,1.032777348,-0.211192505,-0.625388994,0.743399811,0.107902979
1497534864235930000,81702,-1.679876449,-1.210073319,1.031690811,-0.209668912,-0.630033026,0.740343399,0.104828362
1497534864245940000,81703,-1.678063431,-1.21876691,1.029776934,-0.204730342,-0.631015079,0.741407165,0.101098334
1497534864255920000,81704,-1.675742861,-1.22893511,1.028371497,-0.201372711,-0.636794965,0.737885731,0.097292609
1497534864265890000,81705,-1.673528128,-1.238719465,1.026826182,-0.197899791,-0.639045715,0.737349191,0.093661188
1497534864275890000,81706,-1.671959305,-1.24794193,1.024581246,-0.184351406,-0.637217522,0.743311755,0.086348271
1497534864285930000,81707,-1.669516921,-1.258414585,1.02320184,-0.179336022,-0.639495344,0.743081784,0.081937524
1497534864295930000,81708,-1.666901801,-1.268055582,1.021526836,-0.175551194,-0.640018833,0.743970823,0.077878662
1497534864305920000,81709,-1.66443773,-1.277755667,1.019900284,-0.171118638,-0.642089633,0.743732505,0.072809864
1497534864315930000,81710,-1.661652961,-1.287518131,1.018563388,-0.168286972,-0.639810035,0.746702682,0.068976221
1497534864325860000,81711,-1.659323668,-1.2966019,1.017271658,-0.163139438,-0.640707784,0.747560619,0.063499446
1497534864335880000,81712,-1.656826777,-1.306144829,1.016251108,-0.160242359,-0.639977151,0.749083724,0.060209692
1497534864346010000,81713,-1.654601711,-1.316425765,1.015748535,-0.157034224,-0.639325733,0.75052374,0.057593191
1497534864355930000,81714,-1.652723497,-1.325514552,1.014868208,-0.154787834,-0.63839118,0.751973658,0.05507309
1497534864365930000,81715,-1.650760455,-1.335510655,1.014436893,-0.154294337,-0.635709535,0.754506985,0.052781184
1497534864375860000,81716,-1.649091153,-1.345213811,1.01387647,-0.15315925,-0.634454072,0.755975956,0.050106176
1497534864385930000,81717,-1.647234007,-1.355595123,1.013322598,-0.153016219,-0.633603708,0.756892308,0.04739633
1497534864395930000,81718,-1.645473274,-1.365584271,1.012609536,-0.153792758,-0.630113402,0.759856333,0.04385478
1497534864405880000,81719,-1.643529989,-1.376272269,1.012133408,-0.151880913,-0.631064812,0.759672681,0.03983476
1497534864415920000,81720,-1.641507951,-1.386239559,1.011510004,-0.150930776,-0.631145961,0.759973708,0.036257966
1497534864425920000,81721,-1.639128585,-1.396974759,1.011604861,-0.147938211,-0.630831661,0.761005848,0.032183851
1497534864435910000,81722,-1.636664664,-1.407546248,1.01237258,-0.145579459,-0.632106308,0.760517463,0.029350042
1497534864445940000,81723,-1.634250713,-1.417276185,1.013100562,-0.142837925,-0.63306105,0.760332702,0.026929841
1497534864455920000,81724,-1.63149584,-1.427548648,1.015045269,-0.139095856,-0.635078351,0.759399743,0.025295472
1497534864465930000,81725,-1.628814109,-1.436663983,1.01681282,-0.133373331,-0.636596513,0.759184324,0.024404867
1497534864475900000,81726,-1.626340418,-1.446022814,1.019272681,-0.127850598,-0.638004334,0.75896555,0.023999758
1497534864485900000,81727,-1.62402792,-1.455529182,1.02190037,-0.123970051,-0.638234667,0.759408218,0.024230055
1497534864495900000,81728,-1.621995542,-1.464799756,1.024186426,-0.121656601,-0.638113002,0.759882329,0.024296396
1497534864505830000,81729,-1.620017162,-1.47425919,1.026357919,-0.119446681,-0.641301178,0.757583741,0.023068708
1497534864515860000,81730,-1.618124886,-1.483553644,1.028282132,-0.119584521,-0.642025206,0.75695251,0.022936321
1497534864525920000,81731,-1.616148467,-1.492225754,1.029830594,-0.117397298,-0.642809536,0.756671788,0.021484431
1497534864536010000,81732,-1.614099331,-1.500712034,1.031150392,-0.114971863,-0.644302365,0.755792077,0.020839112
1497534864546060000,81733,-1.611959728,-1.509360994,1.032445551,-0.111442941,-0.64641763,0.754539353,0.01987669
1497534864555920000,81734,-1.609634938,-1.517738028,1.033384635,-0.106803881,-0.650067664,0.752098194,0.01879547
1497534864565880000,81735,-1.6072021,-1.526421701,1.034330488,-0.101528361,-0.655948805,0.747732984,0.017847737
1497534864575880000,81736,-1.604747921,-1.53413042,1.034632782,-0.096763941,-0.660653452,0.744230061,0.017186416
1497534864585940000,81737,-1.602216925,-1.54185668,1.034983657,-0.092364743,-0.665317312,0.740666786,0.015308168
1497534864595880000,81738,-1.599519764,-1.549497089,1.035367909,-0.088219487,-0.669251034,0.737665228,0.013053243
1497534864605930000,81739,-1.596767552,-1.556766672,1.035585122,-0.085062909,-0.671662146,0.735880651,0.010673856
1497534864615940000,81740,-1.594027988,-1.563391682,1.035485252,-0.08177415,-0.673817869,0.734324397,0.007081519
1497534864625910000,81741,-1.59105919,-1.570234862,1.035603582,-0.078581337,-0.675609674,0.733051894,0.003385605
1497534864635930000,81742,-1.587973397,-1.576967003,1.035645321,-0.076230831,-0.676587515,0.732405757,5.76E-05
1497534864645960000,81743,-1.58491048,-1.583065441,1.035179466,-0.072699864,-0.678592872,0.730896232,-0.00414025
1497534864655940000,81744,-1.581602514,-1.589669774,1.035028636,-0.069795433,-0.681465108,0.728464539,-0.00856262
1497534864665930000,81745,-1.578140757,-1.596423558,1.035051163,-0.067204204,-0.683397497,0.726834845,-0.012750083
1497534864675900000,81746,-1.574739374,-1.602341582,1.034515817,-0.064591961,-0.685200842,0.725287337,-0.016910454
1497534864685920000,81747,-1.571116626,-1.608878856,1.034360879,-0.062180217,-0.687960907,0.722776184,-0.020928413
1497534864695940000,81748,-1.567369319,-1.615330152,1.03421608,-0.059495481,-0.690070728,0.720852398,-0.02518926
1497534864705980000,81749,-1.563507682,-1.621504176,1.033936236,-0.056228153,-0.692587515,0.718535582,-0.029454131
1497534864715940000,81750,-1.559465102,-1.627758953,1.033627553,-0.05377612,-0.694226881,0.716992458,-0.032847853
1497534864725900000,81751,-1.55524988,-1.633748483,1.033278732,-0.049579511,-0.696871915,0.714503417,-0.037366735
1497534864735940000,81752,-1.550871361,-1.639886542,1.032926254,-0.046131601,-0.698564743,0.712868644,-0.041200397
1497534864745960000,81753,-1.546317862,-1.646074823,1.032451401,-0.04270445,-0.700633272,0.710850524,-0.044507086
1497534864755940000,81754,-1.541621638,-1.652055118,1.031872115,-0.037808333,-0.703647235,0.707901562,-0.048233567
1497534864765890000,81755,-1.536746949,-1.658411616,1.031439403,0.033470771,0.70665698,-0.70493968,0.050751038
1497534864775880000,81756,-1.531893001,-1.664100027,1.030392481,0.02942867,0.707979096,-0.703588984,0.053498537
1497534864785900000,81757,-1.526806188,-1.670372737,1.029813536,0.024506424,0.710977137,-0.700496423,0.056707201
1497534864795910000,81758,-1.521785594,-1.676366085,1.028966887,0.020030771,0.713292747,-0.698088548,0.059030543
1497534864805940000,81759,-1.516622534,-1.682243249,1.027884766,0.016565632,0.715680958,-0.695547055,0.061160768
1497534864815950000,81760,-1.511407394,-1.688287111,1.026865587,0.012916789,0.71757616,-0.693539116,0.062618731
1497534864825850000,81761,-1.506122459,-1.693750747,1.025615195,0.008630182,0.719885542,-0.690978862,0.065104058
1497534864835940000,81762,-1.500636806,-1.699906662,1.024735703,0.005604052,0.72207125,-0.688577501,0.066653806
1497534864845950000,81763,-1.495046985,-1.705717645,1.023800228,0.001837762,0.724431731,-0.685893528,0.068886558
1497534864855940000,81764,-1.489247637,-1.711443528,1.022762363,-0.002892738,0.726104742,-0.683891007,0.071109964
1497534864865950000,81765,-1.483258214,-1.717100303,1.021575175,-0.006023052,0.727499435,-0.682177626,0.073088868
1497534864875950000,81766,-1.47708368,-1.722914309,1.020348761,-0.009268659,0.729078737,-0.680319619,0.074320272
1497534864885940000,81767,-1.470747773,-1.728989855,1.019303855,-0.01341061,0.731260981,-0.677705341,0.076111781
1497534864895950000,81768,-1.464207603,-1.734995036,1.018042748,-0.016964174,0.733369189,-0.675181327,0.077537246
1497534864905900000,81769,-1.457514511,-1.740922171,1.016671169,-0.019934215,0.73520794,-0.67295668,0.078747814
1497534864915940000,81770,-1.450609548,-1.747012355,1.015031231,-0.023571231,0.737938682,-0.66972233,0.079767776
1497534864925930000,81771,-1.44356908,-1.753102898,1.013574332,-0.027738129,0.740072434,-0.667004354,0.081416097
1497534864935940000,81772,-1.436281,-1.759100911,1.01170773,-0.032107625,0.742953459,-0.663399806,0.083005758
1497534864945960000,81773,-1.428987528,-1.76504497,1.009855776,-0.035366256,0.745393453,-0.660286969,0.084610558
1497534864955950000,81774,-1.421576368,-1.771067667,1.007990291,-0.038315914,0.747382683,-0.657733805,0.085657791
1497534864965950000,81775,-1.413948686,-1.777645194,1.006465658,-0.041161863,0.750073809,-0.654378166,0.086511256
1497534864975920000,81776,-1.4063838,-1.783583618,1.00462134,-0.043788182,0.752378621,-0.651423623,0.087500115
1497534864985850000,81777,-1.398745749,-1.789560357,1.002854743,-0.045597513,0.754554189,-0.64867317,0.088272084
1497534864995920000,81778,-1.391023385,-1.79492734,1.000722692,-0.047593474,0.755361747,-0.64741361,0.089549484
1497534865005950000,81779,-1.383051836,-1.800362369,0.998760945,-0.050877079,0.757012628,-0.644975709,0.091376901
1497534865015890000,81780,-1.375084885,-1.80531211,0.996753881,-0.052830934,0.757144562,-0.64442858,0.093020484
1497534865025910000,81781,-1.366858577,-1.81044398,0.994973863,-0.055554604,0.757390775,-0.643719865,0.09432728
1497534865035930000,81782,-1.358539789,-1.815457772,0.993124813,-0.059195683,0.757510025,-0.642943951,0.096423589
1497534865045970000,81783,-1.350265206,-1.820558195,0.991643189,-0.06185544,0.757258468,-0.642608034,0.098936505
1497534865055940000,81784,-1.34172618,-1.825494693,0.989857463,-0.063120221,0.757355792,-0.642110261,0.100610414
1497534865065970000,81785,-1.333141246,-1.830907131,0.98861787,-0.065507463,0.757521988,-0.641368606,0.10254521
1497534865075940000,81786,-1.324364271,-1.836411704,0.987778249,-0.067309426,0.757642403,-0.640652139,0.104939356
1497534865085900000,81787,-1.315290117,-1.841702333,0.986885385,-0.067443173,0.75760393,-0.640383291,0.106756472
1497534865095880000,81788,-1.305901627,-1.846729905,0.986321917,-0.067799271,0.757582143,-0.639870278,0.109720476
1497534865105880000,81789,-1.29609249,-1.852054688,0.986453361,-0.069590994,0.757923207,-0.638527437,0.113983407
1497534865115890000,81790,-1.285846914,-1.856880065,0.986729946,-0.071638082,0.757154531,-0.638178155,0.119639643
1497534865125860000,81791,-1.274906866,-1.861857109,0.987615715,-0.075647747,0.756923941,-0.636909711,0.125258074
1497534865135950000,81792,-1.263511932,-1.86634836,0.988627766,-0.080332858,0.755733867,-0.636440878,0.131742035
1497534865145970000,81793,-1.251698156,-1.870758956,0.990317264,-0.086733612,0.754183377,-0.636030735,0.138382148
1497534865155940000,81794,-1.239586086,-1.87456711,0.991988633,-0.093847566,0.752377416,-0.635699201,0.144939245
1497534865165950000,81795,-1.227372548,-1.878321713,0.993876733,-0.101598773,0.750158249,-0.635564399,0.151651527
1497534865175910000,81796,-1.21520598,-1.881820376,0.996161276,-0.109160995,0.747167804,-0.636001422,0.159142517
1497534865185910000,81797,-1.203001626,-1.88511256,0.998151494,-0.117178994,0.744685385,-0.635722943,0.166039456
1497534865195850000,81798,-1.191081297,-1.888216295,1.000145828,-0.125323537,0.740336207,-0.637337186,0.173198219
1497534865205880000,81799,-1.179397708,-1.89130017,1.001972051,-0.134197545,0.736373507,-0.638242203,0.179977686
1497534865215900000,81800,-1.168068229,-1.894567038,1.003993495,-0.142326046,0.732524308,-0.638865238,0.187089932
1497534865225830000,81801,-1.157226324,-1.897497183,1.005428606,-0.149706599,0.727004987,-0.64161813,0.193333541
1497534865235930000,81802,-1.146781388,-1.900650743,1.006993213,-0.156435106,0.721868722,-0.64358608,0.200575579
1497534865246010000,81803,-1.136822745,-1.903734671,1.008094454,-0.161209749,0.716545025,-0.646447504,0.206592034
1497534865255960000,81804,-1.127127618,-1.906760233,1.009237904,-0.164526679,0.711359469,-0.649388484,0.212587098
1497534865265890000,81805,-1.117758396,-1.909973176,1.010601859,-0.167289948,0.707148248,-0.650954762,0.219575332
1497534865275890000,81806,-1.108321656,-1.912932105,1.011850241,-0.168819115,0.703113645,-0.652489795,0.226690044
1497534865285950000,81807,-1.0990943,-1.916008313,1.013405265,-0.171921539,0.69992821,-0.652282276,0.234672787
1497534865295850000,81808,-1.089799774,-1.918787029,1.014910373,-0.175826535,0.695040825,-0.653492102,0.242798998
1497534865305950000,81809,-1.080355675,-1.921034556,1.016330581,-0.180248396,0.690857789,-0.653824735,0.250478035
1497534865315900000,81810,-1.07084826,-1.92347798,1.018204166,-0.184678307,0.686475023,-0.654146084,0.258338668
1497534865325890000,81811,-1.061552272,-1.925811647,1.020449811,-0.190849589,0.681229845,-0.654851621,0.265841471
1497534865335960000,81812,-1.052115711,-1.927436309,1.022260991,-0.197613974,0.675341581,-0.655975853,0.273053376
1497534865345990000,81813,-1.0429736,-1.929260732,1.024421383,-0.204386182,0.670476589,-0.655885821,0.280180694
1497534865355950000,81814,-1.034116892,-1.931034234,1.026586225,-0.21067549,0.664655228,-0.65678774,0.287191801
1497534865365960000,81815,-1.02545666,-1.93292752,1.028535463,-0.216405786,0.659207832,-0.657335996,0.29414785
1497534865375860000,81816,-1.017064733,-1.934814369,1.030475486,0.220238444,-0.654361199,0.658067395,-0.300422625
1497534865385960000,81817,-1.008878231,-1.936852681,1.032184963,0.223802392,-0.649847859,0.65879991,-0.305929613
1497534865395920000,81818,-1.000911132,-1.939128406,1.033856399,0.226955698,-0.646140792,0.658776151,-0.311459742
1497534865405940000,81819,-0.992977218,-1.941305825,1.035366711,0.229181107,-0.641741013,0.659757702,-0.3168032
1497534865415940000,81820,-0.985191824,-1.943469574,1.036811415,0.231816583,-0.638584512,0.659530537,-0.321699182
1497534865425950000,81821,-0.97746241,-1.945485524,1.038148618,0.234536745,-0.634402892,0.660028565,-0.326936966
1497534865435860000,81822,-0.969706123,-1.947577342,1.039459893,0.237858669,-0.630387213,0.660432282,-0.331458016
1497534865445970000,81823,-0.962092528,-1.949736386,1.040798943,0.241525932,-0.626704973,0.660009141,-0.336591792
1497534865455950000,81824,-0.954355327,-1.951597175,1.041765395,0.244790383,-0.622465837,0.660806046,-0.340513318
1497534865465940000,81825,-0.946731697,-1.953603026,1.042771283,0.248344481,-0.618991737,0.660559372,-0.344725346
1497534865475890000,81826,-0.9391111,-1.955456498,1.043604724,0.251920708,-0.615841817,0.660277341,-0.348293907
1497534865485910000,81827,-0.931465821,-1.957533707,1.044398613,0.255364101,-0.613080887,0.659798861,-0.351548667
1497534865495960000,81828,-0.923655833,-1.959758695,1.044867693,0.258626405,-0.610279962,0.659861917,-0.353911008
1497534865505950000,81829,-0.915941785,-1.962206391,1.045558361,0.261396308,-0.608655231,0.659040337,-0.356197438
1497534865515960000,81830,-0.908197854,-1.964534916,1.045776996,0.264464107,-0.606879492,0.658037478,-0.358807324
1497534865525920000,81831,-0.90037257,-1.967155001,1.045965653,0.2675794,-0.606643765,0.655867323,-0.360863772
1497534865535960000,81832,-0.892542142,-1.96976892,1.045897924,0.270242669,-0.605864449,0.654442773,-0.362769661
1497534865545980000,81833,-0.88489061,-1.972584834,1.045783617,0.272256756,-0.605181588,0.653160085,-0.364710032
1497534865555950000,81834,-0.877175394,-1.975391802,1.045469273,0.274721975,-0.605892039,0.650722666,-0.366036454
1497534865565930000,81835,-0.869594731,-1.978408146,1.04501644,0.275452423,-0.605171617,0.650479275,-0.367110324
1497534865575920000,81836,-0.86191686,-1.981550519,1.044290019,0.276210031,-0.605677315,0.649164704,-0.368032874
1497534865585960000,81837,-0.854326254,-1.984780977,1.043567873,0.277634425,-0.606541418,0.647685156,-0.36814477
1497534865596010000,81838,-0.846595191,-1.987941863,1.042330121,0.277368623,-0.607860205,0.646400634,-0.368427523
1497534865605960000,81839,-0.838983164,-1.991505388,1.041186128,0.277826807,-0.608379607,0.645634331,-0.368568623
1497534865615900000,81840,-0.831334674,-1.995005255,1.039913773,0.277310586,-0.609837522,0.644774523,-0.368052782
1497534865625880000,81841,-0.823435126,-1.998518415,1.03831335,0.278128702,-0.610571768,0.643667175,-0.368156365
1497534865635950000,81842,-0.815247015,-2.002568424,1.037014085,0.278815674,-0.611197477,0.642752428,-0.36819666
1497534865645990000,81843,-0.806845376,-2.006348465,1.035456836,0.279889528,-0.612912805,0.640831573,-0.367878568
1497534865655960000,81844,-0.798348012,-2.010059796,1.03387102,0.280365358,-0.613785093,0.640142801,-0.367260562
1497534865665890000,81845,-0.790040547,-2.014033715,1.032561256,0.280762987,-0.613828515,0.639775112,-0.367524836
1497534865675900000,81846,-0.781756496,-2.017742405,1.031028295,0.28036192,-0.613738425,0.639675494,-0.368154318
1497534865685970000,81847,-0.773669908,-2.02130158,1.029392139,0.279256543,-0.612320298,0.641045584,-0.368971807
1497534865695960000,81848,-0.765739189,-2.025218014,1.028027043,0.278231035,-0.611198776,0.641824858,-0.370249103
1497534865705970000,81849,-0.757737639,-2.029179136,1.026693669,0.277382704,-0.609528231,0.643298641,-0.371080892
1497534865715980000,81850,-0.749625572,-2.032989191,1.025314484,0.275903112,-0.60832687,0.644544663,-0.37199203
1497534865725870000,81851,-0.741487333,-2.037206941,1.024148439,0.273647673,-0.606227768,0.647079407,-0.372683626
1497534865735960000,81852,-0.733013337,-2.041594284,1.02310283,0.271138883,-0.605354915,0.648338301,-0.37374668
1497534865745980000,81853,-0.724710147,-2.046023668,1.02231525,0.268426182,-0.603264013,0.650541289,-0.375254509
1497534865755950000,81854,-0.716174487,-2.050351391,1.021662116,0.266282331,-0.601469027,0.652132601,-0.376897599
1497534865765910000,81855,-0.707686391,-2.054590119,1.021304159,0.263883837,-0.599363625,0.653936729,-0.378807762
1497534865775970000,81856,-0.699256088,-2.058597382,1.021495672,0.261106228,-0.597435825,0.655718943,-0.380692317
1497534865785960000,81857,-0.691135948,-2.062764236,1.022599804,0.25882109,-0.596058244,0.65725554,-0.381760879
1497534865795960000,81858,-0.683066077,-2.066544626,1.024052198,0.256824632,-0.594591859,0.659273193,-0.381916859
1497534865805960000,81859,-0.675055535,-2.070545147,1.026224063,0.255714353,-0.595126516,0.659743572,-0.381015771
1497534865815960000,81860,-0.666761572,-2.074580857,1.028275517,0.255348264,-0.596500494,0.6594686,-0.379586078
1497534865825890000,81861,-0.658698044,-2.078970789,1.030895348,0.255445943,-0.596643965,0.660034616,-0.378308941
1497534865835980000,81862,-0.650455025,-2.083200251,1.033025009,0.255627742,-0.59657102,0.660655487,-0.377215858
1497534865845980000,81863,-0.642264572,-2.087841141,1.03513681,0.254942642,-0.596709792,0.661274002,-0.376375301
1497534865855930000,81864,-0.634034893,-2.092565842,1.036889211,0.253387109,-0.597776001,0.661290956,-0.375703469
1497534865865970000,81865,-0.625887478,-2.0975349,1.038433701,0.250923846,-0.600328179,0.660207249,-0.375192869
1497534865875900000,81866,-0.617775603,-2.102337641,1.039528853,0.248023313,-0.603704979,0.658624165,-0.374484905
1497534865885950000,81867,-0.609717469,-2.107072265,1.040471434,0.246248203,-0.606974515,0.656886601,-0.373421683
1497534865895890000,81868,-0.601798231,-2.11148178,1.041116644,0.245325209,-0.609974785,0.654956023,-0.372530418
1497534865905960000,81869,-0.593936732,-2.115624132,1.041690388,0.246852958,-0.613104355,0.652118135,-0.371360478
1497534865915950000,81870,-0.586041786,-2.119575428,1.042155048,0.249151187,-0.615723518,0.64986577,-0.369435672
1497534865925930000,81871,-0.578410379,-2.123087139,1.042476027,0.252292655,-0.618400585,0.646951245,-0.367944587
1497534865935950000,81872,-0.571044165,-2.126526889,1.042676876,0.255183373,-0.621043445,0.644303811,-0.366140799
1497534865945950000,81873,-0.5639324,-2.129809886,1.042938427,0.25716756,-0.623146387,0.642299773,-0.364697722
1497534865955940000,81874,-0.557015652,-2.132848672,1.043100516,0.258591281,-0.625390168,0.640021101,-0.363855297
1497534865965930000,81875,-0.550351397,-2.135800135,1.043294985,0.26034269,-0.626492647,0.638488436,-0.363402208
1497534865975890000,81876,-0.543718269,-2.138546254,1.043337629,0.261380397,-0.628502025,0.636457479,-0.362749735
1497534865985980000,81877,-0.537350193,-2.141429087,1.043621091,0.262063146,-0.629766648,0.63491975,-0.362758579
1497534865996000000,81878,-0.530884963,-2.144169943,1.043685652,0.262606177,-0.631134049,0.633648928,-0.362211049
1497534866005970000,81879,-0.524509615,-2.146900079,1.043602851,-0.261500326,0.633152709,-0.632455033,0.36157414
1497534866016000000,81880,-0.51822286,-2.149853044,1.04374205,-0.260276745,0.635992073,-0.630279442,0.361272645
1497534866026000000,81881,-0.511963143,-2.15266678,1.043555534,-0.258210669,0.638863903,-0.628792676,0.360277579
1497534866035960000,81882,-0.505658003,-2.155565438,1.043295154,-0.256676258,0.64205391,-0.626698603,0.359350714
1497534866045980000,81883,-0.499400176,-2.158459961,1.043040778,-0.25459806,0.645307452,-0.624771116,0.35835621
1497534866055900000,81884,-0.49307911,-2.161243916,1.042774997,-0.252807266,0.648874099,-0.622673032,0.356832152
1497534866065960000,81885,-0.486610868,-2.163845879,1.042636445,-0.251803504,0.651393581,-0.621022116,0.355827106
1497534866075950000,81886,-0.480005693,-2.166150527,1.042211966,-0.250649228,0.654718195,-0.618757859,0.354482386
1497534866085970000,81887,-0.473200347,-2.168205912,1.041819745,-0.250622846,0.657632401,-0.616444768,0.353134056
1497534866095980000,81888,-0.466327821,-2.170268365,1.041466035,-0.251581096,0.660233965,-0.613837858,0.352137967
1497534866105970000,81889,-0.459300586,-2.172074719,1.041011618,-0.252918532,0.662362265,-0.611483686,0.351277878
1497534866115980000,81890,-0.452260131,-2.173591154,1.040447124,-0.254268848,0.663608012,-0.61048655,0.349682616
1497534866125990000,81891,-0.444751471,-2.17540266,1.039677672,-0.258643862,0.668646076,-0.603354292,0.34925546
1497534866135940000,81892,-0.437937807,-2.176251594,1.039252551,-0.258606615,0.666245712,-0.606457771,0.348494249
1497534866145950000,81893,-0.430518457,-2.177418492,1.03843535,-0.261400678,0.668021483,-0.603874822,0.347494149
1497534866155900000,81894,-0.423173468,-2.178277448,1.03772009,-0.26415158,0.668213727,-0.603071714,0.346437391
1497534866165930000,81895,-0.415608189,-2.179278265,1.036821896,-0.267385282,0.669284322,-0.601190194,0.345157874
1497534866175940000,81896,-0.407914677,-2.180729084,1.035708662,-0.271692852,0.673390794,-0.596255819,0.342354833
1497534866185810000,81897,-0.400411957,-2.181722729,1.034758633,-0.273400332,0.675116365,-0.59426585,0.341054617
1497534866195970000,81898,-0.39296501,-2.182588154,1.033821407,-0.275133858,0.676976832,-0.59184612,0.340179216
1497534866205960000,81899,-0.385490391,-2.183467722,1.032911459,-0.276902426,0.678557176,-0.589994029,0.338810052
1497534866215970000,81900,-0.378009472,-2.184361529,1.031949279,-0.278126156,0.680138804,-0.588408861,0.337390071
1497534866225950000,81901,-0.370365082,-2.185236924,1.030867765,-0.279462188,0.68169554,-0.586732498,0.336061083
1497534866235950000,81902,-0.362606664,-2.185966322,1.029814912,-0.281176352,0.683180365,-0.58478698,0.335005428
1497534866245990000,81903,-0.354713129,-2.186698813,1.028566653,-0.281784059,0.684390011,-0.583727745,0.333871198
1497534866255950000,81904,-0.346664924,-2.187461117,1.027280749,-0.283434154,0.686436231,-0.581714094,0.331781695
1497534866265960000,81905,-0.338791199,-2.188150873,1.025824578,-0.288237057,0.688618893,-0.578010183,0.329587086
1497534866275950000,81906,-0.330504523,-2.188518724,1.024551166,-0.290127803,0.688352766,-0.579036103,0.326670353
1497534866285970000,81907,-0.322119589,-2.189081616,1.023084857,-0.290001875,0.69006882,-0.577592028,0.325716725
1497534866295970000,81908,-0.313837725,-2.189616999,1.021539116,-0.290750499,0.691490573,-0.576577471,0.323826117
1497534866306000000,81909,-0.305487216,-2.189977242,1.019855865,-0.290849322,0.695230415,-0.571891965,0.324038458
1497534866315960000,81910,-0.296968721,-2.19039975,1.018398429,-0.291689878,0.693418405,-0.576094427,0.319692259
1497534866325950000,81911,-0.288691778,-2.190546325,1.016917358,-0.292921388,0.69664001,-0.571961037,0.318983273
1497534866335970000,81912,-0.280242017,-2.190977381,1.01525781,-0.294037901,0.698036615,-0.571205978,0.316244096
1497534866346000000,81913,-0.272059601,-2.191268997,1.013735597,-0.293300888,0.698319322,-0.572458265,0.31403224
1497534866355920000,81914,-0.263601229,-2.191505346,1.012076347,-0.29328663,0.699647667,-0.572284998,0.311393603
1497534866365980000,81915,-0.2552909,-2.191684271,1.010449186,-0.293116256,0.700911669,-0.5721726,0.308908092
1497534866375940000,81916,-0.246931807,-2.191757905,1.008844759,-0.293108337,0.702223868,-0.571429008,0.307307713
1497534866385980000,81917,-0.238355806,-2.191697825,1.007101117,-0.293420377,0.703594366,-0.57076521,0.305100846
1497534866395980000,81918,-0.229668427,-2.191531189,1.005525364,-0.292917855,0.704941304,-0.569972379,0.303954563
1497534866405970000,81919,-0.220749296,-2.191210851,1.003956241,-0.292344376,0.70589362,-0.57004467,0.302155651
1497534866415960000,81920,-0.211966528,-2.190702294,1.002626057,-0.293280379,0.707344615,-0.568257095,0.301220997
1497534866425950000,81921,-0.202844774,-2.189970869,1.001476909,-0.292987968,0.707520468,-0.56879017,0.30008429
1497534866435970000,81922,-0.193619298,-2.189247394,1.000572589,-0.292314052,0.70848924,-0.568511133,0.29898258
1497534866445990000,81923,-0.184344403,-2.188660599,0.999976922,-0.291525669,0.709384995,-0.568454589,0.297733258
1497534866455880000,81924,-0.175003959,-2.187906313,0.99955508,-0.289762064,0.710015364,-0.568909344,0.297082965
1497534866466000000,81925,-0.165755408,-2.18719848,0.999567646,-0.287901596,0.710566334,-0.569781526,0.295900607
1497534866475950000,81926,-0.156545205,-2.186268704,0.999956386,-0.286054745,0.711736398,-0.56907415,0.296240771
1497534866485960000,81927,-0.147280602,-2.185071598,1.000485026,-0.283201192,0.711215361,-0.570742421,0.297023373
1497534866495960000,81928,-0.137789602,-2.18389777,1.00133635,-0.281637029,0.711549189,-0.570310098,0.298537647
1497534866505990000,81929,-0.128287993,-2.1823977,1.002736477,-0.28060909,0.711515103,-0.569391302,0.301327633
1497534866515920000,81930,-0.118813022,-2.18067751,1.004372761,-0.27949001,0.710443264,-0.569813327,0.304086297
1497534866525890000,81931,-0.109371547,-2.178786467,1.006442761,-0.279776449,0.708696805,-0.569984227,0.307558056
1497534866535990000,81932,-0.10027579,-2.176950446,1.008932507,-0.279178609,0.706739676,-0.570742548,0.311177247
1497534866545910000,81933,-0.091176372,-2.174806157,1.011628562,-0.27883529,0.703775162,-0.572505142,0.314943273
1497534866555980000,81934,-0.082673907,-2.172699696,1.01458841,-0.277493745,0.700541398,-0.575050645,0.318678093
1497534866565980000,81935,-0.074275996,-2.17075683,1.017665544,-0.276633306,0.69626582,-0.579234128,0.321209819
1497534866575950000,81936,-0.065918202,-2.168626307,1.020402671,-0.2755568,0.691890198,-0.583244154,0.324318763
1497534866585970000,81937,-0.05810432,-2.166839892,1.023487663,-0.27636274,0.688253574,-0.585710371,0.326915914
1497534866595970000,81938,-0.050253226,-2.16508819,1.025890344,-0.275237319,0.683359711,-0.59094202,0.328711807
1497534866605980000,81939,-0.042700562,-2.16345141,1.028400027,-0.273855751,0.679422383,-0.595066196,0.330582026
1497534866615900000,81940,-0.035584264,-2.16201674,1.030306951,-0.271121414,0.675107946,-0.600780143,0.331339192
1497534866625940000,81941,-0.028662849,-2.160868432,1.031957765,-0.266232685,0.671575824,-0.606122254,0.33274898
1497534866635960000,81942,-0.021903024,-2.159867209,1.033461493,-0.263472414,0.668685793,-0.610185095,0.333340287
1497534866645990000,81943,-0.014766735,-2.158712377,1.035259812,-0.25404181,0.665906033,-0.615081619,0.337203968
1497534866655960000,81944,-0.008301403,-2.157833972,1.036548712,-0.251004986,0.664251803,-0.617303264,0.338677898
1497534866665970000,81945,-0.001997219,-2.157143488,1.037730832,-0.248848076,0.66300478,-0.618514202,0.340498866
1497534866675960000,81946,0.004299116,-2.156707837,1.039121297,-0.246233539,0.662117973,-0.619845017,0.341703071
1497534866685970000,81947,0.011153768,-2.156547269,1.040637036,-0.243536716,0.66136179,-0.621230465,0.34258307
1497534866695960000,81948,0.017902046,-2.156150966,1.042498486,-0.240370867,0.660506119,-0.623004325,0.343247904
1497534866705940000,81949,0.025203791,-2.156017551,1.044412305,-0.23217784,0.657887723,-0.628020093,0.344772327
1497534866715890000,81950,0.031859635,-2.155553591,1.046402565,-0.228935772,0.655971985,-0.630434159,0.346181945
1497534866725860000,81951,0.038572923,-2.15503347,1.048363678,-0.225686196,0.653388527,-0.632878678,0.348731635
1497534866735990000,81952,0.045306077,-2.154415589,1.050375161,-0.224416064,0.650759615,-0.63459242,0.351342873
1497534866746060000,81953,0.052059734,-2.15380538,1.05243758,-0.223714091,0.648125908,-0.636436534,0.353317634
1497534866756010000,81954,0.05884314,-2.153210371,1.054234674,-0.222180563,0.645050594,-0.638418827,0.356324192
1497534866765980000,81955,0.065805279,-2.15249226,1.056026447,-0.220324553,0.641770054,-0.6405331,0.359590931
1497534866775940000,81956,0.072664538,-2.15186551,1.057737806,0.220133143,-0.638755012,0.642059455,-0.362343884
1497534866785980000,81957,0.079625145,-2.151391188,1.059146882,0.219513278,-0.636043713,0.643348749,-0.365191323
1497534866795980000,81958,0.086491562,-2.150767581,1.060714217,0.221070555,-0.633531888,0.643407089,-0.368500305
1497534866805980000,81959,0.09333819,-2.150171477,1.061957351,0.221720494,-0.630284019,0.644472452,-0.371802819
1497534866816000000,81960,0.099955247,-2.149660466,1.062980618,0.221097042,-0.626697929,0.646499531,-0.374705432
1497534866825970000,81961,0.106652249,-2.149176087,1.063988003,0.223659227,-0.625314363,0.645843108,-0.37662339
1497534866835970000,81962,0.112711453,-2.148418273,1.064447837,0.22873426,-0.62323399,0.644351698,-0.379566755
1497534866845990000,81963,0.119109052,-2.147812422,1.064939567,0.230647269,-0.621132536,0.644794326,-0.381099051
1497534866855970000,81964,0.125582522,-2.147618011,1.065100644,0.228904326,-0.618169152,0.647481592,-0.382409856
1497534866866000000,81965,0.132427777,-2.147297815,1.065238697,0.227401737,-0.616201286,0.649656004,-0.382794334
1497534866875940000,81966,0.139010071,-2.147146148,1.065087696,0.228984064,-0.615673509,0.649220877,-0.383437977
1497534866885850000,81967,0.145622826,-2.147138256,1.064714383,0.230204067,-0.614760524,0.649265993,-0.384095374
1497534866895990000,81968,0.152720968,-2.147143434,1.064355814,0.22968903,-0.614131965,0.64986168,-0.384401712
1497534866905970000,81969,0.160130781,-2.147405285,1.063853716,0.224679426,-0.610913176,0.654677475,-0.384319725
1497534866915970000,81970,0.166782286,-2.147204056,1.063209642,0.229842776,-0.611844612,0.651392378,-0.385365332
1497534866925950000,81971,0.173969349,-2.147307311,1.062502122,0.230271981,-0.611410736,0.651072261,-0.386337467
1497534866935990000,81972,0.18152687,-2.147417566,1.061717804,0.229909921,-0.610555252,0.651797057,-0.386683732
1497534866945980000,81973,0.189296371,-2.147662715,1.061035582,0.230191642,-0.609994846,0.651876087,-0.387266914
1497534866955970000,81974,0.19734338,-2.147933067,1.060191767,0.230428198,-0.609895163,0.651763021,-0.387473484
1497534866965970000,81975,0.205548155,-2.148314027,1.059209154,0.230649008,-0.609465215,0.651686575,-0.388146614
1497534866975950000,81976,0.21397662,-2.148620042,1.058225212,0.231395062,-0.609157267,0.651498251,-0.388501967
1497534866985980000,81977,0.221888457,-2.148992944,1.056605995,0.238142216,-0.610112811,0.648504002,-0.387934534
1497534866995970000,81978,0.230435447,-2.149230439,1.055281942,0.241398149,-0.610290371,0.646540584,-0.388918849
1497534867005990000,81979,0.239189809,-2.149344527,1.05386318,0.244644656,-0.610311729,0.644624139,-0.390036286
1497534867015960000,81980,0.248162921,-2.149485039,1.052327044,0.248022896,-0.610143948,0.642801729,-0.391171246
1497534867025920000,81981,0.257186353,-2.149540126,1.050719251,0.251707994,-0.610269201,0.640389832,-0.392575408
1497534867035950000,81982,0.266217365,-2.14946675,1.049094963,0.255671637,-0.609764286,0.637756694,-0.395077119
1497534867045800000,81983,0.275189614,-2.149383833,1.047392101,0.25981202,-0.608823033,0.635237574,-0.397876177
1497534867055980000,81984,0.284033718,-2.149273677,1.045655125,0.263074222,-0.607534615,0.633124315,-0.40105766
1497534867065990000,81985,0.29280822,-2.149157418,1.04391416,0.265362099,-0.606296334,0.631305183,-0.40427896
1497534867075950000,81986,0.301592996,-2.149172517,1.042322868,0.26721635,-0.605095724,0.629511632,-0.407639169
1497534867085980000,81987,0.310117283,-2.149161969,1.040628098,0.269170683,-0.603285009,0.628074961,-0.411237381
1497534867095970000,81988,0.319108173,-2.149435206,1.039163923,0.270317326,-0.602033502,0.627143212,-0.413733727
1497534867105990000,81989,0.327946554,-2.149788353,1.037724948,0.271408975,-0.600527585,0.626167209,-0.41667543
1497534867115970000,81990,0.33693647,-2.150308058,1.036434369,0.271359039,-0.59835579,0.626353818,-0.41954203
1497534867125860000,81991,0.346240619,-2.150960143,1.035307439,0.27043988,-0.596650527,0.626650372,-0.42211341
1497534867135960000,81992,0.355600709,-2.151730056,1.03403974,0.269416205,-0.594802994,0.627131294,-0.424653562
1497534867146070000,81993,0.365291314,-2.152651699,1.033049064,0.267746505,-0.593109666,0.627457831,-0.427585551
1497534867155980000,81994,0.375209554,-2.153734078,1.032119342,0.267465537,-0.591844715,0.626872433,-0.430363768
1497534867165990000,81995,0.385257575,-2.154840608,1.031349975,0.266918009,-0.589543284,0.627337683,-0.433175398
1497534867175980000,81996,0.395629489,-2.155996741,1.031026629,0.26605745,-0.587718936,0.627732894,-0.435604522
1497534867185960000,81997,0.40583479,-2.157168872,1.030863982,0.265924722,-0.585971954,0.628599707,-0.4367875
1497534867195900000,81998,0.415762123,-2.158328006,1.031425202,0.266035003,-0.583333522,0.630002979,-0.438227825
1497534867205970000,81999,0.425307144,-2.159408442,1.032610836,0.26562243,-0.580659742,0.632199835,-0.438864851
1497534867215960000,82000,0.434783337,-2.160648734,1.034577325,0.265244224,-0.578930346,0.634621525,-0.437882034
1497534867225970000,82001,0.444041571,-2.161970078,1.037133083,0.264830572,-0.578093738,0.636927992,-0.43588431
1497534867235980000,82002,0.453012034,-2.163491028,1.039847789,0.266475514,-0.578173427,0.636966863,-0.434717729
1497534867246000000,82003,0.462483175,-2.165380656,1.042640011,0.266700292,-0.579238762,0.637840174,-0.431871883
1497534867255950000,82004,0.47191678,-2.167307609,1.045385815,0.268267808,-0.580627408,0.637462904,-0.429587293
1497534867265980000,82005,0.481131328,-2.169409462,1.047749119,0.267862673,-0.581294782,0.638551181,-0.427315287
1497534867275920000,82006,0.490797769,-2.171507778,1.049925721,0.266104006,-0.58219994,0.640012703,-0.424988974
1497534867285790000,82007,0.500656029,-2.173757757,1.052033797,0.264216986,-0.584397997,0.640579225,-0.422287368
1497534867295970000,82008,0.510471417,-2.176054724,1.053967621,0.26195277,-0.586845768,0.641644822,-0.418670172
1497534867305990000,82009,0.520299591,-2.178324397,1.055872623,0.258982743,-0.589455417,0.642629263,-0.415328642
1497534867315910000,82010,0.529582827,-2.180591955,1.057474208,0.258178925,-0.591775001,0.642807905,-0.412242632
1497534867325970000,82011,0.538736359,-2.182744527,1.059164768,0.257563865,-0.594240285,0.643154686,-0.408523425
1497534867335990000,82012,0.547965379,-2.184791295,1.060703512,0.25740106,-0.597389502,0.643009633,-0.404238902
1497534867346000000,82013,0.556601986,-2.18656444,1.062142815,0.260188059,-0.600843522,0.64102544,-0.40046925
1497534867355970000,82014,0.565028485,-2.188066226,1.063283617,0.262278514,-0.603634311,0.639564191,-0.39723198
1497534867365990000,82015,0.573374295,-2.189360176,1.064376935,0.265727747,-0.606974335,0.637029424,-0.39390917
1497534867375950000,82016,0.581080811,-2.19033334,1.065370396,0.268662791,-0.60807249,0.635229234,-0.393130986
1497534867385990000,82017,0.588989686,-2.191123056,1.066574693,0.271189291,-0.609174549,0.633605899,-0.392308937
1497534867395890000,82018,0.596414749,-2.191753304,1.06727066,0.275133388,-0.610661585,0.630922999,-0.391574024
1497534867405990000,82019,0.603477837,-2.192225219,1.068040512,0.27970625,-0.611607546,0.62863789,-0.390531722
1497534867415940000,82020,0.610517413,-2.192605615,1.068916067,0.282785989,-0.611750234,0.62717336,-0.390445019
1497534867425930000,82021,0.617316883,-2.193020714,1.069351786,0.286473109,-0.612984861,0.624456069,-0.390176033
1497534867435920000,82022,0.623385883,-2.193545609,1.069447179,0.288551515,-0.613341316,0.622707002,-0.390879064
1497534867445910000,82023,0.629971419,-2.194199421,1.069992798,0.289136854,-0.615436173,0.620743101,-0.39027708
1497534867455910000,82024,0.63607697,-2.194972117,1.070268302,0.289719712,-0.617782802,0.618756182,-0.389291259
1497534867465900000,82025,0.64161988,-2.195879769,1.070163877,-0.290811466,0.619997472,-0.616471717,0.388580041
1497534867476000000,82026,0.6469563,-2.196879281,1.070157698,-0.290843612,0.622276519,-0.614830205,0.387512254
1497534867485950000,82027,0.652390653,-2.197799554,1.070337822,-0.288040851,0.624104459,-0.615544597,0.385526837
1497534867496010000,82028,0.657551296,-2.198801599,1.070401236,-0.287166388,0.626911553,-0.614263754,0.383663149
1497534867505990000,82029,0.662618069,-2.199718614,1.070521486,-0.285106796,0.629306735,-0.6138807,0.381886938
1497534867515980000,82030,0.667704166,-2.20059911,1.070526989,-0.282789182,0.632025528,-0.613516392,0.379699417
1497534867525950000,82031,0.672682912,-2.201511238,1.070456327,-0.282049506,0.635346464,-0.611965401,0.377201928
1497534867535900000,82032,0.677995273,-2.202281343,1.070619283,-0.280127812,0.638071809,-0.611707661,0.374441602
1497534867545980000,82033,0.683009326,-2.203010543,1.07026728,-0.279470395,0.640793323,-0.610607312,0.372073818
1497534867555840000,82034,0.688402427,-2.20355255,1.069922105,-0.279123461,0.643679021,-0.609538536,0.369093735
1497534867566000000,82035,0.693701954,-2.204030534,1.069477478,-0.278549743,0.646173463,-0.608742146,0.366473595
1497534867575970000,82036,0.699287474,-2.204395429,1.069182146,-0.27783659,0.648386822,-0.60823416,0.363940332
1497534867585970000,82037,0.70496162,-2.204670351,1.068657858,-0.278465895,0.650955064,-0.606933545,0.361034515
1497534867596000000,82038,0.710682333,-2.204872666,1.06816187,-0.278386478,0.652765477,-0.606852531,0.357950005
1497534867605950000,82039,0.716780762,-2.204916678,1.067880957,-0.279788676,0.655195157,-0.605279223,0.355069945
1497534867615970000,82040,0.722695762,-2.205042928,1.067120996,-0.280661097,0.65731407,-0.604346662,0.352040728
1497534867625970000,82041,0.728959245,-2.205016181,1.066617501,-0.281230842,0.659271355,-0.603265095,0.349773812
1497534867635820000,82042,0.735462582,-2.204948013,1.066065748,-0.281520542,0.661591647,-0.602008096,0.347316757
1497534867646010000,82043,0.741917732,-2.2048952,1.065260741,-0.282621896,0.66416498,-0.600160201,0.34469911
1497534867655980000,82044,0.748835371,-2.204833965,1.064417413,-0.283020571,0.666592032,-0.598683785,0.342245738
1497534867666000000,82045,0.755847533,-2.204593205,1.063646303,-0.284785723,0.669461484,-0.596094127,0.339691338
1497534867675970000,82046,0.763096489,-2.204412682,1.062627423,-0.286702831,0.671688198,-0.594059934,0.337237671
1497534867685980000,82047,0.770309638,-2.20410801,1.061640138,-0.289707823,0.674176127,-0.591206786,0.33470952
1497534867696000000,82048,0.777739719,-2.203584894,1.060725918,-0.291336517,0.676433149,-0.588830717,0.332925839
1497534867706000000,82049,0.785091959,-2.202876768,1.059831756,-0.293634652,0.678017759,-0.587168815,0.330610635
1497534867716030000,82050,0.792366222,-2.202151043,1.05890785,-0.294785534,0.678716478,-0.586760695,0.328872799
1497534867725970000,82051,0.799584432,-2.201191477,1.058103041,-0.296418679,0.679186065,-0.586099678,0.327611696
1497534867736000000,82052,0.807124616,-2.200129588,1.057691804,-0.296883862,0.680021913,-0.585988202,0.325650115
1497534867746010000,82053,0.814316643,-2.199131968,1.056895794,-0.297641063,0.679895927,-0.586276691,0.324701352
1497534867755980000,82054,0.821661988,-2.198097808,1.056238139,-0.298821539,0.680244543,-0.586339148,0.322768419
1497534867766000000,82055,0.829260894,-2.196877419,1.055727105,-0.298673291,0.680909238,-0.586429948,0.321335945
1497534867775960000,82056,0.836631167,-2.195714024,1.054869422,-0.299779864,0.680569325,-0.586947725,0.320077794
1497534867786010000,82057,0.844057681,-2.194247648,1.054217469,-0.300266916,0.680202587,-0.587429079,0.319517286
1497534867795950000,82058,0.851665688,-2.192778739,1.053702996,-0.300939439,0.679577358,-0.588226864,0.318746336
1497534867806000000,82059,0.859192122,-2.191219393,1.052967292,-0.302423846,0.678696526,-0.588815539,0.318130639
1497534867816020000,82060,0.866990465,-2.189528153,1.052353947,-0.30338132,0.67825734,-0.589014773,0.317786646
1497534867825980000,82061,0.874630113,-2.188058412,1.051581676,-0.304423333,0.677417154,-0.589680388,0.317347559
1497534867835990000,82062,0.882336998,-2.186369529,1.050792011,-0.304984653,0.677226411,-0.589734038,0.317115932
1497534867846020000,82063,0.89005771,-2.184739577,1.049815121,-0.306039941,0.676863577,-0.589975675,0.316423696
1497534867855940000,82064,0.89803754,-2.18315874,1.049023653,-0.305346533,0.677010913,-0.590607358,0.315598902
1497534867866010000,82065,0.905914056,-2.181579854,1.047876966,-0.30499004,0.677178309,-0.591367239,0.314158242
1497534867875980000,82066,0.913955318,-2.179870184,1.046809754,-0.304338196,0.677256615,-0.59173576,0.313927588
1497534867886010000,82067,0.922355851,-2.178215203,1.04556471,-0.303465184,0.678433193,-0.59193491,0.311849879
1497534867896000000,82068,0.931094075,-2.176472429,1.044515795,-0.302393338,0.679285657,-0.592351243,0.310240664
1497534867906010000,82069,0.93993677,-2.174549452,1.043197731,-0.302738376,0.680730993,-0.591439529,0.308470541
1497534867915990000,82070,0.949321939,-2.172409321,1.042072237,-0.302450228,0.682048115,-0.590976743,0.306725801
1497534867925980000,82071,0.959180737,-2.170094708,1.041167037,-0.30297265,0.683725463,-0.589269929,0.3057581
1497534867936000000,82072,0.968996586,-2.167487859,1.040236448,-0.304631154,0.684792198,-0.587196631,0.305711666
1497534867945950000,82073,0.97887647,-2.164555142,1.039473665,-0.306682316,0.685452538,-0.584891241,0.306599106
1497534867955980000,82074,0.989131706,-2.161161266,1.039377825,-0.30859862,0.68533966,-0.583353678,0.307855367
1497534867965940000,82075,0.99927055,-2.157332906,1.03950644,-0.310762548,0.684521654,-0.581958377,0.310130925
1497534867975980000,82076,1.00947443,-2.153207447,1.039989244,-0.313510657,0.683514412,-0.580524309,0.312266943
1497534867985990000,82077,1.01954279,-2.148723321,1.040782241,-0.316597273,0.681831574,-0.57901921,0.315608343
1497534867995990000,82078,1.029530897,-2.143998722,1.042104117,-0.319967473,0.679753044,-0.577221635,0.319955933
1497534868006010000,82079,1.039364767,-2.139045485,1.043853411,-0.322854061,0.67716659,-0.575403451,0.325763002
1497534868016000000,82080,1.048869045,-2.133790111,1.045793965,-0.326177494,0.674352505,-0.573808078,0.331060766
1497534868026020000,82081,1.057967086,-2.128289474,1.048061238,-0.32781787,0.670314569,-0.574429312,0.336518629
1497534868035920000,82082,1.066957253,-2.122344543,1.050619911,-0.33094373,0.665663227,-0.574991964,0.341691317
1497534868046020000,82083,1.075608879,-2.116361989,1.053213458,-0.33287359,0.659769096,-0.576684767,0.348331154
1497534868056060000,82084,1.084106684,-2.110239842,1.055572932,-0.337494422,0.654325016,-0.576682217,0.354110024
1497534868065980000,82085,1.092220195,-2.104312509,1.057657435,-0.34068439,0.647219171,-0.578769663,0.360648262
1497534868075980000,82086,1.100117422,-2.098584483,1.059452298,-0.34510618,0.640714585,-0.579793924,0.366368053
1497534868086010000,82087,1.107933846,-2.093123251,1.061356278,-0.348122263,0.633783257,-0.582166296,0.371768849
1497534868096000000,82088,1.115138488,-2.088138304,1.062821407,-0.350136791,0.627697841,-0.58403698,0.377227324
1497534868106010000,82089,1.122226141,-2.083519906,1.064063858,-0.349632018,0.623085546,-0.586911613,0.380862984
1497534868115990000,82090,1.128960414,-2.079453816,1.064994478,-0.347501462,0.618779554,-0.59002973,0.384992877
1497534868125970000,82091,1.135604582,-2.075469499,1.065754954,-0.34535746,0.616200837,-0.59166373,0.388534147
1497534868135990000,82092,1.143027766,-2.07185005,1.067441818,-0.340720152,0.613787585,-0.59384062,0.393100363
1497534868146010000,82093,1.149003801,-2.068082771,1.067654326,-0.338223517,0.61117617,-0.593884282,0.399211725
1497534868155990000,82094,1.155809126,-2.064379694,1.068708137,-0.334885774,0.608944748,-0.593545505,0.40588366
1497534868165970000,82095,1.162585867,-2.060415878,1.069450464,-0.334883585,0.607050021,-0.590931887,0.412483649
1497534868175930000,82096,1.169263473,-2.056388888,1.069967832,-0.335287918,0.603420436,-0.58870612,0.420583991
1497534868185880000,82097,1.176948244,-2.051990214,1.071878941,-0.336291672,0.600395426,-0.585636373,0.42832614
1497534868195930000,82098,1.183350785,-2.047263284,1.072252842,-0.339071402,0.595967158,-0.583149171,0.435649831
1497534868206060000,82099,1.195853395,-2.042392376,1.080655236,-0.343248472,0.592824418,-0.579089265,0.442035427
1497534868216050000,82100,1.201975727,-2.037362481,1.081251579,-0.346345824,0.587933375,-0.576884373,0.448980331
1497534868226020000,82101,1.209037962,-2.032179952,1.08331893,-0.349815897,0.583116384,-0.574826913,0.455168256
1497534868235920000,82102,1.214917553,-2.026947378,1.084167643,-0.3538859,0.577642763,-0.572295901,0.462137436
1497534868245980000,82103,1.221518474,-2.021699831,1.085773356,-0.357690169,0.573037212,-0.569044093,0.468908217
1497534868255970000,82104,1.227289932,-2.016312545,1.086398935,-0.361834597,0.567853559,-0.565829837,0.47587252
1497534868265950000,82105,1.229537814,-2.010769843,1.082293741,0.363785597,-0.56201974,0.563569589,-0.483924755
1497534868275980000,82106,1.235654354,-2.005307863,1.082986357,0.367795072,-0.557020825,0.559562769,-0.491267842
1497534868286020000,82107,1.245954701,-2.000050829,1.089182114,0.372050743,-0.554047654,0.554403895,-0.497238136
1497534868296010000,82108,1.252543555,-1.994608371,1.090242322,-0.376674115,0.550079339,-0.549773646,0.503267593
1497534868305990000,82109,1.258719154,-1.988966172,1.090904141,-0.382667326,0.545343523,-0.544445288,0.509652321
1497534868316000000,82110,1.264831544,-1.98321319,1.091488259,-0.386551713,0.540333299,-0.540357047,0.516364174
1497534868325970000,82111,1.270821991,-1.977373964,1.092052816,-0.392250336,0.534548481,-0.53596863,0.522623405
1497534868335960000,82112,1.277593762,-1.971430533,1.093653717,-0.399568952,0.529641049,-0.530184084,0.527948717
1497534868346030000,82113,1.281171589,-1.965013909,1.090926289,-0.404647528,0.522861158,-0.526231984,0.534748994
1497534868355990000,82114,1.287283341,-1.958701479,1.091714654,-0.412619971,0.516304219,-0.520615116,0.540494786
1497534868366010000,82115,1.293549212,-1.952239287,1.092725399,-0.420405688,0.509979435,-0.514833429,0.546009684
1497534868375990000,82116,1.299144914,-1.945577218,1.093146398,-0.42801117,0.503356298,-0.508729109,0.5519362
1497534868386010000,82117,1.304843967,-1.938844796,1.0936735,-0.435027689,0.495936892,-0.503296662,0.558112874
1497534868396010000,82118,1.310284331,-1.932029178,1.094079754,-0.442366052,0.48783963,-0.497675155,0.564485794
1497534868406010000,82119,1.315362254,-1.925175527,1.094138976,-0.449315886,0.4798312,-0.491992393,0.570807094
1497534868416010000,82120,1.320185474,-1.918277257,1.094053164,-0.456645206,0.471800146,-0.485776524,0.576975691
1497534868425930000,82121,1.325429146,-1.911428292,1.094458606,-0.462384907,0.464108853,-0.480532147,0.583002595
1497534868435980000,82122,1.330120107,-1.90453594,1.094132622,-0.468794408,0.456614341,-0.474711578,0.588544021
1497534868446030000,82123,1.335134183,-1.897771711,1.09394318,-0.475034231,0.450220284,-0.468682654,0.593279652
1497534868456020000,82124,1.340504024,-1.891079453,1.094280861,-0.480569507,0.444088409,-0.462743527,0.598085999
1497534868465990000,82125,1.345746051,-1.884370772,1.094165243,-0.486021536,0.438781407,-0.456849305,0.602115152
1497534868475990000,82126,1.345630702,-1.876511637,1.08604607,-0.485152074,0.414687298,-0.449644031,0.624885714
1497534868486010000,82127,1.353402002,-1.870454245,1.089942012,-0.496144253,0.428290907,-0.444801723,0.610376282
1497534868496010000,82128,1.358750084,-1.863669239,1.089885667,-0.500916379,0.423256869,-0.439193123,0.614040557
1497534868506010000,82129,1.363155833,-1.856633578,1.088465599,-0.505785421,0.41868287,-0.433202653,0.617431149
1497534868516000000,82130,1.368100617,-1.849453473,1.08773865,-0.511361403,0.414475086,-0.426971794,0.620012101
1497534868526030000,82131,1.373456471,-1.842148607,1.087380894,-0.516345751,0.41021899,-0.421039251,0.622762712
1497534868535900000,82132,1.378981248,-1.83476927,1.087203239,-0.521048278,0.405617797,-0.415577789,0.625522179
1497534868546050000,82133,1.383791456,-1.826982459,1.08576866,-0.526512799,0.400863682,-0.409498034,0.628015876
1497534868556000000,82134,1.388745359,-1.818986798,1.084441308,-0.531899565,0.396166938,-0.403452401,0.630365585
1497534868565990000,82135,1.394008358,-1.810870952,1.083383049,-0.537521555,0.390823154,-0.397193791,0.632901993
1497534868575970000,82136,1.399615761,-1.802679651,1.082658865,-0.543330826,0.385932182,-0.390719822,0.634969279
1497534868585860000,82137,1.405731825,-1.794531817,1.082720617,-0.547914788,0.381323642,-0.385265916,0.6371435
1497534868596010000,82138,1.41013128,-1.785903638,1.080098031,-0.552023443,0.376812995,-0.379503711,0.639733553
1497534868606010000,82139,1.415316383,-1.777432696,1.078713354,-0.555792561,0.372530066,-0.373931533,0.642254769
1497534868616000000,82140,1.420466251,-1.768936037,1.077287127,-0.559098991,0.368511869,-0.368385151,0.644902861
1497534868625990000,82141,1.425884836,-1.760482747,1.076202779,-0.562209336,0.364107615,-0.363166787,0.647654377
1497534868635910000,82142,1.431115575,-1.751953355,1.07480352,-0.56456439,0.359658115,-0.358345773,0.650769849
1497534868646040000,82143,1.436381176,-1.743389999,1.073590905,-0.566355467,0.355823104,-0.353699112,0.653856515
1497534868656000000,82144,1.441832844,-1.734887786,1.072763751,-0.567940465,0.351999639,-0.349064648,0.657034059
1497534868666020000,82145,1.447096131,-1.726155941,1.071598567,-0.568197958,0.348562546,-0.345038118,0.660760115
1497534868675990000,82146,1.452552646,-1.717366217,1.070694521,-0.56849725,0.34570093,-0.340862868,0.664164324
1497534868686010000,82147,1.457994654,-1.70842194,1.069786343,-0.568407963,0.343003808,-0.336725468,0.667740021
1497534868696010000,82148,1.463322597,-1.699186459,1.068649024,-0.568088948,0.340274796,-0.332537698,0.671495859
1497534868706020000,82149,1.469238494,-1.690051402,1.068481017,-0.56701178,0.337605538,-0.328836601,0.675563937
1497534868716000000,82150,1.474904441,-1.680836022,1.068166538,-0.565733577,0.335083601,-0.324691139,0.679882464
1497534868725990000,82151,1.480233474,-1.671514743,1.067763565,-0.563688301,0.332468195,-0.321438951,0.684395645
1497534868736040000,82152,1.485541453,-1.662155895,1.067774335,-0.563244741,0.330327348,-0.317884932,0.687450634
1497534868746040000,82153,1.490432828,-1.653010797,1.06813101,-0.562596309,0.328761706,-0.314237103,0.690402909
1497534868756010000,82154,1.495454505,-1.644106807,1.06941702,-0.562384703,0.32741372,-0.311450293,0.692475571
1497534868766000000,82155,1.500407113,-1.635233843,1.070877246,-0.563814528,0.326844121,-0.308757759,0.692787662
1497534868775990000,82156,1.505565936,-1.626423297,1.072725652,-0.566096557,0.325987975,-0.305947057,0.692577019
1497534868786020000,82157,1.510799932,-1.617794056,1.074506077,-0.568332139,0.325230057,-0.303366212,0.692237626
1497534868796000000,82158,1.516018365,-1.609246955,1.076233874,-0.56990459,0.32425983,-0.301393384,0.692261764
1497534868806020000,82159,1.521256475,-1.60077115,1.077580193,-0.570760009,0.32342622,-0.300073823,0.692520176
1497534868816000000,82160,1.526638949,-1.592266364,1.078631406,-0.571260538,0.32315972,-0.299048593,0.692675344
1497534868825980000,82161,1.531929772,-1.583840976,1.079551478,-0.571125689,0.322456388,-0.298570124,0.693320421
1497534868836020000,82162,1.536979556,-1.575500835,1.080094192,-0.571637319,0.321978528,-0.297946598,0.693389089
1497534868845980000,82163,1.542615171,-1.566859598,1.080830704,-0.577481612,0.32239496,-0.294513495,0.689810321
1497534868856030000,82164,1.547065916,-1.559148587,1.081242179,-0.571956907,0.322387507,-0.297578442,0.693093546
1497534868866020000,82165,1.551952318,-1.551146363,1.081919297,-0.574303569,0.322516868,-0.296731896,0.691453876
1497534868875990000,82166,1.556719584,-1.543209038,1.08254783,-0.577948999,0.322498226,-0.295056241,0.689138348
1497534868886010000,82167,1.561203619,-1.535382619,1.083264779,-0.582300769,0.321202543,-0.293080675,0.686919543
1497534868896000000,82168,1.565569468,-1.527623358,1.084082719,-0.58793352,0.31950161,-0.290226438,0.684120978
1497534868906010000,82169,1.569537762,-1.519998513,1.08469972,-0.59299274,0.31738808,-0.287496753,0.681887112
1497534868916000000,82170,1.57329605,-1.512438907,1.085358614,-0.598203008,0.315056133,-0.284571418,0.67964101
1497534868925950000,82171,1.576567404,-1.505113329,1.085660108,-0.602722934,0.311786397,-0.28161697,0.678384986
1497534868935960000,82172,1.579571934,-1.497903899,1.086094413,-0.606477509,0.308017476,-0.27864395,0.677988064
1497534868945970000,82173,1.582345335,-1.491034982,1.086494112,-0.608384569,0.304256201,-0.276629297,0.678802337
1497534868955980000,82174,1.585198296,-1.483966772,1.086758755,-0.611985827,0.301245476,-0.272917647,0.678410251
1497534868965970000,82175,1.587959723,-1.47702436,1.0868344,-0.614903652,0.299037923,-0.269438243,0.678139258
1497534868976000000,82176,1.59109227,-1.470007208,1.086934661,-0.618883334,0.298584376,-0.265617922,0.676223269
1497534868986070000,82177,1.594176484,-1.463168245,1.086788762,-0.621664112,0.299424464,-0.262083712,0.674678331
1497534868996010000,82178,1.597040259,-1.456804727,1.086380812,-0.624192354,0.298386554,-0.257157193,0.674699598
1497534869006020000,82179,1.600188313,-1.450260988,1.086045831,-0.62663872,0.299860971,-0.253457954,0.673176335
1497534869015960000,82180,1.603299598,-1.443733947,1.085605009,-0.628674628,0.302026849,-0.250668479,0.671351851
1497534869025980000,82181,1.606335267,-1.437147914,1.085157999,-0.631379376,0.303704483,-0.247269692,0.669314104
1497534869035860000,82182,1.609321391,-1.43048076,1.084717282,-0.633754614,0.305414978,-0.244394303,0.667344143
1497534869045800000,82183,1.611825365,-1.423959038,1.084211283,-0.635391976,0.306278729,-0.242745652,0.665991686
1497534869055920000,82184,1.614383542,-1.417252179,1.083985912,-0.638149644,0.306579399,-0.240947128,0.663866391
1497534869065980000,82185,1.616821129,-1.410389844,1.083232569,-0.640665087,0.306624816,-0.238604727,0.662266753
1497534869075930000,82186,1.619025069,-1.403594898,1.082805553,-0.643484366,0.30635178,-0.236630838,0.660365281
1497534869086010000,82187,1.620837573,-1.396030933,1.081517624,-0.645892896,0.308486358,-0.232623259,0.658441306
1497534869096020000,82188,1.622734643,-1.389117386,1.080633209,-0.648693977,0.306997893,-0.231636725,0.656728898
1497534869106000000,82189,1.624929236,-1.381851273,1.079974393,-0.652512413,0.306793149,-0.228694998,0.654067361
1497534869115920000,82190,1.626697349,-1.374496531,1.078763703,-0.655872008,0.305834824,-0.227192968,0.651675015
1497534869125990000,82191,1.628733661,-1.367125147,1.077810171,-0.65933268,0.30549446,-0.225384524,0.648964844
1497534869136020000,82192,1.630751148,-1.359845579,1.076833222,-0.661854077,0.305081823,-0.224216436,0.646994013
1497534869146040000,82193,1.63272806,-1.352466423,1.075896905,-0.66417439,0.305415164,-0.223081748,0.644847649
1497534869156020000,82194,1.634619651,-1.345039489,1.074854853,-0.666460885,0.305358792,-0.222737398,0.642630491
1497534869166000000,82195,1.636442056,-1.337449318,1.073749394,-0.66862049,0.305515996,-0.222098289,0.640530224
1497534869175990000,82196,1.638112811,-1.329890927,1.072713525,-0.670665676,0.305465605,-0.221589954,0.638589232
1497534869186030000,82197,1.639284241,-1.322092117,1.071387027,-0.672819625,0.303969856,-0.222812473,0.636608734
1497534869196010000,82198,1.640366906,-1.314676329,1.069982809,-0.678121421,0.30109628,-0.219238696,0.633582483
1497534869206020000,82199,1.641805689,-1.306579031,1.06861806,-0.681157645,0.300344933,-0.218443506,0.63095136
1497534869216010000,82200,1.64335022,-1.298135993,1.067246105,-0.683775634,0.300734543,-0.218435359,0.627929623
1497534869225970000,82201,1.644354067,-1.289809545,1.065510734,-0.68794826,0.298043614,-0.217642672,0.624923086
1497534869236030000,82202,1.645580069,-1.281292788,1.063876986,-0.691061354,0.297167158,-0.217092974,0.622090448
1497534869246050000,82203,1.646528369,-1.272605791,1.062122177,-0.694032974,0.295611655,-0.21718728,0.619485
1497534869255980000,82204,1.647587945,-1.263928325,1.060303503,-0.69692731,0.294517567,-0.21696227,0.61682988
1497534869266020000,82205,1.648595438,-1.255248441,1.058259791,-0.699625319,0.293055256,-0.217271382,0.614358346
1497534869275960000,82206,1.649698164,-1.246515334,1.056534974,-0.702266748,0.292254805,-0.217573765,0.611612787
1497534869285980000,82207,1.6509413,-1.237757396,1.054624639,-0.704333331,0.292661707,-0.218832163,0.608585383
1497534869295940000,82208,1.652142256,-1.229245328,1.052812203,-0.705959028,0.293366386,-0.220352657,0.605807494
1497534869305960000,82209,1.653130057,-1.221031576,1.050826921,-0.706619244,0.294760143,-0.222290769,0.603649332
1497534869315970000,82210,1.653860277,-1.213062414,1.048981642,-0.707921707,0.294453112,-0.223797186,0.601713421
1497534869326030000,82211,1.654804936,-1.20493633,1.047119942,-0.708300171,0.295728288,-0.225194239,0.600119324
1497534869335980000,82212,1.655210506,-1.197045176,1.045405636,-0.708817533,0.295481148,-0.226013038,0.599321869
1497534869345970000,82213,1.655615351,-1.188928344,1.04387565,-0.709665097,0.295985657,-0.226410913,0.597918087
1497534869355990000,82214,1.655634791,-1.180876941,1.042504989,-0.709385744,0.296035101,-0.227565837,0.597786647
1497534869365980000,82215,1.655826872,-1.17250644,1.041265096,-0.708975742,0.296340437,-0.229578083,0.597352196
1497534869376010000,82216,1.655550935,-1.164266588,1.04059445,-0.70818551,0.297118342,-0.231108397,0.597313053
1497534869386030000,82217,1.655660882,-1.155615156,1.040259557,-0.706574407,0.298750568,-0.233707449,0.597395626
1497534869395950000,82218,1.655578806,-1.147094944,1.039867419,-0.705972372,0.300367884,-0.234914859,0.596822547
1497534869406020000,82219,1.655619492,-1.13853524,1.039968974,-0.703591267,0.302717694,-0.237278928,0.597511537
1497534869416020000,82220,1.655566364,-1.129628952,1.040346314,-0.702038957,0.305643388,-0.238041211,0.597544813
1497534869426000000,82221,1.655162366,-1.120703933,1.040776446,-0.700129906,0.308453225,-0.238490064,0.598161528
1497534869436020000,82222,1.654460174,-1.111503455,1.041668508,-0.697164435,0.311213031,-0.239547811,0.599770828
1497534869446040000,82223,1.653469345,-1.102071155,1.042430689,-0.696117986,0.312382775,-0.238154566,0.600931905
1497534869456030000,82224,1.652295564,-1.092053164,1.043829633,-0.694039241,0.313876974,-0.236782941,0.60309586
1497534869466000000,82225,1.650383047,-1.082218308,1.045087309,-0.692794565,0.313110545,-0.234529211,0.605799906
1497534869476010000,82226,1.648294016,-1.072174511,1.046595491,-0.692283861,0.311226223,-0.230869821,0.608753168
1497534869486020000,82227,1.645778089,-1.06211684,1.048288397,-0.690676198,0.309369038,-0.227920916,0.61262488
1497534869495970000,82228,1.643002916,-1.052320197,1.049807842,-0.689658325,0.305566023,-0.224836632,0.616805714
1497534869506030000,82229,1.640300781,-1.042416003,1.051842419,-0.68769787,0.302946089,-0.22203447,0.621285764
1497534869516020000,82230,1.637493093,-1.032756338,1.053745791,-0.684546711,0.299940237,-0.220050621,0.626904601
1497534869525970000,82231,1.634773772,-1.023292515,1.055531068,-0.681889733,0.295862772,-0.217796516,0.632500032
1497534869535850000,82232,1.631866927,-1.014091151,1.057093646,-0.679523059,0.291476978,-0.215755818,0.637760936
1497534869546050000,82233,1.629197926,-1.005118286,1.058408804,-0.676926664,0.286009092,-0.214168725,0.643506681
1497534869556020000,82234,1.626696641,-0.996334568,1.05977053,-0.673367952,0.282033831,-0.21303521,0.649344684
1497534869566000000,82235,1.624531499,-0.98777088,1.060678925,-0.669895662,0.278328168,-0.212382451,0.654726605
1497534869576000000,82236,1.622602733,-0.979315735,1.061761303,-0.665125462,0.276441166,-0.2124648,0.660338633
1497534869586030000,82237,1.62087932,-0.971381177,1.062242337,-0.661929041,0.274639434,-0.21090335,0.664787863
1497534869596030000,82238,1.619520153,-0.963554398,1.063022115,-0.657129877,0.274880565,-0.210228754,0.669645332
1497534869606010000,82239,1.618319884,-0.955938582,1.064061469,-0.651920514,0.275576316,-0.208294798,0.675033788
1497534869616020000,82240,1.617198781,-0.948527644,1.065141131,-0.647205939,0.276272287,-0.205738867,0.680051185
1497534869626000000,82241,1.616119077,-0.941355506,1.06614086,-0.642816047,0.276502911,-0.20294462,0.684943174
1497534869636010000,82242,1.614995839,-0.934194693,1.067414818,-0.638153309,0.276673837,-0.200148259,0.690038127
1497534869646010000,82243,1.613771272,-0.92719274,1.068679937,-0.634610927,0.275761018,-0.198094907,0.694250128
1497534869655920000,82244,1.612620036,-0.920298076,1.070167501,-0.631118092,0.274515694,-0.196531652,0.698359791
1497534869665970000,82245,1.611308358,-0.913617841,1.071771221,-0.627615873,0.272958493,-0.195509248,0.702401673
1497534869676050000,82246,1.610064997,-0.907042867,1.073252418,-0.624802199,0.270996706,-0.194459013,0.705952328
1497534869686060000,82247,1.608920291,-0.900440213,1.07497016,-0.621345466,0.268997096,-0.195137205,0.709571593
1497534869696080000,82248,1.607935105,-0.893875665,1.076714071,-0.619312526,0.266538901,-0.194477695,0.712451707
1497534869706040000,82249,1.607149008,-0.887155846,1.078428793,-0.616620698,0.265528035,-0.195598949,0.714853012
1497534869716030000,82250,1.60644609,-0.880601364,1.079907383,-0.615118872,0.264015482,-0.194717852,0.716944598
1497534869726010000,82251,1.605771389,-0.87393,1.081164505,-0.613259918,0.263071151,-0.194419582,0.718962356
1497534869736030000,82252,1.605346518,-0.867161651,1.082592069,-0.610934243,0.263045043,-0.193642072,0.721158377
1497534869746000000,82253,1.604959279,-0.860369878,1.083790083,-0.609293021,0.262431188,-0.192642354,0.723035829
1497534869755930000,82254,1.604557688,-0.853445586,1.085004856,-0.608285764,0.261880025,-0.191058055,0.724502658
1497534869765950000,82255,1.604103733,-0.846437476,1.085820428,-0.607195717,0.261241142,-0.190022122,0.725918743
1497534869776000000,82256,1.603653884,-0.839305442,1.086817973,-0.606905039,0.260989381,-0.18810305,0.726751717
1497534869786030000,82257,1.603375985,-0.832113857,1.08774068,-0.606864011,0.259414119,-0.186102809,0.727864089
1497534869796040000,82258,1.602996475,-0.824644503,1.088146305,-0.607489701,0.257245325,-0.1847676,0.72845181
1497534869805990000,82259,1.602556031,-0.817065457,1.088661241,-0.608832339,0.255434075,-0.182181296,0.728619648
1497534869816040000,82260,1.602231826,-0.809185975,1.089169596,-0.610011381,0.252785162,-0.181352117,0.72876415
1497534869826010000,82261,1.601830978,-0.80129799,1.089005273,-0.612405215,0.250697872,-0.178232373,0.728246971
1497534869836030000,82262,1.601477365,-0.793265599,1.088880564,-0.615332772,0.248240775,-0.175181862,0.727360579
1497534869846050000,82263,1.601139347,-0.785220309,1.088410559,-0.616710153,0.245696281,-0.17363639,0.727428573
1497534869856030000,82264,1.600743201,-0.777045372,1.08778818,-0.619861665,0.243210672,-0.170558077,0.726312624
1497534869866030000,82265,1.600388924,-0.768866853,1.087086392,-0.621907047,0.242122891,-0.168086138,0.725503398
1497534869876020000,82266,1.600051874,-0.760610757,1.086263046,-0.624224934,0.241078478,-0.165291941,0.72450188
1497534869886000000,82267,1.599330429,-0.752565164,1.08497326,-0.625444718,0.238039155,-0.163871318,0.724777523
1497534869896040000,82268,1.598549158,-0.744362828,1.083513931,-0.6267458,0.234059391,-0.163178194,0.725106048
1497534869906060000,82269,1.598285748,-0.735752986,1.08255661,-0.629109659,0.232913491,-0.161044938,0.72390391
1497534869916030000,82270,1.597666493,-0.727267228,1.081211422,-0.63140762,0.230696728,-0.158590276,0.72315459
1497534869926010000,82271,1.59725455,-0.718584101,1.079957779,-0.633446549,0.228944308,-0.156593765,0.722363043
1497534869936030000,82272,1.59679419,-0.70979712,1.078487713,-0.635144631,0.225857107,-0.154986067,0.722190546
1497534869946040000,82273,1.596135474,-0.701091672,1.076905238,-0.636044917,0.223230969,-0.153830419,0.722461763
1497534869956030000,82274,1.595565059,-0.692236052,1.075437575,-0.637692311,0.21993289,-0.151894712,0.722430645
1497534869966040000,82275,1.594958404,-0.683343288,1.074061677,-0.638808488,0.218476087,-0.150215645,0.722237617
1497534869975860000,82276,1.594428211,-0.674702702,1.072246503,-0.637892933,0.215614631,-0.149176857,0.724119605
1497534869985920000,82277,1.593903183,-0.666013537,1.070710748,-0.6381766,0.214883964,-0.147095686,0.724512504
1497534869996020000,82278,1.593576121,-0.657440005,1.069075309,-0.636439538,0.213952923,-0.146333937,0.726467646
1497534870006010000,82279,1.593176333,-0.648950358,1.067372612,-0.634418595,0.213235429,-0.14529068,0.728652398
1497534870015930000,82280,1.592982594,-0.640296998,1.065895778,-0.632264568,0.213753898,-0.145126181,0.730403435
1497534870026000000,82281,1.592774933,-0.631572292,1.064337353,-0.630104991,0.21431049,-0.144413112,0.732245565
1497534870036040000,82282,1.592798226,-0.62257708,1.062910074,-0.627464698,0.214913341,-0.144270134,0.734361244
1497534870046040000,82283,1.592881296,-0.613462555,1.061400679,-0.625181967,0.214503707,-0.143813805,0.736514262
1497534870056030000,82284,1.59300821,-0.60406083,1.060086265,-0.622846736,0.21596349,-0.143866792,0.73805424
1497534870066050000,82285,1.593243664,-0.594363077,1.058822275,-0.620685817,0.21581728,-0.143152459,0.740053641
1497534870076020000,82286,1.593766678,-0.584255111,1.057940782,-0.619016085,0.215744316,-0.142824192,0.741535385
1497534870086040000,82287,1.594181321,-0.573958139,1.056887729,-0.616788697,0.214609632,-0.14187949,0.743898258
1497534870096040000,82288,1.594728765,-0.563247165,1.056117802,-0.615191772,0.215149711,-0.141231389,0.745186809
1497534870106040000,82289,1.59551444,-0.55232097,1.05530766,-0.612541627,0.214219325,-0.141207946,0.747638383
1497534870116040000,82290,1.596201922,-0.541346242,1.054733257,-0.610995039,0.21442231,-0.139827861,0.749103667
1497534870126020000,82291,1.59701874,-0.530175645,1.054265833,-0.610602609,0.215262837,-0.138340241,0.7494587
1497534870135990000,82292,1.598100553,-0.51891114,1.054100364,-0.608550125,0.215046477,-0.137894083,0.751270244
1497534870146060000,82293,1.599061892,-0.507794413,1.054221751,-0.608193417,0.217110364,-0.13679797,0.751165876
1497534870156030000,82294,1.600354044,-0.496730489,1.055091229,-0.607757883,0.217300965,-0.135532214,0.751692534
1497534870166000000,82295,1.601698488,-0.485649894,1.055841178,-0.608932788,0.220947858,-0.135892775,0.749610604
1497534870176020000,82296,1.603645228,-0.474806269,1.05752338,-0.612291094,0.221749902,-0.134863682,0.746818843
1497534870186050000,82297,1.605642708,-0.464254955,1.05965058,-0.616614256,0.22610023,-0.134861945,0.741941912
1497534870196050000,82298,1.607964321,-0.454065501,1.062203436,-0.6199104,0.227888283,-0.135771244,0.738474235
1497534870206040000,82299,1.610149562,-0.444187548,1.064886739,-0.620967818,0.23232362,-0.138428592,0.73570526
1497534870216000000,82300,1.612146177,-0.434560488,1.067234196,-0.619988766,0.236148993,-0.142000016,0.734631593
1497534870225990000,82301,1.613612393,-0.425344115,1.069272371,-0.6192031,0.240690724,-0.145495117,0.733134822
1497534870236040000,82302,1.613791201,-0.416731531,1.068912573,-0.616057959,0.245892453,-0.15031812,0.733085231
1497534870246020000,82303,1.61475791,-0.407811875,1.070200536,-0.614285696,0.247045182,-0.154328723,0.73335149
1497534870256010000,82304,1.61559903,-0.398855819,1.071357351,-0.612066585,0.24655942,-0.158676065,0.734441866
1497534870266040000,82305,1.616396577,-0.389890959,1.0725934,-0.612325285,0.244169922,-0.162360054,0.734219318
1497534870276020000,82306,1.616835352,-0.380971916,1.073080882,-0.612897498,0.241739822,-0.166341012,0.733654676
1497534870286050000,82307,1.617292137,-0.372100036,1.073469186,-0.616537105,0.238946725,-0.168450316,0.731034166
1497534870296040000,82308,1.618153109,-0.363290443,1.074035151,-0.621126631,0.238095937,-0.16974305,0.727117137
1497534870306030000,82309,1.619139348,-0.354673525,1.074115373,-0.627412437,0.238473158,-0.16873398,0.721812323
1497534870316030000,82310,1.620455926,-0.346332594,1.074313548,-0.632170442,0.241207759,-0.167608641,0.716998391
1497534870325990000,82311,1.621955087,-0.338245585,1.074604201,-0.636565592,0.244811103,-0.165938944,0.712261215
1497534870336000000,82312,1.623192225,-0.330703294,1.074790163,-0.639452947,0.248432949,-0.164361404,0.708778052
1497534870346030000,82313,1.6242712,-0.32358015,1.074941577,-0.641035861,0.25100056,-0.162989457,0.706757512
1497534870355950000,82314,1.625197506,-0.316687746,1.075131833,-0.64194736,0.253608358,-0.161593501,0.705318317
1497534870365950000,82315,1.625713423,-0.310120651,1.074864987,-0.642137855,0.255755326,-0.160702929,0.704572748
1497534870375970000,82316,1.626555611,-0.303465927,1.075310855,-0.641643572,0.258684427,-0.160698229,0.703954524
1497534870386040000,82317,1.627176951,-0.297081002,1.075321368,-0.641849131,0.260574124,-0.160934487,0.703015583
1497534870396040000,82318,1.627727034,-0.290783707,1.075319623,-0.641343192,0.262374721,-0.161334879,0.702715784
1497534870406050000,82319,1.628274086,-0.284584334,1.075224763,-0.641428297,0.264575064,-0.161591319,0.701753533
1497534870416030000,82320,1.629036421,-0.278179328,1.075416976,-0.642030066,0.267148778,-0.162403801,0.700038521
1497534870425980000,82321,1.629828105,-0.271849305,1.075285332,-0.643682367,0.269252047,-0.162996701,0.697573237
1497534870436020000,82322,1.630495535,-0.265546092,1.075020712,-0.645327826,0.271909736,-0.163681161,0.694856511
1497534870446080000,82323,1.631348452,-0.259170233,1.07488378,-0.646659515,0.274887237,-0.164411401,0.692269724
1497534870456070000,82324,1.631872444,-0.252840988,1.074355945,-0.647631882,0.277854079,-0.165167172,0.689992653
1497534870466100000,82325,1.632448794,-0.246591571,1.074169793,-0.648681648,0.280164723,-0.166569639,0.687731344
1497534870475860000,82326,1.632820212,-0.240248533,1.073669561,-0.648853676,0.282259302,-0.167863864,0.686396618
1497534870486040000,82327,1.633211401,-0.233760687,1.073518302,-0.65000405,0.283486001,-0.169639373,0.684363138
1497534870496070000,82328,1.633466836,-0.227025354,1.073102451,-0.650335657,0.285397652,-0.171302433,0.682837601
1497534870506030000,82329,1.633714547,-0.220211902,1.072451854,-0.651918008,0.287145608,-0.172675641,0.680245128
1497534870516050000,82330,1.63388895,-0.213047299,1.071994336,-0.653520674,0.287667271,-0.174072269,0.678127654
1497534870526010000,82331,1.634065377,-0.205793934,1.071364206,-0.655049761,0.28896246,-0.175772381,0.675658625
1497534870536040000,82332,1.634953652,-0.19806178,1.070611124,-0.662690732,0.291861587,-0.172078247,0.667867416
1497534870546070000,82333,1.635108455,-0.190572973,1.069951237,-0.664201889,0.293435405,-0.173837408,0.665215807
1497534870556050000,82334,1.635181903,-0.182921123,1.068804053,-0.666147751,0.29511051,-0.175414263,0.662107844
1497534870566100000,82335,1.635498844,-0.175097223,1.068200252,-0.668530176,0.295978548,-0.177085388,0.658866351
1497534870575930000,82336,1.63577434,-0.166945542,1.067002957,-0.672620599,0.297451227,-0.176338308,0.654224043
1497534870586050000,82337,1.635813349,-0.158651351,1.065805618,-0.675397153,0.297937488,-0.177827916,0.650729722
1497534870596050000,82338,1.635890304,-0.150169625,1.064306094,-0.679419008,0.29881099,-0.177258084,0.646282736
1497534870606050000,82339,1.635567402,-0.141652788,1.062872699,-0.681447903,0.299440411,-0.178509076,0.643505016
1497534870616050000,82340,1.635597617,-0.13290061,1.061405986,-0.685956707,0.299574113,-0.17809394,0.638749792
1497534870625970000,82341,1.635177313,-0.124123892,1.059796945,-0.688294703,0.299734337,-0.178579449,0.636018168
1497534870636040000,82342,1.634703268,-0.115479978,1.058042617,-0.691381517,0.299580112,-0.178712647,0.632696724
1497534870646100000,82343,1.634173655,-0.106852788,1.056672448,-0.692864721,0.299214,-0.179835985,0.630926682
1497534870656030000,82344,1.633522273,-0.098439584,1.055238056,-0.695054961,0.298394356,-0.181112342,0.62853618
1497534870666070000,82345,1.632808785,-0.090343734,1.053730246,-0.695155082,0.298354147,-0.183433373,0.627770988
1497534870676030000,82346,1.632273659,-0.082347993,1.052390928,-0.695793842,0.298449634,-0.185123539,0.626520567
1497534870686050000,82347,1.631568609,-0.074491912,1.051125655,-0.696088303,0.29785669,-0.187624665,0.625731134
1497534870696050000,82348,1.631181843,-0.066894681,1.049768425,-0.695440917,0.300325691,-0.188361333,0.625049132
1497534870706030000,82349,1.630524057,-0.059267665,1.048117941,-0.695144104,0.301333929,-0.189902541,0.624427388
1497534870716050000,82350,1.630295787,-0.051644975,1.04678819,-0.695101018,0.304071783,-0.189521372,0.623262846
1497534870726010000,82351,1.629667907,-0.043827114,1.045233581,-0.693951337,0.305388968,-0.190963241,0.623459831
1497534870736010000,82352,1.629243288,-0.035796056,1.043632144,-0.693917095,0.307199745,-0.190977678,0.622603332
1497534870746070000,82353,1.628543617,-0.027692502,1.041895091,-0.693471963,0.309017153,-0.192135771,0.621843132
1497534870756030000,82354,1.627823618,-0.019294398,1.040250652,-0.693298401,0.310811134,-0.19339558,0.62075109
1497534870766060000,82355,1.626868307,-0.010528003,1.038744889,-0.693202072,0.312178922,-0.195768911,0.619426946
1497534870776030000,82356,1.626000354,-0.00156004,1.037469246,-0.69310996,0.313752573,-0.197391594,0.618218784
1497534870786050000,82357,1.625001666,0.007627454,1.036327256,-0.693832899,0.314418497,-0.19978707,0.616297042
1497534870796050000,82358,1.624018219,0.016886925,1.035270104,-0.69329807,0.316344502,-0.201113187,0.615481461
1497534870806040000,82359,1.622935064,0.026316013,1.034352961,-0.693264088,0.318316019,-0.201681486,0.6143162
1497534870816040000,82360,1.621626807,0.036086649,1.034159477,-0.693705087,0.318123947,-0.203811714,0.613213823
1497534870826040000,82361,1.62037037,0.045832727,1.033875093,-0.692791309,0.320062603,-0.204698994,0.612942456
1497534870836000000,82362,1.618847531,0.055761029,1.033951499,-0.692181948,0.320718537,-0.206415884,0.612712211
1497534870846070000,82363,1.617304133,0.065847119,1.033804146,-0.691797509,0.322162288,-0.205870893,0.612572316
1497534870856040000,82364,1.615621682,0.076205132,1.03434323,-0.692005542,0.32238667,-0.205738676,0.612263638
1497534870866060000,82365,1.613633558,0.086575399,1.035055891,-0.692131728,0.321943373,-0.204910062,0.612632029
1497534870876030000,82366,1.611304468,0.097002323,1.035546791,-0.691462772,0.321422453,-0.203027506,0.614285498
1497534870886070000,82367,1.608842466,0.107355409,1.036429691,-0.691027701,0.320580862,-0.199873569,0.616246042
1497534870896050000,82368,1.606025755,0.117687621,1.038093736,-0.690029303,0.317366741,-0.198599765,0.619432035
1497534870906060000,82369,1.603095909,0.127956726,1.039615944,-0.689676378,0.313017004,-0.197296147,0.622447652
1497534870916030000,82370,1.600494757,0.137686533,1.041031578,-0.688270633,0.312021887,-0.192522712,0.625987926
1497534870926070000,82371,1.597065245,0.147995892,1.04305807,-0.688778053,0.302546284,-0.195375519,0.629189118
1497534870935970000,82372,1.594412511,0.157200192,1.044688296,-0.686560148,0.300397756,-0.191881522,0.633701691
1497534870946070000,82373,1.591651621,0.166306398,1.046597508,-0.684065577,0.295062693,-0.191734453,0.638928943
1497534870956010000,82374,1.58814763,0.175491438,1.046450525,-0.681456123,0.291849611,-0.189803697,0.643751438
1497534870966050000,82375,1.585672354,0.183879631,1.048271813,-0.678805604,0.287333386,-0.189856067,0.648550038
1497534870976020000,82376,1.583386409,0.192137232,1.049240299,-0.675372706,0.286190658,-0.188449296,0.653034056
1497534870986030000,82377,1.581349976,0.199951164,1.050959146,-0.669976304,0.28306326,-0.190364528,0.659369615
1497534870996040000,82378,1.579497828,0.207568029,1.05237478,-0.665968589,0.281253156,-0.191444374,0.663876157
1497534871005940000,82379,1.577151515,0.21573627,1.053218845,-0.665035596,0.277652979,-0.191972103,0.666170542
1497534871016080000,82380,1.575497703,0.222771077,1.054508893,-0.658973301,0.278428245,-0.192766694,0.671619611
1497534871026030000,82381,1.573680477,0.23001616,1.055607416,-0.654590359,0.278552191,-0.191944323,0.676075082
1497534871036060000,82382,1.572106079,0.236835758,1.057037925,-0.649175397,0.277855952,-0.193576994,0.681098613
1497534871046090000,82383,1.57047949,0.243606374,1.057911261,-0.64493533,0.279871995,-0.191035964,0.685007552
1497534871056070000,82384,1.568968282,0.250413046,1.059578106,-0.640724938,0.278359332,-0.192559415,0.689136059
1497534871066050000,82385,1.567657402,0.257009958,1.061081727,-0.636255851,0.278803852,-0.192068802,0.693221811
1497534871076050000,82386,1.566225929,0.263542298,1.06265352,-0.632505774,0.278028907,-0.192556551,0.696820168
1497534871086060000,82387,1.564944438,0.269988282,1.064302095,-0.628561714,0.278218378,-0.192544705,0.700307962
1497534871096060000,82388,1.563717503,0.276358164,1.065792984,-0.624544845,0.278419417,-0.192180342,0.703912694
1497534871106040000,82389,1.562516849,0.282716847,1.067610158,-0.621074654,0.277097697,-0.192821855,0.707320912
1497534871116060000,82390,1.561218356,0.289161834,1.069336639,-0.618463809,0.276614047,-0.192281111,0.709940251
1497534871126030000,82391,1.559892322,0.295531213,1.07118205,-0.614637982,0.274503844,-0.193858451,0.713643252
1497534871136060000,82392,1.558737159,0.301955784,1.072848213,-0.611119865,0.273612359,-0.193998293,0.716961261
1497534871146060000,82393,1.557445649,0.308469698,1.074400857,-0.608452899,0.272417212,-0.19406688,0.719661017
1497534871155950000,82394,1.556159148,0.314662128,1.075260897,-0.601277949,0.274226205,-0.193369473,0.725171058
1497534871166040000,82395,1.554431576,0.321698342,1.075819923,-0.59832807,0.274567128,-0.190937144,0.728120471
1497534871176030000,82396,1.553187973,0.328443104,1.077008002,-0.59599772,0.27285343,-0.190590192,0.730762001
1497534871186050000,82397,1.551766213,0.335385441,1.077930609,-0.594572661,0.270518349,-0.189715867,0.73301505
1497534871196030000,82398,1.550946301,0.342595385,1.079276247,-0.595571695,0.268684161,-0.188363433,0.733227383
1497534871206090000,82399,1.549684684,0.349672612,1.07983173,-0.594607797,0.26619418,-0.188252592,0.734944343
1497534871216080000,82400,1.5484238,0.356954626,1.080379223,-0.594645729,0.264185456,-0.187653079,0.735791291
1497534871226050000,82401,1.547327158,0.36414172,1.081123015,-0.594017357,0.261262222,-0.189039928,0.73698666
1497534871236030000,82402,1.546406431,0.371435304,1.081271387,-0.595576693,0.259258052,-0.187182903,0.736909917
1497534871246090000,82403,1.545281108,0.378779137,1.081306815,-0.596067946,0.257029902,-0.187477327,0.737218343
1497534871255980000,82404,1.544600846,0.386238786,1.081003679,-0.597947518,0.255588921,-0.186714344,0.736390401
1497534871266050000,82405,1.543963252,0.393572068,1.08064895,-0.598128902,0.254695563,-0.187005719,0.736478681
1497534871276010000,82406,1.543300561,0.400979509,1.079900941,-0.598745379,0.254575759,-0.186435621,0.736163646
1497534871286040000,82407,1.543025552,0.408453023,1.079312701,-0.599831962,0.253888993,-0.186550298,0.735486902
1497534871296050000,82408,1.542732044,0.41606294,1.078270929,-0.60191338,0.25414626,-0.185374419,0.733993383
1497534871306030000,82409,1.542265156,0.424025529,1.076846216,-0.604153793,0.254173686,-0.185484825,0.732112909
1497534871316030000,82410,1.542292284,0.432080404,1.075469792,-0.60685234,0.25407308,-0.184623673,0.730130951
1497534871326030000,82411,1.542106467,0.439903991,1.073683017,-0.607900225,0.255234501,-0.184021336,0.729005359
1497534871336050000,82412,1.541900288,0.448008109,1.071787085,-0.611141719,0.25501606,-0.183375516,0.726530129
1497534871346050000,82413,1.541790139,0.456178699,1.069819917,-0.613063235,0.255086636,-0.18257852,0.725085762
1497534871356060000,82414,1.541579299,0.464437891,1.067762273,-0.6157661,0.253987958,-0.182264832,0.72325774
1497534871366040000,82415,1.541478577,0.473090967,1.06565292,-0.618132305,0.253362695,-0.181174743,0.721730913
1497534871376030000,82416,1.541205448,0.481692076,1.063460813,-0.620355013,0.252840311,-0.179974153,0.720306004
1497534871385960000,82417,1.540670662,0.490153445,1.061396813,-0.621411794,0.251982166,-0.179344434,0.719852724
1497534871396020000,82418,1.54033491,0.49855265,1.059367018,-0.622943871,0.251233611,-0.177391869,0.719273752
1497534871406030000,82419,1.539969071,0.506702699,1.057563725,-0.622155932,0.251454754,-0.175819747,0.720263784
1497534871416020000,82420,1.53932769,0.514486452,1.055719321,-0.621161892,0.251313739,-0.174056628,0.721597948
1497534871426080000,82421,1.538918916,0.52235671,1.054236879,-0.617792438,0.252179719,-0.174656063,0.724039469
1497534871436080000,82422,1.537944366,0.530088217,1.052839169,-0.615023549,0.248930237,-0.172775103,0.727961905
1497534871446070000,82423,1.537298572,0.538131201,1.051531046,-0.611214437,0.248252886,-0.173040168,0.731330648
1497534871456060000,82424,1.536997544,0.546722312,1.050345857,-0.607801828,0.248986687,-0.173445152,0.733825147
1497534871466060000,82425,1.5367569,0.555803136,1.049055425,-0.604877401,0.250218687,-0.173670906,0.735766509
1497534871476040000,82426,1.53644713,0.565198931,1.048189861,-0.602767,0.249848718,-0.172149324,0.737978436
1497534871486040000,82427,1.536037764,0.575012365,1.047146447,-0.599896378,0.250144504,-0.170175847,0.740670132
1497534871496050000,82428,1.535764298,0.585525264,1.046328217,-0.598092397,0.249899693,-0.168189521,0.742662718
1497534871506080000,82429,1.535392148,0.59655285,1.045657734,-0.597728043,0.247242206,-0.165044674,0.744548678
1497534871516050000,82430,1.535045599,0.607866348,1.045069787,-0.596588099,0.244810191,-0.162032492,0.746924415
1497534871526060000,82431,1.534581221,0.619290604,1.04474889,-0.5966455,0.241650032,-0.159283387,0.748497303
1497534871536020000,82432,1.534055991,0.630922159,1.044980213,-0.596998436,0.237360937,-0.157227933,0.750021353
1497534871546080000,82433,1.533718324,0.642629285,1.045506589,-0.597929825,0.234594176,-0.155174056,0.750577451
1497534871556040000,82434,1.533298543,0.65390379,1.046647299,-0.598068598,0.232297377,-0.154345666,0.751351646
1497534871566070000,82435,1.532953364,0.664737781,1.048617706,-0.597390249,0.231535146,-0.155010114,0.751989515
1497534871576020000,82436,1.53261327,0.674746365,1.050518957,-0.59839718,0.230556628,-0.155708305,0.751345047
1497534871586010000,82437,1.533006853,0.68483841,1.053102097,-0.601035515,0.230777231,-0.155702055,0.749169573
1497534871596050000,82438,1.533802218,0.694836439,1.055905508,-0.602942677,0.231103215,-0.156318316,0.747406192
1497534871606050000,82439,1.534912182,0.704593113,1.058560042,-0.604836968,0.232150578,-0.156556575,0.745498752
1497534871616040000,82440,1.536145212,0.714228325,1.061028027,-0.605488018,0.233536147,-0.156799438,0.744485772
1497534871626030000,82441,1.5377276,0.724163686,1.063348938,-0.606198441,0.237281809,-0.15894709,0.742264519
1497534871636040000,82442,1.538835555,0.73370178,1.065008419,-0.605059798,0.24069296,-0.162282381,0.741373029
1497534871645980000,82443,1.540039944,0.74330929,1.066309631,-0.605083357,0.243026466,-0.165548836,0.739868807
1497534871655990000,82444,1.541008862,0.752830709,1.067424337,-0.602977458,0.245705347,-0.17019932,0.739648064
1497534871665930000,82445,1.541893547,0.762378982,1.068470111,-0.603850828,0.246516942,-0.17444369,0.73767403
1497534871675910000,82446,1.542343227,0.771712742,1.068902062,-0.60375215,0.24673496,-0.179696443,0.736419982
1497534871685860000,82447,1.542373788,0.780683053,1.06935484,-0.607069026,0.244044091,-0.181712113,0.734091539
1497534871695910000,82448,1.542345081,0.789612543,1.069907117,-0.610534783,0.242756325,-0.183650729,0.731155972
1497534871705940000,82449,1.54235544,0.798435723,1.070642425,-0.615788612,0.241290299,-0.183522463,0.727257095
1497534871715940000,82450,1.542090507,0.806724292,1.071377569,-0.620548187,0.23989775,-0.182424631,0.723940792
1497534871726040000,82451,1.54203539,0.81502403,1.072313431,-0.625135394,0.239465,-0.180699706,0.72056219
1497534871736060000,82452,1.541984645,0.823222721,1.073563485,-0.629150522,0.239314737,-0.1784598,0.717669964
1497534871746080000,82453,1.541885172,0.831089708,1.07461531,-0.63198684,0.239791801,-0.176454063,0.715511349
1497534871756060000,82454,1.541469804,0.838729955,1.075449937,-0.635233429,0.23836654,-0.173685751,0.713787884
1497534871766040000,82455,1.541067769,0.846123124,1.07614873,-0.636126239,0.238214608,-0.172244727,0.713392573
1497534871776030000,82456,1.540667749,0.853348763,1.076848711,-0.637871211,0.238059026,-0.169307189,0.712589148
1497534871786070000,82457,1.540425128,0.860564755,1.077430074,-0.638938114,0.238177532,-0.167754119,0.711960747
1497534871796020000,82458,1.539900331,0.867350553,1.077533552,-0.640627804,0.237863131,-0.166110737,0.710932044
1497534871806040000,82459,1.539694914,0.874251565,1.07790323,-0.642137061,0.238793748,-0.164485214,0.709635226
1497534871816050000,82460,1.539514879,0.881124235,1.078216088,-0.644142271,0.239427809,-0.163345239,0.707865377
1497534871826040000,82461,1.539308731,0.887827187,1.078319513,-0.646672619,0.239786663,-0.161276533,0.705908464
1497534871836080000,82462,1.539091946,0.894388583,1.07821547,-0.649630778,0.240541014,-0.159812892,0.703263615
1497534871846070000,82463,1.538928074,0.901117881,1.078106899,-0.652594761,0.241670568,-0.159492903,0.700198135
1497534871856050000,82464,1.538593227,0.907653782,1.077868918,-0.655468298,0.242131954,-0.158828715,0.697500442
1497534871866060000,82465,1.538201918,0.91424344,1.077751833,-0.657598943,0.242183583,-0.15855326,0.695536919
1497534871876000000,82466,1.537581129,0.920722564,1.077461218,-0.660100245,0.241756929,-0.158614982,0.693298306
1497534871886060000,82467,1.536852812,0.92714273,1.077018345,-0.661887246,0.241731574,-0.159212998,0.691463912
1497534871895960000,82468,1.536116483,0.933832266,1.076763878,-0.664375923,0.240184396,-0.158946453,0.689675369
1497534871906060000,82469,1.53531947,0.940584325,1.076209776,-0.66689269,0.240311005,-0.159703846,0.687022155
1497534871916040000,82470,1.534526769,0.947526355,1.075891888,-0.669142979,0.239136201,-0.159892636,0.685197706
1497534871926080000,82471,1.53364534,0.95460915,1.075411239,-0.671582826,0.238582518,-0.160201929,0.682927692
1497534871936070000,82472,1.532837567,0.961750288,1.074785968,-0.673886162,0.237891859,-0.160310496,0.680871096
1497534871946040000,82473,1.531887088,0.969075875,1.074023978,-0.675730008,0.237623881,-0.160904955,0.678994435
1497534871956060000,82474,1.530903278,0.97647153,1.073321833,-0.678370048,0.237507901,-0.161011788,0.676372146
1497534871966000000,82475,1.529772987,0.983965331,1.07254077,-0.680625673,0.236457967,-0.160792821,0.67452353
1497534871976040000,82476,1.528509236,0.991576061,1.071813791,-0.683606067,0.236026914,-0.159784105,0.671895142
1497534871986050000,82477,1.527293322,0.999436484,1.070980039,-0.68561476,0.234797249,-0.159533995,0.670336898
1497534871996070000,82478,1.525877184,1.007305404,1.069890465,-0.687861079,0.234177032,-0.159550732,0.668245328
1497534872006050000,82479,1.52439473,1.015468149,1.068893908,-0.690937077,0.232860733,-0.158441394,0.665791378
1497534872016070000,82480,1.522706845,1.023596806,1.067741971,-0.693996515,0.231390261,-0.157097489,0.66343633
1497534872026030000,82481,1.521018199,1.031836909,1.066709808,-0.696217685,0.230717939,-0.156474095,0.661487737
1497534872036060000,82482,1.519242976,1.040102873,1.065493043,-0.699193741,0.229361048,-0.155389394,0.659071891
1497534872046080000,82483,1.517424379,1.048535653,1.064244644,-0.701618528,0.227743719,-0.154434361,0.657277923
1497534872056060000,82484,1.515405733,1.056922656,1.062895556,-0.70428054,0.22618559,-0.152998819,0.655301734
1497534872066060000,82485,1.513232083,1.06537475,1.061691209,-0.705996923,0.225014527,-0.152257743,0.654029347
1497534872076050000,82486,1.511159523,1.07398161,1.060559097,-0.707838374,0.222982278,-0.151442773,0.652923293
1497534872086040000,82487,1.509041711,1.082573199,1.059357325,-0.70974055,0.221322491,-0.150827088,0.651564192
1497534872096090000,82488,1.507068802,1.091169799,1.058056525,-0.71101667,0.219880272,-0.149860295,0.650883901
1497534872106070000,82489,1.504964881,1.099573878,1.056814397,-0.711706059,0.219316939,-0.149276455,0.650454538
1497534872116080000,82490,1.502984664,1.107966755,1.055566719,-0.713091817,0.219101028,-0.148396506,0.649209733
1497534872126050000,82491,1.500985538,1.116289239,1.054056528,-0.713934358,0.219505776,-0.147992101,0.648238602
1497534872136080000,82492,1.498877935,1.124583597,1.052606805,-0.715220712,0.219569105,-0.146261507,0.647191095
1497534872146100000,82493,1.496704765,1.13295615,1.05118683,-0.715790724,0.219723528,-0.145310737,0.646722507
1497534872156070000,82494,1.494433277,1.14126524,1.049741168,-0.715833742,0.219291554,-0.144719341,0.646954079
1497534872166080000,82495,1.492060251,1.14973881,1.048030814,-0.717201791,0.218883052,-0.144455277,0.645634938
1497534872176050000,82496,1.489469723,1.158157076,1.046507625,-0.717569919,0.218476453,-0.144526209,0.645347678
1497534872186080000,82497,1.486781622,1.166677293,1.04495297,-0.718037698,0.219106699,-0.145511697,0.644391547
1497534872196070000,82498,1.48401614,1.1753113,1.043468472,-0.717975421,0.219432164,-0.147540578,0.643888654
1497534872206080000,82499,1.481216319,1.184045159,1.041945698,-0.718914845,0.221219236,-0.148159179,0.642084382
1497534872216070000,82500,1.478378932,1.192950744,1.040614688,-0.718344438,0.221954051,-0.149834713,0.64208039
1497534872226070000,82501,1.475517029,1.201884037,1.03960349,-0.718564186,0.225387562,-0.1503103,0.640525387
1497534872236080000,82502,1.47232774,1.210703274,1.038817315,-0.717567723,0.22758876,-0.152018381,0.64046103
1497534872246090000,82503,1.469046712,1.219772033,1.038435591,-0.717525692,0.229711583,-0.152096369,0.639731322
1497534872256070000,82504,1.465123833,1.228584588,1.038062695,-0.716106705,0.23077525,-0.152404343,0.640864172
1497534872266080000,82505,1.460979503,1.237683008,1.038164371,-0.714958722,0.23171565,-0.152302728,0.641830011
1497534872276040000,82506,1.456466319,1.246937906,1.038567351,-0.714611519,0.230994162,-0.150545347,0.642890482
1497534872286080000,82507,1.45153506,1.256235906,1.039344207,-0.714236608,0.228998682,-0.148288495,0.644543399
1497534872296070000,82508,1.446311736,1.265534527,1.040233164,-0.714232681,0.225589602,-0.144775832,0.64654541
1497534872306050000,82509,1.440839695,1.274775721,1.041574074,-0.714097894,0.22143933,-0.1405747,0.649051288
1497534872316060000,82510,1.435068269,1.283681047,1.043147757,-0.71311694,0.2179884,-0.137124798,0.6520292
1497534872325990000,82511,1.429217597,1.292516252,1.044799679,-0.711367116,0.213368844,-0.133235393,0.656261299
1497534872336120000,82512,1.42316043,1.300871782,1.046568286,-0.70935165,0.208338685,-0.129749168,0.660742296
1497534872346130000,82513,1.417199211,1.309266,1.04867766,-0.707428367,0.203390475,-0.126439589,0.664974023
1497534872356080000,82514,1.411253983,1.317264507,1.050500609,-0.70452769,0.197945713,-0.123569797,0.670215438
1497534872366070000,82515,1.405439141,1.325134501,1.052257225,-0.70178732,0.19184632,-0.12080309,0.675348918
1497534872376050000,82516,1.399818512,1.332700601,1.053453158,-0.699077615,0.187240678,-0.118812064,0.67979049
1497534872386110000,82517,1.394662943,1.340186648,1.054844446,-0.695559386,0.182377983,-0.117165837,0.684987283
1497534872395970000,82518,1.389842577,1.347385071,1.05582542,-0.691812163,0.178485252,-0.115777638,0.690024988
1497534872406090000,82519,1.385399884,1.354322074,1.056539321,-0.687571925,0.177002455,-0.11490659,0.694774391
1497534872416090000,82520,1.381410809,1.361270604,1.057175308,-0.683803866,0.176726014,-0.11346962,0.698788118
1497534872426060000,82521,1.377569751,1.367991228,1.057755984,-0.679526671,0.176903978,-0.111377969,0.703237822
1497534872436050000,82522,1.373918692,1.374689813,1.058165957,-0.6748778,0.177244904,-0.108837171,0.70801036
1497534872446060000,82523,1.370259721,1.381237784,1.05856097,-0.671730295,0.178364836,-0.104664074,0.711343678
1497534872456060000,82524,1.366568003,1.3877115,1.058904432,-0.668041554,0.178056554,-0.100456381,0.715489246
1497534872466030000,82525,1.363039289,1.394353934,1.059776258,-0.66445949,0.178817009,-0.096150595,0.719217023
1497534872476030000,82526,1.359267769,1.400778572,1.060592255,-0.661871359,0.177890207,-0.091716887,0.722405282
1497534872486080000,82527,1.355360159,1.407048056,1.061600298,-0.659042295,0.176618842,-0.088281868,0.725724018
1497534872496080000,82528,1.351339048,1.413391047,1.062949696,-0.656535873,0.173204554,-0.084177975,0.729297538
1497534872506080000,82529,1.347146572,1.419550902,1.064327658,-0.653642809,0.170463604,-0.080923306,0.732901533
1497534872516080000,82530,1.342865399,1.425612705,1.065824807,-0.651542314,0.166585423,-0.07740685,0.736036745
1497534872526010000,82531,1.338606763,1.431636948,1.067459718,-0.648686355,0.163175429,-0.074414088,0.739623103
1497534872536080000,82532,1.334486661,1.43780191,1.069133227,-0.646369947,0.159331147,-0.07032908,0.742881752
1497534872546090000,82533,1.330425809,1.443815522,1.070619556,-0.643875741,0.157005821,-0.065923563,0.745940538
1497534872556080000,82534,1.326537994,1.450040798,1.072068054,-0.642234761,0.15429547,-0.062498169,0.748212134
1497534872566020000,82535,1.322632788,1.456308993,1.073264695,-0.639545457,0.152052104,-0.057739141,0.751350755
1497534872576050000,82536,1.31880997,1.462562703,1.074564211,-0.638470206,0.149827114,-0.052941256,0.753063647
1497534872586090000,82537,1.314975689,1.468945455,1.075412286,-0.637552572,0.147791627,-0.048841795,0.754518941
1497534872596080000,82538,1.311029423,1.475456914,1.076407634,-0.636683876,0.143975726,-0.043873719,0.756293415
1497534872606080000,82539,1.306987575,1.482019145,1.077092102,-0.636661099,0.141271108,-0.039335422,0.757071888
1497534872616070000,82540,1.302875702,1.488809828,1.077706824,-0.637709289,0.13758601,-0.035183353,0.757072708
1497534872625990000,82541,1.298565317,1.495563959,1.078271839,-0.638729253,0.132684868,-0.031184568,0.75726296
1497534872636000000,82542,1.294294989,1.502486182,1.078612108,-0.639469511,0.127723512,-0.027204646,0.75764461
1497534872646010000,82543,1.289788587,1.509398672,1.078680272,-0.641348102,0.122301527,-0.023322457,0.757080585
1497534872656060000,82544,1.285236792,1.516354696,1.078586969,-0.642428423,0.11685216,-0.019442682,0.757134913
1497534872666070000,82545,1.280709218,1.523305245,1.078275354,-0.643600162,0.11110466,-0.014883215,0.757108365
1497534872676030000,82546,1.276159085,1.530372463,1.077806787,-0.645483631,0.106083621,-0.011967097,0.756276362
1497534872686090000,82547,1.271591392,1.53723298,1.077437306,-0.646697001,0.1013248,-0.00792452,0.755945418
1497534872696090000,82548,1.267040782,1.544370213,1.076873829,-0.648882456,0.096890366,-0.003752537,0.754685189
1497534872706090000,82549,1.262574258,1.551523392,1.076088205,-0.649779781,0.0917446,-8.52E-05,0.754565542
1497534872716090000,82550,1.25795752,1.558568662,1.07521593,-0.651575364,0.087188331,0.004191932,0.753545067
1497534872726060000,82551,1.253438598,1.565747823,1.074375185,-0.653351901,0.083017856,0.007470612,0.752451672
1497534872736090000,82552,1.248848908,1.573021094,1.073287952,-0.655321452,0.078686214,0.010986655,0.751160148
1497534872746110000,82553,1.244171857,1.580232681,1.072165351,-0.659011578,0.074743373,0.015055326,0.748258314
1497534872756090000,82554,1.239596503,1.587566299,1.070919453,-0.660088611,0.069115434,0.017946975,0.747786058
1497534872766080000,82555,1.234881768,1.594939033,1.069623833,-0.662733901,0.064116867,0.021761012,0.745787679
1497534872776020000,82556,1.230150996,1.602505656,1.068177949,-0.664183999,0.058923573,0.02478966,0.744830921
1497534872786100000,82557,1.225360087,1.610264105,1.066787931,-0.665842445,0.053495799,0.02908494,0.743603459
1497534872796130000,82558,1.220429753,1.61806217,1.065676572,-0.667634449,0.048281663,0.032325436,0.742218425
1497534872806090000,82559,1.215290525,1.625896599,1.06401215,-0.66963775,0.042573033,0.035948252,0.740594723
1497534872816090000,82560,1.210137915,1.633508737,1.062690798,-0.670200425,0.038028151,0.039416485,0.740156464
1497534872826060000,82561,1.204851969,1.64128954,1.060800997,-0.670608174,0.033951781,0.043483136,0.739757508
1497534872836120000,82562,1.199856967,1.649002391,1.059456867,-0.670615733,0.029891181,0.047038191,0.739708365
1497534872846110000,82563,1.19467637,1.656873448,1.05809765,-0.671496442,0.026129443,0.051273874,0.738769768
1497534872856090000,82564,1.18967753,1.664683309,1.056807977,-0.671240292,0.022008511,0.05452858,0.738903735
1497534872866100000,82565,1.184640367,1.672633466,1.055522368,-0.670886962,0.017950011,0.058323828,0.739044526
1497534872876050000,82566,1.179535336,1.680632757,1.054150344,-0.669652314,0.014562393,0.061781604,0.739957261
1497534872886080000,82567,1.174493486,1.688647058,1.053037882,-0.669355389,0.011616154,0.065419996,0.739965305
1497534872896100000,82568,1.169550206,1.696899447,1.052210332,-0.668825431,0.009391269,0.068081672,0.740235931
1497534872906090000,82569,1.164233427,1.705331477,1.050922697,-0.666612596,0.0076964,0.072312468,0.741848582
1497534872916080000,82570,1.159120813,1.714007835,1.050050533,-0.665366328,0.005171853,0.076720869,0.742546166
1497534872926060000,82571,1.153725293,1.722863005,1.049148973,-0.663829306,0.003686435,0.080625268,0.743516395
1497534872936080000,82572,1.148136042,1.73218632,1.047995701,-0.663165256,0.003261518,0.084571093,0.7436726
1497534872946070000,82573,1.142444296,1.741671284,1.047056816,-0.66168506,0.001397389,0.089239182,0.744451004
1497534872956040000,82574,1.136665273,1.750537249,1.046139951,-0.659786672,-0.003764463,0.09709419,0.745144345
1497534872966110000,82575,1.13089179,1.7600427,1.045330049,-0.658688682,-0.00641244,0.100914762,0.745589909
1497534872976070000,82576,1.12493966,1.769296153,1.044654402,-0.657200487,-0.008188181,0.105083462,0.746309547
1497534872986110000,82577,1.119178616,1.778855018,1.044669101,-0.656528414,-0.010211175,0.107991072,0.746461051
1497534872996090000,82578,1.113385846,1.787987525,1.045005229,-0.656000741,-0.012535136,0.111429707,0.746384163
1497534873005940000,82579,1.107711686,1.796753209,1.045925124,-0.656789358,-0.013165358,0.113279345,0.745400699
1497534873015850000,82580,1.102212629,1.805697276,1.047508067,-0.658014316,-0.014278993,0.114964231,0.744040655
1497534873025840000,82581,1.097071218,1.813873126,1.049457901,-0.660355455,-0.019208614,0.117729336,0.741418576
1497534873036060000,82582,1.09191007,1.822253207,1.051770597,-0.66260816,-0.024555805,0.118565985,0.739114028
1497534873046110000,82583,1.086868738,1.830578466,1.054410057,-0.662356763,-0.027442443,0.119104729,0.739151198
1497534873056090000,82584,1.08191335,1.838474838,1.057004848,-0.660721092,-0.029154764,0.119971177,0.74040837
1497534873066070000,82585,1.077034174,1.846277075,1.05934389,-0.659131381,-0.029841211,0.119417217,0.741886011
1497534873076060000,82586,1.072155405,1.853963919,1.060994254,-0.658102586,-0.031038767,0.119783108,0.742690776
1497534873086080000,82587,1.0673107,1.859886512,1.06197242,-0.650148899,-0.028851246,0.119533374,0.749790496
1497534873096100000,82588,1.062202392,1.869111576,1.063709689,-0.656396991,-0.030425948,0.120814244,0.744057236
1497534873106110000,82589,1.057065699,1.876513238,1.064737145,-0.655867749,-0.033669693,0.121266361,0.744310632
1497534873116090000,82590,1.051727993,1.883662682,1.065325537,-0.656607572,-0.039417491,0.122264252,0.74321209
1497534873126080000,82591,1.046159584,1.890926872,1.065774717,-0.659622335,-0.044922606,0.123514321,0.740016586
1497534873136100000,82592,1.040648685,1.897781046,1.065988189,-0.66066868,-0.052656031,0.123699455,0.738540914
1497534873146100000,82593,1.035169503,1.904725845,1.066320963,-0.665401381,-0.060245551,0.125099074,0.733458723
1497534873156100000,82594,1.029664924,1.911650983,1.066674559,-0.671290261,-0.067264313,0.126712749,0.727178642
1497534873166100000,82595,1.024715124,1.917788245,1.067081857,-0.673260996,-0.071587535,0.127908175,0.72473054
1497534873176040000,82596,1.019742935,1.922955793,1.066758666,-0.673417963,-0.074545363,0.130151463,0.723886616
1497534873186110000,82597,1.01489796,1.928655718,1.066920043,-0.675345099,-0.078421672,0.133528765,0.721061098
1497534873196110000,82598,1.010189169,1.933850206,1.067233393,-0.6769583,-0.07965672,0.136620591,0.718830356
1497534873206040000,82599,1.005654913,1.938509431,1.067327892,-0.676334842,-0.083141111,0.140896261,0.718197034
1497534873216100000,82600,1.000878637,1.944047029,1.067656749,-0.679767763,-0.083695304,0.142339074,0.714598119
1497534873226080000,82601,0.996345356,1.948935345,1.067822341,-0.67945489,-0.083253584,0.145070115,0.714398037
1497534873236100000,82602,0.991821022,1.953556923,1.068009304,-0.681724033,-0.086979649,0.149367878,0.710898109
1497534873246100000,82603,0.987131667,1.958817596,1.068095374,-0.683574999,-0.086765546,0.149887028,0.709035146
1497534873256100000,82604,0.982417616,1.96348524,1.067947217,-0.684356607,-0.086894806,0.15276148,0.707650519
1497534873266100000,82605,0.977624995,1.968129886,1.067743939,-0.686107752,-0.088934506,0.154991142,0.705212417
1497534873276090000,82606,0.972730188,1.972911942,1.067620564,-0.688330083,-0.091415341,0.156553969,0.702378664
1497534873286070000,82607,0.967760174,1.977391,1.067305966,-0.689817181,-0.0930694,0.158607748,0.700238477
1497534873296100000,82608,0.962640918,1.98206937,1.066950543,-0.69210827,-0.095332891,0.159586019,0.6974454
1497534873306100000,82609,0.957464156,1.98654509,1.066399995,-0.692762483,-0.098203414,0.162218353,0.695788356
1497534873316040000,82610,0.952233897,1.991081235,1.06592664,-0.695677556,-0.100269008,0.162970079,0.692401341
1497534873326070000,82611,0.946978429,1.995278916,1.065287943,-0.698100163,-0.102593851,0.163656827,0.68945421
1497534873336070000,82612,0.941679698,1.999644639,1.06479097,-0.699677726,-0.106478518,0.166096221,0.686677108
1497534873346090000,82613,0.93630631,2.003791888,1.06398013,-0.701251272,-0.109900843,0.168516062,0.683937713
1497534873356080000,82614,0.930895115,2.008024643,1.063352138,-0.703423498,-0.112604151,0.169616049,0.680989049
1497534873366080000,82615,0.925396792,2.011812812,1.06231129,-0.705514366,-0.114913484,0.17039444,0.678240448
1497534873376050000,82616,0.920019604,2.01604652,1.061778803,-0.706109568,-0.119369541,0.172472795,0.676323388
1497534873386090000,82617,0.914547051,2.019912199,1.06082345,-0.708113359,-0.121907802,0.173353113,0.673544844
1497534873396040000,82618,0.909041817,2.023512704,1.059939935,-0.70982206,-0.123423878,0.17398508,0.671303494
1497534873406000000,82619,0.903506121,2.027186603,1.05927223,-0.711483703,-0.125212357,0.174704571,0.66902251
1497534873416060000,82620,0.897786832,2.030909467,1.058453249,-0.712520105,-0.128197869,0.176080862,0.666990208
1497534873426070000,82621,0.892066679,2.034638264,1.05760159,-0.713848485,-0.130612838,0.176527055,0.66498032
1497534873436150000,82622,0.886385835,2.038477839,1.057066409,-0.714548477,-0.133515254,0.176705415,0.663603305
1497534873446070000,82623,0.88062231,2.042020681,1.056194985,-0.715749465,-0.135557752,0.177869993,0.661580732
1497534873456050000,82624,0.87469813,2.045711719,1.055301898,-0.717010998,-0.137492542,0.178734076,0.659579533
1497534873466080000,82625,0.868739751,2.049191311,1.054292448,-0.719482327,-0.139221681,0.178644376,0.656542985
1497534873476080000,82626,0.862742673,2.052625226,1.053277319,-0.721155927,-0.140809217,0.177915384,0.654563221
1497534873486080000,82627,0.856593791,2.056128747,1.052092182,-0.722089762,-0.142150102,0.178220762,0.65315931
1497534873496040000,82628,0.85041237,2.059614213,1.051225806,-0.722404731,-0.144409886,0.179468195,0.651972665
1497534873506020000,82629,0.844277069,2.062955604,1.05019665,-0.722347756,-0.145132616,0.180628727,0.651554684
1497534873516070000,82630,0.837937093,2.066614361,1.049248938,-0.72132415,-0.147182369,0.1820913,0.651821739
1497534873526060000,82631,0.831669366,2.069973655,1.047902499,-0.7225471,-0.147111777,0.182121561,0.650473328
1497534873536100000,82632,0.825289462,2.073781778,1.046698332,-0.723607803,-0.147827762,0.181858555,0.649204256
1497534873546050000,82633,0.818789976,2.077577515,1.045442721,-0.724593604,-0.148613058,0.182057016,0.647868436
1497534873556090000,82634,0.812189005,2.081459185,1.044168012,-0.725919074,-0.149896254,0.182372834,0.645997493
1497534873566150000,82635,0.805496798,2.085067928,1.042715254,-0.727659991,-0.150593607,0.182375891,0.643872298
1497534873576050000,82636,0.798668922,2.088736167,1.041250815,-0.729598174,-0.152612548,0.182480457,0.641168307
1497534873586080000,82637,0.791765956,2.092071566,1.039469175,-0.731074711,-0.153309363,0.181862946,0.639493452
1497534873596090000,82638,0.784869404,2.09512875,1.037903045,-0.733524141,-0.154556577,0.181129254,0.636589972
1497534873606070000,82639,0.777850238,2.098538791,1.036596611,-0.734340238,-0.157522713,0.180825397,0.635006445
1497534873616020000,82640,0.770743247,2.101576008,1.034926741,-0.736703796,-0.158899181,0.179716114,0.632234676
1497534873626020000,82641,0.76367779,2.104539962,1.03326799,-0.737897832,-0.160825563,0.179622903,0.630378887
1497534873636110000,82642,0.756538609,2.107271956,1.031576001,-0.738737866,-0.161300682,0.178675891,0.6295422
1497534873646120000,82643,0.74938265,2.110114846,1.030084227,-0.739707207,-0.162360604,0.177729098,0.62839848
1497534873656100000,82644,0.742173183,2.112578984,1.028374634,-0.741561501,-0.16198185,0.175884491,0.626827781
1497534873666100000,82645,0.734792551,2.115199371,1.026902122,-0.741578454,-0.160964871,0.17423417,0.627530207
1497534873676070000,82646,0.727324918,2.117996367,1.025595758,-0.742218407,-0.161977981,0.171939444,0.627145755
1497534873686090000,82647,0.719510179,2.120455686,1.024171842,-0.74473652,-0.160099455,0.168966761,0.62544857
1497534873696110000,82648,0.711404786,2.123061599,1.022793875,-0.744608732,-0.159143359,0.167359427,0.626276337
1497534873706110000,82649,0.703098396,2.125648037,1.021913638,-0.746250611,-0.158980486,0.164423094,0.625140206
1497534873716100000,82650,0.694404877,2.127836827,1.021014748,-0.747947501,-0.15660686,0.162589602,0.624190235
1497534873726060000,82651,0.685440419,2.13010973,1.020599935,-0.747977098,-0.156220852,0.162072413,0.62438597
1497534873736110000,82652,0.67608458,2.132521063,1.020565687,-0.747630828,-0.157704489,0.161217687,0.624648938
1497534873746090000,82653,0.666348738,2.134180156,1.020490906,-0.748186872,-0.15695003,0.161351388,0.624138464
1497534873756100000,82654,0.656408812,2.135914185,1.020904218,-0.748074699,-0.158211,0.161822251,0.623832576
1497534873766110000,82655,0.64642503,2.137598514,1.021367728,-0.745972911,-0.160459845,0.163231234,0.625405963
1497534873775910000,82656,0.636227398,2.138573333,1.022051479,-0.747319436,-0.159126358,0.164280984,0.623862342
1497534873786080000,82657,0.626102976,2.139795523,1.023190024,-0.745993022,-0.161169537,0.167571047,0.624050267
1497534873796090000,82658,0.615995108,2.140576275,1.024385889,-0.7446849,-0.161933878,0.170960402,0.624495284
1497534873806110000,82659,0.605887595,2.141416259,1.025724146,-0.742696209,-0.163057199,0.175187883,0.62539899
1497534873816100000,82660,0.596058266,2.141915023,1.027275163,-0.741778004,-0.16400117,0.178722152,0.625241875
1497534873826060000,82661,0.586330008,2.142484149,1.029066757,-0.738216177,-0.16551118,0.183017192,0.627811781
1497534873836100000,82662,0.576799031,2.142788565,1.030701599,-0.734543696,-0.166659835,0.187528176,0.630478581
1497534873846050000,82663,0.567355945,2.142878183,1.03251396,-0.731981556,-0.167020149,0.190987406,0.632321976
1497534873856090000,82664,0.558135649,2.142948483,1.033989788,-0.728575924,-0.167946968,0.19508971,0.634752663
1497534873866110000,82665,0.549009341,2.143214296,1.035476567,-0.725362537,-0.169339153,0.199082279,0.63681998
1497534873876090000,82666,0.540293633,2.143531097,1.03676067,-0.721451079,-0.171522432,0.203034306,0.639425888
1497534873886070000,82667,0.531805715,2.144021916,1.037836798,-0.716262121,-0.17458358,0.207948366,0.642842613
1497534873896110000,82668,0.523638511,2.144291052,1.03868026,-0.712750153,-0.175303501,0.211799293,0.645288277
1497534873906120000,82669,0.515748274,2.144752289,1.039356782,-0.709071132,-0.174920707,0.215423516,0.648238833
1497534873916100000,82670,0.508146126,2.145121525,1.039776571,-0.704515667,-0.17497087,0.219169552,0.651926052
1497534873926040000,82671,0.500858634,2.14541149,1.040159899,-0.700591702,-0.173141018,0.222769643,0.655413718
1497534873936110000,82672,0.49379285,2.145845393,1.040801402,-0.697342105,-0.17069617,0.226988206,0.658067747
1497534873946090000,82673,0.486868379,2.146453024,1.041351927,-0.693334948,-0.168748579,0.231266679,0.661306503
1497534873956110000,82674,0.480091958,2.146766708,1.042044322,-0.689941638,-0.165755012,0.235036757,0.6642767
1497534873966040000,82675,0.47354147,2.147515025,1.042846698,-0.686478866,-0.164587244,0.238902317,0.666770942
1497534873976020000,82676,0.466798776,2.147936056,1.04382071,-0.684216083,-0.161559197,0.242708061,0.66846075
1497534873986100000,82677,0.460355613,2.148516365,1.045019756,-0.681446178,-0.159640182,0.246143761,0.670491885
1497534873996110000,82678,0.453884927,2.149372633,1.046458034,-0.678680745,-0.157986966,0.249746283,0.672353596
1497534874006100000,82679,0.447459576,2.149836137,1.047711911,-0.67585047,-0.156399153,0.253134842,0.674305716
1497534874016100000,82680,0.441141829,2.150665376,1.04928632,-0.673077461,-0.155348583,0.256743072,0.675956023
1497534874026050000,82681,0.434757176,2.151211321,1.050620361,-0.669782739,-0.153690571,0.260240109,0.678266449
1497534874036110000,82682,0.428423108,2.151887117,1.052007642,-0.666724802,-0.153799698,0.263894268,0.679840795
1497534874046060000,82683,0.422017422,2.152642765,1.053442594,-0.664109547,-0.15356543,0.2675447,0.681025698
1497534874056110000,82684,0.415282741,2.153095668,1.054553665,-0.661045633,-0.152873692,0.271394991,0.682636847
1497534874066100000,82685,0.408697779,2.153894326,1.055886271,-0.658126001,-0.153230615,0.275519425,0.683724793
1497534874076060000,82686,0.401791216,2.154570475,1.056935237,-0.65579325,-0.154061235,0.279714984,0.684075929
1497534874086100000,82687,0.394826875,2.155163078,1.057898268,-0.65324721,-0.155958751,0.283958501,0.684333633
1497534874096110000,82688,0.387812853,2.155969222,1.058862655,-0.650675599,-0.157687896,0.287102676,0.685075066
1497534874106100000,82689,0.3806127,2.156657057,1.05960652,-0.649779299,-0.161027295,0.290339849,0.683783478
1497534874116090000,82690,0.373319545,2.157364982,1.060294436,-0.647578905,-0.163669018,0.293333798,0.683965859
1497534874126040000,82691,0.366121354,2.158175148,1.060948069,-0.645684964,-0.166697739,0.296128791,0.68382054
1497534874136040000,82692,0.359024768,2.158956006,1.06144636,-0.64467955,-0.169544321,0.298304909,0.68312311
1497534874146010000,82693,0.351904836,2.159799388,1.061711557,-0.64256965,-0.172428657,0.300705071,0.683336713
1497534874156090000,82694,0.34486311,2.160521423,1.061742806,-0.641352162,-0.174890273,0.302731567,0.682960025
1497534874166080000,82695,0.337879391,2.161583102,1.061866996,-0.640317583,-0.177433841,0.304367197,0.682547606
1497534874176070000,82696,0.330986717,2.162678963,1.061859211,-0.63920857,-0.17905901,0.306092649,0.682391065
1497534874186110000,82697,0.324044257,2.163942059,1.061628617,-0.638563067,-0.180700301,0.307945328,0.681728895
1497534874196110000,82698,0.317001721,2.165032103,1.061033606,-0.638029555,-0.182265117,0.309285944,0.681204756
1497534874206090000,82699,0.309876683,2.166401033,1.060494241,-0.638289311,-0.184342157,0.310494031,0.679851588
1497534874216090000,82700,0.302726531,2.167863124,1.059807538,-0.638248037,-0.18590592,0.311380918,0.679058434
1497534874226070000,82701,0.295525133,2.169474849,1.059010552,-0.639007116,-0.188125908,0.312303991,0.677306996
1497534874236050000,82702,0.288244073,2.170892506,1.057824876,-0.638680328,-0.189172706,0.313039851,0.676983883
1497534874246090000,82703,0.280838349,2.172432202,1.056587855,-0.640004265,-0.191116498,0.313906058,0.674782936
1497534874256050000,82704,0.273384101,2.173993255,1.055085923,-0.640497202,-0.192483354,0.314468007,0.673664134
1497534874266070000,82705,0.265707032,2.175600524,1.053307597,-0.641310843,-0.194715349,0.315087882,0.671956816
1497534874276110000,82706,0.257868998,2.177308704,1.051420962,-0.641444338,-0.197415607,0.315846765,0.670684024
1497534874286090000,82707,0.249825688,2.179193415,1.049548459,-0.642338647,-0.199989388,0.31637619,0.668813437
1497534874296100000,82708,0.241544994,2.181033008,1.047676903,-0.642836419,-0.20259697,0.317393325,0.667066176
1497534874306120000,82709,0.233095186,2.182729567,1.045511913,-0.64331023,-0.20556064,0.318146703,0.665341601
1497534874316110000,82710,0.224736006,2.18438591,1.043474784,-0.643039717,-0.208047515,0.319350327,0.664252604
1497534874326070000,82711,0.216328112,2.185985881,1.041467149,-0.642696216,-0.210426688,0.320782972,0.663144379
1497534874336110000,82712,0.208092411,2.187680575,1.039542537,-0.641832368,-0.211995414,0.323541044,0.662140732
1497534874346120000,82713,0.199945344,2.189519061,1.037727768,-0.64128418,-0.213068004,0.325616265,0.661309817
1497534874356130000,82714,0.191800036,2.190870245,1.035726742,-0.640128635,-0.213130727,0.327949255,0.661256312
1497534874366120000,82715,0.183684319,2.192467408,1.034107826,-0.638873452,-0.213527492,0.330362689,0.661140845
1497534874376100000,82716,0.175619706,2.194387776,1.032860627,-0.636982452,-0.212086905,0.33229859,0.662457657
1497534874386080000,82717,0.16733121,2.196102537,1.031438689,-0.634461433,-0.211246511,0.334835284,0.663866653
1497534874396130000,82718,0.158911104,2.197722766,1.029946249,-0.633005433,-0.2111466,0.336998731,0.664193564
1497534874406130000,82719,0.150106988,2.199657924,1.028588704,-0.630793647,-0.209205737,0.339255751,0.665761121
1497534874416100000,82720,0.140983349,2.202074534,1.027696751,-0.629245795,-0.207000485,0.341574592,0.666728826
1497534874426060000,82721,0.131490141,2.204315446,1.026494639,-0.628326594,-0.206626507,0.344496456,0.666208203
1497534874436070000,82722,0.121638404,2.206570819,1.025235087,-0.626515076,-0.206478769,0.34752875,0.666385133
1497534874446120000,82723,0.11147451,2.209212401,1.024373477,-0.625340858,-0.206220495,0.350362797,0.66608395
1497534874456130000,82724,0.101037042,2.211831405,1.023651481,-0.623846965,-0.207336689,0.35335163,0.665559229
1497534874466030000,82725,0.090662326,2.214249462,1.023150926,-0.622337,-0.208371381,0.356258348,0.665100004
1497534874476100000,82726,0.080246973,2.216469275,1.022712404,-0.620696855,-0.210432849,0.358147515,0.664969013
1497534874486100000,82727,0.070008261,2.218941941,1.023165807,-0.619211316,-0.211370842,0.359763693,0.665184033
1497534874496140000,82728,0.060176702,2.221448937,1.024345517,-0.618616862,-0.212366458,0.360473768,0.665035584
1497534874506120000,82729,0.05052852,2.223805156,1.025704837,-0.618036556,-0.212771891,0.359700002,0.665863986
1497534874516130000,82730,0.04118552,2.226412334,1.027616465,-0.619042893,-0.214130463,0.358128503,0.665340527
1497534874526060000,82731,0.032090814,2.229542985,1.030051584,-0.620245023,-0.215366486,0.356935751,0.664462382
1497534874536070000,82732,0.023191395,2.232866402,1.032351265,-0.621477095,-0.217345835,0.355487033,0.663442521
1497534874546120000,82733,0.014499785,2.236408516,1.034438643,-0.622026912,-0.217677721,0.353574231,0.663840489
1497534874556100000,82734,0.0060584,2.24025067,1.036577273,-0.623860362,-0.214979957,0.351757979,0.663963998
1497534874566180000,82735,-0.002141212,2.243864767,1.038180624,-0.625529143,-0.211387212,0.349122879,0.664937556
1497534874576110000,82736,-0.010175292,2.247492749,1.039436324,-0.626198847,-0.206708388,0.346624378,0.667081845
1497534874586090000,82737,-0.018091129,2.250975904,1.04036687,-0.627632041,-0.202417664,0.3439003,0.668459194
1497534874596130000,82738,-0.026029392,2.25417776,1.041123535,-0.62913296,-0.199368209,0.340654843,0.669625502
1497534874606120000,82739,-0.033942802,2.257417484,1.041923612,-0.629193579,-0.198330858,0.337485959,0.671478621
1497534874616110000,82740,-0.041619171,2.26004697,1.042458832,-0.629820604,-0.199460916,0.334956612,0.67182246
1497534874626030000,82741,-0.049432366,2.262466855,1.042989305,-0.630495858,-0.202001533,0.33226546,0.671766341
1497534874636120000,82742,-0.057103533,2.264696772,1.043432592,-0.632043243,-0.205520097,0.329852523,0.670432802
1497534874646130000,82743,-0.064656858,2.26676798,1.043876334,-0.634963858,-0.208951698,0.328671331,0.667184564
1497534874656120000,82744,-0.072132188,2.268974794,1.044460026,-0.637314679,-0.213029094,0.327953225,0.663999463
1497534874666120000,82745,-0.079228454,2.27106792,1.044993033,-0.639698206,-0.215761519,0.327895652,0.660846134
1497534874675980000,82746,-0.086264659,2.273260957,1.04568435,-0.642911755,-0.218251491,0.328158061,0.656767119
1497534874686050000,82747,-0.092960978,2.275135501,1.046175227,-0.645209942,-0.220226504,0.328724226,0.653563158
1497534874696140000,82748,-0.099401762,2.277033214,1.046616661,-0.646562188,-0.220665002,0.329493084,0.651689038
1497534874706130000,82749,-0.105627044,2.278882305,1.04688038,-0.648116316,-0.221094192,0.330591596,0.649439602
1497534874716030000,82750,-0.111854826,2.280897618,1.047435966,-0.648862697,-0.220531955,0.331282777,0.648532635
1497534874726090000,82751,-0.117922485,2.2828332,1.04756854,-0.650385831,-0.22078179,0.331845087,0.646631665
1497534874736120000,82752,-0.123689045,2.284447985,1.047433172,-0.652846855,-0.221359449,0.331876273,0.643932542
1497534874746130000,82753,-0.129627758,2.286674581,1.047828691,-0.654931809,-0.219883944,0.332446825,0.642023741
1497534874756120000,82754,-0.135435176,2.288714356,1.047900103,-0.657021856,-0.217799255,0.331555675,0.641058967
1497534874766110000,82755,-0.141048607,2.290297134,1.047512091,-0.659782251,-0.218697585,0.330983094,0.638207599
1497534874776100000,82756,-0.146935441,2.292557816,1.047900051,-0.662087375,-0.218412561,0.330149704,0.636346945
1497534874786150000,82757,-0.152630536,2.294355179,1.048117114,-0.664607958,-0.218686149,0.329189184,0.634119162
1497534874796130000,82758,-0.158291498,2.295588457,1.047832677,-0.665656781,-0.219561936,0.328524548,0.633060208
1497534874806140000,82759,-0.164038262,2.297044075,1.04777381,-0.667294358,-0.220768856,0.327222518,0.631589088
1497534874816090000,82760,-0.169653616,2.298443114,1.047875696,-0.668697675,-0.223230891,0.325766081,0.629990357
1497534874826090000,82761,-0.175355096,2.299468482,1.04735914,-0.669306113,-0.223156559,0.324359498,0.630096337
1497534874836120000,82762,-0.181085267,2.300621253,1.047163446,-0.670706672,-0.224923537,0.322669087,0.628845468
1497534874846120000,82763,-0.186780195,2.301913136,1.046705459,-0.671663952,-0.225905663,0.321056702,0.628296714
1497534874856120000,82764,-0.192579051,2.303106408,1.046258848,-0.673582625,-0.227290462,0.319316455,0.626627876
1497534874866120000,82765,-0.1984161,2.304325304,1.045520832,-0.675137336,-0.227932312,0.317485056,0.625651402
1497534874876100000,82766,-0.204316126,2.305536895,1.044831955,-0.677652722,-0.228362228,0.315605365,0.623723284
1497534874886090000,82767,-0.210283999,2.306885661,1.04409694,-0.679758977,-0.228497077,0.313675579,0.622353958
1497534874896090000,82768,-0.216356387,2.308083982,1.043263519,-0.682278131,-0.22909691,0.310966194,0.620734391
1497534874906060000,82769,-0.22243755,2.30921518,1.042447775,-0.684073796,-0.229475804,0.309085366,0.6195564
1497534874916020000,82770,-0.228607724,2.310284575,1.041985568,-0.685655883,-0.230513904,0.306521832,0.618695172
1497534874926100000,82771,-0.234824217,2.311433998,1.041009561,-0.687699408,-0.230580951,0.304611556,0.617344109
1497534874936180000,82772,-0.241121188,2.312312324,1.040177144,-0.689760673,-0.23118292,0.3025833,0.615814922
1497534874946140000,82773,-0.247589032,2.313357233,1.03940024,-0.691761031,-0.232235325,0.301034368,0.61393138
1497534874956130000,82774,-0.25415382,2.314174483,1.038345277,-0.694087132,-0.232899067,0.298758038,0.612163959
1497534874966120000,82775,-0.260828733,2.315137569,1.037426306,-0.695799474,-0.233917048,0.297103929,0.610635049
1497534874976110000,82776,-0.267710232,2.31602029,1.036440535,-0.698012912,-0.234710115,0.29488749,0.608876428
1497534874986120000,82777,-0.274553478,2.316743958,1.035423275,-0.700090516,-0.236077422,0.293306494,0.606722359
1497534874996140000,82778,-0.281600744,2.317367289,1.034275983,-0.702130463,-0.237830935,0.291154553,0.604713391
1497534875006100000,82779,-0.288697475,2.318067353,1.033057201,-0.703784593,-0.239786424,0.288755293,0.603166724
1497534875016020000,82780,-0.295750479,2.318737879,1.031959109,-0.705293818,-0.240407451,0.286428982,0.602265163
1497534875026110000,82781,-0.302776992,2.31935421,1.030818381,-0.706724298,-0.241591942,0.28451027,0.601022467
1497534875036120000,82782,-0.309795414,2.319885737,1.029584675,-0.708266938,-0.24230606,0.281635389,0.600272626
1497534875046130000,82783,-0.316756353,2.320496438,1.02853275,-0.709380459,-0.242540508,0.279607728,0.599810791
1497534875056130000,82784,-0.323670417,2.320906224,1.02735845,-0.71084611,-0.243205468,0.277762403,0.598662639
1497534875066010000,82785,-0.330479292,2.321361168,1.02614614,-0.71194151,-0.243166715,0.275591143,0.59838011
1497534875076130000,82786,-0.337390159,2.322020739,1.025307883,-0.713403971,-0.242852448,0.273738179,0.59761599
1497534875086130000,82787,-0.343908062,2.322215737,1.024168351,-0.714208107,-0.242389055,0.27238054,0.597463947
1497534875096140000,82788,-0.350469592,2.322759734,1.023292829,-0.714331548,-0.2419355,0.27080363,0.598216556
1497534875106130000,82789,-0.356980661,2.322813811,1.022157702,-0.71492547,-0.239828753,0.269549873,0.598921203
1497534875116140000,82790,-0.363448648,2.323135979,1.021307885,-0.714950032,-0.238730933,0.268598808,0.599757179
1497534875126100000,82791,-0.369940846,2.323346722,1.020245044,-0.715423887,-0.236901706,0.267207046,0.600538623
1497534875136100000,82792,-0.376536844,2.323550185,1.01925146,-0.715856757,-0.235031351,0.266008763,0.601289203
1497534875146140000,82793,-0.383177524,2.323682069,1.018229241,-0.716363967,-0.233099971,0.264289037,0.602194632
1497534875156130000,82794,-0.389920473,2.323778007,1.017086657,-0.716724153,-0.23020027,0.262340691,0.603731468
1497534875166180000,82795,-0.396792845,2.323778599,1.01596192,-0.71721408,-0.22806227,0.260433734,0.604785776
1497534875176120000,82796,-0.403937326,2.32368767,1.014682754,-0.718035101,-0.224982261,0.257955484,0.606026026
1497534875186140000,82797,-0.411286103,2.323434843,1.013457341,-0.718545324,-0.222584339,0.255028419,0.60754369
1497534875196140000,82798,-0.418902786,2.323142522,1.012350851,-0.719358571,-0.220107949,0.252505303,0.608536613
1497534875206140000,82799,-0.426946843,2.32291869,1.011346227,-0.720552492,-0.218330016,0.2503043,0.60867386
1497534875216140000,82800,-0.435185013,2.322287707,1.010335167,-0.721132171,-0.216433302,0.248149779,0.609546311
1497534875226110000,82801,-0.443656895,2.321721854,1.009712372,-0.721218554,-0.214943238,0.24632628,0.610709887
1497534875236070000,82802,-0.452457289,2.321005413,1.009451868,-0.721369341,-0.214119005,0.244796097,0.611436176
1497534875246140000,82803,-0.461433478,2.319777297,1.009096617,-0.720771624,-0.21272627,0.243953323,0.612962133
1497534875256130000,82804,-0.470646776,2.318578105,1.009113645,-0.720170199,-0.212465237,0.244115434,0.6136946
1497534875266180000,82805,-0.48000669,2.317264554,1.00947555,-0.720024888,-0.212879592,0.244770013,0.613460741
1497534875276110000,82806,-0.489562011,2.315801447,1.009888868,-0.718791257,-0.21375877,0.246002194,0.61410849
1497534875286130000,82807,-0.499258888,2.314093965,1.010572525,-0.717941878,-0.214702716,0.248348138,0.613828483
1497534875296120000,82808,-0.50898761,2.312174503,1.011433035,-0.716595185,-0.216314879,0.251661103,0.613486677
1497534875306150000,82809,-0.518741103,2.310102728,1.012450237,-0.714502342,-0.218123016,0.255269632,0.613796521
1497534875316180000,82810,-0.528439298,2.307802078,1.013633109,-0.712420313,-0.219976544,0.259719207,0.61368848
1497534875326110000,82811,-0.537935478,2.305314701,1.015025733,-0.709659486,-0.221851448,0.264193275,0.614302257
1497534875336160000,82812,-0.547232215,2.3025953,1.01668071,-0.706546629,-0.223190722,0.268038554,0.615737847
1497534875346140000,82813,-0.556261148,2.299514223,1.018207586,-0.702646538,-0.224874334,0.271969187,0.617860937
1497534875356140000,82814,-0.565036473,2.29649477,1.019961089,-0.698167575,-0.226536463,0.275968119,0.620552065
1497534875366130000,82815,-0.573562537,2.293336756,1.021597549,-0.693014225,-0.22839758,0.279728752,0.623953247
1497534875376120000,82816,-0.581718047,2.290275683,1.023177449,-0.687617528,-0.23006273,0.283683341,0.627516564
1497534875386140000,82817,-0.589607572,2.287439696,1.024727648,-0.682709884,-0.230951771,0.286993881,0.631033284
1497534875396150000,82818,-0.597216818,2.28464042,1.025860666,-0.677388869,-0.230656485,0.289357623,0.63577832
1497534875406090000,82819,-0.604394719,2.282074676,1.026739276,-0.672287902,-0.230224116,0.292576952,0.639862923
1497534875416140000,82820,-0.61139494,2.27969248,1.027645463,-0.667763101,-0.2280049,0.295647599,0.643971043
1497534875426120000,82821,-0.618244643,2.277322959,1.028109956,-0.663668128,-0.225095603,0.298374456,0.647957769
1497534875436140000,82822,-0.624755193,2.275197323,1.028775345,-0.66001985,-0.222316912,0.302270178,0.650831567
1497534875446140000,82823,-0.631252152,2.273094806,1.029283202,-0.65614966,-0.21831757,0.305866311,0.654408788
1497534875456130000,82824,-0.637478372,2.270955955,1.029776138,-0.65352711,-0.21570334,0.310429255,0.655750001
1497534875466150000,82825,-0.643667135,2.268924303,1.030184498,-0.649903571,-0.213046892,0.314617818,0.658218808
1497534875476110000,82826,-0.64980875,2.267062605,1.030829465,-0.64696058,-0.210603487,0.318989141,0.659798536
1497534875486130000,82827,-0.655909165,2.265288799,1.03163314,-0.643803009,-0.208518713,0.323250852,0.661472992
1497534875496150000,82828,-0.662081817,2.26319743,1.032251973,-0.641318505,-0.207474159,0.326897555,0.662422099
1497534875506140000,82829,-0.668325835,2.26113083,1.033099793,-0.638408844,-0.207187377,0.330827357,0.663370785
1497534875516140000,82830,-0.674693609,2.258831851,1.033984409,-0.635680097,-0.206973443,0.33485411,0.664037298
1497534875526110000,82831,-0.681140366,2.256522184,1.034924762,-0.632427025,-0.207769677,0.339181584,0.664698182
1497534875536140000,82832,-0.687557077,2.254238163,1.036018846,-0.629515398,-0.207964746,0.343788271,0.665034325
1497534875546150000,82833,-0.69402917,2.252052076,1.037191129,-0.626441156,-0.209181548,0.34905514,0.664812054
1497534875556120000,82834,-0.700598436,2.250016626,1.038373789,-0.623714271,-0.209485995,0.354246928,0.664533852
1497534875566110000,82835,-0.707229486,2.247889388,1.039425038,-0.621545646,-0.209675306,0.359477278,0.66369674
1497534875576120000,82836,-0.71393592,2.245742077,1.040191068,-0.619255526,-0.2110099,0.365127997,0.662328439
1497534875586080000,82837,-0.720637979,2.24389014,1.041094996,-0.617161038,-0.21208302,0.370195499,0.661126567
1497534875596110000,82838,-0.727492951,2.241739571,1.041483022,-0.615441679,-0.214415365,0.375144657,0.659184404
1497534875606100000,82839,-0.734549004,2.239885769,1.042021076,-0.613562189,-0.21634711,0.379822433,0.657624732
1497534875616210000,82840,-0.741737315,2.237674581,1.042182001,-0.611647472,-0.21885914,0.384668047,0.655757989
1497534875626050000,82841,-0.749050871,2.235698788,1.042464079,-0.610093055,-0.222436941,0.388975131,0.653457435
1497534875636130000,82842,-0.756423954,2.233576575,1.042720666,-0.608051272,-0.226597651,0.393605443,0.651154291
1497534875646150000,82843,-0.763963314,2.23126142,1.042666582,-0.606027528,-0.230654452,0.397471592,0.649265348
1497534875656210000,82844,-0.771735984,2.22885445,1.042723158,-0.604265876,-0.235495538,0.40198598,0.64638369
1497534875666120000,82845,-0.779563213,2.226530074,1.042553099,-0.602248833,-0.240799745,0.405908321,0.643855776
1497534875676120000,82846,-0.787450944,2.223939307,1.042280014,-0.600613648,-0.245915992,0.410815229,0.640327586
1497534875686150000,82847,-0.795557111,2.221329666,1.041714386,-0.598648186,-0.251044777,0.414834196,0.637580943
1497534875696160000,82848,-0.803781381,2.218729701,1.041121084,-0.597870508,-0.256704382,0.419435168,0.633030691
1497534875706030000,82849,-0.811952158,2.216189417,1.040528007,-0.596311675,-0.262232609,0.42341779,0.629574316
1497534875716150000,82850,-0.820323642,2.213143377,1.039368397,-0.595326036,-0.267875286,0.427490553,0.625365149
1497534875726120000,82851,-0.828691909,2.210762053,1.0387857,-0.593941494,-0.273701202,0.430990199,0.621746414
1497534875736150000,82852,-0.837113294,2.207540288,1.037299864,-0.592988351,-0.280039459,0.434339126,0.617488657
1497534875746130000,82853,-0.845490989,2.204592418,1.036091707,-0.592446124,-0.286849149,0.437294373,0.612779559
1497534875756140000,82854,-0.854155906,2.201691366,1.034787097,-0.591786857,-0.293192817,0.43987318,0.60855392
1497534875766150000,82855,-0.862863451,2.198856789,1.033479354,-0.591313487,-0.300531289,0.441979502,0.603890242
1497534875776130000,82856,-0.871178311,2.197930915,1.034277132,-0.590461198,-0.307403999,0.444863965,0.599128039
1497534875786140000,82857,-0.879889845,2.195033454,1.033223954,-0.588386182,-0.315938885,0.448408915,0.594065456
1497534875796100000,82858,-0.884372377,2.186354689,1.031139346,-0.589369716,-0.313675998,0.445322688,0.59660574
1497534875806130000,82859,-0.894327412,2.183351506,1.030032357,-0.595966353,-0.333128677,0.446580269,0.578286654
1497534875816150000,82860,-0.904024559,2.181059148,1.028978611,-0.565911325,-0.341462795,0.464246317,0.58959553
1497534875826110000,82861,-0.912137369,2.177138674,1.027947731,-0.562927351,-0.349048384,0.468599813,0.584544471
1497534875836150000,82862,-0.920485106,2.173885997,1.026835677,-0.560961017,-0.355200081,0.470681708,0.581045928
1497534875846100000,82863,-0.928169136,2.169567547,1.026142151,-0.560059317,-0.361733351,0.476614547,0.572993123
1497534875856120000,82864,-0.936122291,2.166177222,1.025259846,-0.55656427,-0.367677425,0.480630517,0.569248479
1497534875866140000,82865,-0.945082253,2.162831245,1.022865036,-0.560216538,-0.372762758,0.486591755,0.557165883
1497534875876130000,82866,-0.951961315,2.15975882,1.023823575,-0.549692516,-0.372647589,0.488019055,0.566400312
1497534875886140000,82867,-0.960005443,2.156612376,1.023105457,-0.546682163,-0.374397323,0.491991711,0.564720651
1497534875896150000,82868,-0.967974286,2.153321746,1.022261062,-0.543465131,-0.376065605,0.496211956,0.563022208
1497534875906130000,82869,-0.976696042,2.150055177,1.022177733,-0.540159292,-0.376821258,0.499777788,0.56254408
1497534875916150000,82870,-0.98532158,2.146532798,1.021736083,-0.538350931,-0.379026544,0.505011648,0.558104282
1497534875926160000,82871,-0.99457808,2.143026629,1.021474397,-0.535681198,-0.380253618,0.508460063,0.556705671
1497534875936150000,82872,-1.003898053,2.139220187,1.02120225,-0.533642609,-0.381599811,0.513475692,0.553127348
1497534875946100000,82873,-1.012955673,2.135230976,1.020834321,-0.530634255,-0.381877048,0.516965192,0.552579585
1497534875956160000,82874,-1.023284609,2.13152636,1.020230895,-0.529115687,-0.386006386,0.521614677,0.546766668
1497534875966150000,82875,-1.033224501,2.127335125,1.019745589,-0.527670353,-0.387119805,0.52678118,0.542405607
1497534875976120000,82876,-1.043166885,2.123124129,1.019370712,-0.525306227,-0.389800524,0.530187216,0.539453831
1497534875986130000,82877,-1.052979944,2.118641747,1.018613214,-0.524328907,-0.391868869,0.534881606,0.534246811
1497534875996160000,82878,-1.063043711,2.114302793,1.018513134,-0.521738689,-0.394714292,0.538853407,0.530684815
1497534876006130000,82879,-1.072653846,2.109561757,1.018512343,-0.521100954,-0.395818603,0.543126385,0.526113257
1497534876016150000,82880,-1.082171149,2.105122685,1.019351676,-0.519102723,-0.397997437,0.546269816,0.523182274
1497534876026130000,82881,-1.091599137,2.100433954,1.020396853,-0.51965982,-0.40005511,0.549351484,0.517805491
1497534876036150000,82882,-1.102465244,2.097813121,1.021430241,-0.517454678,-0.402704686,0.540693232,0.52699186
1497534876046120000,82883,-1.112122363,2.093061882,1.023722769,-0.517483598,-0.403837736,0.540874958,0.525908822
1497534876056150000,82884,-1.121866264,2.088526895,1.026077839,-0.518185453,-0.406134958,0.540944459,0.523371116
1497534876066140000,82885,-1.132040558,2.084137744,1.02804923,-0.518471876,-0.405826446,0.538699925,0.525636947
1497534876076120000,82886,-1.140668408,2.079582422,1.030050609,-0.517690373,-0.410013767,0.542286416,0.519433183
1497534876086140000,82887,-1.149963564,2.075351664,1.031369198,-0.516125994,-0.409874136,0.540388376,0.523065535
1497534876096150000,82888,-1.159505001,2.071150539,1.032324896,-0.511838106,-0.406456095,0.534607715,0.535732944
1497534876106120000,82889,-1.169054941,2.066174949,1.033096625,-0.512092093,-0.397814766,0.534663082,0.541886048
1497534876116150000,82890,-1.179354258,2.061838613,1.033633389,-0.511622859,-0.388941858,0.529798235,0.553425795
1497534876126120000,82891,-1.184951629,2.05664799,1.033296196,-0.500708098,-0.406257416,0.535201942,0.545715305
1497534876136150000,82892,-1.195635057,2.052042979,1.033927178,-0.501426951,-0.394378591,0.530575457,0.558145343
1497534876146160000,82893,-1.201885895,2.047028637,1.033688376,-0.493704528,-0.41054356,0.532593791,0.551410626
1497534876156140000,82894,-1.211037942,2.042275313,1.03378982,-0.493415252,-0.410721045,0.528403575,0.555553125
1497534876166160000,82895,-1.211928393,2.034114825,1.0388957,-0.493714684,-0.451371897,0.549898951,0.50012035
1497534876176130000,82896,-1.219842357,2.029434889,1.039581829,-0.492173254,-0.458433182,0.549570657,0.495556857
1497534876186070000,82897,-1.227095215,2.024802763,1.039614517,-0.492304339,-0.465166739,0.549313416,0.489398728
1497534876196150000,82898,-1.234341442,2.020106736,1.03985067,-0.491239283,-0.471826828,0.550316163,0.482923941
1497534876206180000,82899,-1.241056802,2.015079891,1.039694645,-0.490289305,-0.477756821,0.551276811,0.476926299
1497534876216150000,82900,-1.247662147,2.009996172,1.039503268,-0.487845413,-0.482738325,0.553638932,0.471650819
1497534876226130000,82901,-1.253842848,2.004646455,1.039364672,-0.486102424,-0.487503496,0.556177093,0.465523164
1497534876236160000,82902,-1.25991395,1.999195251,1.038769353,-0.482737421,-0.491747732,0.559457941,0.460603477
1497534876246160000,82903,-1.266011142,1.993517355,1.038603911,-0.480739983,-0.496714729,0.562129809,0.454063459
1497534876256150000,82904,-1.272149876,1.987758462,1.038236965,-0.478413925,-0.501103111,0.564957155,0.448150868
1497534876266160000,82905,-1.277791353,1.981775845,1.037271972,-0.476235166,-0.506041003,0.567419036,0.441767141
1497534876276130000,82906,-1.284059302,1.975793386,1.037263279,-0.474160012,-0.510912252,0.569483681,0.435694033
1497534876286110000,82907,-1.28990803,1.969672548,1.036607457,-0.472217859,-0.516047687,0.570950796,0.429790957
1497534876296150000,82908,-1.29583918,1.963542524,1.03606006,-0.471123402,-0.521689007,0.571603368,0.423264586
1497534876306180000,82909,-1.301688931,1.957346706,1.035488714,-0.469047599,-0.527215333,0.572868648,0.416965052
1497534876316150000,82910,-1.307863051,1.951161197,1.035330773,-0.46814983,-0.532839236,0.572773633,0.410911732
1497534876326120000,82911,-1.313195082,1.944841826,1.034162148,-0.466680873,-0.538156305,0.573346455,0.404809334
1497534876336120000,82912,-1.318593065,1.938469817,1.033163578,-0.465148915,-0.543318887,0.573710225,0.399121099
1497534876346120000,82913,-1.323894983,1.932051473,1.032257466,-0.463422034,-0.548744385,0.574110949,0.393085533
1497534876356050000,82914,-1.328775452,1.925292951,1.030752113,-0.460632532,-0.554080727,0.574625206,0.388095468
1497534876366180000,82915,-1.334328758,1.918681562,1.030240458,-0.458244174,-0.559227833,0.575216143,0.382626314
1497534876376140000,82916,-1.339281994,1.911775196,1.028791128,-0.455132186,-0.565963767,0.574904118,0.376861995
1497534876386200000,82917,-1.345117583,1.904562672,1.02771549,0.454095772,0.577955367,-0.571318141,-0.365185166
1497534876396150000,82918,-1.349723943,1.897402296,1.025797131,0.45170645,0.583574965,-0.571241805,-0.359283096
1497534876406160000,82919,-1.354647471,1.890391796,1.02441123,0.45016047,0.589500123,-0.57037531,-0.352869894
1497534876416150000,82920,-1.359440187,1.883359501,1.023331488,0.44699004,0.595471067,-0.569463295,-0.348318344
1497534876426130000,82921,-1.363852673,1.876255175,1.021479227,0.445345151,0.600173968,-0.568585307,-0.343758131
1497534876436160000,82922,-1.368477667,1.86927958,1.02025056,0.443787268,0.604467658,-0.567922175,-0.339317129
1497534876446160000,82923,-1.373150556,1.862359883,1.018941101,0.442850248,0.608754028,-0.56692323,-0.334514936
1497534876456150000,82924,-1.377387128,1.855203322,1.017031714,0.441694698,0.61355971,-0.565024423,-0.330450719
1497534876466160000,82925,-1.381793495,1.848163438,1.015943439,0.439652758,0.617548717,-0.563481565,-0.328371071
1497534876476100000,82926,-1.38666185,1.841546674,1.014728807,0.442358885,0.619963653,-0.562141702,-0.322428895
1497534876486140000,82927,-1.390801821,1.834480219,1.012695227,0.443705923,0.622752374,-0.56062575,-0.317810169
1497534876496170000,82928,-1.395234027,1.827236262,1.011554801,0.442534803,0.625973308,-0.559588384,-0.314930478
1497534876506160000,82929,-1.398749073,1.81927496,1.009450356,0.439465984,0.630292059,-0.557715429,-0.313934817
1497534876516160000,82930,-1.403095741,1.811729663,1.008364286,0.438199308,0.633458409,-0.556474332,-0.311525485
1497534876526180000,82931,-1.406440046,1.803590009,1.005571786,0.437270218,0.636368237,-0.555207249,-0.309152283
1497534876536150000,82932,-1.410311869,1.795218753,1.005808463,0.4277644,0.639905698,-0.553914388,-0.317359681
1497534876546170000,82933,-1.414174989,1.786849545,1.003964814,0.426682268,0.644334801,-0.551808029,-0.313500887
1497534876556160000,82934,-1.417724097,1.778503334,1.002403876,0.424384039,0.646326102,-0.550832296,-0.314236437
1497534876566160000,82935,-1.421754416,1.770162298,1.000635962,0.423727877,0.649212295,-0.548978894,-0.312410398
1497534876576120000,82936,-1.425487678,1.761777239,0.999221629,0.421189702,0.651950093,-0.547036665,-0.313546165
1497534876586130000,82937,-1.429118606,1.753490593,0.997518111,0.421195846,0.653883573,-0.545507873,-0.312172217
1497534876596200000,82938,-1.432505399,1.745221176,0.996381386,0.419991446,0.654978734,-0.544427619,-0.313382533
1497534876606170000,82939,-1.43570705,1.736980575,0.995095462,0.418711206,0.655479684,-0.544351385,-0.314179692
1497534876616160000,82940,-1.438867118,1.728485599,0.993977705,0.41764362,0.657055543,-0.543377928,-0.313994023
1497534876626110000,82941,-1.441653536,1.720152477,0.992687582,0.417525045,0.656102359,-0.544337805,-0.314481933
1497534876636140000,82942,-1.444735771,1.711331927,0.991592191,0.41678939,0.658849212,-0.542844619,-0.312288392
1497534876646140000,82943,-1.447451506,1.702658288,0.990878222,0.415848135,0.657453321,-0.544430027,-0.31372186
1497534876656160000,82944,-1.450694953,1.693659699,0.989703165,0.417357784,0.659565229,-0.542057798,-0.311383256
1497534876666170000,82945,-1.453890946,1.684598846,0.989481551,0.41792237,0.660423522,-0.541136033,-0.310408535
1497534876676120000,82946,-1.456659991,1.675595246,0.989573164,0.418385004,0.658365273,-0.542536803,-0.311709756
1497534876686110000,82947,-1.459535922,1.666306113,0.989713549,0.42029551,0.65736858,-0.543311586,-0.309888294
1497534876696160000,82948,-1.46226265,1.656779249,0.990197175,0.420971252,0.656097655,-0.544549974,-0.309490546
1497534876706170000,82949,-1.464606229,1.647080233,0.991335229,0.420101302,0.653653038,-0.547693787,-0.310296821
1497534876716170000,82950,-1.466980108,1.636997321,0.992258167,0.42025757,0.652713181,-0.550112653,-0.307774507
1497534876726140000,82951,-1.46894677,1.626669117,0.993341451,0.419503431,0.65177842,-0.553582131,-0.304546526
1497534876736170000,82952,-1.470766674,1.61606553,0.994757623,0.418028083,0.652271923,-0.556731712,-0.299739322
1497534876746180000,82953,-1.472339402,1.605323265,0.996300857,0.415758725,0.653635266,-0.559639883,-0.294463619
1497534876756150000,82954,-1.47351423,1.594788508,0.998276907,0.411210944,0.652994386,-0.564286581,-0.293401681
1497534876766170000,82955,-1.474374889,1.584499554,0.999986648,0.407088573,0.651797849,-0.569846741,-0.291055236
1497534876776130000,82956,-1.47432275,1.574719113,1.002361283,0.399472883,0.646585066,-0.579760143,-0.293644931
1497534876786180000,82957,-1.475054378,1.564781864,1.003976029,0.394509531,0.645906806,-0.584798201,-0.291852176
1497534876796080000,82958,-1.475604917,1.555301487,1.005728806,0.38784676,0.643623996,-0.591153102,-0.293020566
1497534876806150000,82959,-1.4763906,1.546089507,1.006975652,0.384232397,0.641715062,-0.596976832,-0.290148076
1497534876816160000,82960,-1.477781457,1.537037294,1.007544104,0.381471841,0.641260945,-0.600550805,-0.287406273
1497534876826120000,82961,-1.478751596,1.528510899,1.008603721,0.377675467,0.63781063,-0.606515287,-0.287572683
1497534876836170000,82962,-1.479760947,1.520323931,1.009392416,0.374799704,0.633019607,-0.613184036,-0.287778903
1497534876846170000,82963,-1.481131094,1.51228278,1.010246503,0.373481495,0.62943099,-0.618082084,-0.286884539
1497534876856150000,82964,-1.482546145,1.504502029,1.011313368,0.372010425,0.624205888,-0.623637686,-0.288186208
1497534876866160000,82965,-1.483382246,1.496954952,1.012686532,-0.370033226,-0.618027404,0.630869855,0.288306721
1497534876876130000,82966,-1.486949536,1.489090239,1.013022078,-0.372956761,-0.621979882,0.630417897,0.276798764
1497534876886170000,82967,-1.488695836,1.481491225,1.01439958,-0.373937182,-0.618937528,0.633674436,0.274852741
1497534876896160000,82968,-1.490436114,1.474284439,1.015525677,-0.373918588,-0.615243325,0.638250991,0.272573315
1497534876906170000,82969,-1.492185264,1.466436615,1.017990093,-0.374894537,-0.616408881,0.637196792,0.271061662
1497534876916180000,82970,-1.494227884,1.458526537,1.020660847,-0.373987747,-0.61907404,0.635967074,0.269121496
1497534876926140000,82971,-1.495625909,1.451372753,1.022677694,-0.372853323,-0.615893897,0.639965402,0.268513298
1497534876936170000,82972,-1.496884669,1.444285812,1.024723519,-0.371747018,-0.612818877,0.643831662,0.267839447
1497534876946170000,82973,-1.498142577,1.437164121,1.026763055,-0.369595039,-0.609689111,0.648136234,0.267578246
1497534876956100000,82974,-1.499331474,1.42995142,1.028968148,-0.367146635,-0.607261868,0.652207385,0.266574377
1497534876966100000,82975,-1.500496156,1.424269334,1.028817187,-0.358672848,-0.576230013,0.680091988,0.277105842
1497534876976110000,82976,-1.505246376,1.409406947,1.038287299,-0.359449255,-0.572866567,0.682582166,0.276950748
1497534876986170000,82977,-1.506626188,1.402006031,1.040300891,-0.357361645,-0.569964792,0.686509331,0.275930662
1497534876996160000,82978,-1.508157482,1.394284957,1.042364818,-0.354447314,-0.56919149,0.689540641,0.273718567
1497534877006160000,82979,-1.504882876,1.396945582,1.033851934,-0.347885167,-0.568349093,0.694677037,0.270885645
1497534877016160000,82980,-1.506672503,1.388320032,1.036247348,-0.345309558,-0.566825889,0.698148178,0.268437782
1497534877026140000,82981,-1.507705168,1.381440611,1.036569135,-0.342237277,-0.565860048,0.701066011,0.266800489
1497534877036160000,82982,-1.509500521,1.372805667,1.038432959,-0.339357244,-0.565759811,0.703391774,0.264560975
1497534877046160000,82983,-1.51082431,1.365101101,1.03883786,-0.336489835,-0.56604376,0.705539966,0.261882433
1497534877056180000,82984,-1.512423275,1.356880785,1.03938009,-0.333180793,-0.566672166,0.707477391,0.259516777
1497534877066130000,82985,-1.514113855,1.34841999,1.039835897,-0.330336273,-0.568237502,0.708531322,0.256841301
1497534877076130000,82986,-1.51536884,1.340797752,1.039097709,-0.326645133,-0.569214658,0.710331211,0.254415411
1497534877086150000,82987,-1.517339704,1.331845288,1.039318022,-0.324392741,-0.57071325,0.711170423,0.25157974
1497534877096130000,82988,-1.518995712,1.323576932,1.038608408,-0.322038761,-0.571082584,0.712746329,0.249295787
1497534877106130000,82989,-1.521261454,1.31366596,1.039304893,-0.318942357,-0.578034344,0.711023664,0.242069038
1497534877116100000,82990,-1.523241976,1.304587747,1.038795092,-0.326828128,-0.583333153,0.703129715,0.241897524
1497534877126140000,82991,-1.525565814,1.29577781,1.037410501,-0.328260776,-0.581244954,0.704239723,0.241755205
1497534877136220000,82992,-1.527232138,1.288894533,1.033310469,-0.316833602,-0.579289232,0.712163471,0.238460994
1497534877146170000,82993,-1.529284184,1.280353566,1.031063138,-0.315950689,-0.58192592,0.711079147,0.236439912
1497534877156230000,82994,-1.531824075,1.270785184,1.029554768,-0.314070232,-0.584935766,0.710175204,0.234224717
1497534877166170000,82995,-1.534171911,1.261494914,1.02734314,-0.311780473,-0.588433268,0.708991325,0.232100253
1497534877176050000,82996,-1.536954399,1.250400567,1.027410484,-0.320397542,-0.593716687,0.701047088,0.231038722
1497534877186180000,82997,-1.539446256,1.240517885,1.025247883,-0.316728933,-0.598388025,0.699682387,0.228164659
1497534877196140000,82998,-1.541263326,1.231114354,1.022897904,-0.313019046,-0.597266902,0.702205326,0.228471018
1497534877206180000,82999,-1.543468516,1.220979106,1.021081661,-0.311413068,-0.599216994,0.701777554,0.226868153
1497534877216170000,83000,-1.544937804,1.21143677,1.019208875,-0.309202267,-0.593831025,0.706641274,0.228947115
1497534877226160000,83001,-1.546593122,1.201992623,1.01742372,-0.305367174,-0.593679838,0.709013809,0.227144354
1497534877236170000,83002,-1.548531307,1.192565028,1.015862061,-0.303456038,-0.592501446,0.711824242,0.223970352
1497534877246180000,83003,-1.550208143,1.18364295,1.014052253,-0.300373729,-0.591510421,0.714891723,0.220954449
1497534877256180000,83004,-1.552585711,1.173818342,1.013364916,-0.299238782,-0.59255296,0.715544415,0.217562248
1497534877266180000,83005,-1.554783086,1.164520761,1.012135111,-0.297539145,-0.592419991,0.717233464,0.214674566
1497534877276150000,83006,-1.557157708,1.154974209,1.011253387,-0.295398706,-0.591995247,0.719144229,0.212397765
1497534877286150000,83007,-1.559834295,1.145266407,1.010097112,-0.294696428,-0.589070816,0.722289837,0.210824524
1497534877296120000,83008,-1.562763982,1.135216042,1.009236863,-0.294640301,-0.586301806,0.724980294,0.209382087
1497534877306160000,83009,-1.563175554,1.127992793,1.008232027,-0.27635044,-0.602036882,0.72632269,0.183404956
1497534877316180000,83010,-1.567341213,1.116245209,1.007390348,-0.283127015,-0.591923642,0.729980929,0.191293856
1497534877326150000,83011,-1.570528618,1.105382068,1.006634279,-0.282969514,-0.589144153,0.732574996,0.19018753
1497534877336170000,83012,-1.57319039,1.095091639,1.005712916,-0.277924274,-0.588648946,0.735916573,0.186218458
1497534877346170000,83013,-1.576505051,1.083993603,1.005714631,-0.278832392,-0.584646998,0.738414736,0.187574152
1497534877356180000,83014,-1.579083355,1.07376508,1.006019955,-0.274836329,-0.585290183,0.740378696,0.183683913
1497534877366170000,83015,-1.58246074,1.062975591,1.006984157,-0.274418465,-0.584695493,0.740882562,0.184170343
1497534877376130000,83016,-1.586216689,1.051804771,1.008705418,-0.276152074,-0.587153249,0.738419304,0.183651915
1497534877386180000,83017,-1.590165805,1.040882564,1.010385849,-0.276916325,-0.590160721,0.736085925,0.182222895
1497534877396150000,83018,-1.594343379,1.030124576,1.012127844,-0.276908019,-0.593036441,0.733940112,0.181553412
1497534877406180000,83019,-1.598481202,1.019472579,1.014388734,-0.277579193,-0.595874505,0.731380668,0.181564548
1497534877416170000,83020,-1.603038056,1.009678164,1.012591402,-0.268892654,-0.566010495,0.756101765,0.188782894
1497534877426160000,83021,-1.607058746,0.999829645,1.014601956,-0.268349811,-0.566221978,0.755608577,0.190884073
1497534877436180000,83022,-1.611160417,0.99018294,1.016547166,-0.27158383,-0.566314002,0.75357974,0.194031567
1497534877446180000,83023,-1.615253516,0.980772307,1.018496897,-0.274406985,-0.566474238,0.751551254,0.197429624
1497534877456190000,83024,-1.619472503,0.971347862,1.020603683,-0.277087661,-0.56711014,0.749019055,0.201442231
1497534877466160000,83025,-1.623080724,0.962749881,1.021554975,-0.27956339,-0.567098321,0.747236628,0.204649036
1497534877476110000,83026,-1.626841511,0.953617783,1.023272303,-0.279698312,-0.569190533,0.744777886,0.207597907
1497534877486150000,83027,-1.630967937,0.942952521,1.027784025,-0.297862829,-0.593352016,0.715488966,0.217454959
1497534877496210000,83028,-1.634118501,0.934236821,1.02887764,-0.297764784,-0.596739393,0.712120142,0.219369857
1497534877506180000,83029,-1.637052136,0.925789922,1.029597981,-0.296267017,-0.601605002,0.708547692,0.219675769
1497534877516180000,83030,-1.639844833,0.917446271,1.030340405,-0.295194291,-0.606835255,0.704723916,0.219033115
1497534877526150000,83031,-1.64259955,0.909418622,1.030888547,-0.294353469,-0.610753771,0.702035047,0.217905161
1497534877536210000,83032,-1.645245061,0.901487954,1.031543073,-0.294327829,-0.615069067,0.698811247,0.216157379
1497534877546190000,83033,-1.647701639,0.893973139,1.03185813,-0.293590743,-0.618078928,0.696955016,0.214561459
1497534877556180000,83034,-1.650031151,0.886560161,1.032270964,-0.294111556,-0.620326276,0.695115065,0.2133278
1497534877566250000,83035,-1.652232935,0.879367699,1.032439354,-0.294361819,-0.623189809,0.693002384,0.211502428
1497534877576150000,83036,-1.654310928,0.872476963,1.03237514,-0.294580252,-0.624671972,0.691936583,0.210312072
1497534877586180000,83037,-1.656680716,0.865442766,1.032640859,-0.296811942,-0.626797875,0.689438726,0.209048652
1497534877596190000,83038,-1.657875168,0.860757403,1.028708328,-0.282781336,-0.612237827,0.71077928,0.199980932
1497534877606190000,83039,-1.660051673,0.854230701,1.028778019,-0.286587179,-0.614812748,0.706976035,0.200144845
1497534877616180000,83040,-1.662074183,0.848089194,1.028148065,-0.288488389,-0.614402411,0.706849799,0.19911677
1497534877626140000,83041,-1.6652882,0.83964954,1.032235616,-0.30619397,-0.630707722,0.682192575,0.207524248
1497534877636180000,83042,-1.667504331,0.833316691,1.032530395,-0.310043084,-0.631356281,0.679868118,0.207465359
1497534877646190000,83043,-1.669555368,0.827144076,1.032338658,-0.312587164,-0.632469962,0.677666795,0.207457773
1497534877656140000,83044,-1.671485695,0.820935422,1.032088161,-0.315262999,-0.633325192,0.675524225,0.207787064
1497534877666140000,83045,-1.672598154,0.816214407,1.029114481,-0.31730049,-0.634486421,0.673498671,0.207718368
1497534877676140000,83046,-1.67530275,0.808267397,1.031235243,-0.320175068,-0.636224322,0.670536926,0.207573525
1497534877686120000,83047,-1.677274786,0.801570995,1.030756912,-0.322695868,-0.638553997,0.667235089,0.207155755
1497534877696160000,83048,-1.678144162,0.796431475,1.027274009,-0.32434337,-0.640483911,0.664506831,0.207394335
1497534877706140000,83049,-1.680802555,0.787854513,1.029246644,-0.32651623,-0.643183933,0.660873825,0.207237464
1497534877716150000,83050,-1.682393092,0.780796597,1.02828239,-0.327719235,-0.646506121,0.65712932,0.206908181
1497534877726160000,83051,-1.683881169,0.773611712,1.027097745,-0.328391439,-0.649647038,0.653642211,0.207049872
1497534877736030000,83052,-1.685382657,0.766193449,1.026013412,0.3292034,0.652981471,-0.649827341,-0.207279392
1497534877746190000,83053,-1.685777272,0.760706175,1.020375517,-0.316068787,-0.644183071,0.667322531,0.199522763
1497534877756170000,83054,-1.687287705,0.752990306,1.01930678,-0.316904381,-0.648782285,0.662327261,0.199939389
1497534877766180000,83055,-1.688754746,0.745233011,1.017997595,-0.317591531,-0.65259564,0.658130444,0.200296951
1497534877776150000,83056,-1.690041847,0.737413367,1.017459563,0.33300368,0.668060697,-0.631902134,-0.208574082
1497534877786170000,83057,-1.691478879,0.729431643,1.016306001,0.333647786,0.671026664,-0.628091911,-0.209530244
1497534877796180000,83058,-1.692642008,0.721685787,1.014641388,0.334525577,0.674111916,-0.624270746,-0.20964684
1497534877806160000,83059,-1.693902537,0.713659984,1.013334536,0.334795053,0.676876079,-0.621046134,-0.209887459
1497534877816160000,83060,-1.694796351,0.705887945,1.01148195,0.335319927,0.679226521,-0.618104945,-0.210138422
1497534877826100000,83061,-1.695759055,0.69782483,1.010130655,0.335007656,0.681638489,-0.615615584,-0.210133988
1497534877836140000,83062,-1.696478103,0.689834003,1.008664875,0.334778134,0.683225594,-0.613823256,-0.21058822
1497534877846140000,83063,-1.697049883,0.681874416,1.00718159,0.334199746,0.684584772,-0.612574247,-0.21072971
1497534877856220000,83064,-1.697763818,0.673686636,1.006136799,0.333289435,0.685925816,-0.611530258,-0.210842764
1497534877866220000,83065,-1.698323099,0.665593001,1.004954805,0.332991807,0.686840281,-0.610560227,-0.211147093
1497534877876190000,83066,-1.698969018,0.657498374,1.003777646,0.332475632,0.687254552,-0.610142759,-0.211818194
1497534877886230000,83067,-1.69946186,0.64955822,1.002438257,0.332596748,0.68762025,-0.609484945,-0.212334398
1497534877896180000,83068,-1.700267368,0.641388344,1.001574378,0.332541273,0.687532375,-0.609397649,-0.21295549
1497534877906170000,83069,-1.700682806,0.63356198,1.00024876,0.332975824,0.686852604,-0.609646722,-0.213755644
1497534877916190000,83070,-1.701361424,0.625475705,0.999282539,0.333490496,0.686638485,-0.609724441,-0.213419276
1497534877926170000,83071,-1.701812836,0.6175342,0.997913457,0.334328897,0.686014554,-0.609896869,-0.213621227
1497534877936190000,83072,-1.702407333,0.609264567,0.996773041,0.335993608,0.685481161,-0.609630295,-0.213482498
1497534877946190000,83073,-1.702880488,0.601025075,0.995361818,0.337222498,0.684878148,-0.609793095,-0.213014766
1497534877956180000,83074,-1.704595433,0.590985656,0.997504262,0.337553039,0.684743765,-0.609765401,-0.213002529
1497534877966190000,83075,-1.703559455,0.583832898,0.992265339,0.339923839,0.684636684,-0.608617256,-0.212860117
1497534877976140000,83076,-1.70377238,0.574759723,0.990902261,0.341739128,0.684511821,-0.60757226,-0.213339833
1497534877986180000,83077,-1.703320756,0.566253139,0.988859267,0.339202805,0.684535017,-0.609687351,-0.211269026
1497534877996190000,83078,-1.703681411,0.556028975,0.987648316,0.343729523,0.684174923,-0.605816642,-0.216196405
1497534878006190000,83079,-1.70344075,0.546161157,0.986700451,0.345110054,0.684968055,-0.60393252,-0.216756373
1497534878016170000,83080,-1.702448597,0.53683291,0.985298967,0.340471958,0.686729991,-0.60584085,-0.213161043
1497534878026170000,83081,-1.702424394,0.525901834,0.984607657,0.343186269,0.685048169,-0.604548506,-0.21783777
1497534878036180000,83082,-1.701921796,0.515235014,0.983765858,0.343018311,0.685372343,-0.603568845,-0.219790443
1497534878046190000,83083,-1.700905098,0.504431765,0.983782,0.341425116,0.689217083,-0.601389269,-0.216193548
1497534878056180000,83084,-1.696965259,0.492619519,0.986248498,0.324547346,0.687076312,-0.610063642,-0.224538449
1497534878066200000,83085,-1.696439925,0.481101343,0.986541816,0.325742962,0.686523093,-0.609497622,-0.226031447
1497534878076160000,83086,-1.694958738,0.469864484,0.986554026,0.323325105,0.686216995,-0.611090168,-0.226132525
1497534878086190000,83087,-1.694161205,0.458072151,0.987001191,0.322173404,0.6872147,-0.611006509,-0.22496955
1497534878096190000,83088,-1.692438817,0.446587366,0.987575855,0.319693514,0.688111441,-0.612114871,-0.222742199
1497534878106190000,83089,-1.69107952,0.434945364,0.988412182,0.320126139,0.687719503,-0.612996146,-0.220900125
1497534878116200000,83090,-1.689192441,0.423625371,0.98943767,0.316277095,0.689008626,-0.614762427,-0.217492691
1497534878126160000,83091,-1.687441228,0.412220309,0.990551322,0.314330533,0.688371667,-0.616836502,-0.216456679
1497534878136190000,83092,-1.685530461,0.401565108,0.992060662,0.312702889,0.68612418,-0.620852366,-0.214459443
1497534878146180000,83093,-1.683830923,0.391170675,0.993631305,0.309848875,0.684828643,-0.624565634,-0.211946157
1497534878156180000,83094,-1.681661715,0.38142354,0.995079957,0.306648276,0.682501894,-0.629500856,-0.209491461
1497534878166190000,83095,-1.680014628,0.371428505,0.996728397,0.304881284,0.678775581,-0.634033735,-0.210504953
1497534878176160000,83096,-1.678689549,0.365152277,0.99554743,0.337249276,0.674545938,-0.618876328,-0.219642425
1497534878186200000,83097,-1.677469123,0.353635573,0.999538073,0.305720979,0.661987082,-0.648980703,-0.217098675
1497534878196200000,83098,-1.676036209,0.344662214,1.000632608,0.302944603,0.659091668,-0.653365695,-0.216647198
1497534878206190000,83099,-1.67485437,0.336027591,1.001924514,-0.300759959,-0.654740004,0.658722519,0.216664757
1497534878216190000,83100,-1.673512903,0.329730219,1.000518177,-0.307769614,-0.643025682,0.667959916,0.213601002
1497534878226160000,83101,-1.672616264,0.321645475,1.001539261,-0.306874035,-0.637915793,0.673505204,0.21279687
1497534878236170000,83102,-1.671069846,0.313717772,1.003421633,-0.29884613,-0.643327923,0.675076217,0.202712296
1497534878246200000,83103,-1.670525946,0.305558596,1.004443732,-0.298188571,-0.640482592,0.678434767,0.2014743
1497534878256160000,83104,-1.670458772,0.298483674,1.004883845,-0.305625675,-0.622298074,0.689221148,0.210504781
1497534878266200000,83105,-1.669790355,0.291457963,1.005742306,-0.306209789,-0.615603922,0.695103359,0.209996897
1497534878276160000,83106,-1.672144182,0.281450741,1.006529103,-0.311939512,-0.630986951,0.681666071,0.199701215
1497534878286150000,83107,-1.671608149,0.274608591,1.007776515,-0.312779265,-0.62548567,0.68628219,0.199883875
1497534878296160000,83108,-1.671353336,0.267850028,1.009317329,-0.31347169,-0.620189993,0.690940285,0.199252089
1497534878306190000,83109,-1.670985882,0.261261984,1.010806347,-0.314055108,-0.614921711,0.695439464,0.199009121
1497534878316200000,83110,-1.670561905,0.254804109,1.012455336,-0.314275942,-0.60997721,0.699602166,0.199286842
1497534878326170000,83111,-1.670153504,0.248341691,1.014163765,-0.313767966,-0.605424173,0.703830488,0.199082589
1497534878336190000,83112,-1.669743632,0.241901381,1.015972924,-0.313036358,-0.600642299,0.708246602,0.199057323
1497534878346200000,83113,-1.669438629,0.235347179,1.017783335,-0.311725876,-0.597097576,0.71192994,0.198638425
1497534878356140000,83114,-1.66922642,0.228730623,1.019509564,-0.31060487,-0.593988122,0.715224035,0.197882047
1497534878366200000,83115,-1.669144168,0.221997533,1.021501186,-0.309434128,-0.5913294,0.718153706,0.19706678
1497534878376140000,83116,-1.669123668,0.215206762,1.023166663,-0.308280064,-0.588623977,0.721134433,0.196087598
1497534878386200000,83117,-1.669104214,0.208308247,1.02473069,-0.30690142,-0.586385573,0.723833706,0.195008319
1497534878396160000,83118,-1.669010658,0.201379409,1.026096303,-0.3052346,-0.584541139,0.726332256,0.193868382
1497534878406160000,83119,-1.668994041,0.19426146,1.02738699,-0.303366792,-0.583138412,0.72849349,0.192912977
1497534878416170000,83120,-1.668956803,0.186988704,1.028769702,-0.300486975,-0.582206787,0.730666624,0.192013329
1497534878426170000,83121,-1.668935512,0.179587362,1.029911196,-0.297955893,-0.581898017,0.732113655,0.191380718
1497534878436180000,83122,-1.668883885,0.171986503,1.030539003,-0.295137699,-0.582130296,0.733315787,0.190436375
1497534878446200000,83123,-1.6688604,0.164273328,1.031106361,-0.291790672,-0.583061604,0.734228859,0.189223023
1497534878456190000,83124,-1.668866496,0.156367889,1.031459213,-0.289290493,-0.584177876,0.734651669,0.187973787
1497534878466200000,83125,-1.668880003,0.148348234,1.031318944,-0.2866902,-0.585459928,0.734952659,0.186788626
1497534878476190000,83126,-1.668948575,0.140147727,1.031103251,-0.284277759,-0.587060786,0.735075994,0.184956948
1497534878486190000,83127,-1.669076285,0.131807562,1.03045735,-0.281986206,-0.588841441,0.734932297,0.183368637
1497534878496200000,83128,-1.669257584,0.123285724,1.029328442,-0.279934214,-0.590984981,0.734473916,0.181443256
1497534878506190000,83129,-1.669529215,0.114427532,1.027991945,-0.277724121,-0.594560449,0.732873747,0.179619752
1497534878516130000,83130,-1.66981438,0.105454859,1.026188553,-0.276329975,-0.598229077,0.730852097,0.177817123
1497534878526160000,83131,-1.670305249,0.095971038,1.023985222,-0.2742886,-0.605171417,0.726673855,0.174580722
1497534878536150000,83132,-1.670736026,0.08654176,1.021604111,-0.272671264,-0.609619105,0.724019985,0.172655698
1497534878546160000,83133,-1.671090788,0.077010254,1.01898032,-0.270143112,-0.613028392,0.722332564,0.171623301
1497534878556100000,83134,-1.671515529,0.06730381,1.016282671,-0.267039094,-0.616927111,0.720498661,0.170213813
1497534878566100000,83135,-1.672022572,0.057395719,1.013579615,-0.263675522,-0.620459733,0.718997207,0.168961401
1497534878576170000,83136,-1.672629513,0.047304712,1.010957569,-0.260247869,-0.624650044,0.717157427,0.16663911
1497534878586240000,83137,-1.673176687,0.037145991,1.008497208,-0.257016519,-0.628482101,0.715424423,0.16468349
1497534878596230000,83138,-1.673533245,0.027312487,1.00615192,-0.25422111,-0.630533415,0.715013105,0.162958579
1497534878606200000,83139,-1.674451349,0.017178929,1.003684418,-0.252289985,-0.63824774,0.710385154,0.156020893
1497534878616200000,83140,-1.674787405,0.008387073,1.001668243,-0.251344254,-0.637009298,0.712147367,0.15456826
1497534878626170000,83141,-1.675227554,-0.000175912,1.000010869,-0.250245453,-0.635158525,0.714439231,0.15338659
1497534878636170000,83142,-1.675765115,-0.008930993,0.998784206,-0.248839586,-0.633261925,0.716684574,0.153040567
1497534878646210000,83143,-1.676440353,-0.017984753,0.997829802,-0.248026356,-0.629804763,0.719677684,0.154573341
1497534878656130000,83144,-1.677395093,-0.027698749,0.997200934,-0.246883905,-0.627031195,0.722156342,0.156110334
1497534878666210000,83145,-1.678576247,-0.037777407,0.9965953,-0.246685164,-0.623888608,0.724695634,0.157243991
1497534878676180000,83146,-1.679945128,-0.048215628,0.996059622,-0.247277287,-0.620734948,0.727256046,0.1569736
1497534878686190000,83147,-1.681293924,-0.058964117,0.995745631,-0.247446803,-0.617465756,0.730054563,0.15660924
1497534878696230000,83148,-1.682542805,-0.069810676,0.995549662,-0.247601962,-0.61288602,0.733899737,0.156381494
1497534878706130000,83149,-1.683922338,-0.080966113,0.995789333,-0.247024654,-0.609953335,0.736863719,0.154814753
1497534878716160000,83150,-1.685147737,-0.092089757,0.996343842,-0.245400454,-0.606472554,0.74041299,0.154137159
1497534878726180000,83151,-1.686523967,-0.103163492,0.997640124,-0.243266363,-0.603959944,0.743292028,0.153527923
1497534878736180000,83152,-1.688091707,-0.114223721,0.999473528,-0.241060758,-0.603520069,0.744486847,0.152946304
1497534878746180000,83153,-1.68983161,-0.125084842,1.001595754,-0.240270586,-0.603400123,0.744772429,0.153272198
1497534878756200000,83154,-1.692105176,-0.136059454,1.004135791,-0.239985475,-0.605290054,0.743439203,0.15273858
1497534878766210000,83155,-1.694747033,-0.147040523,1.006697125,-0.239809584,-0.607216864,0.742101442,0.151869985
1497534878776080000,83156,-1.697608199,-0.157909367,1.009368034,-0.238946163,-0.607723656,0.741859635,0.152384288
1497534878786190000,83157,-1.701039047,-0.168963139,1.011583029,-0.239855137,-0.609458635,0.740411661,0.151063752
1497534878796210000,83158,-1.704567263,-0.179929776,1.013733007,-0.242156761,-0.610694277,0.738556997,0.151479919
1497534878806210000,83159,-1.708206771,-0.190732837,1.015270567,-0.246924819,-0.61163567,0.735975909,0.152543113
1497534878816210000,83160,-1.711457115,-0.201108334,1.016545569,-0.251193319,-0.610702997,0.734451479,0.156603932
1497534878826170000,83161,-1.71495768,-0.211296858,1.017555104,-0.25588068,-0.61096021,0.73220183,0.158534474
1497534878836190000,83162,-1.717948612,-0.221197411,1.01822878,-0.259064654,-0.611117091,0.730193077,0.16198604
1497534878846210000,83163,-1.720527413,-0.230702439,1.018999847,-0.260272799,-0.611755852,0.72831757,0.16603122
1497534878856210000,83164,-1.722859094,-0.239993497,1.019835529,-0.259713058,-0.61399019,0.726136591,0.168198767
1497534878866190000,83165,-1.724876199,-0.249047827,1.020489223,-0.258396559,-0.617471396,0.723364862,0.169421279
1497534878876090000,83166,-1.726530506,-0.25763357,1.021559165,-0.256954043,-0.621212131,0.720335405,0.170842067
1497534878886200000,83167,-1.727955804,-0.265898399,1.022394453,-0.255854595,-0.624873475,0.717483942,0.171138423
1497534878896200000,83168,-1.729289541,-0.273539365,1.023607037,-0.254840746,-0.627324123,0.71549507,0.172010012
1497534878906180000,83169,-1.730432319,-0.280754711,1.024490442,-0.254241797,-0.629260357,0.714098963,0.171625124
1497534878916210000,83170,-1.731534238,-0.287532885,1.025336372,-0.253745821,-0.630380427,0.713176445,0.172084089
1497534878926180000,83171,-1.732544437,-0.294095931,1.025863919,-0.253513269,-0.631935497,0.711954989,0.1717808
1497534878936200000,83172,-1.732594047,-0.300645052,1.026847765,-0.248326481,-0.632294469,0.711281599,0.18059942
1497534878946210000,83173,-1.734496179,-0.307156404,1.027090192,-0.251646483,-0.636571886,0.707416534,0.176102609
1497534878956210000,83174,-1.736548608,-0.313493546,1.027054245,-0.256817051,-0.638436031,0.704327506,0.174261873
1497534878966210000,83175,-1.738935062,-0.319795945,1.026760126,-0.264854094,-0.641210278,0.699709352,0.170612165
1497534878976140000,83176,-1.740985817,-0.326056446,1.026728167,-0.273183366,-0.638691956,0.69779687,0.174708221
1497534878986150000,83177,-1.743195343,-0.332464727,1.02686215,-0.282740094,-0.636476881,0.694919605,0.179002686
1497534878996210000,83178,-1.742955183,-0.335315727,1.026096865,-0.272306374,-0.649725538,0.691209913,0.161042914
1497534879006210000,83179,-1.744301907,-0.341002213,1.026067691,-0.277655283,-0.648905161,0.689466791,0.162681222
1497534879016210000,83180,-1.745407945,-0.34667494,1.025924376,-0.281501286,-0.647574595,0.688747647,0.164410609
1497534879026160000,83181,-1.746342064,-0.352814468,1.025991539,-0.284901881,-0.647822054,0.686639126,0.166385742
1497534879036210000,83182,-1.746984659,-0.359183691,1.026347393,-0.286488373,-0.647146071,0.685416075,0.171263478
1497534879046200000,83183,-1.747838034,-0.365863333,1.026223818,-0.289300466,-0.648923927,0.682214908,0.172585622
1497534879056200000,83184,-1.748735001,-0.372597723,1.025935101,-0.290735406,-0.65261143,0.678222951,0.17200254
1497534879066180000,83185,-1.749255202,-0.379538918,1.025749989,-0.292742687,-0.654088677,0.675548775,0.173503816
1497534879076130000,83186,-1.749912852,-0.386479475,1.025544286,-0.293473766,-0.656104738,0.672852928,0.175124696
1497534879086210000,83187,-1.750502397,-0.393678003,1.024938183,-0.295379923,-0.659831202,0.668734073,0.173690026
1497534879096210000,83188,-1.751470713,-0.401025216,1.024152889,0.296730446,0.666504251,-0.66244555,-0.169967701
1497534879106210000,83189,-1.752127733,-0.408584988,1.023376215,0.297821819,0.670250256,-0.65820878,-0.169787984
1497534879116140000,83190,-1.752833484,-0.416234786,1.022444382,0.298771867,0.675339619,-0.653130696,-0.167547201
1497534879126180000,83191,-1.752884885,-0.420918758,1.020833716,-0.304994153,-0.657151085,0.666950862,0.174090682
1497534879136210000,83192,-1.753286329,-0.428803665,1.019673857,-0.305282176,-0.659256357,0.66422739,0.176027903
1497534879146210000,83193,-1.753974997,-0.436770826,1.018369435,0.306089081,0.661883187,-0.661328357,-0.175684163
1497534879156210000,83194,-1.752963118,-0.444921801,1.018129585,-0.30325057,-0.655842902,0.664907134,0.189229181
1497534879166210000,83195,-1.753335842,-0.453392611,1.01689801,-0.303611136,-0.65924855,0.661311291,0.189417539
1497534879176160000,83196,-1.753799605,-0.462139092,1.01544091,0.303685564,0.662422982,-0.657772395,-0.190542246
1497534879186210000,83197,-1.754262285,-0.471018497,1.013860955,0.302871363,0.666982984,-0.653640141,-0.190150472
1497534879196200000,83198,-1.754620323,-0.480203523,1.012224853,0.302993509,0.669596152,-0.650186246,-0.192597437
1497534879206210000,83199,-1.754712543,-0.489104768,1.01063041,0.301571131,0.673437612,-0.64694827,-0.192339729
1497534879216190000,83200,-1.754851974,-0.497901687,1.009062586,0.299098669,0.67768593,-0.643850482,-0.191672438
1497534879226120000,83201,-1.755109475,-0.506667367,1.00756625,0.297469252,0.68061057,-0.64121158,-0.192688883
1497534879236190000,83202,-1.755273566,-0.515199211,1.006101427,0.296815516,0.681056015,-0.640073423,-0.195880745
1497534879246200000,83203,-1.755498055,-0.523575013,1.00480928,0.297539521,0.681889766,-0.63792909,-0.19885436
1497534879256190000,83204,-1.755710954,-0.531418759,1.003495671,0.298322733,0.681196877,-0.637349483,-0.201891054
1497534879266190000,83205,-1.756028595,-0.539042372,1.002310106,0.30040633,0.680506154,-0.636433155,-0.204010418
1497534879276190000,83206,-1.756645874,-0.546685206,1.001059378,0.303270353,0.6794975,-0.635462227,-0.206150426
1497534879286240000,83207,-1.757136461,-0.554038526,0.999797272,0.305582721,0.678516738,-0.635322836,-0.206395566
1497534879296130000,83208,-1.757523604,-0.561715722,0.998470642,0.308309615,0.677437761,-0.634951663,-0.207025717
1497534879306240000,83209,-1.757675334,-0.569555047,0.997112513,0.310838554,0.676505109,-0.634840058,-0.206635748
1497534879316240000,83210,-1.757682009,-0.577646064,0.995681806,0.312904316,0.676058037,-0.634485245,-0.206070116
1497534879326220000,83211,-1.757533743,-0.586136836,0.99414417,0.31493117,0.675265442,-0.634066432,-0.206868802
1497534879336210000,83212,-1.757022072,-0.594768317,0.992607179,0.31647535,0.674817489,-0.633542947,-0.207576596
1497534879346190000,83213,-1.756391527,-0.603622349,0.991188579,0.31763794,0.674954638,-0.632775072,-0.207697099
1497534879356200000,83214,-1.755655091,-0.612630884,0.989755242,0.319093139,0.674743205,-0.632107505,-0.208185682
1497534879366200000,83215,-1.754911011,-0.622137813,0.988626925,0.321512096,0.675328986,-0.630031743,-0.208855776
1497534879376180000,83216,-1.754269018,-0.63164773,0.987592436,0.323561438,0.674498403,-0.629123525,-0.211100665
1497534879386180000,83217,-1.753498784,-0.641276544,0.987018154,0.325210368,0.674090245,-0.628018397,-0.213151242
1497534879396200000,83218,-1.752490971,-0.650945563,0.986682185,0.326467938,0.672455564,-0.628041527,-0.21630081
1497534879406210000,83219,-1.751116863,-0.660857783,0.986687944,0.327992944,0.671944005,-0.627178926,-0.218079061
1497534879416200000,83220,-1.749555928,-0.671071785,0.986875905,0.329714825,0.671669667,-0.625979252,-0.219767987
1497534879426200000,83221,-1.747913713,-0.681342346,0.987139547,0.330655564,0.670455181,-0.626024841,-0.221922614
1497534879436160000,83222,-1.746279191,-0.691869153,0.987473175,0.331295187,0.670019303,-0.626015249,-0.222311808
1497534879446120000,83223,-1.744657386,-0.702770649,0.98790065,0.331629691,0.669623975,-0.626307646,-0.222180587
1497534879456220000,83224,-1.742556088,-0.713480134,0.988503282,0.330685425,0.669643898,-0.627545932,-0.220023415
1497534879466170000,83225,-1.740491082,-0.724538213,0.989150807,0.329031312,0.669680473,-0.628896092,-0.21853184
1497534879476190000,83226,-1.738100703,-0.73523293,0.990101462,0.326643278,0.669528363,-0.63132252,-0.215563948
1497534879486050000,83227,-1.73680016,-0.746275825,0.991112681,0.324203737,0.677633023,-0.627164756,-0.205839235
1497534879496200000,83228,-1.734277089,-0.756546078,0.992449472,0.321866908,0.676085395,-0.630554151,-0.204234411
1497534879506220000,83229,-1.731815067,-0.766291398,0.993825388,0.318445733,0.674365015,-0.634892002,-0.201832325
1497534879516220000,83230,-1.729230436,-0.775636325,0.995488793,0.315110996,0.670893763,-0.640303146,-0.20154032
1497534879526130000,83231,-1.726664778,-0.785008647,0.996942973,0.313174043,0.66746426,-0.64496665,-0.201075859
1497534879536200000,83232,-1.724265389,-0.793815555,0.998304467,0.309351497,0.663683098,-0.650746113,-0.200887762
1497534879546180000,83233,-1.722321381,-0.802437213,0.999452921,0.306408412,0.660435576,-0.655635386,-0.200202335
1497534879556220000,83234,-1.720342084,-0.81081714,1.000634663,-0.303963473,-0.656824167,0.660598251,0.199494792
1497534879566100000,83235,-1.718685507,-0.81916495,1.00160288,-0.303050994,-0.654035394,0.664374057,0.19749661
1497534879576200000,83236,-1.715849805,-0.826680239,1.002865796,-0.301232672,-0.63802438,0.677492287,0.207817152
1497534879586220000,83237,-1.714328295,-0.834347829,1.00398064,-0.300675376,-0.633092759,0.682390356,0.207680713
1497534879596160000,83238,-1.712855773,-0.841970588,1.005305625,-0.30178448,-0.627737825,0.686699382,0.208123304
1497534879606220000,83239,-1.711598491,-0.849317703,1.006506978,-0.302801468,-0.622154714,0.69120397,0.208499053
1497534879616270000,83240,-1.710396833,-0.856556394,1.007968677,-0.304857778,-0.616660895,0.695315233,0.208153314
1497534879626180000,83241,-1.709354591,-0.863373498,1.009402897,-0.305820199,-0.611629072,0.699501263,0.207561718
1497534879636210000,83242,-1.708523233,-0.870236,1.010976254,-0.307179048,-0.606459376,0.703383863,0.207603466
1497534879646220000,83243,-1.707471405,-0.876852616,1.01266263,-0.307544727,-0.601453852,0.707570416,0.207397231
1497534879656220000,83244,-1.706372693,-0.883548812,1.014426982,-0.307884627,-0.596748989,0.711230723,0.207962879
1497534879666150000,83245,-1.705197575,-0.890008654,1.016278668,-0.307320553,-0.592397928,0.715188924,0.207662165
1497534879676200000,83246,-1.703909933,-0.89652328,1.018433544,-0.30606956,-0.589095171,0.718499079,0.207478618
1497534879686210000,83247,-1.702685681,-0.90313163,1.020530593,-0.304280869,-0.586158777,0.721702129,0.207309135
1497534879696190000,83248,-1.701639024,-0.909742022,1.022578758,-0.302563408,-0.582444837,0.725212362,0.208039482
1497534879706220000,83249,-1.700525734,-0.916545149,1.024668778,-0.301091776,-0.57979054,0.727991938,0.207880763
1497534879716210000,83250,-1.699553132,-0.923413999,1.026645828,-0.299673036,-0.577623432,0.73064163,0.206664102
1497534879726190000,83251,-1.69874854,-0.93057368,1.028473526,-0.299039016,-0.576021995,0.732310083,0.206146235
1497534879736210000,83252,-1.697903055,-0.937480278,1.030036964,-0.297541694,-0.573397392,0.735230528,0.205232653
1497534879746230000,83253,-1.696963768,-0.944633344,1.03141467,-0.295604152,-0.572732954,0.737280649,0.202515167
1497534879756220000,83254,-1.696016533,-0.951843319,1.032699426,-0.293414977,-0.571697953,0.739406181,0.200867124
1497534879766140000,83255,-1.695141543,-0.959457266,1.033627448,-0.291538923,-0.571430549,0.740752964,0.19939215
1497534879776100000,83256,-1.694203726,-0.967096,1.03448688,-0.289076891,-0.57194808,0.741766264,0.197718879
1497534879786170000,83257,-1.693237412,-0.974666608,1.035073821,-0.286158125,-0.571661173,0.743444092,0.196488963
1497534879796190000,83258,-1.692305724,-0.982611642,1.035397431,-0.282985296,-0.573091307,0.743939572,0.195037405
1497534879806200000,83259,-1.691326813,-0.990585553,1.035438837,-0.279608581,-0.57488335,0.744404396,0.19284779
1497534879816220000,83260,-1.69043024,-0.998828489,1.035307598,-0.276950634,-0.576740082,0.744423859,0.191055861
1497534879826190000,83261,-1.689592711,-1.007065587,1.034858844,-0.273715733,-0.579063882,0.744296076,0.189177348
1497534879836210000,83262,-1.688755671,-1.015272787,1.034062079,-0.270617126,-0.581235224,0.744471996,0.186261734
1497534879846220000,83263,-1.6879835,-1.023871038,1.033150231,-0.269032588,-0.583582539,0.743675421,0.184390224
1497534879856230000,83264,-1.687270814,-1.032519136,1.031959414,-0.267130366,-0.586381294,0.742730038,0.18207261
1497534879866220000,83265,-1.686602434,-1.041215939,1.03040896,-0.26485951,-0.589667944,0.741533193,0.179637636
1497534879876200000,83266,-1.686048043,-1.05017737,1.028870317,-0.262986161,-0.593790902,0.739495072,0.177193912
1497534879886210000,83267,-1.685422944,-1.059145957,1.027116095,-0.261527604,-0.596796728,0.738016392,0.175410329
1497534879896170000,83268,-1.684850402,-1.068475384,1.0253064,-0.259486478,-0.602204904,0.735031395,0.172467012
1497534879906230000,83269,-1.684245034,-1.077669781,1.023403937,-0.257443748,-0.605803029,0.733259906,0.170456202
1497534879916180000,83270,-1.683744247,-1.087067857,1.021596321,-0.255531709,-0.610356665,0.73079946,0.167631849
1497534879926180000,83271,-1.683076017,-1.096305392,1.019730832,-0.253644858,-0.612745006,0.729815779,0.166062555
1497534879936190000,83272,-1.682222386,-1.105633713,1.017930087,-0.251406518,-0.616612003,0.727960085,0.163274353
1497534879946230000,83273,-1.681275103,-1.114650421,1.016181306,-0.250576158,-0.616932001,0.728211519,0.162217378
1497534879956060000,83274,-1.680324902,-1.123602533,1.014656463,-0.248948722,-0.618836424,0.727684086,0.159818289
1497534879966220000,83275,-1.679315288,-1.132236909,1.013311695,-0.247227209,-0.619721995,0.728077019,0.157248882
1497534879976200000,83276,-1.678365267,-1.140448464,1.012186063,-0.246240901,-0.617501397,0.730636022,0.155654898
1497534879986100000,83277,-1.677407563,-1.148674131,1.011195955,-0.24500525,-0.614726669,0.733561841,0.154824337
1497534879996160000,83278,-1.676402074,-1.156780877,1.01044299,-0.243987066,-0.610459468,0.737442212,0.154882323
1497534880006210000,83279,-1.675539896,-1.16520304,1.009619843,-0.243922582,-0.606155256,0.741066588,0.154589431
1497534880016200000,83280,-1.674901295,-1.174048677,1.008776157,-0.244932942,-0.602363945,0.743788334,0.154739928
1497534880026130000,83281,-1.674352675,-1.183585127,1.00772973,-0.246578379,-0.599173039,0.745998089,0.15387535
1497534880036170000,83282,-1.67409742,-1.193098988,1.006534841,-0.247501131,-0.595312471,0.749303247,0.151297375
1497534880046140000,83283,-1.67332076,-1.203799823,1.005570523,-0.249531336,-0.592708816,0.751210187,0.148706515
1497534880056280000,83284,-1.672741218,-1.21444467,1.0042083,-0.247947858,-0.590688683,0.754028291,0.145086443
1497534880066210000,83285,-1.671999494,-1.225814888,1.003136548,-0.246030893,-0.590529142,0.755662147,0.140423828
1497534880076280000,83286,-1.671303069,-1.237129631,1.001801406,-0.241605174,-0.589292319,0.758823283,0.136193712
1497534880086220000,83287,-1.669979201,-1.249576858,1.001606365,-0.240792357,-0.590587503,0.758668268,0.132845404
1497534880096220000,83288,-1.669762437,-1.261746367,1.001386038,-0.22915417,-0.58686001,0.766169258,0.126761045
1497534880106270000,83289,-1.667948916,-1.273696868,1.002039176,-0.236802873,-0.595136832,0.757753645,0.124683458
1497534880116230000,83290,-1.667835041,-1.286203246,1.003304595,-0.22445502,-0.589032324,0.767044558,0.119597291
1497534880126170000,83291,-1.667081029,-1.297809525,1.004787074,-0.224056832,-0.591021946,0.765956307,0.117484172
1497534880136220000,83292,-1.666849722,-1.308250315,1.005921919,-0.223627934,-0.595951513,0.76264459,0.114915494
1497534880146210000,83293,-1.666752978,-1.319515084,1.007985462,-0.221902402,-0.600912893,0.759710531,0.111816495
1497534880156220000,83294,-1.666757824,-1.33057615,1.010210516,-0.220748681,-0.603889409,0.757897982,0.110355108
1497534880166220000,83295,-1.666711045,-1.341717809,1.012729599,-0.220079783,-0.606104677,0.756331969,0.110290353
1497534880176190000,83296,-1.66677042,-1.352627065,1.015276644,-0.218987603,-0.606413137,0.756168342,0.111879289
1497534880186220000,83297,-1.666760981,-1.362970667,1.017568125,-0.219116649,-0.604586949,0.757086978,0.115246792
1497534880196210000,83298,-1.666727057,-1.373390898,1.019763694,-0.218837213,-0.603241218,0.757688242,0.118822703
1497534880206230000,83299,-1.666991056,-1.383472458,1.021400319,-0.218211216,-0.602226489,0.758093879,0.122477722
1497534880216190000,83300,-1.667164563,-1.393967329,1.023127374,-0.218343071,-0.603016862,0.75690505,0.125665082
1497534880226200000,83301,-1.667462531,-1.404529388,1.024505638,-0.218507345,-0.606257754,0.753680558,0.129118913
1497534880236210000,83302,-1.667598823,-1.414469268,1.025265234,-0.217735935,-0.609753742,0.7507567,0.130980208
1497534880246190000,83303,-1.667570792,-1.423995078,1.025727933,-0.216852616,-0.614589189,0.746933621,0.131701319
1497534880256220000,83304,-1.667235288,-1.433806364,1.026498017,-0.21496419,-0.619813244,0.743320091,0.130756194
1497534880266230000,83305,-1.666517999,-1.443260469,1.027377923,-0.211884202,-0.625214752,0.740004871,0.128858023
1497534880276210000,83306,-1.665472903,-1.452096771,1.028229799,-0.207635116,-0.628940736,0.738356551,0.127085847
1497534880286220000,83307,-1.66409034,-1.460507078,1.029114928,-0.202366923,-0.632858539,0.736937507,0.124341503
1497534880296240000,83308,-1.662541188,-1.468394975,1.029773855,-0.196734734,-0.636385087,0.735868054,0.121686783
1497534880306230000,83309,-1.66085534,-1.475857458,1.030363974,-0.191446837,-0.638702096,0.735659883,0.119215258
1497534880316230000,83310,-1.659131391,-1.483073121,1.030849909,-0.18687888,-0.641139377,0.735081451,0.116926664
1497534880326210000,83311,-1.657599892,-1.489996014,1.031093619,-0.183757134,-0.643218975,0.734386745,0.114798844
1497534880336170000,83312,-1.656053675,-1.497263013,1.031660428,-0.181659451,-0.644432755,0.734209261,0.112441224
1497534880346220000,83313,-1.654774666,-1.503824448,1.03190066,-0.180287047,-0.646368891,0.733175158,0.110263433
1497534880356230000,83314,-1.653613547,-1.510778025,1.032436884,-0.179929267,-0.647915821,0.73214352,0.108611299
1497534880366210000,83315,-1.652746645,-1.516802076,1.032520414,-0.180482378,-0.649998765,0.730441162,0.106693142
1497534880376210000,83316,-1.651931528,-1.523166982,1.03278594,-0.182006727,-0.652122788,0.728396955,0.105106123
1497534880386150000,83317,-1.651192412,-1.529571453,1.033122631,-0.18410314,-0.653967713,0.726480321,0.103240527
1497534880396240000,83318,-1.650469108,-1.536046086,1.033464497,-0.186378763,-0.655769418,0.724453551,0.101963127
1497534880406240000,83319,-1.649759671,-1.542253939,1.033561763,-0.188593962,-0.657031478,0.722909349,0.100717561
1497534880416240000,83320,-1.648842136,-1.548334799,1.033619878,-0.190968339,-0.659420496,0.720320461,0.099167213
1497534880426220000,83321,-1.647835393,-1.554592994,1.033612007,-0.191814984,-0.661545569,0.718281965,0.098160538
1497534880436240000,83322,-1.646589618,-1.560743661,1.033526675,-0.192178407,-0.663479122,0.716581434,0.096819225
1497534880446160000,83323,-1.645101365,-1.567473147,1.033569552,-0.192205884,-0.665666426,0.714647052,0.096045299
1497534880456230000,83324,-1.643559849,-1.573974554,1.033296531,-0.191014832,-0.668648066,0.712289224,0.095221633
1497534880466230000,83325,-1.641882295,-1.580509789,1.032890981,-0.18956244,-0.671609657,0.709964192,0.094643518
1497534880476210000,83326,-1.640127924,-1.587098236,1.0322367,-0.188084809,-0.675718137,0.706520538,0.094116065
1497534880486230000,83327,-1.638140439,-1.594252643,1.031780264,-0.185965076,-0.679745378,0.703211716,0.09410895
1497534880496230000,83328,-1.636041269,-1.601110608,1.031242195,-0.184031639,-0.682659624,0.700819286,0.094660037
1497534880506240000,83329,-1.633923659,-1.608018931,1.030479497,-0.182021684,-0.686114771,0.697975711,0.094575551
1497534880516240000,83330,-1.631790393,-1.614802156,1.029569219,-0.179686024,-0.690384431,0.694343602,0.094706031
1497534880526210000,83331,-1.629575019,-1.621870419,1.028753526,0.177296986,0.694802078,-0.690624211,-0.094095968
1497534880536220000,83332,-1.627317189,-1.628770728,1.027893893,0.176031532,0.697641991,-0.688057761,-0.094260646
1497534880546240000,83333,-1.625142468,-1.635947692,1.026855705,0.174637483,0.701748833,-0.684203848,-0.094421493
1497534880556230000,83334,-1.622975168,-1.64245214,1.02540604,0.173982475,0.705613312,-0.680456309,-0.093910406
1497534880566220000,83335,-1.62061145,-1.649727747,1.024425078,0.17289557,0.709773384,-0.67633271,-0.094355342
1497534880576210000,83336,-1.618172488,-1.657000436,1.023372832,0.171894981,0.714001308,-0.67220138,-0.093805926
1497534880586210000,83337,-1.615645909,-1.664285649,1.022324932,0.171945434,0.716472816,-0.669411056,-0.094817244
1497534880596240000,83338,-1.613122485,-1.671081393,1.020982833,0.171342061,0.719712238,-0.666113959,-0.094595908
1497534880606240000,83339,-1.610463033,-1.677920315,1.019541554,0.170780271,0.722998715,-0.662673311,-0.094715579
1497534880616230000,83340,-1.607517173,-1.685028992,1.018477861,0.170376807,0.724525647,-0.660955321,-0.09577261
1497534880626210000,83341,-1.604412956,-1.691924054,1.017337432,0.169741065,0.726708818,-0.658670107,-0.096103878
1497534880636210000,83342,-1.601147341,-1.698927333,1.016316964,0.168465262,0.728549984,-0.656824701,-0.097034468
1497534880646250000,83343,-1.597786279,-1.705926142,1.015270896,0.167208403,0.73005209,-0.655362516,-0.097802195
1497534880656220000,83344,-1.594341819,-1.712745986,1.014106393,0.165863458,0.73197938,-0.653450691,-0.098476871
1497534880666180000,83345,-1.590889118,-1.719412979,1.012887482,0.16465271,0.734284665,-0.651221988,-0.098109319
1497534880676210000,83346,-1.587048623,-1.726688182,1.012432893,0.163297027,0.734717687,-0.651096726,-0.097964559
1497534880686220000,83347,-1.583307555,-1.73273618,1.010952653,0.161503436,0.736010325,-0.650154621,-0.097490567
1497534880696240000,83348,-1.579143989,-1.73950323,1.010119656,0.159089351,0.736793544,-0.650000588,-0.096566491
1497534880706230000,83349,-1.574836208,-1.746461242,1.009400103,0.157045483,0.738038043,-0.649347447,-0.094786368
1497534880716230000,83350,-1.570523426,-1.752503597,1.008012842,0.15454837,0.738435528,-0.64973084,-0.093153679
1497534880726200000,83351,-1.565934099,-1.759878164,1.007547816,0.152580905,0.739069072,-0.64965441,-0.091897346
1497534880736230000,83352,-1.561408046,-1.766341698,1.006648294,0.149850385,0.739979049,-0.649534382,-0.08989414
1497534880746240000,83353,-1.556842212,-1.77282931,1.005812472,0.148207584,0.73973141,-0.650205906,-0.089801068
1497534880756200000,83354,-1.552088998,-1.779777166,1.005221647,0.14695016,0.739388568,-0.65086952,-0.089883614
1497534880766200000,83355,-1.547411262,-1.786421416,1.004243838,0.146677686,0.739160121,-0.651103163,-0.090513218
1497534880776160000,83356,-1.542446455,-1.793646092,1.003696928,0.146571256,0.739540577,-0.650640286,-0.090905553
1497534880786160000,83357,-1.537430074,-1.800221884,1.002408126,0.146354543,0.7395693,-0.650541331,-0.091725541
1497534880796250000,83358,-1.532153508,-1.807339054,1.001277692,0.14700363,0.739153407,-0.650694358,-0.09294636
1497534880806280000,83359,-1.526454442,-1.815259712,1.000553467,0.146151918,0.73941892,-0.650487542,-0.093622831
1497534880816260000,83360,-1.520448586,-1.823134301,0.99956595,0.145465345,0.739174182,-0.650784382,-0.094557131
1497534880826320000,83361,-1.514060831,-1.831266356,0.998805937,0.144246458,0.73893834,-0.651171059,-0.095599901
1497534880836200000,83362,-1.507572204,-1.839316304,0.997706466,0.142053315,0.73934874,-0.651219058,-0.095383618
1497534880846230000,83363,-1.500873675,-1.848188544,0.99721279,0.140547683,0.73999599,-0.650785133,-0.095556235
1497534880856200000,83364,-1.494100003,-1.856534123,0.996484266,0.139089065,0.739938828,-0.651312742,-0.094532927
1497534880866220000,83365,-1.486930274,-1.865478689,0.996257428,0.137271912,0.741146996,-0.650614562,-0.092510775
1497534880876170000,83366,-1.479569907,-1.873366556,0.995662705,0.134981354,0.74095796,-0.651639685,-0.090150188
1497534880886180000,83367,-1.471719192,-1.88217116,0.996155834,0.132221559,0.739987885,-0.653749484,-0.086873481
1497534880896240000,83368,-1.463674319,-1.89059875,0.996740336,0.128568655,0.740411708,-0.654638921,-0.081905355
1497534880906260000,83369,-1.455180317,-1.898441039,0.997172923,0.123646771,0.739692471,-0.657124784,-0.075852107
1497534880916240000,83370,-1.446223225,-1.906483396,0.998574832,0.118167166,0.739545142,-0.659153625,-0.068014726
1497534880926160000,83371,-1.437045434,-1.913803178,0.999923235,0.110723014,0.738359321,-0.662569032,-0.059734455
1497534880936200000,83372,-1.427552364,-1.920908216,1.001600102,0.102521863,0.73741353,-0.66568301,-0.050761044
1497534880946250000,83373,-1.417897979,-1.928023231,1.003895048,0.093853831,0.734834185,-0.670328164,-0.043247327
1497534880956200000,83374,-1.408424108,-1.934415187,1.005977905,0.084729899,0.732606985,-0.674439883,-0.035195084
1497534880966240000,83375,-1.399256347,-1.940210514,1.007857061,0.076022096,0.729324313,-0.679325586,-0.028695585
1497534880976190000,83376,-1.390489719,-1.946350501,1.010420659,0.069407599,0.725223644,-0.68461688,-0.023086338
1497534880986230000,83377,-1.382400287,-1.951298577,1.012112126,0.061822356,0.721088606,-0.689852305,-0.017692241
1497534880996240000,83378,-1.374714786,-1.957264639,1.014452697,0.057510985,0.716251944,-0.695335433,-0.013574789
1497534881006240000,83379,-1.367623744,-1.962347547,1.01605475,0.054911033,0.711406313,-0.700565133,-0.009712385
1497534881016240000,83380,-1.360858498,-1.967339512,1.017186966,0.054476012,0.706510294,-0.705573966,-0.006398954
1497534881026220000,83381,-1.354239856,-1.972726453,1.018550574,-0.0552046,-0.702375923,0.709657312,0.002648505
1497534881036200000,83382,-1.347687956,-1.978240549,1.019998884,-0.056621057,-0.698015399,0.713838278,-0.001863538
1497534881046250000,83383,-1.341086336,-1.983759059,1.021246789,-0.057088331,-0.694673796,0.717011215,-0.008009819
1497534881056190000,83384,-1.334260435,-1.989165198,1.022401804,-0.057746485,-0.691340483,0.720073676,-0.014407706
1497534881066200000,83385,-1.327323363,-1.994270152,1.023432549,-0.055843034,-0.688526437,0.72272828,-0.021834262
1497534881076220000,83386,-1.320152553,-1.999187966,1.024533182,-0.054438073,-0.685084731,0.72586019,-0.028677383
1497534881086250000,83387,-1.312715057,-2.004352415,1.02611044,-0.049947417,-0.682949476,0.727855671,-0.036213129
1497534881096240000,83388,-1.305133806,-2.009078721,1.027462353,-0.045332968,-0.67909761,0.731390263,-0.04289104
1497534881106250000,83389,-1.297341756,-2.014094675,1.029282254,-0.038766186,-0.676660014,0.733592032,-0.049710546
1497534881116240000,83390,-1.289522139,-2.018369527,1.030506743,-0.032803113,-0.67320834,0.736585023,-0.056187095
1497534881126230000,83391,-1.28158858,-2.022958418,1.032123996,-0.025641099,-0.670653879,0.738601559,-0.063510995
1497534881136140000,83392,-1.273672191,-2.027626751,1.033822438,-0.019052902,-0.667254947,0.741211442,-0.070805522
1497534881146230000,83393,-1.265774821,-2.031880934,1.035122374,-0.013500642,-0.663753175,0.743725457,-0.078242569
1497534881156160000,83394,-1.257822127,-2.036269964,1.03645708,-0.008674341,-0.661420179,0.745018419,-0.085998012
1497534881166240000,83395,-1.249867293,-2.040661162,1.037633782,-0.002752965,-0.658359507,0.746842785,-0.093707173
1497534881176220000,83396,-1.241772097,-2.045228871,1.03900211,0.002785393,-0.655845498,0.748001998,-0.10174446
1497534881186240000,83397,-1.233670031,-2.049587592,1.040132227,0.009384667,-0.653678956,0.748590022,-0.110583587
1497534881196230000,83398,-1.225338729,-2.053728464,1.040869856,0.015730914,-0.652025049,0.748702467,-0.11857694
1497534881206250000,83399,-1.216977269,-2.057914813,1.041661576,0.02237554,-0.650274205,0.748678478,-0.126977675
1497534881216240000,83400,-1.208423615,-2.06263942,1.042621903,0.029471214,-0.64793213,0.749036264,-0.135129854
1497534881226230000,83401,-1.199721508,-2.066770331,1.043104753,0.037853653,-0.647567966,0.747460155,-0.143269492
1497534881236150000,83402,-1.191030988,-2.070990014,1.04344504,0.04574603,-0.646804018,0.74599421,-0.151804153
1497534881246250000,83403,-1.182163284,-2.074967871,1.043607251,0.052963329,-0.645365297,0.745080149,-0.159856469
1497534881256240000,83404,-1.173347953,-2.078987899,1.043751918,0.061896393,-0.644590105,0.743189631,-0.168349653
1497534881266250000,83405,-1.164538082,-2.082615827,1.043594088,0.071156456,-0.643392402,0.741528835,-0.176402842
1497534881276230000,83406,-1.15575294,-2.08630709,1.043593167,0.079312817,-0.642441346,0.739581078,-0.184386614
1497534881286200000,83407,-1.147106555,-2.089735775,1.043312877,0.088091683,-0.641187058,0.73785022,-0.191562171
1497534881296270000,83408,-1.138569888,-2.093133404,1.043049807,0.096862596,-0.639849901,0.736110305,-0.198371774
1497534881306250000,83409,-1.130157823,-2.096566205,1.042663117,0.104753848,-0.639241718,0.73389511,-0.204437334
1497534881316250000,83410,-1.122040865,-2.100015487,1.04222724,0.112118695,-0.638105679,0.732307022,-0.209706859
1497534881326230000,83411,-1.1139789,-2.10364232,1.041773178,0.118305127,-0.638234509,0.729860939,-0.214391274
1497534881336180000,83412,-1.106163685,-2.107061277,1.041046501,0.124478321,-0.637727647,0.727816746,-0.21929747
1497534881346260000,83413,-1.098359717,-2.110610311,1.04014736,0.128906196,-0.637470963,0.726294417,-0.222509289
1497534881356280000,83414,-1.090566984,-2.11416547,1.039149829,0.133507468,-0.637319164,0.72451513,-0.226004125
1497534881366220000,83415,-1.082841969,-2.117821707,1.038250418,0.138121363,-0.637342612,0.722344971,-0.230075263
1497534881376220000,83416,-1.074934508,-2.121465983,1.037123982,0.141364402,-0.637343446,0.720654773,-0.233379808
1497534881386190000,83417,-1.066951466,-2.124980307,1.035849744,0.14576289,-0.636633568,0.719171162,-0.237157584
1497534881396220000,83418,-1.058742156,-2.12867167,1.034667787,0.149193416,-0.63641202,0.717286692,-0.241290006
1497534881406260000,83419,-1.050226016,-2.132354813,1.033286798,0.153042526,-0.635638574,0.715680116,-0.24564926
1497534881416240000,83420,-1.041526378,-2.136084718,1.032022604,0.156758013,-0.635475831,0.713523305,-0.249963771
1497534881426230000,83421,-1.032630594,-2.139496415,1.030311285,0.161578263,-0.634591061,0.711468228,-0.254950214
1497534881436210000,83422,-1.023601032,-2.142990723,1.028798667,0.165200802,-0.633650461,0.709784642,-0.259618086
1497534881446250000,83423,-1.014386803,-2.146378457,1.027065027,0.169016357,-0.633366661,0.707197454,-0.26486205
1497534881456240000,83424,-1.004939117,-2.14975659,1.025185767,0.172365176,-0.632131716,0.705585589,-0.269905013
1497534881466300000,83425,-0.995542891,-2.153270852,1.02352804,0.176990336,-0.631612563,0.702746947,-0.275475443
1497534881476240000,83426,-0.985881967,-2.156673481,1.021626543,0.180414242,-0.631112679,0.700328372,-0.280513205
1497534881486230000,83427,-0.976105032,-2.159941829,1.019645181,0.183537169,-0.629108839,0.699127775,-0.28593099
1497534881496220000,83428,-0.966228447,-2.163444344,1.017871531,0.187032299,-0.628265175,0.696786035,-0.291188961
1497534881506240000,83429,-0.95613295,-2.166844804,1.016128244,0.190129638,-0.626942447,0.694784227,-0.296763823
1497534881516200000,83430,-0.945856099,-2.170307744,1.014449621,0.192927558,-0.626161911,0.692353685,-0.302235991
1497534881526210000,83431,-0.935489615,-2.173586761,1.012719877,0.195004751,-0.623664501,0.691670365,-0.30758388
1497534881536160000,83432,-0.924948172,-2.177104221,1.01118927,0.196258612,-0.621582942,0.690815397,-0.31287584
1497534881546160000,83433,-0.91427102,-2.180612851,1.009544244,0.197070857,-0.619739447,0.689677741,-0.318481881
1497534881556280000,83434,-0.903443033,-2.184684938,1.008280916,0.197414633,-0.618292677,0.688369875,-0.323865007
1497534881566460000,83435,-0.892250616,-2.188548757,1.00653271,0.197478836,-0.616067274,0.687856088,-0.329115825
1497534881576210000,83436,-0.880967517,-2.192725758,1.005017368,0.197315072,-0.614579402,0.686597211,-0.334579125
1497534881586190000,83437,-0.869586936,-2.197208023,1.003818444,0.196857351,-0.612543869,0.686564633,-0.338623975
1497534881596240000,83438,-0.858227383,-2.201468724,1.002794285,0.196840292,-0.610659442,0.686308438,-0.342534194
1497534881606260000,83439,-0.847161062,-2.205783673,1.002647194,0.197774275,-0.60937842,0.685352077,-0.34617309
1497534881616250000,83440,-0.836276069,-2.209919971,1.00326766,0.198081213,-0.608702411,0.68463992,-0.348587705
1497534881626230000,83441,-0.825623145,-2.213990096,1.004668299,0.196613373,-0.609414961,0.684454234,-0.348538359
1497534881636240000,83442,-0.815473857,-2.217743971,1.006878514,0.195664433,-0.612487227,0.68252447,-0.347469674
1497534881646260000,83443,-0.805390356,-2.221330278,1.009327791,0.195706444,-0.615431365,0.680812213,-0.345597965
1497534881656250000,83444,-0.795472155,-2.22498953,1.012233674,0.197932705,-0.616794528,0.680083768,-0.3433267
1497534881666270000,83445,-0.785701817,-2.228600615,1.015352254,0.20050614,-0.615900336,0.68072886,-0.342158272
1497534881676210000,83446,-0.776001157,-2.232209728,1.018448367,0.202591026,-0.613352757,0.683060876,-0.340856439
1497534881686120000,83447,-0.766421489,-2.236074833,1.021536589,0.203294818,-0.611978096,0.684845828,-0.339323177
1497534881696130000,83448,-0.756800788,-2.239907293,1.024121029,0.202078575,-0.609894934,0.688486554,-0.336420398
1497534881706160000,83449,-0.74736394,-2.244007751,1.026431972,0.200779353,-0.609350916,0.690814911,-0.333397468
1497534881716160000,83450,-0.738080023,-2.247956078,1.028231337,0.198759563,-0.607842937,0.69437266,-0.329951827
1497534881726130000,83451,-0.729034002,-2.25177332,1.029460272,0.196545138,-0.607961253,0.696419292,-0.326731226
1497534881736150000,83452,-0.720328735,-2.255515669,1.030631212,0.195707611,-0.60831031,0.697537003,-0.32419011
1497534881746140000,83453,-0.711671612,-2.259035942,1.031527538,0.196639254,-0.610422572,0.696070211,-0.322805745
1497534881756130000,83454,-0.702899874,-2.262351028,1.032364174,0.19949454,-0.613514925,0.693140012,-0.321493839
1497534881766170000,83455,-0.694081274,-2.265922315,1.033418847,0.203864624,-0.618592424,0.687889068,-0.320298702
1497534881776170000,83456,-0.685298833,-2.269197881,1.034436217,0.208275826,-0.624884204,0.681200091,-0.319542405
1497534881786150000,83457,-0.676649794,-2.272335187,1.035678605,0.211853484,-0.629775653,0.675646635,-0.31937807
1497534881796220000,83458,-0.668341735,-2.275079773,1.036909261,0.21537362,-0.633018151,0.671195919,-0.319997286
1497534881806170000,83459,-0.660376904,-2.277560238,1.038128903,0.217958711,-0.635783166,0.66674406,-0.322065405
1497534881816160000,83460,-0.652783839,-2.279532939,1.039065769,0.219747587,-0.636700338,0.66424023,-0.324204557
1497534881826140000,83461,-0.645460371,-2.281609499,1.039997812,0.22119456,-0.637680125,0.66178304,-0.326313091
1497534881836210000,83462,-0.638213763,-2.283583245,1.04078186,0.222773508,-0.638489516,0.659465383,-0.328342063
1497534881846160000,83463,-0.631177808,-2.285510226,1.041451178,0.224699227,-0.639693663,0.657081706,-0.329463057
1497534881856170000,83464,-0.624354055,-2.287382532,1.042023262,0.225910417,-0.63937724,0.65694024,-0.329531105
1497534881866150000,83465,-0.617675496,-2.289447701,1.042577202,0.227488159,-0.640463978,0.655970728,-0.328264275
1497534881876150000,83466,-0.611129828,-2.291586188,1.043065323,0.228725077,-0.642194473,0.654953881,-0.326046794
1497534881886070000,83467,-0.604654635,-2.293703798,1.043299511,0.229517911,-0.644768572,0.653670832,-0.322969753
1497534881896170000,83468,-0.59845225,-2.296241105,1.043721062,0.229357885,-0.648433121,0.651566274,-0.319985687
1497534881906190000,83469,-0.592292892,-2.298601186,1.043614789,-0.228274932,0.651498386,-0.650068233,0.317571568
1497534881916170000,83470,-0.586311533,-2.301067357,1.043577731,-0.226187995,0.655484501,-0.647686082,0.315724246
1497534881926140000,83471,-0.580418783,-2.30354523,1.043554038,-0.223741861,0.659470631,-0.644980455,0.314703477
1497534881936180000,83472,-0.57440676,-2.305746175,1.043253587,-0.221611886,0.662296339,-0.643033752,0.314259964
1497534881946090000,83473,-0.568368881,-2.307660369,1.04291016,-0.219800471,0.664529698,-0.641682789,0.313578111
1497534881956230000,83474,-0.56193458,-2.309470154,1.042624906,-0.219577105,0.666951387,-0.639710735,0.312621046
1497534881966270000,83475,-0.555360269,-2.310991032,1.042250204,-0.220265603,0.668466511,-0.638263048,0.311858734
1497534881976240000,83476,-0.548425554,-2.312333066,1.041652846,-0.222118194,0.670540649,-0.636024995,0.310662118
1497534881986250000,83477,-0.541373845,-2.313632657,1.041119705,-0.224230144,0.672646511,-0.633865297,0.3090021
1497534881996260000,83478,-0.534112058,-2.31478138,1.04048899,-0.226616021,0.674545683,-0.631958455,0.307020865
1497534882006260000,83479,-0.526889552,-2.3159606,1.039865131,-0.229193837,0.676205032,-0.630135526,0.305198556
1497534882016250000,83480,-0.519565192,-2.317081912,1.03917239,-0.231880181,0.678004296,-0.627842309,0.303900956
1497534882026240000,83481,-0.512298824,-2.317965469,1.038359844,-0.233109122,0.679487788,-0.626672119,0.302057177
1497534882036260000,83482,-0.504924291,-2.319004874,1.037601219,-0.235079153,0.681293108,-0.624908595,0.300111212
1497534882046260000,83483,-0.497599127,-2.319946175,1.036832211,-0.236836561,0.682820283,-0.623139829,0.298934202
1497534882056220000,83484,-0.490132341,-2.320939328,1.035956705,-0.238051009,0.684793915,-0.62122406,0.297438529
1497534882066220000,83485,-0.48241814,-2.321912083,1.035038021,-0.23911588,0.68655064,-0.619646817,0.295820276
1497534882076160000,83486,-0.474637902,-2.323040181,1.034181804,-0.240285744,0.688858418,-0.617434127,0.294129122
1497534882086160000,83487,-0.466720987,-2.323946364,1.033101022,-0.24166516,0.690642229,-0.615577696,0.29270354
1497534882096220000,83488,-0.458564859,-2.325021262,1.032062523,-0.243586062,0.692493681,-0.613406705,0.29129117
1497534882106210000,83489,-0.450411343,-2.326106119,1.030946364,-0.24535803,0.694496411,-0.61115958,0.28975531
1497534882116260000,83490,-0.442076407,-2.32707536,1.029660821,-0.24652619,0.696840346,-0.608771704,0.288158606
1497534882126240000,83491,-0.433711964,-2.328016126,1.028310072,-0.248337589,0.698291209,-0.607057686,0.286703323
1497534882136250000,83492,-0.425269612,-2.329038669,1.02713222,-0.249533775,0.699628881,-0.605698933,0.285273775
1497534882146260000,83493,-0.416809166,-2.329817614,1.025817544,-0.251220705,0.700850246,-0.604214535,0.283939932
1497534882156230000,83494,-0.408217839,-2.330820128,1.02458825,-0.251806009,0.702024688,-0.603523268,0.281983575
1497534882166270000,83495,-0.399623816,-2.332243366,1.022871006,-0.253030058,0.705829024,-0.599269812,0.280458324
1497534882176230000,83496,-0.391311882,-2.33313556,1.021530814,-0.252501272,0.707282946,-0.59813884,0.279685306
1497534882186230000,83497,-0.382961541,-2.334078198,1.020209088,-0.251373443,0.708415996,-0.597791376,0.278574299
1497534882196270000,83498,-0.374695284,-2.335001622,1.018671527,-0.249886989,0.710265546,-0.596640084,0.277668789
1497534882206270000,83499,-0.366221203,-2.335723326,1.01719126,-0.247620221,0.710863259,-0.597087125,0.27720862
1497534882216260000,83500,-0.357839462,-2.336540048,1.015634032,-0.246524516,0.712556955,-0.596202348,0.275737211
1497534882226230000,83501,-0.349081547,-2.337158695,1.01391299,-0.24480214,0.714382212,-0.595216708,0.274676242
1497534882236210000,83502,-0.340118698,-2.337597584,1.012030638,-0.244098945,0.715285316,-0.594949401,0.273528485
1497534882246250000,83503,-0.331033002,-2.337928156,1.010288344,-0.24257011,0.716882616,-0.594367335,0.27196788
1497534882256220000,83504,-0.321728161,-2.338205639,1.008465009,-0.241656998,0.717676753,-0.594556703,0.270267092
1497534882266220000,83505,-0.312349046,-2.338352967,1.006729523,-0.240158855,0.718934863,-0.593909732,0.269680584
1497534882276230000,83506,-0.302671937,-2.338405717,1.00509359,-0.238375821,0.720197128,-0.593873508,0.267968883
1497534882286150000,83507,-0.293033967,-2.338528568,1.003649739,-0.236901253,0.721541982,-0.593100484,0.26737012
1497534882296180000,83508,-0.283166159,-2.338547403,1.002362067,-0.23517011,0.722989928,-0.592390212,0.26656035
1497534882306310000,83509,-0.273336444,-2.338502074,1.001414336,-0.232499979,0.72448125,-0.591333619,0.267198856
1497534882316330000,83510,-0.263456542,-2.338261945,1.000905453,-0.229884273,0.725556939,-0.590725376,0.267887812
1497534882326260000,83511,-0.253406817,-2.337839132,1.00073455,-0.228316588,0.726373488,-0.589447065,0.269824478
1497534882336340000,83512,-0.24327977,-2.337260935,1.001078624,-0.226686171,0.727078105,-0.587790594,0.272897466
1497534882346250000,83513,-0.233585883,-2.33592569,1.002166389,-0.224115326,0.72477744,-0.589433307,0.277557849
1497534882356260000,83514,-0.223100748,-2.335289631,1.003258718,-0.224142464,0.725518247,-0.586945826,0.28085232
1497534882366270000,83515,-0.212931136,-2.333571022,1.004896801,-0.224205664,0.723863313,-0.587177641,0.284563073
1497534882376200000,83516,-0.203356467,-2.331646099,1.007115195,-0.222850127,0.720562201,-0.589733051,0.288691641
1497534882386250000,83517,-0.194037993,-2.329492594,1.009641769,-0.223435978,0.717225178,-0.592260957,0.291361229
1497534882396240000,83518,-0.185172434,-2.326951593,1.012318607,-0.2216771,0.712838217,-0.596405353,0.294994226
1497534882406270000,83519,-0.176604357,-2.324508828,1.014944226,-0.220620621,0.708053641,-0.600894873,0.298181045
1497534882416250000,83520,-0.168296672,-2.321847816,1.017471463,-0.219670384,0.702142011,-0.606950754,0.300586594
1497534882426240000,83521,-0.16030365,-2.31947874,1.019890656,-0.219311591,0.697438124,-0.610690562,0.304203102
1497534882436300000,83522,-0.1524421,-2.31711979,1.021987549,-0.21776469,0.691440856,-0.617298935,0.305663388
1497534882446280000,83523,-0.145048276,-2.3150204,1.023983312,-0.216885944,0.68592183,-0.622908268,0.307338608
1497534882456290000,83524,-0.137709709,-2.313347653,1.025525901,-0.21437512,0.680985234,-0.62880255,0.308074296
1497534882466280000,83525,-0.131141313,-2.311683951,1.027083419,-0.209672874,0.674310807,-0.637132658,0.308875699
1497534882476180000,83526,-0.124312724,-2.310658705,1.028320823,-0.204969828,0.671194116,-0.641300472,0.310192735
1497534882486230000,83527,-0.117507431,-2.309861356,1.029478875,-0.199383777,0.667871416,-0.645935371,0.311386219
1497534882496110000,83528,-0.110814343,-2.309333564,1.030563759,-0.19393095,0.665841228,-0.649306541,0.312165439
1497534882506280000,83529,-0.104226215,-2.308792121,1.031713114,-0.187852888,0.663350962,-0.653002566,0.313471597
1497534882516310000,83530,-0.097719271,-2.308392845,1.032873134,-0.182023758,0.661100404,-0.656110318,0.315171157
1497534882526260000,83531,-0.091136658,-2.307984043,1.034360156,-0.176917435,0.659165819,-0.658057377,0.31805838
1497534882536170000,83532,-0.084598321,-2.307599786,1.035784288,0.172990174,-0.656496169,0.660440177,-0.320789575
1497534882546280000,83533,-0.07806212,-2.307033387,1.037475065,0.170047588,-0.654026515,0.661963909,-0.324248235
1497534882556290000,83534,-0.071546018,-2.306285526,1.039319938,0.168295266,-0.650997507,0.663880455,-0.327325053
1497534882566240000,83535,-0.064992418,-2.305594972,1.041298194,0.166619628,-0.646918533,0.667047666,-0.329820743
1497534882576280000,83536,-0.058460727,-2.304771644,1.043416347,0.166210094,-0.643608199,0.668905216,-0.332728873
1497534882586210000,83537,-0.051888145,-2.303805636,1.045726049,0.166233946,-0.639769952,0.671085966,-0.335714627
1497534882596280000,83538,-0.045188481,-2.302950356,1.047928699,0.167619453,-0.635990879,0.672957896,-0.338447915
1497534882606270000,83539,-0.038512039,-2.302090629,1.050189249,0.168557058,-0.63277326,0.674343891,-0.341243076
1497534882616260000,83540,-0.031743632,-2.301226218,1.052282597,0.1687351,-0.628643947,0.676530618,-0.344443866
1497534882626260000,83541,-0.024942196,-2.300491361,1.054258401,0.171018429,-0.625900325,0.676970352,-0.34743722
1497534882636320000,83542,-0.01797229,-2.299872955,1.056060085,0.171965636,-0.623386656,0.677566182,-0.350315524
1497534882646250000,83543,-0.011052308,-2.299263141,1.057597515,0.174753225,-0.62075001,0.677547161,-0.353639053
1497534882656280000,83544,-0.003986779,-2.298596238,1.058966901,0.177293084,-0.618156689,0.677654984,-0.356697621
1497534882666290000,83545,0.002939941,-2.298096985,1.06009752,0.18103301,-0.615667661,0.677539533,-0.359333495
1497534882676260000,83546,0.010074744,-2.297801612,1.060917937,0.183542792,-0.613223409,0.677739646,-0.361853654
1497534882686290000,83547,0.017235723,-2.297380258,1.061609988,0.186976798,-0.611820827,0.676780475,-0.364256971
1497534882696300000,83548,0.024396898,-2.296982291,1.061958572,0.189876666,-0.610405107,0.676042552,-0.366495465
1497534882706280000,83549,0.031787198,-2.296702176,1.062138626,0.193082576,-0.609254257,0.675371483,-0.367969739
1497534882716270000,83550,0.03906618,-2.296628853,1.062098198,0.196729799,-0.608993605,0.673547016,-0.369808858
1497534882726260000,83551,0.046823748,-2.296903963,1.062002979,0.20107771,-0.609986392,0.670745895,-0.370923578
1497534882736300000,83552,0.054324006,-2.296965905,1.061639002,0.205363795,-0.610690764,0.667888002,-0.372569617
1497534882746270000,83553,0.061925646,-2.297017526,1.061092876,0.20820501,-0.61151354,0.665371735,-0.374142111
1497534882756270000,83554,0.069654612,-2.297011005,1.060177018,0.211317321,-0.612682224,0.662480012,-0.375613785
1497534882766270000,83555,0.077474307,-2.297065683,1.059373042,0.216824071,-0.614829323,0.658426469,-0.376094151
1497534882776250000,83556,0.08521481,-2.297153148,1.058507873,0.220635936,-0.615539003,0.656433808,-0.376199648
1497534882786300000,83557,0.092924693,-2.297205293,1.057386337,0.223480338,-0.615986506,0.654411365,-0.377310121
1497534882796270000,83558,0.100058587,-2.297498101,1.05593673,0.228497732,-0.616779425,0.651880462,-0.377390766
1497534882806260000,83559,0.107694769,-2.29760839,1.05491785,0.230554226,-0.616727181,0.651153235,-0.377480857
1497534882816230000,83560,0.115374811,-2.297791459,1.053751987,0.23186956,-0.616367671,0.649965976,-0.379304141
1497534882826230000,83561,0.123164892,-2.297925653,1.052754743,0.233748611,-0.616413816,0.648370379,-0.380803684
1497534882836270000,83562,0.130703237,-2.297809024,1.051960075,0.237931562,-0.61643743,0.645251584,-0.383462982
1497534882846260000,83563,0.138511473,-2.297628627,1.051040597,0.241091032,-0.615633643,0.643633126,-0.385495436
1497534882856260000,83564,0.146102596,-2.29736328,1.050360294,0.242329323,-0.61405175,0.643574041,-0.38733629
1497534882866240000,83565,0.153815343,-2.297058249,1.049582434,0.24383529,-0.612179692,0.643572283,-0.389352144
1497534882876240000,83566,0.161654496,-2.296623684,1.048735062,0.246495606,-0.610056305,0.642497834,-0.39276934
1497534882886260000,83567,0.169180002,-2.29607109,1.047926933,0.250348305,-0.60768011,0.640999878,-0.396446423
1497534882896220000,83568,0.176891326,-2.29563561,1.047051192,0.25057991,-0.60464142,0.641773346,-0.399681667
1497534882906200000,83569,0.184437161,-2.295124612,1.045967226,0.251824637,-0.602247755,0.641548652,-0.402861417
1497534882916150000,83570,0.192444937,-2.294701297,1.044920059,0.254701039,-0.600257632,0.640263671,-0.406054908
1497534882926200000,83571,0.200404238,-2.29437037,1.043820916,0.255827197,-0.597323874,0.640529221,-0.409241922
1497534882936240000,83572,0.208793379,-2.294160957,1.04286937,0.256981189,-0.595439827,0.640270848,-0.41166166
1497534882946260000,83573,0.217186725,-2.29397874,1.041858471,0.258095434,-0.593078619,0.640065934,-0.41468072
1497534882956260000,83574,0.225869197,-2.293843327,1.040883938,0.259577045,-0.590572123,0.639564426,-0.418092897
1497534882966240000,83575,0.234640491,-2.293926516,1.03983561,0.261358277,-0.588420803,0.638709465,-0.421311083
1497534882976230000,83576,0.243797954,-2.294079103,1.038961107,0.262757545,-0.586647656,0.637698774,-0.424432885
1497534882986250000,83577,0.253225667,-2.294203215,1.038045182,0.262835981,-0.585116533,0.636874504,-0.427722756
1497534882996240000,83578,0.262694586,-2.294448801,1.037131095,0.263318144,-0.583693809,0.635308566,-0.431680574
1497534883006180000,83579,0.272514448,-2.29476355,1.036312025,0.263103733,-0.581720465,0.634466074,-0.435695452
1497534883016160000,83580,0.282500554,-2.295204138,1.035457663,0.263926698,-0.580371784,0.632691768,-0.439559345
1497534883026130000,83581,0.292882001,-2.295557284,1.034786697,0.263797902,-0.578871886,0.631754576,-0.44294939
1497534883036060000,83582,0.303188467,-2.295984086,1.034063182,0.265141913,-0.576733066,0.630355484,-0.446912407
1497534883046070000,83583,0.313626752,-2.296382838,1.033547111,0.266063264,-0.57612981,0.628221493,-0.450136132
1497534883056290000,83584,0.324137378,-2.296872572,1.033255866,0.266504137,-0.574993859,0.6268584,-0.453217556
1497534883066220000,83585,0.335030921,-2.297483549,1.033425569,0.267165589,-0.574148491,0.625523332,-0.455737445
1497534883076270000,83586,0.345227202,-2.29811377,1.033754765,0.26903496,-0.573782265,0.623731032,-0.457551858
1497534883086280000,83587,0.355279023,-2.298640043,1.03467481,0.269140309,-0.572268554,0.62352648,-0.459659574
1497534883096300000,83588,0.365041184,-2.299312307,1.036254286,0.272442428,-0.572922616,0.620717877,-0.460699595
1497534883106270000,83589,0.374796411,-2.299971624,1.038371932,0.275342707,-0.573752075,0.61871662,-0.460635098
1497534883116320000,83590,0.384729028,-2.300670134,1.04102559,0.279985916,-0.574869456,0.616058324,-0.460005582
1497534883126260000,83591,0.394853971,-2.301255022,1.04409525,0.284617467,-0.57552923,0.613428846,-0.459852208
1497534883136290000,83592,0.404507919,-2.301804824,1.046790479,0.288326791,-0.575655024,0.6121181,-0.459130033
1497534883146190000,83593,0.414144719,-2.302146475,1.049418472,0.290746328,-0.574115523,0.612840622,-0.458567673
1497534883156270000,83594,0.424036215,-2.302499787,1.051835734,0.29272232,-0.573368008,0.61384688,-0.456896901
1497534883166290000,83595,0.43333748,-2.302725616,1.053929857,0.293657928,-0.570714849,0.616068146,-0.456628538
1497534883176300000,83596,0.442616656,-2.303103706,1.055464121,0.295543592,-0.568702392,0.618200458,-0.455038204
1497534883186250000,83597,0.451849721,-2.303573078,1.057171425,0.297030249,-0.567139509,0.620222547,-0.453265707
1497534883196290000,83598,0.46060764,-2.304250632,1.058373251,0.29828908,-0.565883127,0.622165294,-0.451342728
1497534883206240000,83599,0.469668116,-2.304994502,1.059808128,0.300253135,-0.566845934,0.622069396,-0.448958136
1497534883216270000,83600,0.478815731,-2.305846423,1.061068162,0.303332851,-0.569520687,0.620601463,-0.445521259
1497534883226260000,83601,0.487458032,-2.306807634,1.062261292,0.307453449,-0.571851676,0.617816246,-0.443577641
1497534883236290000,83602,0.496008236,-2.307502512,1.063329521,0.31174474,-0.574379252,0.614748024,-0.441575089
1497534883246300000,83603,0.50440141,-2.308108754,1.064388791,0.316829348,-0.577458632,0.610245692,-0.440182788
1497534883256270000,83604,0.512420602,-2.308115742,1.065488155,0.32008389,-0.578356264,0.60796042,-0.43981185
1497534883266280000,83605,0.519862972,-2.307712042,1.066270381,0.324821388,-0.57896927,0.604235423,-0.440664503
1497534883276260000,83606,0.527304535,-2.307061747,1.067216717,0.330425254,-0.578890372,0.600572788,-0.441607762
1497534883286210000,83607,0.534545549,-2.30635842,1.067909938,0.334183059,-0.578890335,0.597157904,-0.443407375
1497534883296150000,83608,0.541391602,-2.305332986,1.06837098,0.340734003,-0.577851058,0.592487799,-0.446034418
1497534883306250000,83609,0.548386123,-2.304386384,1.068898488,0.344325775,-0.577763993,0.589366732,-0.447521378
1497534883316260000,83610,0.554968762,-2.303444962,1.069127089,0.35146982,-0.577643221,0.583589908,-0.449688886
1497534883326260000,83611,0.561553332,-2.302448593,1.069331155,0.354920007,-0.577638706,0.580113601,-0.451479262
1497534883336290000,83612,0.567876376,-2.301372317,1.069450751,-0.358268436,0.577531994,-0.576779048,0.453239953
1497534883346300000,83613,0.574405515,-2.300300934,1.069638171,-0.362010522,0.578898053,-0.572631319,0.453782766
1497534883356240000,83614,0.580636895,-2.299314221,1.06955007,-0.364926446,0.579846156,-0.569163609,0.454598625
1497534883366290000,83615,0.587028845,-2.29826459,1.069599094,-0.367666392,0.581767631,-0.56514892,0.454944552
1497534883376470000,83616,0.593358169,-2.297264527,1.069442248,-0.370271207,0.583380413,-0.561892966,0.45479976
1497534883386270000,83617,0.599475152,-2.295984715,1.069498184,-0.37155004,0.585241977,-0.558937129,0.455007343
1497534883396270000,83618,0.605534444,-2.294800314,1.06930648,-0.374645876,0.585931904,-0.555740946,0.455495634
1497534883406260000,83619,0.611767168,-2.2935964,1.069095588,-0.378048958,0.588268973,-0.550884925,0.455570413
1497534883416280000,83620,0.61786416,-2.292098126,1.069087194,-0.380719906,0.588353353,-0.548648627,0.455935708
1497534883426270000,83621,0.62378787,-2.290624235,1.068896027,-0.384232096,0.588511775,-0.54590423,0.456079115
1497534883436280000,83622,0.630134568,-2.288975378,1.068651496,-0.388186662,0.589587056,-0.542047407,0.455941692
1497534883446290000,83623,0.635869164,-2.287273155,1.068076308,-0.39021425,0.589174128,-0.540029366,0.457137802
1497534883456260000,83624,0.642018339,-2.285517501,1.067704012,-0.393750524,0.591365031,-0.535365303,0.45676243
1497534883466300000,83625,0.648620527,-2.28369837,1.067381585,-0.397629795,0.590777746,-0.532736891,0.457234739
1497534883476230000,83626,0.65508509,-2.281834002,1.066818608,-0.400261155,0.59150495,-0.52988796,0.457309142
1497534883486290000,83627,0.661277894,-2.280088572,1.066079063,-0.404866291,0.591654548,-0.526335473,0.457164251
1497534883496290000,83628,0.667797611,-2.278126809,1.065308207,-0.407881421,0.592950599,-0.523104318,0.456513096
1497534883506280000,83629,0.674436895,-2.276210343,1.064449469,-0.412391592,0.593759372,-0.519731609,0.455260407
1497534883516300000,83630,0.681278936,-2.274251683,1.063769541,-0.415857761,0.595071313,-0.516476982,0.454096886
1497534883526270000,83631,0.687826995,-2.272243837,1.062805871,-0.420278553,0.595127327,-0.513495599,0.453333952
1497534883536300000,83632,0.694861155,-2.270022958,1.062221292,-0.423466817,0.59699113,-0.510226668,0.451604022
1497534883546270000,83633,0.70200013,-2.267774749,1.061456034,-0.428027169,0.598149578,-0.506677505,0.449764084
1497534883556310000,83634,0.708994109,-2.265350463,1.060531362,-0.43244307,0.598380756,-0.503028095,0.449328608
1497534883566200000,83635,0.716052684,-2.262772028,1.059884772,-0.434873909,0.598623464,-0.50110575,0.448806927
1497534883576260000,83636,0.722798424,-2.260243892,1.058683271,-0.440311521,0.597986448,-0.497599853,0.448254793
1497534883586290000,83637,0.729699188,-2.257532338,1.057860764,-0.444872292,0.597629502,-0.494003623,0.448205358
1497534883596290000,83638,0.73668184,-2.254660068,1.056955967,-0.448453064,0.597395142,-0.491006728,0.448242442
1497534883606190000,83639,0.743504718,-2.251666759,1.056182136,-0.453362029,0.597576994,-0.486991895,0.447441059
1497534883616280000,83640,0.750023976,-2.248690525,1.055120391,-0.457125921,0.59726553,-0.483972374,0.44730361
1497534883626270000,83641,0.756983586,-2.245615362,1.054711746,-0.459621072,0.597138174,-0.481586598,0.447491699
1497534883636160000,83642,0.762830139,-2.24264604,1.053446506,-0.462906858,0.597104093,-0.478605659,0.447348373
1497534883646300000,83643,0.769241656,-2.2396438,1.052597265,-0.465667522,0.596200052,-0.476819663,0.447596097
1497534883656230000,83644,0.775312448,-2.236615311,1.05178124,-0.467127487,0.595989986,-0.475289624,0.447981719
1497534883666300000,83645,0.782259593,-2.233496504,1.051597129,-0.468754047,0.595824218,-0.473943659,0.447929182
1497534883676260000,83646,0.788730642,-2.230303689,1.051153793,-0.469498128,0.595993192,-0.473063162,0.447855855
1497534883686260000,83647,0.795058681,-2.226975583,1.050562795,-0.470148495,0.596002057,-0.472099563,0.448178473
1497534883696300000,83648,0.800724083,-2.223534005,1.04925685,-0.471600278,0.596126302,-0.470816708,0.447837289
1497534883706250000,83649,0.807681136,-2.219748438,1.04923753,-0.472548198,0.595924728,-0.469762483,0.448213263
1497534883716280000,83650,0.814104033,-2.215669118,1.048522833,-0.473196212,0.595701041,-0.469022312,0.448601924
1497534883726250000,83651,0.820430748,-2.211370889,1.047858046,-0.475624381,0.593675761,-0.46789645,0.449892711
1497534883736290000,83652,0.826619036,-2.206820414,1.04707332,-0.477482961,0.592938621,-0.466304669,0.4505483
1497534883746270000,83653,0.835113316,-2.201878243,1.048325382,-0.478514349,0.591470159,-0.466219436,0.45147149
1497534883756270000,83654,0.839796733,-2.197173223,1.04597186,-0.48080097,0.58945747,-0.466025067,0.451874934
1497534883766220000,83655,0.845748689,-2.192148779,1.044838241,-0.482589687,0.58830113,-0.465084828,0.452443452
1497534883776300000,83656,0.852219124,-2.186972325,1.044238404,-0.483809272,0.587388755,-0.465017189,0.452395902
1497534883786310000,83657,0.859002796,-2.181699131,1.043735165,-0.48553335,0.586080062,-0.465065892,0.452196024
1497534883796310000,83658,0.866097965,-2.176190667,1.0434318,-0.486724877,0.585740334,-0.465123788,0.451294822
1497534883806370000,83659,0.871689225,-2.17064855,1.041795501,-0.487913759,0.584837255,-0.465328339,0.450971269
1497534883816290000,83660,0.878105835,-2.164936876,1.040707953,-0.489972193,0.584232219,-0.465101066,0.449756559
1497534883826270000,83661,0.884380986,-2.15899837,1.039576099,-0.492047219,0.582777246,-0.465112458,0.449366907
1497534883836320000,83662,0.890780626,-2.152875318,1.038436818,-0.493574737,0.58191426,-0.465863494,0.448030108
1497534883846300000,83663,0.891882127,-2.146920465,1.031481798,-0.489328577,0.56662497,-0.468287216,0.469255549
1497534883856330000,83664,0.897863277,-2.140291497,1.029991107,-0.489351676,0.566842012,-0.468955925,0.468300556
1497534883866290000,83665,0.905803316,-2.133609788,1.030624383,-0.491373109,0.565906916,-0.469788237,0.466477055
1497534883876280000,83666,0.910450937,-2.126768703,1.027732267,-0.491358769,0.565422156,-0.470359676,0.466504149
1497534883886290000,83667,0.917635288,-2.11984531,1.02762052,-0.492959202,0.564590817,-0.470558414,0.46562132
1497534883896310000,83668,0.925046505,-2.112794976,1.027767955,-0.493537857,0.564294744,-0.470578011,0.465347355
1497534883906290000,83669,0.931718457,-2.10571265,1.02742875,-0.494039552,0.563480516,-0.470932513,0.465443011
1497534883916300000,83670,0.938487794,-2.098388588,1.027246753,-0.492844504,0.562980781,-0.47165959,0.466577075
1497534883926280000,83671,0.953289871,-2.090788035,1.036433349,-0.498470221,0.576579551,-0.469993845,0.445184507
1497534883936300000,83672,0.963193206,-2.083281878,1.039849225,-0.4988721,0.576325041,-0.469275424,0.445821322
1497534883946250000,83673,0.958874311,-2.075862622,1.027626951,-0.493006869,0.561858765,-0.469974259,0.469449839
1497534883956270000,83674,0.966300842,-2.068045156,1.028518196,-0.49401484,0.56113396,-0.467166344,0.472052564
1497534883966280000,83675,0.972934474,-2.059912828,1.029110525,-0.494681361,0.560027602,-0.464553656,0.475236086
1497534883976240000,83676,0.980528156,-2.051530567,1.031036535,-0.495546367,0.557803396,-0.461719159,0.47969218
1497534883986280000,83677,0.986842771,-2.042945504,1.031982168,-0.496818433,0.555354134,-0.45874284,0.484053962
1497534883996310000,83678,0.991214107,-2.03428187,1.031319171,-0.497223687,0.552269677,-0.456130842,0.489603374
1497534884006290000,83679,0.998044555,-2.025828459,1.033699148,-0.499102803,0.548760285,-0.453663808,0.49391061
1497534884016290000,83680,1.011681422,-2.017737631,1.044304726,-0.506228974,0.558085647,-0.450769593,0.478622409
1497534884026270000,83681,1.019619546,-2.009605677,1.048759961,-0.507310189,0.553964737,-0.449023442,0.483877455
1497534884036280000,83682,1.025017237,-2.001636049,1.050221913,-0.507749305,0.54950294,-0.448457264,0.489002295
1497534884046280000,83683,1.029702304,-1.99390459,1.05141573,-0.508329054,0.54405449,-0.44817532,0.49471726
1497534884056300000,83684,1.03244127,-1.98636308,1.050340607,-0.507608335,0.538217216,-0.448826949,0.501208916
1497534884066130000,83685,1.039344061,-1.979245971,1.053920996,-0.507658699,0.533176219,-0.448846944,0.506499937
1497534884076290000,83686,1.044308623,-1.972368786,1.055287804,-0.506758345,0.529112475,-0.448619678,0.511836257
1497534884086300000,83687,1.046612043,-1.965602315,1.053623204,-0.504060774,0.524738029,-0.449676848,0.518038097
1497534884096260000,83688,1.053416404,-1.959458766,1.057147181,-0.501686177,0.522316993,-0.449055265,0.523302311
1497534884106310000,83689,1.057765294,-1.95333815,1.058074958,-0.498331052,0.520272499,-0.448848951,0.528693965
1497534884116300000,83690,1.060539624,-1.947363726,1.057266723,-0.494347666,0.518839099,-0.448480162,0.53412725
1497534884126270000,83691,1.064701762,-1.941704455,1.058435623,-0.489894622,0.516431424,-0.448797515,0.540261634
1497534884136310000,83692,1.069111995,-1.936299499,1.060029746,-0.48607029,0.514581102,-0.448709258,0.545529068
1497534884146290000,83693,1.073357438,-1.931045457,1.061688554,-0.482172166,0.513071564,-0.448879409,0.550249806
1497534884156300000,83694,1.077380267,-1.92588048,1.063223753,-0.478230319,0.511754765,-0.449486605,0.554404739
1497534884166300000,83695,1.081680177,-1.92085462,1.065388543,-0.474455471,0.509818563,-0.450474541,0.558614112
1497534884176260000,83696,1.085238725,-1.915783531,1.066689646,-0.47141757,0.507630177,-0.451156196,0.56261458
1497534884186300000,83697,1.089707128,-1.910823529,1.069333305,-0.468063039,0.505604274,-0.452164364,0.566417424
1497534884196310000,83698,1.093496724,-1.90573975,1.071090077,-0.464633197,0.503066333,-0.453759634,0.570212637
1497534884206260000,83699,1.093493571,-1.900168369,1.068597348,-0.463060521,0.499092989,-0.453779528,0.57494807
1497534884216300000,83700,1.10159704,-1.895569798,1.075652287,-0.460918938,0.497430095,-0.45363451,0.578215154
1497534884226280000,83701,1.10576378,-1.89038091,1.077929807,-0.459606897,0.494325789,-0.453329943,0.582147299
1497534884236300000,83702,1.102879208,-1.903383713,1.053889367,-0.182357714,-0.726568338,0.234823297,0.619436949
1497534884246310000,83703,1.113104144,-1.879799265,1.081014898,-0.45607864,0.487541655,-0.453188007,0.590691153
1497534884256310000,83704,1.117299683,-1.874443909,1.082972976,-0.455338214,0.484178019,-0.452872772,0.594260051
1497534884266300000,83705,1.117299743,-1.868380663,1.079993764,-0.455261092,0.479145025,-0.452097518,0.598970131
1497534884276270000,83706,1.121810639,-1.862946726,1.082144929,-0.455145367,0.475088973,-0.451585568,0.602663786
1497534884286300000,83707,1.126585424,-1.857629929,1.084363502,-0.455299454,0.471088909,-0.450789891,0.606272316
1497534884296310000,83708,1.129068226,-1.851786707,1.083512641,-0.456986707,0.466075317,-0.450364406,0.609187041
1497534884306300000,83709,1.132987942,-1.846258181,1.084271019,-0.457451873,0.462405263,-0.449624061,0.612174289
1497534884316280000,83710,1.137125157,-1.840703153,1.08485691,-0.458598399,0.458778235,-0.448810539,0.614637405
1497534884326270000,83711,1.145576885,-1.835966801,1.089971543,-0.462124153,0.456156899,-0.447189613,0.61512893
1497534884336310000,83712,1.146901164,-1.830073385,1.086428597,-0.462617083,0.45306552,-0.44660604,0.617462642
1497534884346310000,83713,1.149787033,-1.824459021,1.084561236,-0.464535211,0.451097644,-0.444923745,0.618676663
1497534884356310000,83714,1.15314388,-1.81895227,1.083028607,-0.465128747,0.448833143,-0.444157164,0.620426041
1497534884366290000,83715,1.15795283,-1.813696025,1.082801439,-0.467225424,0.446787143,-0.442990824,0.621160834
1497534884376240000,83716,1.162841185,-1.808531172,1.08254537,-0.469448663,0.445558262,-0.441653281,0.621319699
1497534884386310000,83717,1.167282005,-1.803363041,1.081780892,-0.46954171,0.44458931,-0.441427326,0.622103564
1497534884396310000,83718,1.172314589,-1.79809164,1.081325337,-0.471445959,0.443781781,-0.440453832,0.621929948
1497534884406310000,83719,1.177215643,-1.792796195,1.080731895,-0.473494295,0.443332334,-0.438881782,0.621805738
1497534884416290000,83720,1.182301397,-1.787433462,1.080061731,-0.475292944,0.44143711,-0.438336693,0.622166247
1497534884426270000,83721,1.187404856,-1.781995864,1.079295932,-0.477636796,0.44071319,-0.437241412,0.621654988
1497534884436280000,83722,1.192597693,-1.776382028,1.078581384,-0.479943063,0.44010951,-0.435523504,0.621512311
1497534884446300000,83723,1.197829975,-1.770628852,1.077611756,-0.481642318,0.439570634,-0.434225778,0.621487175
1497534884456310000,83724,1.203295488,-1.764923598,1.077069059,-0.484321011,0.437937484,-0.432630907,0.621670667
1497534884466270000,83725,1.208700714,-1.758936373,1.075939308,-0.485852207,0.437008591,-0.431051955,0.622226114
1497534884476240000,83726,1.214011617,-1.752869581,1.074990235,-0.487608773,0.43539609,-0.42937644,0.623140275
1497534884486250000,83727,1.219597379,-1.746622961,1.073967245,-0.48978317,0.434629104,-0.427269245,0.623418784
1497534884496300000,83728,1.225228405,-1.740360166,1.072953661,-0.490506282,0.432496977,-0.426466481,0.624881023
1497534884506260000,83729,1.230957869,-1.73390143,1.071853952,-0.491243052,0.43169777,-0.424907322,0.625916182
1497534884516270000,83730,1.23669606,-1.727544234,1.070676795,-0.492973589,0.429557276,-0.423065023,0.62727472
1497534884526170000,83731,1.242502337,-1.721164033,1.069549875,-0.494596955,0.428323631,-0.421121825,0.628147378
1497534884536360000,83732,1.248319632,-1.714807079,1.068349491,-0.49552082,0.426147536,-0.419231752,0.630160402
1497534884546400000,83733,1.254208643,-1.708547591,1.067088357,-0.49652581,0.423563275,-0.417877316,0.632008561
1497534884556350000,83734,1.260194264,-1.70222276,1.065852166,-0.496205052,0.422777432,-0.416884239,0.633440858
1497534884566280000,83735,1.266209106,-1.69599262,1.064630028,-0.496026697,0.421316877,-0.415626101,0.635377485
1497534884576170000,83736,1.272304395,-1.689787537,1.063281227,-0.49553082,0.420032051,-0.414702255,0.637216072
1497534884586310000,83737,1.27857152,-1.683450329,1.061977144,-0.495199387,0.418550206,-0.413222975,0.639406025
1497534884596310000,83738,1.28506889,-1.676961122,1.060698527,-0.49346593,0.417726097,-0.412804898,0.641551557
1497534884606290000,83739,1.291852401,-1.670425878,1.059608612,-0.49254462,0.416446994,-0.411742555,0.643769964
1497534884616300000,83740,1.298734048,-1.663717836,1.058345439,-0.491317616,0.415584663,-0.411000666,0.645735891
1497534884626280000,83741,1.305860013,-1.656842099,1.056996979,-0.489979275,0.414245636,-0.410014412,0.648235332
1497534884636290000,83742,1.313196942,-1.64986094,1.055823208,-0.488683646,0.41277028,-0.409094038,0.650731172
1497534884646310000,83743,1.32085597,-1.642746007,1.054583576,-0.487886296,0.411178025,-0.407480353,0.653344745
1497534884656310000,83744,1.328707304,-1.635406728,1.053137735,-0.486845478,0.410636559,-0.406424551,0.655116922
1497534884666310000,83745,1.33692798,-1.627831734,1.051692259,-0.48533883,0.40957377,-0.40554611,0.657440416
1497534884676290000,83746,1.345301411,-1.620261626,1.050315083,-0.485482654,0.407670973,-0.403642936,0.659684281
1497534884686310000,83747,1.353956026,-1.612557619,1.048926252,-0.484262583,0.406592943,-0.403055635,0.661602664
1497534884696320000,83748,1.36279075,-1.604923983,1.048079823,-0.485178137,0.404751964,-0.400845605,0.663400953
1497534884706310000,83749,1.371905586,-1.597290944,1.047596905,-0.484835632,0.403078104,-0.399894788,0.665241768
1497534884716310000,83750,1.380721106,-1.589768251,1.047741576,-0.485538837,0.401365322,-0.398481547,0.666611111
1497534884726310000,83751,1.38925932,-1.582524156,1.048741758,-0.486408754,0.399697999,-0.397639831,0.667480785
1497534884736300000,83752,1.397575295,-1.575511858,1.050591792,-0.487027184,0.401475931,-0.398137532,0.665663656
1497534884746310000,83753,1.405348226,-1.569083136,1.053299111,-0.488555561,0.404319702,-0.39762732,0.66312258
1497534884756310000,83754,1.412995362,-1.562861269,1.05615262,-0.489646857,0.406115244,-0.398150579,0.660902777
1497534884766310000,83755,1.420497361,-1.556708291,1.059128688,-0.491412123,0.406977233,-0.397976434,0.659164937
1497534884776290000,83756,1.428058894,-1.55060111,1.062031828,-0.4912498,0.406073507,-0.399635406,0.658839497
1497534884786250000,83757,1.435690893,-1.544521609,1.064868011,-0.49027673,0.405684732,-0.401317948,0.658781095
1497534884796320000,83758,1.443498445,-1.538385528,1.067308705,-0.490009303,0.406485849,-0.402862625,0.657542275
1497534884806310000,83759,1.451191698,-1.532277853,1.069459775,-0.489233199,0.406527872,-0.40470456,0.656962849
1497534884816320000,83760,1.458809278,-1.526182758,1.071023323,-0.488340462,0.406849818,-0.406699404,0.656195409
1497534884826290000,83761,1.466306621,-1.520160581,1.072358208,-0.487871813,0.406896762,-0.408221854,0.655569246
1497534884836320000,83762,1.473561127,-1.514257758,1.073448453,-0.487807282,0.406625256,-0.409573106,0.654942614
1497534884846320000,83763,1.480655465,-1.508375736,1.074228811,-0.489165128,0.407206133,-0.410336562,0.653088469
1497534884856310000,83764,1.487608168,-1.50250894,1.074942448,-0.492899284,0.408653378,-0.409124493,0.650130649
1497534884866310000,83765,1.494468086,-1.496587886,1.075742497,-0.497923412,0.410159334,-0.407111757,0.646607775
1497534884876210000,83766,1.500924207,-1.490794097,1.076567043,-0.503896294,0.411255239,-0.4038723,0.643307717
1497534884886310000,83767,1.507228095,-1.485029568,1.07754778,-0.509666854,0.413239535,-0.400543422,0.639560592
1497534884896320000,83768,1.512879231,-1.479545114,1.078704293,-0.513679451,0.413469803,-0.398172715,0.637679099
1497534884906320000,83769,1.518174144,-1.474145403,1.079746274,-0.516370326,0.414260258,-0.396203801,0.636217474
1497534884916320000,83770,1.522952744,-1.468976033,1.080775298,-0.518542394,0.414122136,-0.393958636,0.63593493
1497534884926290000,83771,1.527471034,-1.463996043,1.081526305,-0.519598543,0.414041709,-0.392202596,0.636210611
1497534884936320000,83772,1.532028597,-1.459128682,1.082320502,-0.520528716,0.414157777,-0.390302642,0.636543038
1497534884946320000,83773,1.536598976,-1.454395415,1.082932888,-0.521392597,0.414824944,-0.387907933,0.636865339
1497534884956320000,83774,1.541212893,-1.449769954,1.083467909,-0.522510849,0.416061721,-0.385955199,0.63632825
1497534884966290000,83775,1.54588697,-1.445304209,1.083983011,-0.52331259,0.417757468,-0.384878727,0.635209412
1497534884976190000,83776,1.550628947,-1.440863495,1.084376843,-0.524936715,0.420547251,-0.383176439,0.633053925
1497534884986260000,83777,1.555318294,-1.436572538,1.084808919,-0.526468257,0.423508945,-0.382099481,0.630453277
1497534884996260000,83778,1.559991013,-1.432374588,1.085046371,-0.527435348,0.427354023,-0.381427668,0.62744994
1497534885006190000,83779,1.564520161,-1.428256447,1.085321782,-0.528652551,0.43080437,-0.380478547,0.624636014
1497534885016250000,83780,1.568886986,-1.424212905,1.085405976,-0.529338886,0.433973672,-0.380186841,0.622033087
1497534885026180000,83781,1.573122918,-1.420192903,1.085537751,-0.530193641,0.436741121,-0.379555306,0.61974968
1497534885036310000,83782,1.577039756,-1.416170472,1.085549725,-0.530552332,0.439275137,-0.379252693,0.617834098
1497534885046300000,83783,1.580866723,-1.412002153,1.085462037,-0.530467877,0.440737378,-0.379651078,0.616619375
1497534885056310000,83784,1.584661412,-1.407667091,1.085394438,-0.531084857,0.4416502,-0.379684702,0.615413278
1497534885066290000,83785,1.588676301,-1.402978314,1.084063223,-0.535603933,0.448753309,-0.371760974,0.611181375
1497534885076340000,83786,1.591809962,-1.398145344,1.084100319,-0.533325685,0.446349581,-0.376983382,0.61173466
1497534885086300000,83787,1.595485608,-1.393294731,1.083716551,-0.534957172,0.447061519,-0.37642759,0.610130389
1497534885096310000,83788,1.599290868,-1.388357565,1.083350374,-0.537490546,0.447583341,-0.375147016,0.608307309
1497534885106290000,83789,1.60296631,-1.383221428,1.082645044,-0.539495003,0.447819774,-0.374997546,0.60644821
1497534885116320000,83790,1.606673162,-1.378199309,1.082097876,-0.541654847,0.448924466,-0.374280553,0.604144782
1497534885126340000,83791,1.610393951,-1.373214019,1.081684343,-0.543542785,0.449722954,-0.374096675,0.601965268
1497534885136300000,83792,1.614002914,-1.368063759,1.080862799,-0.545413133,0.450908831,-0.373826792,0.599549222
1497534885146160000,83793,1.617875439,-1.363221138,1.08063897,-0.54697747,0.452054774,-0.372730365,0.597941639
1497534885156320000,83794,1.621569763,-1.358014863,1.080161011,-0.549142292,0.452170417,-0.372640096,0.595922827
1497534885166310000,83795,1.625383438,-1.352939156,1.079774557,-0.550466806,0.454099329,-0.371737441,0.593794047
1497534885176320000,83796,1.62898146,-1.347730387,1.079096049,-0.551246053,0.455290725,-0.372073052,0.591945765
1497534885186280000,83797,1.632885538,-1.342437615,1.078592657,-0.552405684,0.455996768,-0.372300805,0.590175413
1497534885196310000,83798,1.63667148,-1.337057521,1.0779801,-0.55390435,0.457011161,-0.372117672,0.588097958
1497534885206310000,83799,1.640678281,-1.331603486,1.077297119,-0.555918047,0.458661154,-0.370964789,0.585636573
1497534885216300000,83800,1.644564502,-1.325996925,1.076301353,-0.557678184,0.459584263,-0.37158675,0.58283843
1497534885226270000,83801,1.648480788,-1.320389183,1.075603503,-0.559556606,0.461205191,-0.37138248,0.579880358
1497534885236310000,83802,1.652562525,-1.314742139,1.074647099,-0.561903328,0.463161486,-0.370089543,0.576870711
1497534885246310000,83803,1.65639413,-1.309021994,1.073500221,-0.563673174,0.463580633,-0.371590459,0.573834541
1497534885256270000,83804,1.660435436,-1.303275701,1.072526125,-0.566253585,0.465659267,-0.369984847,0.570639586
1497534885266210000,83805,1.664191324,-1.297629465,1.071485105,-0.567340183,0.467443976,-0.369953118,0.56811613
1497534885276230000,83806,1.668315903,-1.291721917,1.070486189,-0.570216459,0.468059919,-0.369703739,0.564882508
1497534885286310000,83807,1.672079558,-1.285898362,1.069449791,-0.571166258,0.470636811,-0.368861822,0.562326466
1497534885296330000,83808,1.675890725,-1.279857411,1.06837479,-0.572824234,0.471523776,-0.368518585,0.560117646
1497534885306350000,83809,1.679729467,-1.273791175,1.067361193,-0.574445825,0.472968564,-0.368184651,0.557452055
1497534885316330000,83810,1.683473951,-1.267666066,1.066218073,-0.575988378,0.474447637,-0.367557825,0.555011778
1497534885326290000,83811,1.687200427,-1.261345448,1.065090753,-0.577064768,0.476036753,-0.367266803,0.552720869
1497534885336330000,83812,1.690698415,-1.254852584,1.06379148,-0.57688007,0.476720315,-0.369019374,0.551154994
1497534885346330000,83813,1.694297852,-1.248446711,1.062590595,-0.576948609,0.47699449,-0.37001389,0.550178408
1497534885356320000,83814,1.698063894,-1.241823127,1.06139129,-0.577846118,0.478124944,-0.369975574,0.548277737
1497534885366320000,83815,1.701730029,-1.235114901,1.060060716,-0.577736853,0.478824708,-0.371024743,0.547071904
1497534885376300000,83816,1.705544507,-1.228227937,1.05856444,-0.577876764,0.480029095,-0.371549809,0.545510085
1497534885386330000,83817,1.709339521,-1.221267392,1.057057881,-0.577850238,0.48136605,-0.371994679,0.544054948
1497534885396330000,83818,1.713299909,-1.214088503,1.055516449,-0.5784441,0.482241275,-0.372476268,0.542316517
1497534885406300000,83819,1.717220896,-1.206699399,1.053855392,-0.578626079,0.483226117,-0.373370987,0.540627863
1497534885416320000,83820,1.7210499,-1.199255113,1.052186791,-0.578365827,0.484558022,-0.374593853,0.538865417
1497534885426300000,83821,1.724961315,-1.191594869,1.050468986,-0.578548729,0.485865884,-0.375722864,0.536701072
1497534885436320000,83822,1.728857059,-1.18381302,1.048800281,-0.578441577,0.486858074,-0.376983309,0.535030973
1497534885446330000,83823,1.732838166,-1.175869149,1.046986065,-0.578156608,0.488008347,-0.378556428,0.5331771
1497534885456330000,83824,1.736727629,-1.167651573,1.045237056,-0.577163835,0.489224643,-0.380904606,0.531462922
1497534885466300000,83825,1.740615369,-1.159234974,1.043606716,-0.576716742,0.490609903,-0.382304899,0.529662805
1497534885476320000,83826,1.744610884,-1.15054725,1.041911099,-0.575657184,0.492158334,-0.38429702,0.527934448
1497534885486320000,83827,1.748542064,-1.141741707,1.040453805,-0.575288036,0.493198052,-0.385051104,0.526815911
1497534885496330000,83828,1.752415208,-1.13255832,1.03907752,-0.574603777,0.494395632,-0.385702085,0.525963269
1497534885506320000,83829,1.756183287,-1.123156784,1.037935261,-0.57420693,0.495519308,-0.385554252,0.525447368
1497534885516330000,83830,1.759518064,-1.113475384,1.03711465,-0.572479733,0.49560556,-0.386806083,0.526329876
1497534885526300000,83831,1.762931707,-1.103332931,1.036729346,-0.57282286,0.495281974,-0.385399934,0.527291787
1497534885536330000,83832,1.76593048,-1.092852622,1.03660527,-0.572133149,0.494460326,-0.384477749,0.529480411
1497534885546320000,83833,1.768769992,-1.082136269,1.036889547,-0.572455828,0.492466783,-0.382645631,0.532309227
1497534885556310000,83834,1.771401331,-1.07108925,1.037560009,-0.572912961,0.489948455,-0.379959279,0.53605242
1497534885566360000,83835,1.773845915,-1.059995509,1.038728503,-0.574534723,0.486677899,-0.375437875,0.540463576
1497534885576300000,83836,1.776104236,-1.048982932,1.04026975,-0.575332247,0.483409999,-0.371578993,0.545194122
1497534885586330000,83837,1.777996473,-1.038049441,1.042355339,-0.57559018,0.479330763,-0.368391718,0.550659156
1497534885596330000,83838,1.779499613,-1.027308093,1.044742272,-0.575106215,0.474507579,-0.365943015,0.556939052
1497534885606310000,83839,1.780721682,-1.016716373,1.04734316,-0.573912159,0.469278355,-0.364813268,0.563306257
1497534885616330000,83840,1.781633311,-1.006342077,1.050076789,-0.572277202,0.464245762,-0.364641688,0.569219743
1497534885626300000,83841,1.782609815,-0.996159311,1.052766682,-0.570702404,0.458275275,-0.365073935,0.575329089
1497534885636330000,83842,1.783682039,-0.986227453,1.055260621,-0.569730008,0.452032761,-0.36477386,0.581389827
1497534885646330000,83843,1.784877647,-0.97669855,1.05746553,-0.567767773,0.446339358,-0.365850118,0.587004791
1497534885656270000,83844,1.786372257,-0.967474381,1.059463467,-0.566017093,0.441505617,-0.366315502,0.592039182
1497534885666330000,83845,1.788135181,-0.958654123,1.061171713,-0.56324985,0.438309958,-0.367013682,0.596602836
1497534885676290000,83846,1.789926068,-0.950172351,1.062633816,-0.559835925,0.434987018,-0.367432872,0.601966042
1497534885686330000,83847,1.791966183,-0.941946168,1.063906607,-0.555494957,0.434012639,-0.367732397,0.606490944
1497534885696340000,83848,1.793959151,-0.933920188,1.065073071,-0.551423664,0.433271594,-0.36690462,0.611219002
1497534885706340000,83849,1.796075593,-0.926045176,1.066147669,-0.547283347,0.432888459,-0.365495542,0.616036954
1497534885716330000,83850,1.79826374,-0.918278915,1.067109919,-0.543388221,0.433068314,-0.363175875,0.620712785
1497534885726310000,83851,1.800624095,-0.910658796,1.068191204,-0.539745235,0.434080862,-0.36053744,0.624709245
1497534885736340000,83852,1.802889265,-0.903134989,1.069278424,-0.536234294,0.434203886,-0.357528698,0.629359196
1497534885746320000,83853,1.805167273,-0.895632438,1.07054001,-0.533418662,0.433996054,-0.35470345,0.633480401
1497534885756310000,83854,1.807286304,-0.888255086,1.071923296,-0.530422501,0.433666607,-0.351751345,0.637852832
1497534885766310000,83855,1.809166309,-0.880730666,1.073517565,-0.529021408,0.431597133,-0.348141212,0.64238459
1497534885776240000,83856,1.810924381,-0.873263276,1.075128438,-0.52667587,0.428607878,-0.345163277,0.647896695
1497534885786330000,83857,1.812699603,-0.865486287,1.076826389,-0.526375691,0.424854354,-0.34112748,0.652732297
1497534885796330000,83858,1.814460146,-0.85755413,1.078572812,-0.526669233,0.420376925,-0.337699848,0.657161755
1497534885806330000,83859,1.816233586,-0.849502149,1.08033222,-0.527061774,0.415418597,-0.333752149,0.661999078
1497534885816330000,83860,1.818106763,-0.841283456,1.081881641,-0.52852733,0.410784145,-0.329295052,0.665942952
1497534885826310000,83861,1.820175431,-0.833003703,1.08331926,-0.53014008,0.405994087,-0.324691717,0.669847434
1497534885836330000,83862,1.822189191,-0.824620161,1.084893557,-0.532180562,0.401385235,-0.31992747,0.673290543
1497534885846330000,83863,1.824000951,-0.816232968,1.08617321,-0.535284059,0.395352828,-0.313415726,0.677449408
1497534885856290000,83864,1.825970249,-0.807758503,1.087448251,-0.538082946,0.390153438,-0.307751848,0.680834663
1497534885866330000,83865,1.827816153,-0.79925735,1.088787097,-0.540251142,0.385084672,-0.302477423,0.684358025
1497534885876310000,83866,1.829467111,-0.790774722,1.089791439,-0.542312621,0.379856715,-0.296988054,0.688043598
1497534885886330000,83867,1.830668371,-0.782552105,1.090581529,-0.54455563,0.373530831,-0.291532786,0.692056731
1497534885896330000,83868,1.832134195,-0.774019227,1.091411864,-0.547272145,0.367666193,-0.286280184,0.695239834
1497534885906230000,83869,1.833560549,-0.765415256,1.092029648,-0.549768502,0.361204511,-0.281394887,0.698643552
1497534885916330000,83870,1.835299559,-0.756553352,1.093018987,-0.553209661,0.355853354,-0.275628866,0.700968038
1497534885926310000,83871,1.836225623,-0.748220687,1.092899459,-0.555665651,0.348755088,-0.271008465,0.704386247
1497534885936330000,83872,1.837426684,-0.739522829,1.092908307,-0.559633524,0.342117861,-0.26568838,0.706523441
1497534885946330000,83873,1.838626785,-0.730908155,1.093120624,-0.562525076,0.335919314,-0.261233038,0.70885898
1497534885956240000,83874,1.839795603,-0.722307011,1.093133199,-0.566551698,0.329416021,-0.256350423,0.710484848
1497534885966310000,83875,1.840929181,-0.713595601,1.092911176,-0.570472432,0.322422032,-0.252302546,0.712003274
1497534885976300000,83876,1.842028522,-0.704954945,1.092692682,-0.574391408,0.316231383,-0.248483217,0.712971468
1497534885986320000,83877,1.843200809,-0.696203563,1.092502891,-0.577761693,0.310351026,-0.245347882,0.71391742
1497534885996360000,83878,1.844284503,-0.687428794,1.09231001,-0.582822536,0.304397287,-0.242113265,0.713471338
1497534886006300000,83879,1.845294678,-0.678558687,1.092011631,-0.586875889,0.297723312,-0.239925253,0.713703996
1497534886016300000,83880,1.846290729,-0.669861736,1.091106488,-0.590431258,0.29094598,-0.23715983,0.714490435
1497534886026280000,83881,1.847411915,-0.660977367,1.090546911,-0.595563079,0.284297387,-0.233745859,0.714032554
1497534886036290000,83882,1.848722159,-0.652052001,1.089959795,-0.599377521,0.278635032,-0.230291333,0.714195357
1497534886046260000,83883,1.850094009,-0.643018839,1.089320531,-0.603657025,0.2725366,-0.227091219,0.71396889
1497534886056300000,83884,1.851462514,-0.634059903,1.088621429,-0.606406241,0.26754088,-0.223682073,0.714604561
1497534886066190000,83885,1.852834655,-0.625040807,1.088190518,-0.608980617,0.263156374,-0.221384627,0.714758825
1497534886076280000,83886,1.854042285,-0.616302007,1.087658128,-0.60997692,0.259478933,-0.218306901,0.716198951
1497534886086330000,83887,1.855242756,-0.60773535,1.087064617,-0.610392259,0.255861528,-0.214883297,0.718179181
1497534886096330000,83888,1.856385443,-0.599320129,1.086313235,-0.609659119,0.25265717,-0.21238326,0.7206757
1497534886106320000,83889,1.857621916,-0.590839638,1.085697424,-0.609102994,0.249291844,-0.209962294,0.723023481
1497534886116330000,83890,1.858794629,-0.582402807,1.085191709,-0.608421417,0.245881743,-0.207386983,0.725504092
1497534886126370000,83891,1.860063278,-0.573814327,1.084737761,-0.607620211,0.243321583,-0.20508517,0.727689741
1497534886136340000,83892,1.861648709,-0.564824272,1.085345968,-0.608253364,0.242373305,-0.202740866,0.728134031
1497534886146340000,83893,1.863177256,-0.556081028,1.08481416,-0.606529265,0.24063689,-0.201456193,0.730500883
1497534886156350000,83894,1.86465186,-0.547417239,1.083832709,-0.604896154,0.239281331,-0.199412827,0.732857157
1497534886166280000,83895,1.866362887,-0.538497753,1.083039566,-0.603612574,0.237944136,-0.197356792,0.734904582
1497534886176320000,83896,1.86814793,-0.529591191,1.08224447,-0.601140818,0.237517842,-0.195362766,0.737596354
1497534886186300000,83897,1.870000777,-0.520682907,1.081007477,-0.599414619,0.236961897,-0.193050625,0.73978553
1497534886196350000,83898,1.872170414,-0.511585026,1.080422291,-0.596636165,0.237699675,-0.191252082,0.742257901
1497534886206330000,83899,1.874333211,-0.50264631,1.079339411,-0.593827156,0.238598152,-0.189400375,0.744693043
1497534886216330000,83900,1.876754253,-0.493477136,1.07887919,-0.592324551,0.239973823,-0.186807157,0.746101384
1497534886226320000,83901,1.879460038,-0.484182582,1.079328359,-0.592365187,0.24114363,-0.183900332,0.746414029
1497534886236340000,83902,1.881966756,-0.475031666,1.079326223,-0.593553309,0.243718913,-0.181743948,0.745160854
1497534886246340000,83903,1.884519452,-0.465798821,1.080115739,-0.595895584,0.245898048,-0.179792934,0.743045829
1497534886256340000,83904,1.886698953,-0.456797729,1.081188346,-0.599261437,0.246423527,-0.178044704,0.740581703
1497534886266300000,83905,1.888487833,-0.448180573,1.081883703,-0.600784562,0.245288844,-0.177830064,0.73977548
1497534886276300000,83906,1.890392553,-0.439459416,1.083581784,-0.602352798,0.243837359,-0.177853148,0.738974091
1497534886286330000,83907,1.892040393,-0.431098156,1.084679527,-0.602224251,0.243234711,-0.178720165,0.739068285
1497534886296320000,83908,1.894125325,-0.422465564,1.08643663,-0.602027016,0.243350619,-0.180005611,0.738878832
1497534886306340000,83909,1.896006496,-0.414043517,1.087211699,-0.602233299,0.24438292,-0.180814145,0.738172261
1497534886316300000,83910,1.898174445,-0.405469816,1.088358722,-0.602617502,0.245610228,-0.181362493,0.737316356
1497534886326330000,83911,1.900263763,-0.396833712,1.08888427,-0.60457366,0.246521284,-0.181433513,0.735390934
1497534886336350000,83912,1.9024868,-0.388054742,1.090156724,-0.607409573,0.247232696,-0.18182896,0.732712654
1497534886346350000,83913,1.904392819,-0.379388996,1.090883242,-0.611042876,0.247224465,-0.182275682,0.729576757
1497534886356340000,83914,1.906088599,-0.370761102,1.091409406,-0.615042319,0.246124055,-0.182868511,0.726433069
1497534886366280000,83915,1.907425267,-0.362240473,1.091791749,-0.619862958,0.243999065,-0.18242505,0.723156602
1497534886376320000,83916,1.908486107,-0.353871055,1.09195386,-0.625453324,0.240861966,-0.181074675,0.71972607
1497534886386350000,83917,1.909236681,-0.345821672,1.091531105,-0.629529068,0.237658914,-0.179575726,0.717609889
1497534886396300000,83918,1.910108712,-0.337669674,1.092099002,-0.633865284,0.235128564,-0.177419052,0.715158611
1497534886406370000,83919,1.910577098,-0.329945046,1.09171761,-0.637658045,0.232560406,-0.174533682,0.713334332
1497534886416340000,83920,1.91094031,-0.322420522,1.091521572,-0.640752999,0.230295131,-0.171407912,0.712052719
1497534886426310000,83921,1.911377928,-0.314966747,1.091826182,-0.643421693,0.227866253,-0.168269929,0.711175595
1497534886436300000,83922,1.911519467,-0.307793133,1.091360172,-0.646022828,0.226263778,-0.164747599,0.710153108
1497534886446350000,83923,1.911839733,-0.300821429,1.091572616,-0.647548612,0.224436059,-0.161910307,0.709995988
1497534886456350000,83924,1.911974204,-0.294092327,1.091069345,-0.648747826,0.224241739,-0.15917516,0.709580981
1497534886466450000,83925,1.912456416,-0.287394577,1.090882775,-0.649852357,0.224758937,-0.156444681,0.709013678
1497534886476330000,83926,1.912991498,-0.280804926,1.090962712,-0.651456389,0.225554796,-0.153613379,0.707907153
1497534886486340000,83927,1.913606457,-0.274518482,1.090772161,-0.651421346,0.227793398,-0.152046578,0.707560765
1497534886496350000,83928,1.914485753,-0.268035341,1.090665533,-0.652510029,0.230561085,-0.149884956,0.706120916
1497534886506340000,83929,1.915176009,-0.261899447,1.090200646,-0.652722218,0.233294593,-0.148787828,0.705258478
1497534886516360000,83930,1.916004135,-0.255409297,1.089692946,-0.655210004,0.236016733,-0.1462128,0.702579368
1497534886526280000,83931,1.916813655,-0.249084713,1.088979706,-0.656047301,0.239752185,-0.144902047,0.700802558
1497534886536350000,83932,1.91756928,-0.2419782,1.087646769,-0.664376717,0.240728476,-0.140698231,0.693438812
1497534886546330000,83933,1.918181946,-0.235330372,1.086871603,-0.666413098,0.243803639,-0.138537884,0.690840519
1497534886556350000,83934,1.918229006,-0.228664478,1.0853859,-0.668165158,0.245729076,-0.137112644,0.688747172
1497534886566350000,83935,1.918326048,-0.22176918,1.084629371,-0.670381419,0.247169318,-0.134906072,0.68651033
1497534886576330000,83936,1.917851282,-0.214655038,1.083137007,-0.673963242,0.246553225,-0.132785158,0.683632327
1497534886586340000,83937,1.917318441,-0.207435738,1.082143888,-0.677166755,0.245657887,-0.130948511,0.681138661
1497534886596260000,83938,1.916577189,-0.200362194,1.081107214,-0.679353056,0.24470888,-0.129616413,0.67955616
1497534886606330000,83939,1.915730539,-0.1931899,1.080020314,-0.682292868,0.243004871,-0.128618751,0.677408512
1497534886616320000,83940,1.914798417,-0.186040262,1.079007982,-0.685017355,0.241277686,-0.127971763,0.675395832
1497534886626320000,83941,1.913824356,-0.179022257,1.077958559,-0.687411834,0.239730466,-0.12754884,0.673591544
1497534886636340000,83942,1.912903373,-0.172055597,1.076827825,-0.689457201,0.238840256,-0.127374734,0.671848031
1497534886646340000,83943,1.91193533,-0.165109751,1.075642863,-0.691346453,0.238403121,-0.127548503,0.670026427
1497534886656330000,83944,1.910938307,-0.158159527,1.074521879,-0.693022743,0.23800905,-0.128110102,0.668325499
1497534886666370000,83945,1.909954748,-0.151143565,1.073524704,-0.69451498,0.237589846,-0.128837838,0.666783938
1497534886676270000,83946,1.908851385,-0.143960898,1.072425922,-0.696042699,0.237147552,-0.129200121,0.66527658
1497534886686290000,83947,1.907782644,-0.136676771,1.071343171,-0.697656743,0.236464694,-0.129594318,0.663750579
1497534886696190000,83948,1.906411625,-0.129728434,1.070152024,-0.697119677,0.236777176,-0.130563075,0.664013561
1497534886706300000,83949,1.905183979,-0.121800386,1.06855392,-0.701206026,0.234846213,-0.129792072,0.660538707
1497534886716310000,83950,1.903721408,-0.114531542,1.06755176,-0.700911033,0.234791927,-0.131214817,0.660589999
1497534886726330000,83951,1.902073209,-0.10684224,1.065883866,-0.702853005,0.233227603,-0.1318194,0.658958408
1497534886736310000,83952,1.899965889,-0.09982442,1.064343253,-0.710552086,0.238085019,-0.134659176,0.648304067
1497534886746370000,83953,1.898210556,-0.09186254,1.062670919,-0.712209848,0.236615888,-0.135251952,0.646897954
1497534886756370000,83954,1.896566713,-0.08385972,1.060895638,-0.713735909,0.234490509,-0.135947779,0.645843213
1497534886766430000,83955,1.895400159,-0.075237045,1.059717443,-0.711134829,0.227524436,-0.134896309,0.6514007
1497534886776420000,83956,1.89386695,-0.067215469,1.058097955,-0.713072041,0.226466395,-0.13546093,0.649531811
1497534886786350000,83957,1.892186037,-0.059257744,1.056239716,-0.715182125,0.225561018,-0.136466414,0.647312654
1497534886796390000,83958,1.8906922,-0.051284785,1.054760096,-0.71621125,0.225193167,-0.137348383,0.646115241
1497534886806340000,83959,1.889083204,-0.04344462,1.053064991,-0.718036165,0.224619545,-0.137896567,0.644169746
1497534886816290000,83960,1.887845935,-0.035837778,1.051543957,-0.717355291,0.227072542,-0.137725563,0.644104896
1497534886826320000,83961,1.885982019,-0.027826912,1.04969354,-0.718846976,0.226904735,-0.137710084,0.642502295
1497534886836350000,83962,1.884052022,-0.019562888,1.047969264,-0.719491709,0.226835289,-0.138382434,0.641660139
1497534886846350000,83963,1.881929297,-0.011117968,1.046105417,-0.721748636,0.226426654,-0.138100416,0.639326327
1497534886856350000,83964,1.879682055,-0.002626329,1.044440989,-0.722425928,0.22658596,-0.138605899,0.638394851
1497534886866350000,83965,1.877314716,0.00612299,1.042801687,-0.723764295,0.225870305,-0.139216368,0.636998158
1497534886876380000,83966,1.87475965,0.014843228,1.041297615,-0.724471545,0.225578039,-0.140204825,0.63608029
1497534886886350000,83967,1.872173685,0.023592631,1.04005083,-0.725269064,0.225777401,-0.140779969,0.634972716
1497534886896350000,83968,1.869479229,0.032441221,1.038914636,-0.725554085,0.226463216,-0.141771925,0.63418168
1497534886906350000,83969,1.86677751,0.041358017,1.038272614,-0.725663041,0.227018191,-0.14300312,0.633581881
1497534886916390000,83970,1.863961402,0.050290979,1.037637495,-0.725382657,0.228142496,-0.144268699,0.633212085
1497534886926300000,83971,1.861032119,0.059391646,1.037377107,-0.725810169,0.228488379,-0.145644103,0.632281942
1497534886936360000,83972,1.857988836,0.068372551,1.037141155,-0.724107244,0.230397554,-0.146215534,0.633408781
1497534886946350000,83973,1.854749503,0.077709811,1.037349818,-0.72490295,0.230630928,-0.14609275,0.632441299
1497534886956350000,83974,1.851207196,0.087030034,1.037404602,-0.723565105,0.231432247,-0.146037161,0.633692198
1497534886966340000,83975,1.847407704,0.096369608,1.037834897,-0.723537412,0.231692114,-0.144706042,0.633934176
1497534886976330000,83976,1.843427109,0.105890828,1.038677898,-0.72267103,0.230996282,-0.142706736,0.635627318
1497534886986350000,83977,1.839129821,0.115275361,1.039683225,-0.721160884,0.22995545,-0.139971697,0.638322328
1497534886996370000,83978,1.834516945,0.124893457,1.040805838,-0.720301539,0.22763054,-0.136959813,0.640774562
1497534887006320000,83979,1.829867906,0.134139032,1.042106308,-0.71761524,0.226232576,-0.132633917,0.645178605
1497534887016360000,83980,1.824895934,0.143703668,1.043480452,-0.717267641,0.221680028,-0.129350762,0.647806666
1497534887026380000,83981,1.820031098,0.152871344,1.044924096,-0.712945826,0.219583858,-0.12571721,0.65397734
1497534887036360000,83982,1.815302487,0.162016774,1.046464006,-0.710966466,0.21399539,-0.124327638,0.658236504
1497534887046350000,83983,1.810785815,0.170835173,1.048188957,-0.708995106,0.2095435,-0.121326282,0.662342355
1497534887056360000,83984,1.80665292,0.179858605,1.049513181,-0.705111665,0.208419913,-0.120275779,0.667017553
1497534887066360000,83985,1.801725006,0.1865952,1.051025796,-0.704909778,0.198778391,-0.111207515,0.671730783
1497534887076330000,83986,1.79772958,0.194579306,1.052363478,-0.700616803,0.196015976,-0.110172918,0.677182221
1497534887086330000,83987,1.794024562,0.202544941,1.053575954,-0.696023637,0.195596795,-0.108409753,0.682305149
1497534887096340000,83988,1.790442915,0.210543978,1.054585424,-0.691760274,0.194666551,-0.108007024,0.686954977
1497534887106330000,83989,1.787212902,0.218225397,1.056239939,-0.687222199,0.19506663,-0.106070848,0.691681744
1497534887116300000,83990,1.78419175,0.22584085,1.057198602,-0.683697824,0.196361613,-0.101724938,0.69545053
1497534887126390000,83991,1.780960849,0.233660364,1.058379647,-0.679210604,0.196357465,-0.100950723,0.699946893
1497534887136390000,83992,1.778193612,0.2411594,1.059436039,-0.676576165,0.197209164,-0.095721751,0.702986903
1497534887146380000,83993,1.775470552,0.248826532,1.06071136,-0.672925734,0.198001583,-0.09290319,0.70663663
1497534887156360000,83994,1.772803464,0.256262442,1.06196164,-0.669994594,0.198021581,-0.088533905,0.709969327
1497534887166360000,83995,1.768826986,0.265543268,1.065429663,-0.67828039,0.185311487,-0.095911523,0.704554004
1497534887176350000,83996,1.766258352,0.272917306,1.066973254,-0.67430373,0.186255792,-0.093484471,0.708437657
1497534887186360000,83997,1.763309239,0.280145194,1.068569289,-0.670649654,0.185252406,-0.091353477,0.712436053
1497534887196370000,83998,1.759413829,0.289592234,1.07083648,-0.656746694,0.196942228,-0.091989071,0.722104944
1497534887206370000,83999,1.756609776,0.296500475,1.072857409,-0.653688012,0.194682214,-0.090847286,0.725629099
1497534887216320000,84000,1.754100489,0.30233056,1.073550293,-0.658187869,0.182948034,-0.090183226,0.724696993
1497534887226400000,84001,1.751388489,0.30944039,1.07543155,-0.654215992,0.182500973,-0.087754908,0.728693287
1497534887236370000,84002,1.74861885,0.316461083,1.07676189,-0.651288707,0.180540522,-0.084848206,0.73213996
1497534887246360000,84003,1.745419826,0.323750047,1.078695037,-0.651771721,0.173847834,-0.083789086,0.73345071
1497534887256370000,84004,1.742811929,0.331280934,1.080490738,-0.648314755,0.174500419,-0.081145309,0.736649863
1497534887266360000,84005,1.740320093,0.338256019,1.081807221,-0.645616555,0.172009833,-0.078218314,0.739914709
1497534887276350000,84006,1.737456,0.345551794,1.083574483,-0.645207568,0.166365051,-0.077697109,0.741615145
1497534887286370000,84007,1.734911785,0.353068955,1.084839617,-0.644333272,0.164652274,-0.074956822,0.743038181
1497534887296360000,84008,1.732306462,0.360146548,1.085958479,-0.642525323,0.161162492,-0.072976122,0.745561766
1497534887306370000,84009,1.729790178,0.36750758,1.08680941,-0.640718578,0.160234219,-0.069492579,0.747646628
1497534887316370000,84010,1.72713402,0.374600561,1.087740232,-0.640778187,0.155281149,-0.068334725,0.748746583
1497534887326350000,84011,1.724941978,0.382160604,1.087949204,-0.640358947,0.155558063,-0.063652187,0.749460143
1497534887336380000,84012,1.722089077,0.389219648,1.088965194,-0.638606404,0.150196109,-0.064759102,0.751950296
1497534887346360000,84013,1.71979946,0.397024648,1.088729998,-0.639510548,0.150092137,-0.059406084,0.751644548
1497534887356370000,84014,1.717296365,0.404572991,1.08892664,-0.640207084,0.146295435,-0.057532713,0.751945825
1497534887366350000,84015,1.714818398,0.412192092,1.088929736,-0.640029349,0.143608304,-0.055993262,0.752730923
1497534887376340000,84016,1.712272176,0.419799773,1.088509871,-0.640246023,0.140472155,-0.0536767,0.753306987
1497534887386360000,84017,1.709884758,0.427668065,1.088057617,-0.640915444,0.138476669,-0.051278331,0.753274278
1497534887396370000,84018,1.707474986,0.435594254,1.087288854,-0.641958847,0.135399805,-0.049231197,0.753081682
1497534887406360000,84019,1.704961545,0.443451376,1.086323759,-0.642772057,0.132608754,-0.046955312,0.753030012
1497534887416360000,84020,1.701592554,0.451804743,1.083534801,-0.646584688,0.127585422,-0.036376656,0.751216973
1497534887426330000,84021,1.699222727,0.460162085,1.082568216,-0.647479927,0.125936817,-0.035471017,0.750767254
1497534887436330000,84022,1.696725512,0.468525233,1.081410872,-0.64874941,0.123929896,-0.033499327,0.75009558
1497534887446330000,84023,1.694419679,0.476842763,1.080007012,-0.651185436,0.119469591,-0.032769991,0.748739389
1497534887456330000,84024,1.691432964,0.485072871,1.078625551,-0.648937057,0.116160809,-0.032759622,0.751208473
1497534887466250000,84025,1.688975518,0.493757362,1.077066531,-0.651380833,0.111902769,-0.031736232,0.749782363
1497534887476230000,84026,1.686458551,0.502614858,1.075283068,-0.652326609,0.109852195,-0.029885401,0.749339278
1497534887486180000,84027,1.6839261,0.511729587,1.073862216,-0.654372689,0.105922928,-0.027986869,0.748193459
1497534887496410000,84028,1.681426509,0.520804688,1.072182939,-0.655468538,0.103200049,-0.026552797,0.747666833
1497534887506350000,84029,1.678820882,0.529925565,1.070663964,-0.656549094,0.099014331,-0.023924032,0.747373461
1497534887516370000,84030,1.676148467,0.538955255,1.068933851,-0.656646511,0.096575198,-0.021887407,0.7476694
1497534887526350000,84031,1.673554243,0.547806509,1.067225625,-0.655887148,0.093680675,-0.019861133,0.748759985
1497534887536380000,84032,1.67109671,0.556755976,1.065532108,-0.654933016,0.092134623,-0.017801959,0.749838013
1497534887546360000,84033,1.668826785,0.565860008,1.063761581,-0.654290976,0.091491363,-0.016277794,0.750511613
1497534887556350000,84034,1.666488445,0.574698427,1.061996438,-0.653640515,0.088980808,-0.013876603,0.751427929
1497534887566270000,84035,1.664223773,0.583958411,1.060477648,-0.653036198,0.086829308,-0.012023559,0.752236551
1497534887576290000,84036,1.661943583,0.593203484,1.058964368,-0.65119617,0.085497057,-0.011143269,0.753995775
1497534887586360000,84037,1.659769194,0.60281917,1.05780208,-0.64934199,0.084596858,-0.009547909,0.755716342
1497534887596340000,84038,1.657538844,0.612427595,1.056646831,-0.647187369,0.08406872,-0.007470696,0.757644474
1497534887606290000,84039,1.655347781,0.622319774,1.055456524,-0.644360288,0.084418955,-0.005548813,0.76002794
1497534887616350000,84040,1.653299707,0.632680658,1.05445957,-0.641167984,0.086162447,-0.004278284,0.762536127
1497534887626330000,84041,1.651193908,0.643122865,1.053539222,-0.639147069,0.087261901,-0.002025968,0.764115358
1497534887636360000,84042,1.649049642,0.653592033,1.052836725,-0.637795854,0.086549489,0.001093736,0.765326361
1497534887646340000,84043,1.646946652,0.664043049,1.052536989,-0.635999884,0.086237106,0.003658571,0.766846741
1497534887656340000,84044,1.644924254,0.674698997,1.052874593,-0.634498054,0.086413421,0.00450239,0.768065536
1497534887666260000,84045,1.642925819,0.68498703,1.053704112,-0.635753474,0.085555752,0.004810272,0.767120978
1497534887676320000,84046,1.640981954,0.695152888,1.055469291,-0.635048497,0.085852846,0.003737499,0.767677489
1497534887686350000,84047,1.639201791,0.705129677,1.057599146,-0.637309839,0.082763892,0.003259711,0.766143382
1497534887696330000,84048,1.637304743,0.714805126,1.059629585,-0.637622932,0.081795827,0.000503909,0.765993593
1497534887706360000,84049,1.635686542,0.724422232,1.061974443,-0.636246085,0.079395599,-0.00056428,0.767389692
1497534887716350000,84050,1.634295121,0.734668432,1.064320363,-0.636097737,0.078698921,-0.002980016,0.767578835
1497534887726330000,84051,1.633086847,0.744242618,1.066084127,-0.635529961,0.080693718,-0.003489819,0.767839836
1497534887736360000,84052,1.632171497,0.754351171,1.067906275,-0.636698511,0.08327824,-0.004410875,0.766590037
1497534887746350000,84053,1.63122224,0.764248502,1.069458313,-0.636732025,0.085143288,-0.004409732,0.766357295
1497534887756340000,84054,1.630235195,0.773943895,1.070860856,-0.637975546,0.088103367,-0.004086955,0.764989082
1497534887766350000,84055,1.629164073,0.783451627,1.07209155,-0.639802209,0.089350704,-0.004557445,0.763314361
1497534887776350000,84056,1.627801943,0.792640866,1.072958856,-0.641085022,0.089401181,-0.004927766,0.76222906
1497534887786370000,84057,1.626268785,0.801746524,1.073869678,-0.643831716,0.088441218,-0.005168233,0.760021159
1497534887796320000,84058,1.624520463,0.810782071,1.074593754,-0.648505123,0.085949761,-0.004764257,0.75632734
1497534887806360000,84059,1.62269271,0.819478098,1.075127137,-0.652602152,0.083137634,-0.004620147,0.753111691
1497534887816370000,84060,1.62095806,0.827949689,1.076036167,-0.655532184,0.081296241,-0.00418831,0.750766898
1497534887826330000,84061,1.619230304,0.836147612,1.076673142,-0.65891857,0.079354494,-0.004369866,0.748004069
1497534887836380000,84062,1.617459248,0.843727183,1.07722286,-0.662038,0.077391614,-0.003497746,0.745455559
1497534887846360000,84063,1.6157437,0.850863402,1.077700611,-0.66361203,0.077116702,-0.002505865,0.744087232
1497534887856360000,84064,1.614425637,0.858082348,1.078460067,-0.664978356,0.075025955,-0.001220905,0.743083711
1497534887866380000,84065,1.613015003,0.865108315,1.078825425,-0.666605574,0.07560793,-0.000625331,0.74156595
1497534887876320000,84066,1.611783409,0.872079801,1.079353703,-0.668813041,0.07620716,0.000445491,0.739514291
1497534887886370000,84067,1.610668107,0.878872648,1.079493291,-0.671153628,0.077432738,0.00115459,0.737262264
1497534887896300000,84068,1.609723746,0.88575298,1.079814607,-0.672595784,0.079959271,0.001219775,0.735676518
1497534887906370000,84069,1.608890083,0.892455463,1.079923191,-0.674739677,0.08268105,0.001118793,0.733409136
1497534887916370000,84070,1.607996959,0.898816956,1.08010009,-0.67691822,0.086317851,0.001144963,0.73097855
1497534887926350000,84071,1.607352739,0.905342418,1.080138641,-0.678187974,0.089110211,0.000201603,0.729465833
1497534887936380000,84072,1.606551546,0.911607684,1.080006387,-0.680246287,0.092432769,-0.000556879,0.727131943
1497534887946370000,84073,1.605790108,0.917921844,1.080147896,-0.682667758,0.095454241,-0.001325513,0.72446633
1497534887956310000,84074,1.604834802,0.923925098,1.079869734,-0.684581205,0.097906101,-0.002246992,0.722328125
1497534887966330000,84075,1.603767083,0.92981639,1.079775814,-0.685846888,0.09967824,-0.002907725,0.720881294
1497534887976320000,84076,1.602685453,0.935966074,1.079703015,-0.687155615,0.100602009,-0.003890696,0.719500702
1497534887986370000,84077,1.601200885,0.941783303,1.079001442,-0.690063475,0.10385874,-0.004623999,0.716243241
1497534887996420000,84078,1.599896025,0.94795904,1.078879185,-0.691991387,0.103933406,-0.005197486,0.71436598
1497534888006390000,84079,1.598367574,0.953898981,1.078205858,-0.693944716,0.104926666,-0.006640327,0.71231105
1497534888016370000,84080,1.596623602,0.95963639,1.077415924,-0.696863604,0.105370691,-0.007071721,0.709385738
1497534888026300000,84081,1.594898196,0.965581612,1.076904452,-0.697507824,0.105071698,-0.007471642,0.708792599
1497534888036370000,84082,1.593097051,0.971567682,1.076169414,-0.700183709,0.106040429,-0.008349947,0.705994673
1497534888046320000,84083,1.591246665,0.977386893,1.075009056,-0.702695362,0.107951387,-0.009851881,0.70318466
1497534888056320000,84084,1.589389371,0.983276495,1.074299652,-0.704500348,0.107029182,-0.010005864,0.701515428
1497534888066370000,84085,1.587451952,0.98913989,1.073807677,-0.706677228,0.107642931,-0.010439533,0.699221933
1497534888076400000,84086,1.585599339,0.994897112,1.07300646,-0.708361481,0.108871591,-0.010946742,0.697317114
1497534888086360000,84087,1.583641298,1.000674234,1.072115067,-0.71076238,0.110609291,-0.012241324,0.694573663
1497534888096380000,84088,1.581567353,1.006263517,1.071226588,-0.713011088,0.110896685,-0.012408483,0.69221611
1497534888106380000,84089,1.579533628,1.012020181,1.070641464,-0.713968166,0.111378856,-0.013727455,0.691126447
1497534888116370000,84090,1.577486537,1.017965623,1.069634524,-0.715907309,0.113223734,-0.014651877,0.688797817
1497534888126340000,84091,1.57531792,1.023691906,1.068763661,-0.718001947,0.113973825,-0.015532223,0.686470627
1497534888136340000,84092,1.573169543,1.029648681,1.068009939,-0.719064623,0.113929746,-0.0168027,0.685334773
1497534888146350000,84093,1.570895485,1.03565052,1.066904848,-0.72094875,0.115313063,-0.017484727,0.683103273
1497534888156330000,84094,1.568534245,1.041526624,1.065853462,-0.722831038,0.11527185,-0.019584229,0.681061047
1497534888166360000,84095,1.565990721,1.04746836,1.064874987,-0.724164886,0.115204525,-0.020436204,0.679628941
1497534888176360000,84096,1.563517437,1.053472316,1.063663842,-0.726236007,0.116061199,-0.02241349,0.677206539
1497534888186340000,84097,1.560979806,1.059333859,1.062693046,-0.727788223,0.115310289,-0.022704336,0.675656979
1497534888196320000,84098,1.558669997,1.065481849,1.061751157,-0.729149832,0.115249087,-0.024438147,0.674137188
1497534888206330000,84099,1.55614711,1.071291481,1.060826765,-0.730722035,0.116245597,-0.026423033,0.672186054
1497534888216340000,84100,1.553890618,1.077326072,1.05967174,-0.732208508,0.116285752,-0.02721954,0.670527718
1497534888226380000,84101,1.551338342,1.083015305,1.058437792,-0.733841564,0.118143776,-0.029256932,0.668328242
1497534888236390000,84102,1.549103912,1.089049077,1.057267424,-0.734614221,0.119055564,-0.031517326,0.667213891
1497534888246330000,84103,1.546754849,1.094835467,1.056074006,-0.736237213,0.12128544,-0.03282396,0.664956537
1497534888256420000,84104,1.544348949,1.10082399,1.055090635,-0.736576765,0.122399632,-0.034986641,0.664265711
1497534888266400000,84105,1.541868692,1.106803928,1.053775151,-0.738483296,0.124990177,-0.036497534,0.661579781
1497534888276450000,84106,1.539242452,1.11288638,1.052515156,-0.739545761,0.125776312,-0.038643378,0.660120501
1497534888286350000,84107,1.536544783,1.11913154,1.051254565,-0.740773213,0.128216337,-0.040245479,0.658176207
1497534888296290000,84108,1.533764774,1.125515608,1.049921683,-0.741773278,0.129165014,-0.04256747,0.656716692
1497534888306350000,84109,1.530709838,1.13193819,1.048520142,-0.743752412,0.13170861,-0.044389681,0.653846119
1497534888316370000,84110,1.527546139,1.138534467,1.047066246,-0.74445418,0.13218334,-0.046413098,0.652810358
1497534888326350000,84111,1.524259985,1.145164697,1.045757275,-0.744958251,0.133213848,-0.049190221,0.651821753
1497534888336380000,84112,1.520881717,1.151921132,1.044350434,-0.746932324,0.134348531,-0.050341736,0.649236694
1497534888346320000,84113,1.5172398,1.158704962,1.042934609,-0.747591856,0.135939092,-0.053375923,0.647902764
1497534888356320000,84114,1.513568203,1.165587783,1.041511703,-0.749115346,0.136362723,-0.05631164,0.645802141
1497534888366380000,84115,1.509785847,1.172483087,1.040232499,-0.749052149,0.137332679,-0.060614792,0.645280141
1497534888376350000,84116,1.505822832,1.179370905,1.03895225,-0.749853563,0.138423158,-0.063708444,0.643816665
1497534888386380000,84117,1.501805293,1.186409622,1.037620411,-0.749575898,0.140001214,-0.067878271,0.6433725
1497534888396390000,84118,1.497608518,1.193465577,1.036339942,-0.749927979,0.142288541,-0.071815599,0.642031554
1497534888406330000,84119,1.493398325,1.200792913,1.035148221,-0.749460874,0.143878321,-0.076145792,0.641723652
1497534888416380000,84120,1.489137451,1.208279784,1.034180854,-0.749286438,0.1462526,-0.079919966,0.640931205
1497534888426400000,84121,1.48478636,1.215773695,1.033184709,-0.749031223,0.150273171,-0.082767305,0.639937321
1497534888436390000,84122,1.480333353,1.223332816,1.032517398,-0.747686886,0.152783901,-0.084242108,0.640721989
1497534888446360000,84123,1.475513999,1.231198373,1.031932985,-0.747364476,0.154900648,-0.085306447,0.640449014
1497534888456380000,84124,1.470505086,1.239129644,1.03150059,-0.747186473,0.156769083,-0.086180978,0.640084891
1497534888466380000,84125,1.46536165,1.247298742,1.031283395,-0.746230635,0.158300615,-0.084735414,0.641015339
1497534888476340000,84126,1.45959739,1.255311691,1.031321772,-0.745569691,0.158478398,-0.083536785,0.641897218
1497534888486350000,84127,1.453689058,1.263540482,1.031358172,-0.745722937,0.158391606,-0.079879397,0.642206106
1497534888496390000,84128,1.447557987,1.271950928,1.032255175,-0.746302512,0.157042855,-0.075140914,0.642435946
1497534888506290000,84129,1.440985511,1.279964215,1.033095499,-0.744823109,0.155306075,-0.071217655,0.645016748
1497534888516370000,84130,1.434249309,1.287893445,1.034256953,-0.744330357,0.151417815,-0.067224937,0.646935679
1497534888526360000,84131,1.427405748,1.295539216,1.035730463,-0.743276759,0.148167138,-0.062420849,0.649376468
1497534888536390000,84132,1.420603292,1.302857684,1.037736898,-0.741247236,0.144172834,-0.058932957,0.65291166
1497534888546360000,84133,1.414000131,1.309997886,1.039587433,-0.739853873,0.140579212,-0.054815095,0.655628735
1497534888556380000,84134,1.407495094,1.3167987,1.041824257,-0.736158288,0.136086036,-0.052222859,0.660926879
1497534888566350000,84135,1.401186403,1.323127232,1.043756825,-0.732817704,0.13328795,-0.050012391,0.665365536
1497534888576390000,84136,1.39511224,1.329299916,1.045639493,-0.728946865,0.128396153,-0.048463188,0.670672957
1497534888586390000,84137,1.389325853,1.335353929,1.047446955,-0.725283685,0.126003317,-0.046965653,0.675189579
1497534888596390000,84138,1.383841388,1.341174677,1.049021435,-0.720721502,0.122973448,-0.046493759,0.680644091
1497534888606360000,84139,1.378677927,1.346861407,1.050435162,-0.716395205,0.121873333,-0.046701589,0.685378554
1497534888616380000,84140,1.373809133,1.352354106,1.051667906,-0.711699133,0.12145101,-0.046444981,0.690345464
1497534888626400000,84141,1.369283806,1.357801943,1.053007554,-0.706718409,0.121251703,-0.046342331,0.695485084
1497534888636390000,84142,1.364777442,1.362966068,1.053963238,-0.702328623,0.122304735,-0.046068212,0.699752654
1497534888646350000,84143,1.360647447,1.368071352,1.054863035,-0.697653924,0.124164491,-0.045714382,0.704111054
1497534888656380000,84144,1.356574097,1.373071142,1.055912173,-0.693755882,0.125958017,-0.045798402,0.707629748
1497534888666390000,84145,1.352586177,1.378086826,1.056847105,-0.689321969,0.127307041,-0.044838304,0.711770796
1497534888676400000,84146,1.348825617,1.383099456,1.057938916,-0.685227091,0.128836157,-0.044183323,0.715480896
1497534888686390000,84147,1.3449814,1.388009405,1.058870946,-0.681993307,0.131062799,-0.04332861,0.718213272
1497534888696390000,84148,1.341281376,1.393046091,1.060178278,-0.678260228,0.131890223,-0.043212717,0.721595935
1497534888706410000,84149,1.33766017,1.397990697,1.061589226,-0.674390846,0.132814242,-0.041707335,0.725132996
1497534888716350000,84150,1.333929677,1.40288876,1.063005893,-0.67088084,0.133403792,-0.041152653,0.728305421
1497534888726400000,84151,1.330178836,1.407708883,1.064500534,-0.667481158,0.134590682,-0.040809847,0.731224185
1497534888736390000,84152,1.326257182,1.412492482,1.065789644,-0.663643271,0.134824496,-0.040402172,0.734688797
1497534888746370000,84153,1.322483216,1.417370645,1.067368837,-0.66045488,0.133303905,-0.03887051,0.737914971
1497534888756380000,84154,1.31861939,1.422299142,1.068738516,-0.656543149,0.132643336,-0.037973459,0.741562442
1497534888766390000,84155,1.314833599,1.427284432,1.070145315,-0.65361082,0.132095204,-0.036359627,0.74432636
1497534888776360000,84156,1.310971055,1.432314145,1.071566194,-0.650478711,0.130800731,-0.035063628,0.747354773
1497534888786410000,84157,1.307089721,1.437374627,1.072533365,-0.647759239,0.129416638,-0.03272992,0.7500587
1497534888796390000,84158,1.303216782,1.442519238,1.073632239,-0.645905994,0.127900731,-0.03047138,0.752009538
1497534888806370000,84159,1.299337683,1.447784335,1.07457859,-0.643857264,0.126513328,-0.02817614,0.754087731
1497534888816330000,84160,1.295457539,1.45314488,1.075151564,-0.642113343,0.124101664,-0.026223574,0.756043356
1497534888826400000,84161,1.291539785,1.458597033,1.075920342,-0.640724392,0.121517903,-0.023948209,0.757715076
1497534888836390000,84162,1.287606827,1.464177482,1.076194954,-0.64109005,0.118802255,-0.021978116,0.757896124
1497534888846390000,84163,1.283675332,1.469808182,1.076382522,-0.641032667,0.116521165,-0.019407522,0.758368833
1497534888856380000,84164,1.279714059,1.475516479,1.076500469,-0.642078145,0.113295239,-0.01730015,0.758024108
1497534888866380000,84165,1.275819435,1.481149046,1.076454908,-0.641286937,0.110552462,-0.015898208,0.759128754
1497534888876350000,84166,1.271945918,1.486868827,1.076508651,-0.641794675,0.107933527,-0.013393182,0.759124872
1497534888886380000,84167,1.267926594,1.492525326,1.076129523,-0.64158944,0.104949421,-0.011475969,0.759747926
1497534888896370000,84168,1.263929146,1.498236346,1.075803985,-0.642855923,0.10237449,-0.009703354,0.759053075
1497534888906380000,84169,1.259944093,1.504088852,1.075496946,-0.643561196,0.100119365,-0.007816178,0.75877797
1497534888916290000,84170,1.255999436,1.510030273,1.0750401,-0.644604942,0.097697807,-0.006782237,0.758217389
1497534888926300000,84171,1.251995251,1.516154973,1.074350593,-0.645369072,0.095229805,-0.0056696,0.757890428
1497534888936360000,84172,1.247895339,1.522204864,1.073640049,-0.646890805,0.091737505,-0.004557435,0.757030876
1497534888946460000,84173,1.243867946,1.528438604,1.072893593,-0.648520585,0.088937374,-0.003062205,0.755977392
1497534888956440000,84174,1.239618294,1.534695255,1.071953121,-0.6503541,0.086250723,-0.001029732,0.754718025
1497534888966460000,84175,1.235357293,1.541016916,1.071178826,-0.651914044,0.083582988,0.000694263,0.753671999
1497534888976290000,84176,1.231029462,1.547724227,1.070250828,-0.653063663,0.079522444,0.001449638,0.75311482
1497534888986380000,84177,1.226629225,1.554468827,1.069454741,-0.654104178,0.07632619,0.003757111,0.752534332
1497534888996400000,84178,1.221931718,1.561490579,1.068121378,-0.656114418,0.073041484,0.005711841,0.751096656
1497534889006390000,84179,1.217056274,1.568463741,1.066942798,-0.658006682,0.069204829,0.008527287,0.749776756
1497534889016450000,84180,1.212203646,1.575572024,1.066099603,-0.658362085,0.065604249,0.011163429,0.749753843
1497534889026370000,84181,1.207051229,1.582661952,1.064642911,-0.658812325,0.061864895,0.014552528,0.749618089
1497534889036400000,84182,1.20184987,1.589733583,1.063421554,-0.659340826,0.058323061,0.018400432,0.749352734
1497534889046400000,84183,1.196669368,1.596969022,1.062092913,-0.658712741,0.055059155,0.023027957,0.750023818
1497534889056400000,84184,1.191257835,1.604140012,1.060672273,-0.658640869,0.051144909,0.027192839,0.750224602
1497534889066430000,84185,1.185819338,1.611339602,1.059340122,-0.65821198,0.047727312,0.031836546,0.750643409
1497534889076440000,84186,1.180339568,1.61863113,1.057899032,-0.657937695,0.044169599,0.03623206,0.750902307
1497534889086400000,84187,1.174749557,1.625826209,1.056656251,-0.657712352,0.03983042,0.040193012,0.751140813
1497534889096400000,84188,1.169251211,1.633318464,1.055491921,-0.656165913,0.036504216,0.044818037,0.752399549
1497534889106410000,84189,1.16364154,1.640874111,1.054342158,-0.655183246,0.033191623,0.049008537,0.753147657
1497534889116420000,84190,1.157981958,1.648582469,1.053197334,-0.653337575,0.029620836,0.053469989,0.754594977
1497534889126420000,84191,1.152437078,1.656524478,1.052269361,-0.653145683,0.027023463,0.057922737,0.754529923
1497534889136380000,84192,1.146684781,1.664679461,1.051124071,-0.651744605,0.025462529,0.062871506,0.755399102
1497534889146400000,84193,1.141044923,1.673219541,1.050057906,-0.650216582,0.023962138,0.06750836,0.756364221
1497534889156420000,84194,1.135249851,1.681982488,1.048926147,-0.648773736,0.02151622,0.073853335,0.757083467
1497534889166410000,84195,1.129347601,1.690796574,1.047886773,-0.647584753,0.020045941,0.078649318,0.75765852
1497534889176410000,84196,1.123426692,1.699817847,1.04695257,-0.645972704,0.018043443,0.082787022,0.758643532
1497534889186380000,84197,1.1173851,1.708698242,1.046072484,-0.645637515,0.015104911,0.087678187,0.758443522
1497534889196390000,84198,1.111283664,1.717659186,1.04534664,-0.644969243,0.011944319,0.092330657,0.758516353
1497534889206370000,84199,1.105242504,1.726359283,1.04530015,-0.644073457,0.009342385,0.095464073,0.758926026
1497534889216410000,84200,1.099286957,1.735200932,1.045411111,-0.643964374,0.00680694,0.099051484,0.758585759
1497534889226340000,84201,1.0933955,1.743864911,1.045985292,-0.644278667,0.004102481,0.10092348,0.758091433
1497534889236400000,84202,1.087884042,1.752619091,1.047203948,-0.646211569,0.00153362,0.102078646,0.756299019
1497534889246400000,84203,1.082406404,1.761124645,1.048965081,-0.648018789,-0.000111414,0.102420689,0.754706327
1497534889256410000,84204,1.076987146,1.769695389,1.050948368,-0.651460275,-0.002180857,0.103919892,0.751528715
1497534889266430000,84205,1.071638499,1.777951227,1.052879126,-0.651558603,-0.004824318,0.103735207,0.751456665
1497534889276400000,84206,1.066408526,1.786013421,1.05492567,-0.651877453,-0.007387065,0.103033959,0.751255763
1497534889286410000,84207,1.061443753,1.794109226,1.056945278,-0.650514332,-0.009153466,0.102807998,0.752447894
1497534889296410000,84208,1.05654798,1.802190185,1.058785019,-0.648540742,-0.009812101,0.101050393,0.754378849
1497534889306390000,84209,1.051599607,1.810118939,1.060319461,-0.647986946,-0.010813387,0.099459158,0.755052226
1497534889316400000,84210,1.046890705,1.818214012,1.061828914,-0.647335707,-0.010204731,0.096639317,0.755984913
1497534889326370000,84211,1.042051988,1.825999767,1.062994682,-0.646730262,-0.010533683,0.094665742,0.756747915
1497534889336410000,84212,1.037291436,1.833659327,1.063991441,-0.647148521,-0.011218538,0.093052978,0.756580517
1497534889346410000,84213,1.032543687,1.841366443,1.064847768,-0.648034806,-0.012437243,0.091821795,0.755953017
1497534889356400000,84214,1.027690079,1.848403926,1.065372757,-0.650112776,-0.016034195,0.093345703,0.753911708
1497534889366410000,84215,1.022973435,1.855996636,1.066141995,-0.654313302,-0.019302149,0.093275949,0.750200725
1497534889376440000,84216,1.018139655,1.863266657,1.066868404,-0.659205055,-0.021410058,0.09379074,0.745783884
1497534889386420000,84217,1.013415973,1.870420518,1.067708327,-0.663449779,-0.022519295,0.094520442,0.741884869
1497534889396420000,84218,1.008641522,1.877141242,1.068360325,-0.667226524,-0.023408487,0.094973381,0.738404269
1497534889406410000,84219,1.00390297,1.883639985,1.069260906,-0.670342125,-0.024608488,0.096196928,0.73537882
1497534889416420000,84220,0.999022915,1.889128962,1.069419041,-0.671846309,-0.027877308,0.098494986,0.733583077
1497534889426410000,84221,0.994077069,1.894259027,1.069785192,-0.674763507,-0.031642737,0.102723693,0.730164906
1497534889436400000,84222,0.989035817,1.899310039,1.070029245,-0.67569093,-0.035682707,0.105342955,0.72874644
1497534889446400000,84223,0.984024988,1.904594261,1.070473391,-0.677058212,-0.037353605,0.10698909,0.72715213
1497534889456420000,84224,0.978987563,1.909708162,1.070594033,-0.678233669,-0.040758486,0.109353885,0.725520202
1497534889466410000,84225,0.973858061,1.914686007,1.070695525,-0.68055496,-0.042252593,0.111090885,0.722992724
1497534889476400000,84226,0.968850343,1.918605219,1.070161491,-0.677724675,-0.041783032,0.112131463,0.725513596
1497534889486390000,84227,0.963914954,1.924760003,1.070432892,-0.684521867,-0.046359155,0.114569695,0.718438882
1497534889496400000,84228,0.959006509,1.92966447,1.07047517,-0.685670595,-0.0459788,0.115433571,0.717228608
1497534889506400000,84229,0.954221061,1.93449666,1.070225921,-0.689303874,-0.048652424,0.116830036,0.713332919
1497534889516400000,84230,0.949337968,1.939417252,1.070020833,-0.69113118,-0.049993868,0.119004537,0.711109151
1497534889526310000,84231,0.944390124,1.944246026,1.069674447,-0.693846516,-0.05060458,0.119946644,0.708257716
1497534889536380000,84232,0.939502141,1.948429957,1.069433915,-0.694428526,-0.052320703,0.12075148,0.707425365
1497534889546400000,84233,0.934276863,1.952551568,1.068862423,-0.695856887,-0.053250793,0.122067314,0.705724533
1497534889556400000,84234,0.929091442,1.957044014,1.068474591,-0.697631441,-0.056629109,0.123838943,0.703397066
1497534889566390000,84235,0.923805369,1.961187602,1.067998092,-0.699623383,-0.058720472,0.12551883,0.700945112
1497534889576370000,84236,0.918476101,1.965469538,1.06743747,-0.70113133,-0.063153927,0.127055608,0.698772718
1497534889586380000,84237,0.912833595,1.969325827,1.066711561,-0.702764296,-0.064748498,0.128854835,0.696653721
1497534889596400000,84238,0.907341274,1.973800099,1.065946123,-0.704619384,-0.069526885,0.13063808,0.693982153
1497534889606390000,84239,0.901699087,1.977391194,1.065111001,-0.705366517,-0.071992264,0.132343073,0.692647458
1497534889616360000,84240,0.895950291,1.981579748,1.064365463,-0.708200141,-0.075149336,0.133231092,0.689242058
1497534889626360000,84241,0.890257339,1.985205006,1.063399197,-0.708242757,-0.079118233,0.134384819,0.688529754
1497534889636310000,84242,0.884360217,1.988879247,1.062471808,-0.709618619,-0.081313607,0.135652938,0.686605995
1497534889646310000,84243,0.878381591,1.99277058,1.061698884,-0.711252678,-0.083677213,0.136136799,0.684532339
1497534889656420000,84244,0.872484513,1.996530573,1.060993626,-0.710428397,-0.086566488,0.138075454,0.684640713
1497534889666420000,84245,0.866331834,2.00045409,1.060393328,-0.71320575,-0.08704284,0.138539687,0.681592149
1497534889676430000,84246,0.859851886,2.00436509,1.05930889,-0.714146729,-0.090466375,0.139179932,0.680028846
1497534889686400000,84247,0.85325108,2.008046557,1.058037241,-0.715255803,-0.093018893,0.138886152,0.678577378
1497534889696390000,84248,0.846585906,2.012362414,1.057037321,-0.717737945,-0.095538963,0.139802581,0.675410829
1497534889706400000,84249,0.839763421,2.016326895,1.056020636,-0.717928428,-0.098618768,0.140062505,0.674711498
1497534889716400000,84250,0.832709229,2.020124291,1.054895882,-0.720984911,-0.100135528,0.140518117,0.671124648
1497534889726350000,84251,0.825480829,2.024331816,1.053658281,-0.722578271,-0.102921978,0.140973135,0.668890338
1497534889736400000,84252,0.818021585,2.027106559,1.051461916,-0.719611191,-0.105740919,0.140712808,0.671698219
1497534889746390000,84253,0.810451358,2.031229962,1.050056396,-0.720697095,-0.109207101,0.142096156,0.669685142
1497534889756400000,84254,0.802643368,2.03503564,1.048521774,-0.723926927,-0.110615209,0.141801827,0.666022764
1497534889766390000,84255,0.794689999,2.039301659,1.047100551,-0.726382094,-0.114051897,0.142126029,0.662692546
1497534889776370000,84256,0.786485522,2.04328991,1.045516187,-0.728990984,-0.11670836,0.142904127,0.659188679
1497534889786400000,84257,0.778188545,2.047772832,1.043922386,-0.733775787,-0.11870948,0.143035342,0.653469238
1497534889796410000,84258,0.769863694,2.052235285,1.042280078,-0.735554969,-0.12174374,0.143755856,0.650746958
1497534889806370000,84259,0.761391111,2.056284994,1.040382215,-0.738377927,-0.124402868,0.143387292,0.647118265
1497534889816410000,84260,0.752795139,2.060503513,1.038442036,-0.741343595,-0.127383784,0.143157993,0.64318647
1497534889826360000,84261,0.744153742,2.064328433,1.036559885,-0.743541334,-0.128882011,0.142885117,0.640405774
1497534889836420000,84262,0.735451832,2.068000504,1.03450654,-0.744845355,-0.129875959,0.143330048,0.638587605
1497534889846410000,84263,0.726637421,2.071416164,1.032469482,-0.745870516,-0.131841905,0.14277386,0.637111066
1497534889856410000,84264,0.717659259,2.074698927,1.030328183,-0.747735246,-0.132739554,0.142425438,0.634812734
1497534889866390000,84265,0.70852135,2.078281266,1.028325814,-0.748481148,-0.134591207,0.142439631,0.633539368
1497534889876380000,84266,0.699101822,2.081034199,1.026121885,-0.750337762,-0.136064492,0.140472065,0.631464406
1497534889886390000,84267,0.689514263,2.083823216,1.023937535,-0.750916127,-0.137543084,0.13964519,0.630639431
1497534889896410000,84268,0.679839126,2.086729943,1.021941845,-0.75183214,-0.138969781,0.138944765,0.629388739
1497534889906410000,84269,0.670020179,2.089329301,1.019965738,-0.751664734,-0.139556686,0.139115104,0.6294212
1497534889916410000,84270,0.660179985,2.09187218,1.018032766,-0.752101307,-0.14097581,0.138430866,0.628733918
1497534889926290000,84271,0.650202978,2.09491825,1.016643319,-0.753867065,-0.141091984,0.138634782,0.62654441
1497534889936410000,84272,0.640142542,2.096876797,1.015095635,-0.753137776,-0.141001235,0.138504558,0.627470023
1497534889946420000,84273,0.630019566,2.099352626,1.01419662,-0.754336106,-0.140442145,0.140448343,0.625721429
1497534889956470000,84274,0.619694139,2.101235829,1.013341615,-0.753546735,-0.140193163,0.142701489,0.626218396
1497534889966380000,84275,0.609186189,2.102962065,1.012860824,-0.752297047,-0.140097999,0.14694496,0.626760626
1497534889976370000,84276,0.598588991,2.104982929,1.012978855,-0.752291168,-0.140902656,0.15180902,0.625426624
1497534889986300000,84277,0.587681138,2.106077154,1.013214907,-0.751992206,-0.141277318,0.1558143,0.624716212
1497534889996410000,84278,0.57673641,2.10712812,1.01387473,-0.749790021,-0.142637098,0.161122829,0.625706814
1497534890006400000,84279,0.565777924,2.108080007,1.015075567,-0.749048492,-0.143584061,0.165706611,0.625181008
1497534890016410000,84280,0.55506874,2.108693856,1.016437031,-0.745024551,-0.146221185,0.170481834,0.628087356
1497534890026270000,84281,0.544362642,2.108813501,1.018029303,-0.742275406,-0.146645259,0.174884474,0.630030008
1497534890036410000,84282,0.53406552,2.109092254,1.02002298,-0.738178172,-0.147617308,0.178677995,0.633542651
1497534890046380000,84283,0.523995852,2.109256973,1.022124099,-0.73501561,-0.14828943,0.182677859,0.635917524
1497534890056410000,84284,0.514091823,2.109255477,1.024071492,-0.730954964,-0.149782308,0.186369055,0.639168738
1497534890066410000,84285,0.504583986,2.10948828,1.02591399,-0.726189004,-0.152609493,0.190700871,0.642645354
1497534890076390000,84286,0.495317707,2.10984198,1.027701736,-0.721676747,-0.154293009,0.194966211,0.64603755
1497534890086410000,84287,0.486243479,2.110116914,1.029270353,-0.71734078,-0.155681503,0.198494329,0.649450134
1497534890096420000,84288,0.477565752,2.110632771,1.03063358,-0.712822002,-0.156043395,0.201781489,0.65331423
1497534890106410000,84289,0.469213087,2.111448972,1.031921972,-0.708495301,-0.156521472,0.205366231,0.656780137
1497534890116410000,84290,0.461055516,2.11211355,1.03296465,-0.704940143,-0.155067331,0.20929777,0.659702934
1497534890126350000,84291,0.453091725,2.112938065,1.033908139,-0.701266406,-0.152825379,0.213376131,0.662827623
1497534890136430000,84292,0.445314565,2.113827904,1.034821221,-0.697514879,-0.150952796,0.218003883,0.665703052
1497534890146420000,84293,0.437619911,2.114725223,1.035931974,-0.693541115,-0.148447222,0.221926527,0.669113413
1497534890156410000,84294,0.429842446,2.115498471,1.036969078,-0.690982269,-0.146127946,0.226410629,0.67076699
1497534890166400000,84295,0.422234665,2.116345264,1.038063081,-0.687986265,-0.144558083,0.231049511,0.672602396
1497534890176390000,84296,0.414624089,2.117044379,1.039346106,-0.684652724,-0.143710269,0.235458055,0.674653622
1497534890186420000,84297,0.407164971,2.117716192,1.040555329,-0.681327598,-0.144224526,0.239661116,0.676427778
1497534890196420000,84298,0.399694499,2.118222258,1.04194228,-0.677911645,-0.145377685,0.243983287,0.678065842
1497534890206420000,84299,0.39226921,2.118667801,1.04362494,-0.675059358,-0.146060003,0.248011068,0.679302472
1497534890216430000,84300,0.384873245,2.118978069,1.045152362,-0.671276233,-0.148517944,0.251930413,0.681073936
1497534890226340000,84301,0.37762653,2.119406481,1.046668947,-0.667374357,-0.150594345,0.256257657,0.682835869
1497534890236370000,84302,0.3703771,2.119829128,1.048276127,-0.663781454,-0.152606216,0.260325762,0.684350804
1497534890246390000,84303,0.363151717,2.120359741,1.049729089,-0.66093165,-0.155103479,0.26433862,0.685009021
1497534890256420000,84304,0.355992646,2.120921856,1.051105725,-0.657114117,-0.156536816,0.26872564,0.686646774
1497534890266420000,84305,0.348913737,2.121687375,1.052422368,-0.6549236,-0.158162775,0.273303611,0.686560085
1497534890276380000,84306,0.34181218,2.12222666,1.053534925,-0.651705465,-0.15942987,0.277675009,0.6875745
1497534890286400000,84307,0.334823735,2.122897352,1.054717384,-0.649028837,-0.160925212,0.282472168,0.687803838
1497534890296410000,84308,0.327887403,2.123668004,1.055831657,-0.646448224,-0.161834562,0.287500482,0.687937309
1497534890306410000,84309,0.320902563,2.124365087,1.0567998,-0.643933187,-0.163991837,0.291982993,0.687897274
1497534890316400000,84310,0.31389565,2.1247744,1.057451136,-0.640836982,-0.165473932,0.296776683,0.688382118
1497534890326470000,84311,0.306757976,2.125495749,1.058318438,-0.638767453,-0.167827337,0.301315883,0.687763669
1497534890336400000,84312,0.299627567,2.126018666,1.05879231,-0.635968648,-0.171909957,0.306042567,0.687261808
1497534890346400000,84313,0.292381669,2.126786269,1.059178373,-0.633776299,-0.1757641,0.310519494,0.686303307
1497534890356400000,84314,0.284943596,2.127319669,1.059412212,-0.631987372,-0.180317883,0.314603644,0.684910191
1497534890366400000,84315,0.277423634,2.127909466,1.059474618,-0.629873186,-0.18506584,0.318319991,0.683873371
1497534890376370000,84316,0.269974635,2.128522639,1.059435211,-0.627726851,-0.188773603,0.322077995,0.683073416
1497534890386360000,84317,0.262426225,2.129200859,1.059318624,-0.626461981,-0.193463832,0.32556862,0.681265151
1497534890396300000,84318,0.254910503,2.129855002,1.059012848,-0.624906941,-0.19762999,0.329016982,0.67983934
1497534890406410000,84319,0.247365136,2.130577296,1.058596889,-0.623924584,-0.201159797,0.332215883,0.67814855
1497534890416390000,84320,0.23972327,2.131096982,1.058029454,-0.622998499,-0.204762617,0.334949907,0.676574978
1497534890426420000,84321,0.232098039,2.131935487,1.057502708,-0.621818302,-0.207927298,0.337932311,0.675211072
1497534890436410000,84322,0.224513297,2.132750714,1.057046129,-0.621124461,-0.210994363,0.340398052,0.673657887
1497534890446470000,84323,0.216728706,2.133636968,1.056552292,-0.620726681,-0.214190364,0.342737804,0.671827116
1497534890456410000,84324,0.208914543,2.134262493,1.055812907,-0.619575736,-0.217343689,0.344938069,0.670749847
1497534890466420000,84325,0.200794818,2.135006598,1.055132727,-0.619571993,-0.221374812,0.347029114,0.668352102
1497534890476340000,84326,0.192653433,2.135870257,1.054485916,-0.618668803,-0.224841821,0.34958563,0.666697048
1497534890486420000,84327,0.184323797,2.136772113,1.053929799,-0.61793617,-0.228600563,0.35175227,0.664956399
1497534890496430000,84328,0.175858448,2.137336376,1.053149784,-0.616802549,-0.232004979,0.354676669,0.663274276
1497534890506420000,84329,0.167262119,2.137765309,1.052271697,-0.615970155,-0.236060668,0.357074121,0.661327605
1497534890516430000,84330,0.158578501,2.138303226,1.051431504,-0.614234387,-0.239260616,0.360192367,0.660099943
1497534890526390000,84331,0.149790279,2.138495801,1.050291992,-0.612932976,-0.243402924,0.363229097,0.65812826
1497534890536250000,84332,0.140961451,2.138869143,1.049314121,-0.611138521,-0.246514411,0.366258823,0.656958772
1497534890546420000,84333,0.132091241,2.139739967,1.04859819,-0.609588404,-0.248522404,0.369963048,0.655565355
1497534890556410000,84334,0.123139689,2.140019525,1.047343881,-0.607955492,-0.25151246,0.373538422,0.653911806
1497534890566320000,84335,0.114222538,2.140443938,1.046079691,-0.606537758,-0.254163102,0.37692761,0.652256577
1497534890576400000,84336,0.105303709,2.141149155,1.044973039,-0.605106244,-0.256716749,0.379885214,0.65086878
1497534890586420000,84337,0.09627886,2.141694986,1.043512643,-0.602419567,-0.258967783,0.38353134,0.650330734
1497534890596420000,84338,0.087158448,2.142270067,1.042008156,-0.600484843,-0.261340506,0.386879171,0.649186876
1497534890606400000,84339,0.077759482,2.143290589,1.040761242,-0.599399737,-0.262368157,0.389900478,0.647966451
1497534890616420000,84340,0.068462508,2.143820005,1.039246291,-0.59693111,-0.263314845,0.393444259,0.647719197
1497534890626430000,84341,0.058821621,2.144339874,1.037454301,-0.595144617,-0.264296286,0.396243163,0.647257069
1497534890636420000,84342,0.049071809,2.145166379,1.035869859,-0.592456312,-0.265279575,0.400054936,0.646976286
1497534890646420000,84343,0.038905598,2.146414734,1.034512267,-0.591631149,-0.264316013,0.403477211,0.645999821
1497534890656420000,84344,0.028527596,2.147420262,1.032973357,-0.590128469,-0.265549908,0.406951143,0.644687834
1497534890666420000,84345,0.017823619,2.148335012,1.031292093,-0.58814998,-0.26468752,0.410705607,0.644469566
1497534890676400000,84346,0.00697846,2.148750075,1.028805041,-0.587267547,-0.265688981,0.414393259,0.642498576
1497534890686410000,84347,-0.004106002,2.150048887,1.027512564,-0.584483705,-0.266586312,0.418223423,0.642183545
1497534890696430000,84348,-0.015558613,2.151681025,1.026498047,-0.583635428,-0.264611867,0.421650038,0.641530586
1497534890706370000,84349,-0.026868335,2.152972401,1.025647032,-0.583663446,-0.266233129,0.424693709,0.638820911
1497534890716430000,84350,-0.038057712,2.15420987,1.025381953,-0.582983601,-0.265850971,0.427550108,0.637694509
1497534890726400000,84351,-0.04887969,2.155373376,1.025890857,-0.583676058,-0.266533967,0.428393419,0.636208285
1497534890736430000,84352,-0.059325447,2.156350945,1.026956015,-0.58591585,-0.267462352,0.428209431,0.633879476
1497534890746430000,84353,-0.069635641,2.15778028,1.029122701,-0.58818316,-0.268045329,0.426944934,0.63238461
1497534890756430000,84354,-0.079649763,2.158578791,1.030960342,-0.588892512,-0.26978244,0.425787557,0.63176578
1497534890766410000,84355,-0.089549388,2.159547004,1.033057434,-0.588695905,-0.272616144,0.424991911,0.631268124
1497534890776480000,84356,-0.099339528,2.160381578,1.035022364,-0.587587544,-0.27545386,0.424455256,0.631429953
1497534890786430000,84357,-0.108910322,2.160466469,1.03617642,-0.583778746,-0.280969121,0.423803634,0.632968568
1497534890796420000,84358,-0.118549529,2.161471345,1.037683715,-0.581797617,-0.279989533,0.422146683,0.636325052
1497534890806310000,84359,-0.128263593,2.162883674,1.03940319,-0.5800874,-0.280974257,0.418993466,0.639528381
1497534890816430000,84360,-0.137901816,2.164242976,1.040854571,-0.580396049,-0.279873548,0.417125427,0.640950545
1497534890826410000,84361,-0.147516815,2.165663108,1.042232634,-0.581373701,-0.278545197,0.414970043,0.64204132
1497534890836420000,84362,-0.156657038,2.167135702,1.043192803,-0.581767054,-0.277724369,0.412213711,0.643813736
1497534890846430000,84363,-0.165907844,2.168448775,1.043834873,-0.58375999,-0.277493732,0.409726228,0.643697072
1497534890856430000,84364,-0.175068306,2.169918541,1.044776127,-0.585992476,-0.278572516,0.407059625,0.642893952
1497534890866440000,84365,-0.184071403,2.170475707,1.045070134,-0.589324117,-0.283763145,0.406078659,0.638181547
1497534890876400000,84366,-0.192996978,2.17162824,1.045665202,-0.59326017,-0.287836332,0.404180358,0.633901298
1497534890886430000,84367,-0.201693546,2.172130191,1.046059848,-0.596053703,-0.292298389,0.402987117,0.629986523
1497534890896510000,84368,-0.210224855,2.172467172,1.04674188,-0.598498584,-0.296706666,0.402100569,0.626162704
1497534890906360000,84369,-0.21808458,2.172529788,1.047270021,-0.598988781,-0.301135608,0.402635051,0.623229333
1497534890916440000,84370,-0.225859603,2.172216702,1.047883696,-0.599434654,-0.304227683,0.404052957,0.620374742
1497534890926400000,84371,-0.233166731,2.172044139,1.048482721,-0.599611603,-0.307068094,0.405417107,0.617909444
1497534890936430000,84372,-0.24026411,2.171765997,1.049175989,-0.599104037,-0.309087653,0.407849038,0.615790823
1497534890946430000,84373,-0.247359285,2.171705952,1.049658616,-0.599471369,-0.311590469,0.409017352,0.613392422
1497534890956430000,84374,-0.254333662,2.171373545,1.04969092,-0.600670418,-0.313957893,0.410079249,0.61029542
1497534890966410000,84375,-0.261235152,2.171455941,1.049948124,-0.602542051,-0.315144758,0.410455269,0.607579896
1497534890976400000,84376,-0.267954222,2.171607187,1.050151836,-0.604331631,-0.315555062,0.410333421,0.605668859
1497534890986430000,84377,-0.274645081,2.171856886,1.050268322,-0.607361912,-0.316492752,0.409721061,0.602554975
1497534890996430000,84378,-0.281033266,2.171796274,1.050064787,-0.609554883,-0.317966542,0.409117992,0.599968825
1497534891006440000,84379,-0.287323883,2.171894247,1.050062338,-0.611509105,-0.318615222,0.408776798,0.597864938
1497534891016420000,84380,-0.293628693,2.171696913,1.049849708,-0.614242762,-0.320357409,0.40777199,0.594810024
1497534891026400000,84381,-0.299743303,2.171470789,1.049787139,-0.616322566,-0.320360531,0.407384965,0.592919147
1497534891036460000,84382,-0.305867875,2.171323589,1.049775396,-0.618192512,-0.321075676,0.406822329,0.590968715
1497534891046430000,84383,-0.311805265,2.170941024,1.049558993,-0.620130735,-0.321700614,0.405783516,0.589310041
1497534891056430000,84384,-0.317872381,2.170507029,1.049351814,-0.621819843,-0.322762449,0.404566643,0.587784242
1497534891066390000,84385,-0.323932174,2.169751207,1.048836146,-0.623073295,-0.324403063,0.403530463,0.586264008
1497534891076390000,84386,-0.330022246,2.168757558,1.048183462,-0.62388367,-0.326564753,0.402395324,0.584980882
1497534891086420000,84387,-0.336215996,2.168133486,1.047900346,-0.62561383,-0.32805192,0.401230018,0.583098401
1497534891096430000,84388,-0.342265151,2.166848016,1.04699814,-0.626661934,-0.33099303,0.399931227,0.581200008
1497534891106450000,84389,-0.348432813,2.165932493,1.0464321,-0.627484609,-0.333705457,0.398492522,0.579747741
1497534891116410000,84390,-0.354541577,2.164763009,1.045681449,-0.628200848,-0.335869917,0.396934632,0.57879011
1497534891126420000,84391,-0.360818757,2.16377645,1.045015256,-0.629836402,-0.338185747,0.395220512,0.576833818
1497534891136390000,84392,-0.366939275,2.162585127,1.04432543,-0.630748261,-0.339810978,0.393518537,0.57604539
1497534891146340000,84393,-0.37319915,2.161033982,1.043289809,-0.632498673,-0.342256405,0.391638341,0.573955915
1497534891156440000,84394,-0.379507165,2.159968689,1.042716377,-0.633779778,-0.344073301,0.3904265,0.572279569
1497534891166400000,84395,-0.385777963,2.158516036,1.041898853,-0.634999808,-0.34611352,0.389277586,0.570476675
1497534891176440000,84396,-0.392289,2.157006473,1.041024782,-0.636471028,-0.34854613,0.387847477,0.568326104
1497534891186490000,84397,-0.398745245,2.155482954,1.040104655,-0.638130053,-0.350617584,0.386137816,0.566352304
1497534891196380000,84398,-0.405407425,2.154022959,1.039231822,-0.639499902,-0.353394092,0.384579124,0.564137739
1497534891206340000,84399,-0.411986102,2.152411625,1.03826674,-0.641192151,-0.355892159,0.383212736,0.561570472
1497534891216440000,84400,-0.418758243,2.150802762,1.037347752,-0.642601989,-0.357568059,0.381705614,0.559918379
1497534891226430000,84401,-0.424739745,2.147544743,1.036440768,-0.638444382,-0.357894234,0.380176878,0.565478584
1497534891236440000,84402,-0.432118093,2.147274177,1.035443511,-0.645685856,-0.361264611,0.379358996,0.555575745
1497534891246440000,84403,-0.437373601,2.142793444,1.034947951,-0.652473842,-0.36385409,0.377061359,0.547460335
1497534891256440000,84404,-0.444039751,2.140666294,1.033948333,-0.654046578,-0.366614187,0.37593537,0.544508686
1497534891266450000,84405,-0.450657623,2.138433079,1.033180714,-0.653065065,-0.367067417,0.375721052,0.54552839
1497534891276360000,84406,-0.457270973,2.136042214,1.032299637,-0.653690266,-0.370082934,0.376296045,0.542336561
1497534891286360000,84407,-0.465532319,2.136192253,1.030476966,-0.649438644,-0.368971286,0.374803963,0.549191794
1497534891296410000,84408,-0.469937034,2.130820656,1.030313508,-0.639753678,-0.373464242,0.386096497,0.549699177
1497534891306430000,84409,-0.476884707,2.128414021,1.029031135,-0.640825024,-0.37412712,0.384358315,0.54921842
1497534891316430000,84410,-0.483589694,2.125893717,1.028252526,-0.642170652,-0.378461159,0.383978646,0.544926055
1497534891326320000,84411,-0.489775459,2.122801738,1.026976827,-0.641077451,-0.378675848,0.384272979,0.545855825
1497534891336440000,84412,-0.496623292,2.11962027,1.026068769,-0.642220184,-0.379618276,0.384515109,0.543683116
1497534891346440000,84413,-0.505461429,2.11922025,1.024081033,-0.649310086,-0.378432982,0.374040995,0.54339509
1497534891356440000,84414,-0.512130246,2.115618956,1.022731693,-0.650015538,-0.379913065,0.373636556,0.541794783
1497534891366430000,84415,-0.518209657,2.111131231,1.022514417,-0.644081555,-0.379374598,0.372532959,0.549957325
1497534891376390000,84416,-0.525660894,2.108380052,1.020601925,-0.648946199,-0.382485821,0.373050396,0.541670408
1497534891386430000,84417,-0.532513032,2.104525773,1.019634474,-0.648086235,-0.382776662,0.3725736,0.542821491
1497534891396440000,84418,-0.53946165,2.100484079,1.018377233,-0.647945128,-0.38354908,0.372523521,0.542478977
1497534891406440000,84419,-0.546697556,2.096154511,1.017137822,-0.647792319,-0.384851765,0.370714486,0.5429779
1497534891416440000,84420,-0.554015195,2.09178435,1.015903323,-0.647710094,-0.385239496,0.370391084,0.54302174
1497534891426410000,84421,-0.561761691,2.087271617,1.014764456,-0.647200426,-0.386002828,0.368949869,0.544067477
1497534891436430000,84422,-0.569639834,2.082472843,1.013744048,-0.647126879,-0.387512299,0.367875158,0.543809607
1497534891446430000,84423,-0.577728702,2.077312869,1.012408632,-0.646216156,-0.389660812,0.366913976,0.544006678
1497534891456430000,84424,-0.586138875,2.071886415,1.011303096,-0.645505841,-0.391542008,0.366959278,0.543468447
1497534891466480000,84425,-0.594847606,2.066440245,1.010388693,-0.643686055,-0.394539775,0.367581462,0.54303821
1497534891476350000,84426,-0.603855262,2.060641376,1.009326673,-0.643312437,-0.397761289,0.367578134,0.541129726
1497534891486220000,84427,-0.611501368,2.053200431,1.009684384,-0.649131801,-0.403421514,0.367552457,0.529890723
1497534891496430000,84428,-0.620418408,2.046714383,1.009236661,-0.648105981,-0.407042534,0.368242269,0.527894539
1497534891506460000,84429,-0.630594455,2.041775551,1.007515935,-0.639339618,-0.406629462,0.372446948,0.535892344
1497534891516420000,84430,-0.639648208,2.035017116,1.007226436,-0.637697268,-0.410161445,0.375112128,0.533292297
1497534891526400000,84431,-0.648158378,2.027243921,1.007675171,-0.633653454,-0.414452968,0.384054449,0.528407245
1497534891536430000,84432,-0.657270827,2.020707572,1.007591298,-0.633689872,-0.417196249,0.38259956,0.527258961
1497534891546430000,84433,-0.665726446,2.013324228,1.008430553,-0.630527795,-0.420715121,0.387929675,0.524351079
1497534891556430000,84434,-0.673982474,2.005603418,1.009520342,-0.628089662,-0.423882118,0.392983381,0.520952386
1497534891566410000,84435,-0.682001223,1.997541635,1.010875107,-0.623812054,-0.426783005,0.399319793,0.518901235
1497534891576370000,84436,-0.689716905,1.989632051,1.012597128,-0.620105018,-0.429573338,0.405190441,0.51648545
1497534891586390000,84437,-0.69716734,1.981563219,1.014570577,-0.61568939,-0.431979102,0.411226448,0.514988775
1497534891596420000,84438,-0.70432994,1.973333043,1.016527023,-0.610074484,-0.433832828,0.41802677,0.514637563
1497534891606420000,84439,-0.711535083,1.965311436,1.018623772,-0.604917891,-0.437312836,0.42374206,0.513102811
1497534891616430000,84440,-0.718148474,1.957633497,1.02062917,-0.596427714,-0.439386375,0.430312431,0.515795315
1497534891626400000,84441,-0.724577492,1.948859154,1.022903995,-0.592303383,-0.445042638,0.440456494,0.507061959
1497534891636440000,84442,-0.730732406,1.941493096,1.024609897,-0.586348909,-0.446915192,0.446655731,0.50691264
1497534891646450000,84443,-0.736037455,1.934258375,1.027650572,-0.57405879,-0.4426439,0.45117259,0.520544117
1497534891656440000,84444,-0.74179559,1.927731779,1.02883699,-0.568601428,-0.442287199,0.456603467,0.522099343
1497534891666440000,84445,-0.748234436,1.921047483,1.029076739,-0.574121521,-0.447776101,0.463470102,0.505050995
1497534891676370000,84446,-0.753881902,1.914719873,1.030271649,-0.569769109,-0.447366687,0.468417419,0.505777946
1497534891686430000,84447,-0.75963834,1.90876012,1.03118424,-0.566052697,-0.445776729,0.473402362,0.506712597
1497534891696440000,84448,-0.765213537,1.90277175,1.032349286,-0.562271319,-0.443396524,0.478540781,0.508182258
1497534891706430000,84449,-0.770934529,1.896659087,1.033541468,-0.558731081,-0.441576482,0.485023742,0.507525131
1497534891716440000,84450,-0.776701972,1.89068692,1.034283759,-0.555595686,-0.440520314,0.490437682,0.506681524
1497534891726420000,84451,-0.782285366,1.884675185,1.035692036,-0.553323806,-0.44029846,0.49615482,0.503786092
1497534891736430000,84452,-0.787976596,1.878399416,1.037006823,-0.549345349,-0.442258427,0.502211949,0.500410161
1497534891746440000,84453,-0.793228918,1.872315611,1.038467921,0.545342068,0.440656679,-0.509327209,-0.499008531
1497534891756440000,84454,-0.798457179,1.865922072,1.039801163,0.541368677,0.441910669,-0.514895064,-0.49650578
1497534891766450000,84455,-0.801084041,1.858791373,1.040966821,0.552312499,0.453689389,-0.502956687,-0.485954127
1497534891776310000,84456,-0.808080229,1.852960024,1.042553435,0.530033915,0.447220469,-0.526255205,-0.492050161
1497534891786450000,84457,-0.812745788,1.846350828,1.043808614,-0.524175159,-0.447773211,0.53226795,0.491355659
1497534891796450000,84458,-0.817415656,1.839751864,1.04501058,-0.518543432,-0.447385102,0.539479638,0.489817313
1497534891806440000,84459,-0.821938291,1.833075733,1.046192947,-0.512229546,-0.447795392,0.545992309,0.488868671
1497534891816420000,84460,-0.826545192,1.826808524,1.047019767,-0.50679762,-0.44833102,0.550981913,0.488440785
1497534891826400000,84461,-0.831410849,1.820406679,1.047881633,-0.502046973,-0.447681868,0.556692259,0.487466421
1497534891836470000,84462,-0.832908255,1.812263067,1.050649957,-0.497041812,-0.441463438,0.552969015,0.502279542
1497534891846430000,84463,-0.838475685,1.805353031,1.053726834,-0.491995807,-0.448370674,0.561231963,0.491856227
1497534891856350000,84464,-0.843158093,1.798668695,1.054033619,-0.48743081,-0.450527665,0.56655313,0.48831709
1497534891866380000,84465,-0.848510204,1.792932868,1.052832568,-0.503776541,-0.45611688,0.564421398,0.468609725
1497534891876390000,84466,-0.853095801,1.786038825,1.053076691,-0.498917555,-0.459033892,0.569344316,0.464990548
1497534891886380000,84467,-0.857719261,1.779182325,1.053177443,-0.495023955,-0.463360066,0.57315686,0.46015209
1497534891896360000,84468,-0.862703705,1.771694462,1.055596513,-0.469101484,-0.468719039,0.58481487,0.467159317
1497534891906470000,84469,-0.867576918,1.764837811,1.053750074,-0.462544332,-0.466277029,0.596275935,0.461620498
1497534891916430000,84470,-0.870229297,1.757440134,1.054015391,-0.459815656,-0.475927883,0.591107024,0.461144987
1497534891926450000,84471,-0.874932386,1.750548016,1.053942023,-0.451211473,-0.481145288,0.596345058,0.457471301
1497534891936450000,84472,-0.878713389,1.743560427,1.053604202,-0.449441479,-0.487219439,0.596938485,0.451977898
1497534891946450000,84473,-0.882858325,1.736778072,1.053447877,-0.444145635,-0.493261178,0.599441756,0.447322755
1497534891956450000,84474,-0.887449205,1.730611425,1.052237085,-0.44531654,-0.496909965,0.601195806,0.43970134
1497534891966440000,84475,-0.890675293,1.723397208,1.053122117,-0.434452353,-0.502595419,0.604403594,0.439710464
1497534891976500000,84476,-0.894911395,1.717061251,1.05313159,-0.426667918,-0.507066446,0.608657733,0.436318544
1497534891986430000,84477,-0.898393442,1.710729503,1.052776371,-0.424561361,-0.511597937,0.608857376,0.432790823
1497534891996450000,84478,-0.902418622,1.704523966,1.052554033,-0.418941302,-0.514160325,0.612582628,0.429964963
1497534892006440000,84479,-0.906401576,1.698426002,1.052371239,-0.415972804,-0.517225631,0.614686723,0.426150802
1497534892016420000,84480,-0.910641999,1.692606573,1.052300202,-0.414021102,-0.52127453,0.616452011,0.420530985
1497534892026420000,84481,-0.914290261,1.686594158,1.051810219,-0.410594808,-0.524445202,0.618477053,0.416959554
1497534892036450000,84482,-0.917739637,1.680743295,1.051329891,-0.407423548,-0.527160201,0.620448221,0.413705427
1497534892046440000,84483,-0.921178267,1.674866118,1.050812851,-0.402812121,-0.52977733,0.62328737,0.410598625
1497534892056450000,84484,-0.924531828,1.669090703,1.050188253,-0.39827434,-0.531860941,0.625966618,0.408249045
1497534892066440000,84485,-0.927941956,1.663241127,1.04933004,-0.394085372,-0.533438744,0.627411863,0.408036984
1497534892076420000,84486,-0.931117303,1.657604065,1.048797407,-0.390108669,-0.534797407,0.630096479,0.405937663
1497534892086440000,84487,-0.934175723,1.651956351,1.048589718,-0.385459594,-0.535973418,0.633908963,0.402880655
1497534892096420000,84488,-0.937554095,1.646375426,1.048048687,-0.38237544,-0.536391372,0.636422289,0.40129788
1497534892106400000,84489,-0.940933037,1.640714932,1.047431838,-0.379575743,-0.535326139,0.63911332,0.401101415
1497534892116450000,84490,-0.944455668,1.63497526,1.046745453,-0.378063179,-0.535176524,0.641144264,0.399485111
1497534892126420000,84491,-0.948045146,1.629135818,1.046064589,-0.375928622,-0.535094385,0.643943001,0.397100847
1497534892136450000,84492,-0.951684418,1.623185311,1.04524785,-0.374637281,-0.534610238,0.646275423,0.395179553
1497534892146440000,84493,-0.955757872,1.617155845,1.044502242,-0.374195422,-0.536236885,0.648050818,0.390458611
1497534892156450000,84494,-0.959721508,1.610803357,1.043226881,-0.371544398,-0.536424386,0.650114233,0.389300812
1497534892166440000,84495,-0.96356197,1.604223774,1.042323764,-0.369046598,-0.53583253,0.653141497,0.387420048
1497534892176420000,84496,-0.967589908,1.597548473,1.041326109,-0.367115353,-0.53758923,0.655167468,0.38337935
1497534892186440000,84497,-0.971615754,1.590652604,1.04031191,-0.364042772,-0.538915385,0.657990135,0.379594586
1497534892196460000,84498,-0.975821078,1.583641766,1.039247602,-0.362073014,-0.539756933,0.660250946,0.376343292
1497534892206380000,84499,-0.980044429,1.57642862,1.038030671,-0.359459854,-0.541021563,0.662594628,0.372897627
1497534892216420000,84500,-0.984526161,1.569184825,1.036798482,-0.356912488,-0.541791678,0.665448822,0.369124801
1497534892226430000,84501,-0.989024082,1.561708522,1.035511013,-0.354419856,-0.542318618,0.668158368,0.365843515
1497534892236450000,84502,-0.993472603,1.554204115,1.034144657,-0.352633048,-0.543561181,0.670477834,0.361456292
1497534892246450000,84503,-0.998112707,1.546502871,1.032758549,-0.350957097,-0.544580556,0.672627803,0.357537372
1497534892256450000,84504,-1.002753652,1.538645356,1.031216319,-0.349272829,-0.546272807,0.674759231,0.35255424
1497534892266410000,84505,-1.007692998,1.530453067,1.029632191,-0.347529478,-0.547515816,0.676438969,0.349113183
1497534892276420000,84506,-1.012458683,1.522208987,1.027986982,-0.344827243,-0.547605729,0.679129218,0.346418307
1497534892286440000,84507,-1.017367009,1.513687026,1.026354333,-0.342037057,-0.548092679,0.681650473,0.343449704
1497534892296460000,84508,-1.022196921,1.504984825,1.024693404,-0.339195643,-0.549129126,0.683963689,0.33999587
1497534892306410000,84509,-1.027380192,1.496058119,1.022900779,-0.337014791,-0.550401239,0.685689889,0.336613848
1497534892316440000,84510,-1.032531483,1.486875414,1.021137113,-0.334775388,-0.551944117,0.687500503,0.332605154
1497534892326430000,84511,-1.037943303,1.47754181,1.019148387,-0.333620582,-0.552300335,0.689428837,0.329164892
1497534892336380000,84512,-1.043314742,1.467921572,1.017106293,-0.332175584,-0.55210793,0.691929224,0.325684148
1497534892346390000,84513,-1.049018071,1.457923353,1.014924769,-0.331921661,-0.551961414,0.693730241,0.322342924
1497534892356370000,84514,-1.05501958,1.447618862,1.012764922,-0.331515417,-0.552371331,0.695924408,0.317289552
1497534892366390000,84515,-1.061168991,1.437074021,1.010761549,-0.330997831,-0.553827567,0.697417921,0.311967476
1497534892376400000,84516,-1.067351974,1.426537391,1.009061478,-0.329679899,-0.554577341,0.699441594,0.307468036
1497534892386430000,84517,-1.073620576,1.415787145,1.008237069,-0.329336547,-0.557394675,0.699933358,0.301565763
1497534892396440000,84518,-1.079556943,1.405229771,1.008160192,-0.329246397,-0.559156648,0.700448215,0.29717495
1497534892406450000,84519,-1.085150815,1.395151581,1.009124857,-0.332024563,-0.559339789,0.69975377,0.295369857
1497534892416420000,84520,-1.089867986,1.385790206,1.01113425,-0.336736155,-0.559385929,0.697326834,0.295688062
1497534892426430000,84521,-1.093725232,1.376990151,1.014060607,-0.339072509,-0.559774337,0.695681381,0.296158642
1497534892436450000,84522,-1.097518499,1.368131777,1.017715194,-0.337308841,-0.560997093,0.695379851,0.296566806
1497534892446450000,84523,-1.101665998,1.359131463,1.021313573,-0.333833588,-0.564438342,0.694265645,0.296580018
1497534892456450000,84524,-1.106174111,1.35008914,1.024742256,-0.331761124,-0.565341914,0.694034732,0.297722805
1497534892466410000,84525,-1.110793993,1.341146182,1.027645242,-0.331579914,-0.56554123,0.693803234,0.298085475
1497534892476420000,84526,-1.115136645,1.332416922,1.02997133,-0.330819075,-0.562963458,0.69545227,0.299961705
1497534892486430000,84527,-1.119706285,1.323672742,1.031551634,-0.330170594,-0.559750859,0.697192803,0.302636002
1497534892496450000,84528,-1.124009268,1.31509413,1.032505685,-0.329146086,-0.555901577,0.699472793,0.305571764
1497534892506440000,84529,-1.12840644,1.306326978,1.033004805,-0.328616796,-0.552560906,0.701004005,0.308675934
1497534892516430000,84530,-1.132673489,1.297387139,1.033290643,-0.327640431,-0.551201492,0.701295095,0.311470469
1497534892526420000,84531,-1.137043481,1.28840899,1.033197373,-0.327323117,-0.553482339,0.699813721,0.311091038
1497534892536440000,84532,-1.141351971,1.27931998,1.03339009,-0.327666708,-0.55819873,0.696725294,0.309228994
1497534892546420000,84533,-1.145617046,1.270233784,1.03382629,-0.328224536,-0.564983554,0.693081492,0.304467214
1497534892556440000,84534,-1.149948122,1.261216353,1.034547749,-0.330411884,-0.572608937,0.688490442,0.29820782
1497534892566390000,84535,-1.154272809,1.252304923,1.035494303,-0.333190626,-0.580482756,0.683566296,0.291137246
1497534892576420000,84536,-1.158183591,1.243728996,1.03664593,-0.335110492,-0.586666865,0.680038196,0.284729696
1497534892586420000,84537,-1.161479806,1.23555524,1.037781694,-0.335518504,-0.591577692,0.678105859,0.278631677
1497534892596420000,84538,-1.164386521,1.227877894,1.038725194,-0.335083956,-0.59327636,0.678147889,0.275422119
1497534892606410000,84539,-1.16710157,1.220367596,1.039554553,-0.333485197,-0.595758969,0.678413221,0.271319692
1497534892616390000,84540,-1.169485366,1.213244185,1.040017601,-0.331359747,-0.5969189,0.679151958,0.269520245
1497534892626470000,84541,-1.171865318,1.206252467,1.040255771,-0.329633443,-0.598478587,0.679184907,0.268091469
1497534892636460000,84542,-1.174191598,1.19944426,1.040511061,-0.327742061,-0.600036595,0.679051027,0.267265652
1497534892646520000,84543,-1.176531804,1.19287672,1.040569406,-0.326111117,-0.601913483,0.67800433,0.267697266
1497534892656520000,84544,-1.178838543,1.186329286,1.040819711,-0.324879005,-0.60569378,0.675429452,0.267177343
1497534892666440000,84545,-1.18143866,1.179954548,1.040874439,-0.324865227,-0.609431649,0.671800175,0.267843564
1497534892676440000,84546,-1.184161183,1.173624093,1.041057948,-0.32577157,-0.613436262,0.667536629,0.26826048
1497534892686390000,84547,-1.18686505,1.167629262,1.04114588,-0.328480568,-0.616364326,0.663169272,0.269076293
1497534892696420000,84548,-1.189605921,1.16194364,1.041153761,-0.331257141,-0.618769683,0.659615782,0.268886231
1497534892706460000,84549,-1.191940835,1.156621475,1.04114204,-0.333671793,-0.618838761,0.658092409,0.269473753
1497534892716460000,84550,-1.194103972,1.15145001,1.041155863,-0.336732229,-0.619470025,0.65641722,0.268299696
1497534892726470000,84551,-1.196216224,1.146364689,1.040838346,-0.338913975,-0.618499187,0.656264549,0.268165836
1497534892736450000,84552,-1.198102261,1.14106638,1.040589369,-0.3402354,-0.617683162,0.656186818,0.268563295
1497534892746470000,84553,-1.200075376,1.135497896,1.040179558,-0.341618377,-0.619110691,0.654427385,0.267812686
1497534892756410000,84554,-1.201715855,1.129804294,1.039708078,-0.342242959,-0.619758011,0.653286707,0.268302521
1497534892766450000,84555,-1.203417669,1.123759529,1.039153068,-0.343128524,-0.622920225,0.650375375,0.266917741
1497534892776500000,84556,-1.205225226,1.117502511,1.038496656,-0.343678981,-0.625336884,0.647674412,0.26712618
1497534892786430000,84557,-1.206957616,1.111178216,1.037663546,-0.344288246,-0.628852622,0.644172384,0.266555665
1497534892796460000,84558,-1.208757462,1.104726927,1.036784009,-0.344983915,-0.632287769,0.64031333,0.266827874
1497534892806460000,84559,-1.210587828,1.098263971,1.035665217,-0.346123186,-0.635494781,0.636801319,0.266137564
1497534892816440000,84560,-1.212225593,1.091738871,1.03470707,0.347210055,0.638465965,-0.633263993,-0.266050943
1497534892826430000,84561,-1.21398988,1.085200592,1.033483398,0.348702245,0.641517311,-0.629610262,-0.26543022
1497534892836450000,84562,-1.215750421,1.078654529,1.032401794,0.350505999,0.643996472,-0.6264292,-0.264576163
1497534892846460000,84563,-1.217398554,1.072006396,1.031343977,0.351663466,0.646154764,-0.623779259,-0.264038375
1497534892856450000,84564,-1.219020618,1.065383475,1.030208144,0.352694368,0.647886861,-0.620875225,-0.265260728
1497534892866460000,84565,-1.220398541,1.058669338,1.029266677,0.354258524,0.650919369,-0.617505231,-0.263613661
1497534892876430000,84566,-1.221756285,1.051919751,1.028235854,0.355577135,0.653112237,-0.614776216,-0.262791764
1497534892886480000,84567,-1.222906059,1.045152994,1.027208619,0.355666078,0.654923187,-0.612711754,-0.262985868
1497534892896470000,84568,-1.223969311,1.038413285,1.026142221,0.355930716,0.657895407,-0.609419666,-0.262858573
1497534892906470000,84569,-1.224733972,1.03178578,1.025162133,0.355835532,0.659495945,-0.60734039,-0.263787459
1497534892916450000,84570,-1.225533366,1.025203715,1.024077779,0.354704397,0.662669526,-0.604453956,-0.26398732
1497534892926440000,84571,-1.226288357,1.018659742,1.02312977,0.354654471,0.664382589,-0.602482859,-0.264254399
1497534892936410000,84572,-1.22713817,1.012136655,1.022315715,0.354438696,0.665580938,-0.601104339,-0.264667338
1497534892946470000,84573,-1.227937731,1.005624984,1.021627934,0.354232674,0.666868678,-0.599480026,-0.265384771
1497534892956470000,84574,-1.228616038,0.999218343,1.020937158,0.35481638,0.668538687,-0.597257838,-0.265413705
1497534892966470000,84575,-1.229244947,0.992697349,1.020393131,0.354889704,0.669478134,-0.596144405,-0.265450889
1497534892976440000,84576,-1.22975599,0.986222232,1.019702469,0.354966175,0.669178996,-0.596080492,-0.266245248
1497534892986450000,84577,-1.230222839,0.979629863,1.019076773,0.354761672,0.669806693,-0.595333446,-0.266610648
1497534892996490000,84578,-1.230540869,0.972862487,1.018424015,0.355115151,0.670384664,-0.594486283,-0.266577738
1497534893006460000,84579,-1.230831772,0.965936588,1.017707188,0.355688491,0.671001567,-0.593295192,-0.26691461
1497534893016470000,84580,-1.231187779,0.958844904,1.016847667,0.355182658,0.671328061,-0.593083354,-0.267237814
1497534893026480000,84581,-1.231272443,0.951602737,1.016025702,0.354560452,0.672801355,-0.591980217,-0.266804506
1497534893036410000,84582,-1.231122793,0.944206645,1.015236595,0.354359525,0.673362484,-0.591373251,-0.267001817
1497534893046470000,84583,-1.231094987,0.936626028,1.014103027,0.353755221,0.674333878,-0.590583031,-0.267100632
1497534893056430000,84584,-1.230975175,0.928869636,1.013055385,0.352923241,0.675586492,-0.589836072,-0.266686118
1497534893066470000,84585,-1.230835546,0.920893124,1.011895946,0.351837135,0.676402891,-0.58979992,-0.266131196
1497534893076490000,84586,-1.230673874,0.912805083,1.010716911,0.351212599,0.678046316,-0.588214377,-0.266283215
1497534893086430000,84587,-1.230397227,0.904562314,1.009492412,0.35084418,0.679927614,-0.586366482,-0.266047268
1497534893096480000,84588,-1.230175978,0.896034928,1.008314564,0.34972169,0.681184136,-0.585626618,-0.265940551
1497534893106470000,84589,-1.229739394,0.887407392,1.006977873,0.349166151,0.682771889,-0.584264451,-0.265594801
1497534893116470000,84590,-1.229246163,0.878585796,1.005655275,0.348741646,0.683535026,-0.583235831,-0.266449052
1497534893126440000,84591,-1.228794164,0.869441371,1.004463346,0.347778378,0.684232984,-0.582365557,-0.267816693
1497534893136430000,84592,-1.228266142,0.860064817,1.003369398,0.346546221,0.685796397,-0.581238124,-0.267864261
1497534893146410000,84593,-1.227447073,0.850580011,1.002302645,0.345778183,0.686647563,-0.580005653,-0.269343675
1497534893156450000,84594,-1.226650733,0.84086042,1.001353904,0.344018488,0.68715054,-0.579963529,-0.270402885
1497534893166460000,84595,-1.225565162,0.831018426,1.000396962,0.343175883,0.687604826,-0.578828974,-0.272739684
1497534893176480000,84596,-1.224551488,0.821019344,0.99973921,0.341898158,0.686875682,-0.579557086,-0.274628899
1497534893186460000,84597,-1.22351796,0.810805887,0.999240661,0.341526174,0.687718977,-0.578933996,-0.274295298
1497534893196470000,84598,-1.222284213,0.800676128,0.998771483,0.341505605,0.686986722,-0.578968151,-0.27607797
1497534893206470000,84599,-1.220893967,0.790097605,0.998702255,0.340946216,0.685726098,-0.580941943,-0.275756877
1497534893216460000,84600,-1.219108613,0.779368642,0.999029876,0.339606169,0.684379748,-0.58342715,-0.275508205
1497534893226480000,84601,-1.216889699,0.768355648,0.999340808,0.338127945,0.684059768,-0.585811033,-0.27305157
1497534893236480000,84602,-1.214238262,0.757007655,1.000005926,0.335546272,0.683620199,-0.58927165,-0.269872276
1497534893246470000,84603,-1.211482337,0.745354036,1.001047841,0.331159996,0.68381293,-0.593670903,-0.265118453
1497534893256440000,84604,-1.208272996,0.733736835,1.002282806,0.326745379,0.684458362,-0.597798607,-0.259597831
1497534893266470000,84605,-1.20518672,0.722084092,1.003617521,0.32180659,0.685252073,-0.602567681,-0.252551588
1497534893276430000,84606,-1.20188244,0.710622696,1.005413983,0.316067507,0.685955122,-0.607666628,-0.24557722
1497534893286450000,84607,-1.198226866,0.699407296,1.007487069,0.308624497,0.686278851,-0.613996784,-0.23828598
1497534893296450000,84608,-1.194228412,0.688503086,1.009782322,0.302124035,0.68519419,-0.620671317,-0.232372773
1497534893306430000,84609,-1.189904806,0.67795411,1.012051331,0.293081232,0.684337416,-0.627515467,-0.228057079
1497534893316430000,84610,-1.185957167,0.667498663,1.014731077,0.285657035,0.682965203,-0.633965534,-0.223710285
1497534893326380000,84611,-1.182172846,0.657226613,1.017431165,0.278474643,0.681478462,-0.640095122,-0.219811766
1497534893336410000,84612,-1.178674398,0.647192356,1.020248697,0.273973301,0.679731568,-0.64515169,-0.216062312
1497534893346480000,84613,-1.174996801,0.637587963,1.022352716,0.267729713,0.67722796,-0.651209691,-0.213562704
1497534893356360000,84614,-1.171591521,0.628185064,1.024369162,0.263111418,0.67481311,-0.656444243,-0.210904255
1497534893366410000,84615,-1.168370068,0.618973595,1.02598192,0.259924278,0.671487523,-0.662061484,-0.207890518
1497534893376390000,84616,-1.165326553,0.609937925,1.02761539,0.257734048,0.668560522,-0.666951108,-0.204392289
1497534893386480000,84617,-1.1625454,0.600952377,1.029041863,-0.256760128,-0.665431989,0.671842975,0.199753652
1497534893396400000,84618,-1.159943648,0.591924255,1.030368414,-0.254948383,-0.662562031,0.677017079,0.194063784
1497534893406410000,84619,-1.157248394,0.582991226,1.031678159,-0.25357689,-0.659701983,0.681933589,0.188304631
1497534893416360000,84620,-1.154640559,0.574138399,1.032911689,-0.252996515,-0.658237606,0.685450308,0.181311591
1497534893426450000,84621,-1.147273722,0.568340234,1.02710299,-0.251838405,-0.654744799,0.69098359,0.17443722
1497534893436410000,84622,-1.144392789,0.559673588,1.02837876,-0.249995111,-0.652655863,0.695073074,0.168571024
1497534893446460000,84623,-1.14168541,0.550906159,1.030012918,-0.24660131,-0.650983095,0.699178202,0.162968236
1497534893456490000,84624,-1.138581419,0.542323101,1.031253433,-0.243693729,-0.649647,0.702787406,0.157041406
1497534893466480000,84625,-1.135260259,0.53381108,1.032348352,-0.239610749,-0.647950612,0.706917928,0.15170279
1497534893476510000,84626,-1.131846874,0.525209603,1.033422444,-0.234813198,-0.646909662,0.710672653,0.145996684
1497534893486430000,84627,-1.128488424,0.516478722,1.034754202,-0.229778145,-0.646185015,0.71414252,0.140169153
1497534893496430000,84628,-1.125010707,0.507575368,1.035903028,-0.224133978,-0.64621039,0.717137082,0.133755362
1497534893506480000,84629,-1.121316699,0.498737123,1.036949719,-0.218705383,-0.64589025,0.720300377,0.127126347
1497534893516480000,84630,-1.117551945,0.489806085,1.038041394,-0.212123262,-0.646103873,0.723242769,0.120305462
1497534893526490000,84631,-1.113683659,0.480976881,1.039188457,-0.206035422,-0.646353732,0.725926102,0.113170458
1497534893536400000,84632,-1.109714622,0.472082455,1.040330795,-0.198973139,-0.646879708,0.728501704,0.106026417
1497534893546490000,84633,-1.105723065,0.463260192,1.041532779,-0.19160942,-0.646848178,0.731544691,0.098567897
1497534893556470000,84634,-1.101445393,0.454695072,1.042421309,-0.184275437,-0.647525902,0.733803828,0.091020391
1497534893566430000,84635,-1.097093846,0.446208104,1.043321154,-0.175803453,-0.647546114,0.736740791,0.08360731
1497534893576440000,84636,-1.092762198,0.437900885,1.044160184,-0.167085736,-0.647416047,0.739672368,0.076286351
1497534893586480000,84637,-1.088350492,0.429715744,1.044888174,-0.158433002,-0.647511927,0.742194434,0.069099279
1497534893596500000,84638,-1.084023153,0.421639531,1.045548991,-0.149330796,-0.647130994,0.745010998,0.062292881
1497534893606460000,84639,-1.079615023,0.413732467,1.046082501,-0.139687663,-0.64694808,0.747555948,0.055728308
1497534893616440000,84640,-1.07532277,0.405857671,1.046553434,-0.129945088,-0.647021592,0.7496938,0.049361313
1497534893626440000,84641,-1.071140036,0.398079873,1.047126824,-0.120398381,-0.646731077,0.75189168,0.043612447
1497534893636490000,84642,-1.066913158,0.390358385,1.047622137,-0.111666905,-0.646389409,0.753812268,0.038448649
1497534893646470000,84643,-1.062751527,0.38260002,1.048037216,-0.10435802,-0.646578531,0.754918889,0.033809419
1497534893656470000,84644,-1.058750509,0.374650433,1.048478258,-0.097708873,-0.646976399,0.755652714,0.029385221
1497534893666500000,84645,-1.054768183,0.366751527,1.04882724,-0.091409352,-0.647392182,0.756223074,0.02558035
1497534893676450000,84646,-1.050856226,0.358747998,1.049067187,-0.084859652,-0.647859836,0.756706959,0.021703685
1497534893686470000,84647,-1.046892126,0.350598999,1.049054203,-0.079750446,-0.648923076,0.756459801,0.017529343
1497534893696490000,84648,-1.042945954,0.342482,1.048910545,-0.074385499,-0.649892553,0.756257102,0.013478237
1497534893706480000,84649,-1.039020022,0.334215108,1.048676213,-0.069461481,-0.650903753,0.755916066,0.009503056
1497534893716460000,84650,-1.035094179,0.325984254,1.048129668,-0.064681307,-0.651990647,0.755444325,0.00532885
1497534893726440000,84651,-1.031234254,0.317591298,1.047468545,-0.060689338,-0.652848099,0.755052615,0.001308279
1497534893736460000,84652,-1.027341283,0.309172859,1.04661694,-0.055760401,-0.653867093,0.754547607,-0.002551515
1497534893746390000,84653,-1.023333552,0.300740031,1.045732784,-0.05166381,-0.655335144,0.753540886,-0.006544732
1497534893756480000,84654,-1.019379592,0.292167679,1.044797335,-0.048169365,-0.655787853,0.753338381,-0.010163078
1497534893766480000,84655,-1.015441788,0.283599329,1.043742686,-0.044349618,-0.65657126,0.752825301,-0.014190081
1497534893776460000,84656,-1.011378755,0.275032061,1.04252574,-0.04008172,-0.657542634,0.752139356,-0.01781934
1497534893786470000,84657,-1.007334811,0.266388767,1.041150162,-0.036824656,-0.658088826,0.751737341,-0.021307542
1497534893796460000,84658,-1.003257784,0.257656156,1.039791924,-0.033454241,-0.658339482,0.751576511,-0.024549723
1497534893806460000,84659,-0.999276965,0.248811107,1.038304325,-0.030252197,-0.658592862,0.751386422,-0.027544342
1497534893816480000,84660,-0.995214625,0.23990045,1.03668377,-0.027314939,-0.658928951,0.751093897,-0.030405417
1497534893826450000,84661,-0.991215421,0.230995818,1.034937812,-0.024135767,-0.659098065,0.750932134,-0.033288672
1497534893836480000,84662,-0.987312545,0.221877176,1.033212365,-0.021608158,-0.65923821,0.750745903,-0.036313359
1497534893846480000,84663,-0.983346082,0.212604722,1.031356317,-0.019673917,-0.659373773,0.750522985,-0.039426062
1497534893856470000,84664,-0.979458793,0.203243221,1.029502798,-0.0176505,-0.659239599,0.750538703,-0.042228745
1497534893866480000,84665,-0.975539059,0.193628307,1.027623968,-0.016564857,-0.658889442,0.75071272,-0.044952421
1497534893876450000,84666,-0.971292126,0.183073487,1.026417305,-0.009959631,-0.664714686,0.745524956,-0.047410247
1497534893886470000,84667,-0.967733866,0.1738726,1.02417686,-0.014600969,-0.657047747,0.751992956,-0.050810079
1497534893896460000,84668,-0.963577821,0.163725278,1.022387124,-0.014616995,-0.656016437,0.752673034,-0.053963703
1497534893906470000,84669,-0.9594332,0.153168391,1.020817339,-0.013962322,-0.654637607,0.753668921,-0.056901798
1497534893916390000,84670,-0.955103403,0.142573838,1.019140909,-0.013503317,-0.652856544,0.754969588,-0.060140785
1497534893926420000,84671,-0.950627763,0.13165027,1.017445007,-0.012289589,-0.651894914,0.755555528,-0.063386363
1497534893936470000,84672,-0.945995865,0.12045957,1.015662356,-0.01097919,-0.650526371,0.756436453,-0.067073018
1497534893946480000,84673,-0.941140162,0.108914042,1.013777385,-0.009658827,-0.649474526,0.756984945,-0.07115715
1497534893956470000,84674,-0.936216861,0.096887288,1.011763703,-0.008081353,-0.648679816,0.757353434,-0.07459869
1497534893966470000,84675,-0.931061488,0.084567787,1.009674301,-0.006253176,-0.648856341,0.75674493,-0.079268268
1497534893976450000,84676,-0.925783642,0.072059605,1.007483306,-0.004047805,-0.648789651,0.756307612,-0.083990472
1497534893986420000,84677,-0.920484366,0.059629637,1.005540799,-0.002280203,-0.64928876,0.755447634,-0.087850892
1497534893996450000,84678,-0.91528986,0.047576756,1.003774458,-0.002027648,-0.648646823,0.755656921,-0.090751334
1497534894006400000,84679,-0.910169198,0.035537006,1.002845473,-0.001816277,-0.648681773,0.755390235,-0.092705191
1497534894016480000,84680,-0.905354432,0.024103929,1.002991224,-0.00027932,-0.648330495,0.755868733,-0.091268556
1497534894026450000,84681,-0.9008276,0.013104672,1.00443477,-0.000103629,-0.649334951,0.755231893,-0.089380644
1497534894036490000,84682,-0.896702098,0.002985161,1.006941221,-0.000681421,-0.649689048,0.754942048,-0.089253465
1497534894046470000,84683,-0.893176129,-0.007432442,1.009790793,-0.001838881,-0.650845407,0.754250018,-0.08662439
1497534894056460000,84684,-0.889917844,-0.017641561,1.012943477,-0.003059043,-0.649997228,0.755215227,-0.084523407
1497534894066480000,84685,-0.886898104,-0.027781442,1.015924232,-0.004124737,-0.647968052,0.757245686,-0.081849624
1497534894076440000,84686,-0.884115279,-0.038155258,1.018807306,-0.006854638,-0.646683936,0.758601405,-0.079226316
1497534894086440000,84687,-0.881544864,-0.048442146,1.021314483,-0.011408158,-0.645214424,0.760049436,-0.076766241
1497534894096480000,84688,-0.878840658,-0.058661397,1.023332516,-0.016229138,-0.643966934,0.761287452,-0.074058211
1497534894106460000,84689,-0.876195409,-0.068924769,1.025352261,-0.021336854,-0.644280702,0.761125383,-0.071660771
1497534894116470000,84690,-0.873412023,-0.078914192,1.026578943,-0.02588748,-0.64444301,0.761092267,-0.069004393
1497534894126410000,84691,-0.87067965,-0.08877608,1.027632574,-0.030674875,-0.645793836,0.759858221,-0.068006305
1497534894136500000,84692,-0.867818039,-0.098513871,1.028529256,-0.033285173,-0.649276022,0.756900452,-0.066591668
1497534894146450000,84693,-0.864687926,-0.108174923,1.029202664,-0.035537167,-0.654098256,0.752579269,-0.067208818
1497534894156480000,84694,-0.861686395,-0.117460429,1.029964256,-0.036369868,-0.659413629,0.747900106,-0.067054682
1497534894166470000,84695,-0.858502654,-0.12638527,1.03096707,-0.037223297,-0.665515064,0.742344651,-0.068033409
1497534894176470000,84696,-0.855276194,-0.135375115,1.031930685,-0.036968181,-0.671169477,0.737198271,-0.068582767
1497534894186490000,84697,-0.851881325,-0.143431771,1.033214872,-0.037589737,-0.674838729,0.733767593,-0.069027685
1497534894196490000,84698,-0.84849609,-0.151232158,1.034373794,-0.037921796,-0.676837105,0.73187686,-0.069352239
1497534894206490000,84699,-0.845221966,-0.158688418,1.03535164,-0.037268214,-0.67793418,0.730850866,-0.069809312
1497534894216480000,84700,-0.841935346,-0.165997678,1.036351184,-0.038104367,-0.678629846,0.73010968,-0.070352292
1497534894226450000,84701,-0.838799683,-0.173005281,1.037006521,-0.038622494,-0.67877111,0.730036906,-0.069456458
1497534894236490000,84702,-0.835914614,-0.180238598,1.03762894,-0.040581711,-0.678950093,0.729875072,-0.068280854
1497534894246490000,84703,-0.833005927,-0.187241279,1.037967439,-0.042009221,-0.680164846,0.728770536,-0.067115675
1497534894256530000,84704,-0.830285322,-0.194224281,1.038451434,-0.044701293,-0.681362014,0.727543315,-0.066545659
1497534894266490000,84705,-0.827761008,-0.201367346,1.038481421,-0.045139179,-0.683967769,0.725325661,-0.063664989
1497534894276470000,84706,-0.824965283,-0.208338266,1.038565266,-0.048142873,-0.686363003,0.722932076,-0.062907116
1497534894286480000,84707,-0.822564151,-0.215413655,1.038690619,-0.050094564,-0.690331555,0.719200109,-0.060696629
1497534894296490000,84708,-0.819963136,-0.221245673,1.03852253,-0.047172758,-0.695890386,0.713713513,-0.064220895
1497534894306480000,84709,-0.816870708,-0.2260133,1.037949861,-0.043451996,-0.693591817,0.716608744,-0.059280883
1497534894316430000,84710,-0.815116743,-0.234908183,1.038206738,-0.052956171,-0.700635179,0.709051229,-0.059601549
1497534894326450000,84711,-0.812767582,-0.240999381,1.037827645,-0.053319359,-0.702985877,0.706569221,-0.061056027
1497534894336490000,84712,-0.810263039,-0.247363932,1.037228553,-0.054567198,-0.704391167,0.705248021,-0.058997751
1497534894346500000,84713,-0.807084014,-0.253406098,1.036869873,0.056221273,0.705730566,-0.70367612,0.060195141
1497534894356480000,84714,-0.804088373,-0.259499189,1.03661348,0.056982738,0.706665552,-0.702710799,0.059785439
1497534894366500000,84715,-0.800735309,-0.265997447,1.035947452,0.057187906,0.70869394,-0.700673504,0.059490199
1497534894376470000,84716,-0.797078479,-0.272196308,1.035301415,0.054901275,0.711081936,-0.698385204,0.060053615
1497534894386500000,84717,-0.793292304,-0.278661017,1.034571771,0.05391474,0.713553764,-0.695975698,0.059599109
1497534894396500000,84718,-0.789341678,-0.284814725,1.033953192,0.050845671,0.716400138,-0.693273526,0.059643764
1497534894406500000,84719,-0.78540089,-0.29131201,1.033273357,0.051149024,0.718268839,-0.691391037,0.058754462
1497534894416380000,84720,-0.781294619,-0.297521976,1.032611224,0.049625243,0.720965803,-0.68869924,0.058643003
1497534894426470000,84721,-0.777403987,-0.303753158,1.031714018,0.048207233,0.723192582,-0.686506804,0.058111612
1497534894436460000,84722,-0.773383685,-0.30989675,1.030923891,0.047526193,0.725514616,-0.684024534,0.058993566
1497534894446420000,84723,-0.769621725,-0.316169678,1.03005184,0.047350686,0.727479117,-0.682106993,0.057114762
1497534894456450000,84724,-0.7655749,-0.322370955,1.029118131,0.046969975,0.730199701,-0.679211367,0.057220083
1497534894466450000,84725,-0.761790198,-0.328453877,1.027892789,0.045397875,0.732297985,-0.67712939,0.056342556
1497534894476470000,84726,-0.757780772,-0.334785713,1.02704058,0.046780871,0.734468328,-0.674757993,0.055402858
1497534894486420000,84727,-0.753971748,-0.340857783,1.025975128,0.046391642,0.736351095,-0.672932871,0.052879409
1497534894496500000,84728,-0.749949003,-0.347166599,1.02506298,0.048434516,0.73809604,-0.67094969,0.051911905
1497534894506500000,84729,-0.746124355,-0.353301707,1.024049906,0.048818618,0.739796695,-0.669268531,0.048961482
1497534894516470000,84730,-0.741944278,-0.359217923,1.022836885,0.04918637,0.741371845,-0.667541846,0.048336043
1497534894526400000,84731,-0.73819,-0.365444741,1.021739781,0.049782454,0.742876196,-0.665985379,0.046044973
1497534894536460000,84732,-0.733921699,-0.371746373,1.020553503,0.05136419,0.744681211,-0.663953177,0.044472387
1497534894546500000,84733,-0.729500016,-0.378178812,1.01917879,0.051783043,0.74725154,-0.661083356,0.043617083
1497534894556480000,84734,-0.72505422,-0.384920308,1.017986734,0.053004086,0.749706016,-0.658374812,0.040915323
1497534894566330000,84735,-0.720642282,-0.391877705,1.016692705,0.056698358,0.751642175,-0.655873588,0.040610014
1497534894576470000,84736,-0.716092469,-0.398582552,1.015061183,0.055352538,0.754745541,-0.652536504,0.038618338
1497534894586470000,84737,-0.71156252,-0.405372022,1.013405844,0.055453248,0.756888572,-0.650242789,0.035056261
1497534894596480000,84738,-0.706433214,-0.412003844,1.011939601,0.055778827,0.75873077,-0.648072897,0.03489788
1497534894606460000,84739,-0.701367044,-0.419003259,1.010497571,0.056124961,0.760524341,-0.646065132,0.032443177
1497534894616440000,84740,-0.695892859,-0.425893791,1.008631834,0.054256954,0.762679766,-0.643816781,0.029592391
1497534894626430000,84741,-0.690426428,-0.433050765,1.006814556,0.055387175,0.764080718,-0.642149719,0.027507384
1497534894636430000,84742,-0.684845828,-0.439627304,1.005452579,0.053937972,0.765723116,-0.640316208,0.027458314
1497534894646490000,84743,-0.678898782,-0.446639565,1.003168899,0.052783387,0.767176886,-0.638776839,0.024853349
1497534894656520000,84744,-0.67296361,-0.453750002,1.001540876,0.052670217,0.768966189,-0.636721433,0.022420188
1497534894666450000,84745,-0.667173892,-0.460792785,0.999139719,0.051607305,0.770732226,-0.634736442,0.020449228
1497534894676490000,84746,-0.661125122,-0.46809938,0.997452007,0.052995085,0.771753068,-0.633440067,0.018504196
1497534894686470000,84747,-0.65496691,-0.475249105,0.99505054,0.052037198,0.772741048,-0.632370218,0.016471461
1497534894696490000,84748,-0.648495434,-0.482490474,0.993402191,0.053157928,0.77332574,-0.6316101,0.01449882
1497534894706450000,84749,-0.641969604,-0.489758053,0.991756055,0.053601608,0.773691986,-0.631179068,0.01185589
1497534894716430000,84750,-0.634986322,-0.497351358,0.98989172,0.055314542,0.774425903,-0.630185277,0.008446232
1497534894726490000,84751,-0.627818635,-0.504953833,0.988521043,0.056862929,0.7746224,-0.629801094,0.008793602
1497534894736500000,84752,-0.620281021,-0.512716559,0.987482927,0.058430392,0.774293482,-0.630103491,0.005008443
1497534894746490000,84753,-0.612408623,-0.520197168,0.986485092,0.058754634,0.77379014,-0.63070168,0.003478933
1497534894756480000,84754,-0.604537168,-0.528015523,0.985509478,0.059717899,0.773718932,-0.630703207,0.002500067
1497534894766500000,84755,-0.596158097,-0.535810932,0.98471691,0.060123146,0.772549301,-0.632101449,0.000737113
1497534894776510000,84756,-0.587803933,-0.543743957,0.984207518,0.06102908,0.772932397,-0.63154474,0.001484206
1497534894786480000,84757,-0.579202501,-0.551546918,0.984011946,0.061942457,0.772146241,-0.632417754,0.001048401
1497534894796490000,84758,-0.570432572,-0.559450764,0.984116719,0.061137814,0.771938,-0.632744422,0.002896347
1497534894806480000,84759,-0.561553328,-0.567358218,0.984564903,0.062046565,0.770696745,-0.634154427,0.004991361
1497534894816530000,84760,-0.552615033,-0.57497201,0.985288565,0.061777932,0.770002643,-0.634999899,0.007385428
1497534894826500000,84761,-0.54365055,-0.582359766,0.986610649,0.062087539,0.769178154,-0.635890064,0.012406924
1497534894836460000,84762,-0.534677695,-0.589144946,0.988502207,0.061569719,0.766103233,-0.639476812,0.019089592
1497534894846460000,84763,-0.525582368,-0.595783587,0.990801318,0.060668182,0.762525775,-0.643638396,0.024564791
1497534894856480000,84764,-0.516774966,-0.602074286,0.99313105,0.058354692,0.758655594,-0.648238958,0.028682288
1497534894866430000,84765,-0.507876501,-0.608134049,0.995734123,0.055420071,0.75420401,-0.653443759,0.033409295
1497534894876380000,84766,-0.499315849,-0.613839821,0.998233102,0.053580725,0.749234124,-0.659045868,0.037892964
1497534894886500000,84767,-0.491012403,-0.619568994,1.000927042,0.050256356,0.744246861,-0.664777813,0.040513794
1497534894896430000,84768,-0.483192316,-0.625155386,1.003472182,0.048642913,0.738817111,-0.670759771,0.043179539
1497534894906530000,84769,-0.475658982,-0.630791645,1.005875738,0.046644594,0.734111105,-0.676015983,0.043675615
1497534894916540000,84770,-0.468737996,-0.636420975,1.008220359,0.047481294,0.727977133,-0.68253101,0.044116217
1497534894926480000,84771,-0.462052935,-0.64239858,1.010698619,0.049936925,0.724139743,-0.686322574,0.045708437
1497534894936500000,84772,-0.455586201,-0.647878289,1.013047911,0.051689337,0.719424544,-0.69103489,0.047194483
1497534894946490000,84773,-0.44970889,-0.653717765,1.015060539,0.054747772,0.714933105,-0.695330766,0.048871898
1497534894956490000,84774,-0.443556179,-0.659242069,1.017846047,0.058136815,0.711390335,-0.698582912,0.050257501
1497534894966500000,84775,-0.437856032,-0.664852061,1.020080096,0.061901457,0.707051986,-0.702317549,0.054733524
1497534894976480000,84776,-0.432386833,-0.670383836,1.022591914,-0.064334369,-0.703593838,0.705447822,-0.056215399
1497534894986490000,84777,-0.42704851,-0.675705283,1.024836369,-0.067225532,-0.699726022,0.708812575,-0.058727802
1497534894996500000,84778,-0.421986283,-0.680988283,1.027420559,-0.069666934,-0.696322544,0.711790255,-0.060299797
1497534895006500000,84779,-0.41683556,-0.686173007,1.029864087,-0.070263094,-0.693031168,0.714885833,-0.060902733
1497534895016490000,84780,-0.411829097,-0.690723748,1.032526123,-0.072249116,-0.68885808,0.718535925,-0.062934379
1497534895026460000,84781,-0.406977119,-0.695632227,1.034672535,-0.073517071,-0.684427366,0.722587991,-0.063411486
1497534895036490000,84782,-0.401827845,-0.700472805,1.037330351,-0.073307318,-0.680412478,0.726372716,-0.063620542
1497534895046500000,84783,-0.396439357,-0.704832256,1.039730264,-0.070911977,-0.676058995,0.730646473,-0.063807977
1497534895056490000,84784,-0.39122583,-0.709690115,1.041600928,-0.067831758,-0.672671417,0.733774193,-0.066988439
1497534895066490000,84785,-0.385905812,-0.714607924,1.043789048,-0.065497698,-0.668998366,0.737298678,-0.067393596
1497534895076480000,84786,-0.38032221,-0.719457218,1.045818503,-0.064145244,-0.665302759,0.740293024,-0.072276309
1497534895086500000,84787,-0.375024902,-0.724692672,1.047479736,-0.060679904,-0.663078153,0.742459709,-0.073477159
1497534895096510000,84788,-0.369462638,-0.729555723,1.049258888,-0.058486778,-0.660244419,0.744875837,-0.076266579
1497534895106500000,84789,-0.364234649,-0.73442933,1.050767695,-0.05544136,-0.657607463,0.747094189,-0.079554719
1497534895116490000,84790,-0.358810565,-0.739423065,1.051923151,-0.052165054,-0.655197307,0.749216822,-0.081666694
1497534895126520000,84791,-0.353448536,-0.744190872,1.053033631,-0.050571525,-0.652574358,0.751285779,-0.08461032
1497534895136490000,84792,-0.348173448,-0.749272437,1.053813377,-0.048332101,-0.650873218,0.752652651,-0.086844973
1497534895146520000,84793,-0.342976986,-0.754511633,1.054518305,-0.045851011,-0.649937474,0.753472416,-0.088081111
1497534895156490000,84794,-0.337673073,-0.759785819,1.054717239,-0.042747993,-0.649941534,0.753334186,-0.090753599
1497534895166490000,84795,-0.332441465,-0.765516246,1.054583904,-0.039856157,-0.649973789,0.753210506,-0.092841231
1497534895176480000,84796,-0.327069698,-0.7708543,1.054756252,-0.036446354,-0.650888228,0.752272427,-0.095406358
1497534895186500000,84797,-0.321763268,-0.776499351,1.054744767,-0.033059786,-0.65141379,0.751896732,-0.096012648
1497534895196510000,84798,-0.316406071,-0.782345094,1.054297844,-0.030550421,-0.651925838,0.751293673,-0.098067276
1497534895206500000,84799,-0.311036908,-0.787929151,1.054061976,-0.02703991,-0.652973075,0.750330924,-0.099491263
1497534895216490000,84800,-0.305596342,-0.793588927,1.053922418,-0.02412248,-0.653456793,0.749899922,-0.100311678
1497534895226510000,84801,-0.30038236,-0.799424778,1.054037741,-0.022599708,-0.654138928,0.749209261,-0.101375536
1497534895236490000,84802,-0.294988473,-0.805140646,1.053473882,-0.01878971,-0.655679805,0.747636751,-0.103779713
1497534895246500000,84803,-0.289612939,-0.810922296,1.053221606,-0.01667,-0.655846841,0.747578171,-0.103508024
1497534895256490000,84804,-0.28396854,-0.816548341,1.053048396,-0.012742019,-0.657277674,0.746173806,-0.10511114
1497534895266490000,84805,-0.278580072,-0.822585078,1.052603655,-0.01046951,-0.656797025,0.746690902,-0.104693621
1497534895276490000,84806,-0.27294021,-0.828381057,1.052268489,-0.00762965,-0.656578727,0.746628412,-0.106734149
1497534895286490000,84807,-0.267402083,-0.834544817,1.051721536,-0.004575427,-0.657204624,0.746109571,-0.106684841
1497534895296510000,84808,-0.261579239,-0.839979597,1.051260645,-0.002406839,-0.655222632,0.74761181,-0.108416283
1497534895306440000,84809,-0.255806718,-0.845864684,1.050623877,-0.001113143,-0.652491927,0.74997856,-0.108559689
1497534895316470000,84810,-0.250206381,-0.851914414,1.050042041,0.000457347,-0.653196897,0.749081921,-0.110498325
1497534895326480000,84811,-0.244547988,-0.858103026,1.049276005,0.001968715,-0.652451481,0.749657268,-0.110982746
1497534895336500000,84812,-0.239033798,-0.864094645,1.048645496,0.00428229,-0.654361973,0.747503742,-0.114150018
1497534895346510000,84813,-0.233341029,-0.870222505,1.047528593,0.004544446,-0.651818316,0.749693391,-0.114333062
1497534895356420000,84814,-0.227698795,-0.876519667,1.046354568,0.006005671,-0.651713361,0.749381538,-0.116880016
1497534895366510000,84815,-0.222103232,-0.882644186,1.045307028,0.006913022,-0.651047202,0.749814223,-0.117764093
1497534895376490000,84816,-0.21642516,-0.889022455,1.044023076,0.007081259,-0.650213454,0.750329348,-0.119072207
1497534895386490000,84817,-0.210790059,-0.895773378,1.04289049,0.0084448,-0.651854691,0.748652508,-0.120555256
1497534895396500000,84818,-0.205149754,-0.902447084,1.041357989,0.008434783,-0.650604734,0.749755341,-0.120454398
1497534895406510000,84819,-0.199402026,-0.909085867,1.040033192,0.009301046,-0.649352651,0.750770654,-0.120822391
1497534895416440000,84820,-0.193502852,-0.916333244,1.038556803,0.010127914,-0.64914568,0.750711542,-0.122227213
1497534895426480000,84821,-0.187569057,-0.923480392,1.03723856,0.010293441,-0.647416811,0.752035878,-0.1232378
1497534895436510000,84822,-0.181459896,-0.931110989,1.035746369,0.011581503,-0.647604788,0.751326887,-0.126419208
1497534895446520000,84823,-0.175194697,-0.938814219,1.034314776,0.013739755,-0.648494771,0.749924195,-0.129920951
1497534895456470000,84824,-0.168827635,-0.946400839,1.032898458,0.015053922,-0.646414899,0.751506594,-0.130992355
1497534895466500000,84825,-0.162306836,-0.954491474,1.031455785,0.01643138,-0.645678837,0.751654899,-0.133580544
1497534895476470000,84826,-0.155481717,-0.962881529,1.029797248,0.017566986,-0.64685723,0.749948554,-0.137274508
1497534895486470000,84827,-0.148471112,-0.971242279,1.028094701,0.01892366,-0.645205564,0.750725786,-0.140579047
1497534895496450000,84828,-0.141350305,-0.979854519,1.026254909,0.021276798,-0.645129465,0.750163325,-0.143562733
1497534895506500000,84829,-0.134053378,-0.988796629,1.024388439,0.023496499,-0.642994987,0.751200219,-0.147321391
1497534895516440000,84830,-0.126695732,-0.997940828,1.022415023,0.026305835,-0.641917064,0.751188528,-0.151546298
1497534895526480000,84831,-0.119080535,-1.007447019,1.02031334,0.029100837,-0.641145021,0.751124392,-0.154590918
1497534895536500000,84832,-0.111382542,-1.017235187,1.018297074,0.030777826,-0.63935442,0.751936452,-0.157702961
1497534895546500000,84833,-0.104072862,-1.026598555,1.016824894,0.033849345,-0.641032854,0.749966238,-0.15963002
1497534895556440000,84834,-0.09708371,-1.036289465,1.015728683,0.034442732,-0.640702182,0.749671027,-0.162196682
1497534895566530000,84835,-0.090364237,-1.04572083,1.015360307,0.036648481,-0.640419249,0.749652638,-0.162914075
1497534895576440000,84836,-0.084159802,-1.054905543,1.016012687,0.036866917,-0.640254738,0.750127674,-0.161316996
1497534895586490000,84837,-0.078322498,-1.063710829,1.017560659,0.036105582,-0.642243678,0.748585162,-0.16074732
1497534895596450000,84838,-0.072889315,-1.072444794,1.019583906,0.034298108,-0.645149256,0.747217278,-0.155796076
1497534895606520000,84839,-0.06777502,-1.080725288,1.02249649,0.032941984,-0.645718843,0.747286784,-0.153376869
1497534895616540000,84840,-0.062942781,-1.089251175,1.02550206,0.033932882,-0.647168251,0.746893772,-0.148901
1497534895626500000,84841,-0.057984297,-1.097566044,1.028761911,0.034574971,-0.646851157,0.747147343,-0.14885899
1497534895636510000,84842,-0.05314157,-1.10622791,1.031935874,0.033712805,-0.646232273,0.748401027,-0.145407011
1497534895646540000,84843,-0.048106711,-1.115104445,1.03465711,0.031179509,-0.645672389,0.749422464,-0.143181613
1497534895656500000,84844,-0.043061272,-1.123860331,1.036688472,0.028006332,-0.645829952,0.749957116,-0.140298406
1497534895666510000,84845,-0.03822087,-1.13270732,1.038648119,0.026072975,-0.64565367,0.750585937,-0.13810246
1497534895676490000,84846,-0.033428478,-1.141636667,1.04004551,0.023996304,-0.644939754,0.751819192,-0.135073291
1497534895686500000,84847,-0.028390729,-1.150341108,1.041083852,0.021051097,-0.645713351,0.751888475,-0.131433791
1497534895696530000,84848,-0.023739644,-1.158963272,1.041939261,0.019746303,-0.646171298,0.751823555,-0.129746212
1497534895706520000,84849,-0.018806754,-1.166909145,1.042367855,0.019173435,-0.649518247,0.749468778,-0.126708234
1497534895716420000,84850,-0.013998772,-1.175227175,1.042977147,0.020417586,-0.655140096,0.74463754,-0.126053601
1497534895726480000,84851,-0.009076663,-1.182966328,1.043502092,0.02061965,-0.658677041,0.741587321,-0.125569227
1497534895736490000,84852,-0.004323862,-1.190520074,1.044206886,0.02222562,-0.664347365,0.736478381,-0.125491809
1497534895746490000,84853,6.34E-05,-1.197437044,1.045354423,0.022523197,-0.668069974,0.733124173,-0.125316253
1497534895756510000,84854,0.004386111,-1.204426508,1.046513148,0.023157246,-0.671010893,0.730067759,-0.127315321
1497534895766500000,84855,0.008672513,-1.210981059,1.047569502,0.023251544,-0.672935571,0.728562813,-0.125750985
1497534895776480000,84856,0.012663813,-1.217177017,1.048728937,0.023777912,-0.67398537,0.727337874,-0.127113919
1497534895786450000,84857,0.016425196,-1.223037475,1.049720967,0.022555289,-0.67319088,0.727919656,-0.128211826
1497534895796500000,84858,0.020087533,-1.228818214,1.050514755,0.022372454,-0.674866478,0.726178262,-0.129305226
1497534895806520000,84859,0.023414758,-1.234651318,1.051080036,0.01978696,-0.675333559,0.725811097,-0.129349574
1497534895816520000,84860,0.026590928,-1.240465365,1.051711644,0.018301745,-0.676850727,0.724737682,-0.127645729
1497534895826470000,84861,0.029741724,-1.24612717,1.052044381,0.016477063,-0.678023567,0.723817622,-0.126888136
1497534895836500000,84862,0.032736519,-1.25176176,1.052481649,0.014019821,-0.681755112,0.720806133,-0.124305794
1497534895846480000,84863,0.035433427,-1.257457789,1.052548364,0.011593608,-0.683925142,0.719257463,-0.121575863
1497534895856500000,84864,0.038241511,-1.263114562,1.052688708,0.010337698,-0.68823437,0.715548422,-0.119235231
1497534895866500000,84865,0.040852618,-1.268373013,1.052742561,0.006518576,-0.69039085,0.714108872,-0.115613585
1497534895876480000,84866,0.043460989,-1.273725677,1.052709259,0.003981802,-0.693472704,0.711713404,-0.111999037
1497534895886460000,84867,0.045930549,-1.278611801,1.052862236,0.001190055,-0.69567143,0.710010501,-0.109201345
1497534895896500000,84868,0.048588066,-1.283476849,1.052827068,-0.001711993,-0.696754519,0.709218564,-0.107420842
1497534895906510000,84869,0.0512693,-1.288255886,1.05276721,-0.003669378,-0.697903014,0.708327048,-0.105786157
1497534895916510000,84870,0.054139072,-1.293068911,1.052649856,-0.006275027,-0.699772285,0.706771617,-0.103697904
1497534895926450000,84871,0.057253049,-1.297657246,1.052571185,-0.007773341,-0.702233541,0.704598789,-0.101725982
1497534895936460000,84872,0.060554831,-1.302424408,1.052360086,0.00963663,0.704107839,-0.702871623,0.100552317
1497534895946490000,84873,0.063967109,-1.30705175,1.052168307,0.010010685,0.706326053,-0.700885357,0.09880794
1497534895956550000,84874,0.067550663,-1.311629327,1.051814385,0.010842359,0.708343454,-0.699133806,0.096663934
1497534895966550000,84875,0.07116267,-1.316321092,1.051626456,0.011137713,0.710409679,-0.697055105,0.096479112
1497534895976490000,84876,0.074895429,-1.320650831,1.051081448,0.011715575,0.712568948,-0.695161717,0.094119221
1497534895986490000,84877,0.078430274,-1.325284766,1.050763701,0.011140511,0.715916753,-0.692023477,0.091883611
1497534895996480000,84878,0.082186322,-1.329843252,1.050284164,0.011907232,0.718086726,-0.689800882,0.09156645
1497534896006520000,84879,0.085873299,-1.334220094,1.049682978,0.01418239,0.721181445,-0.686903342,0.08865654
1497534896016510000,84880,0.089524896,-1.339000937,1.049080521,0.013490661,0.723454994,-0.684535436,0.088555695
1497534896026490000,84881,0.093295923,-1.343395201,1.048428429,0.015426138,0.726061725,-0.682036475,0.086154813
1497534896036500000,84882,0.096977579,-1.348062746,1.047701992,0.014576221,0.72810762,-0.679949189,0.085533199
1497534896046520000,84883,0.100755522,-1.352490227,1.046859351,0.015427002,0.731011592,-0.676983641,0.084126155
1497534896056520000,84884,0.104612152,-1.3568709,1.046057292,0.01546431,0.734612602,-0.673356169,0.081833056
1497534896066520000,84885,0.108472328,-1.361470682,1.04516643,0.01572294,0.736522038,-0.671370207,0.080932825
1497534896076490000,84886,0.112337551,-1.36618666,1.044331188,0.015903052,0.738672588,-0.669083779,0.080229649
1497534896086540000,84887,0.116187977,-1.370668575,1.043552424,0.016802935,0.742593639,-0.66500212,0.077746569
1497534896096530000,84888,0.120180115,-1.37527514,1.042658634,0.017444545,0.744856235,-0.662733975,0.075289804
1497534896106530000,84889,0.124140057,-1.379962081,1.041724427,0.017751967,0.746199168,-0.661397356,0.073655998
1497534896116510000,84890,0.128231522,-1.384190055,1.040992716,0.019511089,0.749457948,-0.657980026,0.070670979
1497534896126440000,84891,0.132264615,-1.388823723,1.040270737,0.019412342,0.750314419,-0.657189717,0.068942798
1497534896136510000,84892,0.136381012,-1.393250013,1.039543036,0.020839012,0.751308183,-0.656212769,0.066981726
1497534896146520000,84893,0.140551613,-1.397695315,1.038938635,0.022817569,0.753596803,-0.653804118,0.064120138
1497534896156520000,84894,0.144749937,-1.402540388,1.038250022,0.023816318,0.754895967,-0.652519499,0.061507444
1497534896166520000,84895,0.149007243,-1.407182329,1.037531171,0.025305082,0.755365594,-0.652149051,0.059026156
1497534896176500000,84896,0.153449905,-1.411914427,1.036835906,0.026572352,0.756530957,-0.650950685,0.056727656
1497534896186510000,84897,0.158022075,-1.416708081,1.035864912,0.028005786,0.756689367,-0.650885899,0.054629886
1497534896196520000,84898,0.162870388,-1.421642911,1.034894078,0.030080947,0.757980139,-0.649497473,0.052098728
1497534896206500000,84899,0.167686528,-1.426645128,1.033879261,0.030530253,0.75947689,-0.647903696,0.049835312
1497534896216510000,84900,0.172853909,-1.43185254,1.032927389,0.030476711,0.75986389,-0.64760224,0.047847431
1497534896226490000,84901,0.178020083,-1.436898046,1.031843234,0.031397601,0.761175503,-0.646231689,0.044840251
1497534896236510000,84902,0.183427546,-1.442035533,1.030700786,0.032261619,0.761389851,-0.646049883,0.043176752
1497534896246510000,84903,0.188936738,-1.447453095,1.029559223,0.032525421,0.761875013,-0.645590842,0.04124351
1497534896256520000,84904,0.194483405,-1.452716816,1.028229582,0.033451636,0.762151404,-0.645367679,0.038817309
1497534896266530000,84905,0.200043934,-1.458356955,1.026944021,0.033249295,0.7631453,-0.644305052,0.037077427
1497534896276470000,84906,0.205841822,-1.464004072,1.025401049,0.034418666,0.763959884,-0.643378976,0.035272434
1497534896286510000,84907,0.211788721,-1.469704976,1.023761146,0.035253923,0.764523139,-0.642770467,0.03328149
1497534896296500000,84908,0.217914124,-1.475437132,1.022170827,0.036129827,0.765120667,-0.642116587,0.031165522
1497534896306510000,84909,0.22423215,-1.481275347,1.020548489,0.036450159,0.765804419,-0.641346993,0.029816305
1497534896316490000,84910,0.23070576,-1.487176295,1.018911533,0.037390846,0.766640698,-0.640425928,0.026806642
1497534896326480000,84911,0.237247258,-1.493192381,1.017256167,0.0374307,0.767174728,-0.639854953,0.025050329
1497534896336510000,84912,0.243941044,-1.499322499,1.015608313,0.038477299,0.767214565,-0.639831297,0.022742458
1497534896346490000,84913,0.250754103,-1.505346286,1.014027722,0.039166994,0.767253114,-0.639820322,0.020458779
1497534896356420000,84914,0.257722339,-1.511519181,1.012575027,0.041039769,0.768608292,-0.638177558,0.016924392
1497534896366470000,84915,0.26474459,-1.517818349,1.01115822,0.042516268,0.768996207,-0.637689199,0.013772658
1497534896376510000,84916,0.271843679,-1.524227238,1.010002343,0.044418799,0.769207645,-0.637355146,0.011179755
1497534896386560000,84917,0.279188552,-1.530765708,1.009061761,0.046525457,0.769374009,-0.637032407,0.009419574
1497534896396540000,84918,0.286767428,-1.537148733,1.008383261,0.049533366,0.769428951,-0.636767913,0.007222149
1497534896406530000,84919,0.294593772,-1.543592544,1.008167477,0.051283511,0.768346077,-0.637940986,0.006753137
1497534896416510000,84920,0.302716086,-1.55001287,1.008160697,0.052454251,0.76745445,-0.638910902,0.007421429
1497534896426470000,84921,0.31125432,-1.556444539,1.008465843,0.053786304,0.766835823,-0.63953859,0.007761877
1497534896436480000,84922,0.320083119,-1.56280013,1.009030988,0.05292544,0.766187335,-0.6403398,0.010991165
1497534896446490000,84923,0.329279231,-1.569109981,1.009846991,0.051846831,0.764985358,-0.641799482,0.014238447
1497534896456530000,84924,0.338796633,-1.575095522,1.0109991,0.050194474,0.765097392,-0.641666308,0.019257312
1497534896466530000,84925,0.348428327,-1.581115297,1.012436474,0.046954158,0.763054627,-0.644178752,0.024014129
1497534896476500000,84926,0.358257939,-1.5866639,1.014222567,0.043849633,0.76078995,-0.64680844,0.030244053
1497534896486460000,84927,0.367967104,-1.591875752,1.016339199,0.040627551,0.758364718,-0.649583483,0.0356883
1497534896496340000,84928,0.377960032,-1.596741878,1.018702968,0.036540983,0.755049568,-0.653337106,0.04141898
1497534896506500000,84929,0.387519235,-1.601242468,1.021229299,0.032218668,0.751699501,-0.657076138,0.046484053
1497534896516420000,84930,0.396996448,-1.605528321,1.023919851,0.027073035,0.748082516,-0.661087947,0.051012995
1497534896526530000,84931,0.40597808,-1.609847625,1.026493498,0.02274475,0.743016349,-0.666694387,0.054110767
1497534896536460000,84932,0.414646923,-1.613904638,1.029144073,0.018632758,0.739434609,-0.670469864,0.057960683
1497534896546480000,84933,0.422549315,-1.618156005,1.031560349,0.016788501,0.734528647,-0.675736104,0.059720435
1497534896556480000,84934,0.430030847,-1.622271582,1.033831588,0.017093665,0.729198429,-0.681375959,0.060862635
1497534896566490000,84935,0.437017269,-1.626496795,1.035963198,0.019065142,0.724471942,-0.686260195,0.061837447
1497534896576450000,84936,0.443808259,-1.630660722,1.037981997,0.021226073,0.720707391,-0.689983387,0.063665033
1497534896586480000,84937,0.450282237,-1.634799081,1.03989132,0.023839384,0.716726613,-0.693799777,0.066155239
1497534896596510000,84938,0.456604613,-1.639019186,1.041658308,0.027273158,0.713026301,-0.697214251,0.068861866
1497534896606540000,84939,0.463061393,-1.643362975,1.043246414,0.029306389,0.710162843,-0.699720667,0.072116994
1497534896616520000,84940,0.469413021,-1.647452705,1.044899478,0.031116847,0.707166288,-0.702191965,0.07664221
1497534896626510000,84941,0.475822686,-1.651515659,1.046568602,0.031785714,0.704869549,-0.703999989,0.080824516
1497534896636430000,84942,0.482219792,-1.655653116,1.048282658,-0.032419519,-0.701560958,0.706970536,-0.083389798
1497534896646550000,84943,0.488490348,-1.659562987,1.050086301,-0.03195578,-0.698353095,0.709739236,-0.086902245
1497534896656530000,84944,0.49472861,-1.663126497,1.052062179,-0.031404761,-0.694764354,0.712915159,-0.089823216
1497534896666480000,84945,0.501014115,-1.666525306,1.054008182,-0.029612867,-0.691569284,0.715774468,-0.092314218
1497534896676490000,84946,0.507396822,-1.669706865,1.055899698,-0.028811139,-0.687124402,0.719929363,-0.093443496
1497534896686470000,84947,0.513622643,-1.672975321,1.057836686,-0.02515063,-0.684693649,0.721990868,-0.096391074
1497534896696430000,84948,0.520014218,-1.676306938,1.059691532,-0.023173273,-0.681060619,0.725263553,-0.098041886
1497534896706530000,84949,0.526196998,-1.679610309,1.061447958,-0.020666982,-0.678188821,0.727653245,-0.100764846
1497534896716560000,84950,0.532391657,-1.683077526,1.063130395,-0.01893582,-0.675491817,0.729848001,-0.103315703
1497534896726460000,84951,0.53852427,-1.686560479,1.064726357,-0.017112889,-0.67315421,0.731693597,-0.10580661
1497534896736400000,84952,0.544574913,-1.689964814,1.066208334,-0.015077845,-0.670972343,0.733311347,-0.108734728
1497534896746470000,84953,0.550524128,-1.6933654,1.067653967,-0.013102508,-0.668682759,0.734997067,-0.111673645
1497534896756530000,84954,0.556483353,-1.69663661,1.068922614,-0.010815515,-0.66580941,0.737199884,-0.114530281
1497534896766530000,84955,0.562382858,-1.699852788,1.070057796,-0.008424106,-0.663256243,0.738923508,-0.118373305
1497534896776460000,84956,0.568218143,-1.703109944,1.071018876,-0.005696859,-0.660989942,0.740397035,-0.12195111
1497534896786560000,84957,0.574054381,-1.706307585,1.071798618,-0.00317015,-0.65802652,0.742560029,-0.124882554
1497534896796530000,84958,0.579825076,-1.70951891,1.072453305,3.00E-05,-0.656281562,0.743502512,-0.128446587
1497534896806540000,84959,0.585553791,-1.713031107,1.072896383,0.002699649,-0.654578797,0.744485947,-0.131377262
1497534896816530000,84960,0.591424185,-1.716365259,1.073360182,0.006456022,-0.653504128,0.744760712,-0.134989468
1497534896826510000,84961,0.597182392,-1.719881538,1.073711442,0.009049147,-0.651961831,0.745663508,-0.137294636
1497534896836520000,84962,0.602987068,-1.723259103,1.073942263,0.01305159,-0.650826396,0.745973659,-0.140634128
1497534896846470000,84963,0.608924528,-1.726801637,1.074242132,0.016596822,-0.649351491,0.746647814,-0.143472049
1497534896856550000,84964,0.614824955,-1.730196294,1.074434073,0.020481737,-0.648770496,0.746352587,-0.147088945
1497534896866540000,84965,0.62084202,-1.733732857,1.074541661,0.023255268,-0.647906933,0.74647005,-0.149860811
1497534896876470000,84966,0.626918113,-1.737225246,1.074642412,0.027397398,-0.647650926,0.745910769,-0.153018907
1497534896886580000,84967,0.632959085,-1.740773775,1.074718513,0.03080775,-0.646686144,0.745977369,-0.156095094
1497534896896490000,84968,0.639114751,-1.744243128,1.074778101,0.034163862,-0.646751979,0.745109464,-0.159237546
1497534896906540000,84969,0.645345262,-1.74787938,1.07467382,0.038042386,-0.646962432,0.74411367,-0.162133384
1497534896916540000,84970,0.651659007,-1.751379499,1.074601632,0.042213568,-0.646780045,0.743341835,-0.165337548
1497534896926510000,84971,0.657995747,-1.754895468,1.074336218,0.045970666,-0.646824316,0.742497824,-0.167934462
1497534896936550000,84972,0.664338748,-1.75843633,1.073999898,0.050231518,-0.646821921,0.741520724,-0.171012317
1497534896946500000,84973,0.670930667,-1.762016881,1.073768962,0.054444519,-0.646775026,0.740727925,-0.173320515
1497534896956530000,84974,0.677372788,-1.76556479,1.073375128,0.058737002,-0.645809892,0.740464823,-0.176610852
1497534896966540000,84975,0.684049684,-1.76913766,1.07299927,0.063014142,-0.645955733,0.739366875,-0.179184353
1497534896976400000,84976,0.690834103,-1.772834568,1.072582637,0.067750274,-0.645320489,0.738704962,-0.182445459
1497534896986530000,84977,0.697693644,-1.776415462,1.0722029,0.072125033,-0.645534233,0.737193377,-0.186089923
1497534896996550000,84978,0.704522401,-1.779962397,1.071671763,0.076281215,-0.644758976,0.736592941,-0.189467354
1497534897006530000,84979,0.71156475,-1.783599392,1.071060869,0.080228975,-0.64460765,0.735533795,-0.192443046
1497534897016530000,84980,0.718600097,-1.787233424,1.070439508,0.084181545,-0.643571018,0.735061806,-0.195994781
1497534897026500000,84981,0.725722253,-1.790695164,1.069846851,0.088536329,-0.642462936,0.734399401,-0.20015048
1497534897036500000,84982,0.733019676,-1.794256619,1.069153997,0.093272184,-0.641985765,0.733119319,-0.204182863
1497534897046520000,84983,0.740367621,-1.797921631,1.068347359,0.097822043,-0.64121222,0.732164928,-0.207875575
1497534897056380000,84984,0.747864348,-1.801476869,1.067681865,0.102649108,-0.640526331,0.730795441,-0.212431643
1497534897066460000,84985,0.755486362,-1.805229908,1.0668565,0.107605509,-0.639251889,0.729840435,-0.217050721
1497534897076500000,84986,0.763253663,-1.808883733,1.066123738,0.112408902,-0.6382091,0.728516385,-0.222074897
1497534897086530000,84987,0.77112155,-1.812698895,1.065376628,0.11757801,-0.636640744,0.727384215,-0.227543794
1497534897096580000,84988,0.77907371,-1.816582693,1.06462368,0.122029488,-0.634769201,0.726489724,-0.233215663
1497534897106540000,84989,0.787330965,-1.820563612,1.063994255,0.126793586,-0.633870785,0.724676501,-0.238694748
1497534897116540000,84990,0.795814559,-1.824721224,1.063393949,0.131490071,-0.632012898,0.723330704,-0.245077031
1497534897126520000,84991,0.804363429,-1.829066568,1.062675529,0.136593581,-0.630689347,0.721223787,-0.251812211
1497534897136530000,84992,0.813286816,-1.83336977,1.062205593,0.140751828,-0.629316323,0.719385509,-0.258136354
1497534897146520000,84993,0.822244848,-1.837914174,1.061473105,0.146177698,-0.627885679,0.717176879,-0.264667676
1497534897156530000,84994,0.831667177,-1.842421046,1.060940384,0.150508251,-0.626402453,0.714849085,-0.271952235
1497534897166540000,84995,0.841265122,-1.847104615,1.060174927,0.155840997,-0.624795454,0.712688731,-0.278242695
1497534897176480000,84996,0.851039919,-1.851631626,1.059251004,0.161897062,-0.623873947,0.70932077,-0.285367633
1497534897186520000,84997,0.861258367,-1.856427197,1.058124724,0.168513668,-0.622951609,0.705620894,-0.292632176
1497534897196510000,84998,0.871473664,-1.861084929,1.05695704,0.173771374,-0.621881594,0.70250767,-0.29924867
1497534897206530000,84999,0.881722608,-1.865873806,1.055378128,0.183612502,-0.62135822,0.697108319,-0.306985998
1497534897216520000,85000,0.892990494,-1.870886001,1.054432137,0.19227999,-0.621042265,0.691880298,-0.314064586
1497534897226490000,85001,0.90380689,-1.875805705,1.053005187,0.196033108,-0.62053555,0.688101341,-0.320972267
1497534897236480000,85002,0.914500848,-1.880598837,1.051997795,0.201206912,-0.620716386,0.683566897,-0.327052356
1497534897246510000,85003,0.9252621,-1.885183476,1.05165429,0.203467536,-0.620404972,0.679891282,-0.333836005
1497534897256540000,85004,0.934982261,-1.889426908,1.050678836,0.21109247,-0.621558009,0.674220194,-0.33842686
1497534897266540000,85005,0.945389147,-1.893712611,1.051340603,0.212634631,-0.622410867,0.67096732,-0.342336212
1497534897276550000,85006,0.955158236,-1.897665515,1.05231175,0.215442964,-0.622697498,0.668137472,-0.345578463
1497534897286550000,85007,0.964536061,-1.901298086,1.053557357,0.220081636,-0.622187836,0.665803837,-0.348068416
1497534897296510000,85008,0.97378524,-1.904813487,1.055201774,0.226138486,-0.621559509,0.663207881,-0.350257718
1497534897306540000,85009,0.982912711,-1.908184838,1.057399323,0.233088197,-0.618861815,0.661766552,-0.353192549
1497534897316540000,85010,0.991757943,-1.911547668,1.0601195,0.239973844,-0.614706188,0.661847632,-0.35567762
1497534897326530000,85011,1.000211989,-1.914482534,1.063053628,0.247297443,-0.610829507,0.662793067,-0.355579301
1497534897336540000,85012,1.008500182,-1.917267986,1.066401178,0.250732462,-0.605840216,0.666278818,-0.355194879
1497534897346480000,85013,1.016404904,-1.919863559,1.069299222,0.255137737,-0.601967237,0.667734253,-0.355908905
1497534897356500000,85014,1.024386621,-1.92251699,1.071936767,0.258357527,-0.598029546,0.670135698,-0.355710834
1497534897366550000,85015,1.032358235,-1.925241653,1.074085442,0.262181441,-0.594261405,0.671895374,-0.355908528
1497534897376530000,85016,1.040174858,-1.927900373,1.075790693,0.265661727,-0.590387479,0.673486482,-0.356766632
1497534897386550000,85017,1.047982281,-1.930454739,1.07686675,0.270575414,-0.586696694,0.674832277,-0.356619311
1497534897396460000,85018,1.055771541,-1.932902135,1.078097637,0.275126528,-0.5827695,0.675929073,-0.357498239
1497534897406550000,85019,1.063609258,-1.935409024,1.079028625,0.280297968,-0.581242535,0.675162459,-0.357415469
1497534897416550000,85020,1.071310739,-1.937831843,1.079843281,0.285117826,-0.581465953,0.672628282,-0.35801727
1497534897426520000,85021,1.078862619,-1.940440992,1.080399707,0.290035205,-0.583023298,0.668537359,-0.35919523
1497534897436540000,85022,1.086375256,-1.94302505,1.080973583,0.294147161,-0.586598263,0.662609157,-0.361011123
1497534897446520000,85023,1.093892261,-1.945358523,1.081267091,0.29922969,-0.590191485,0.656397946,-0.36232215
1497534897456550000,85024,1.101071263,-1.947340824,1.081487732,0.303724052,-0.593035324,0.649855389,-0.365716802
1497534897466530000,85025,1.10846518,-1.949125153,1.081503519,0.30997645,-0.596502402,0.64214007,-0.368450288
1497534897476520000,85026,1.115805808,-1.950444081,1.081646879,0.314833716,-0.599032419,0.635565812,-0.371612689
1497534897486500000,85027,1.122700389,-1.951175721,1.081064699,0.322869263,-0.600732438,0.627727441,-0.375278879
1497534897496530000,85028,1.129598317,-1.951559701,1.080698796,0.329589254,-0.601360091,0.621367318,-0.378998181
1497534897506550000,85029,1.136477406,-1.95133019,1.080540423,0.336783354,-0.601416511,0.614710948,-0.383413097
1497534897516560000,85030,1.143494994,-1.950705905,1.080899577,0.343175978,-0.599783545,0.610423336,-0.387134728
1497534897526510000,85031,1.149243177,-1.949641901,1.080342286,0.350573233,-0.596864025,0.60576553,-0.392300735
1497534897536540000,85032,1.155311082,-1.948352523,1.080633276,0.357177371,-0.59373578,0.602171792,-0.396599649
1497534897546520000,85033,1.160972208,-1.947011108,1.08070758,0.363144833,-0.590586612,0.599347025,-0.400145507
1497534897556530000,85034,1.171465652,-1.946225294,1.086806516,0.369854345,-0.590068517,0.594194958,-0.402441623
1497534897566510000,85035,1.176447366,-1.944921984,1.086392796,0.37348072,-0.58801141,0.591289956,-0.406363042
1497534897576510000,85036,1.182065198,-1.943766025,1.086855694,0.377932835,-0.586909561,0.587190601,-0.409769616
1497534897586530000,85037,1.182890839,-1.941996892,1.081194485,-0.381470427,0.584877051,-0.583999059,0.413937493
1497534897596560000,85038,1.18788598,-1.940389201,1.08068009,-0.386206302,0.583612232,-0.579778195,0.417251363
1497534897606530000,85039,1.193770932,-1.938665325,1.08090912,-0.393010222,0.582808119,-0.57405233,0.419930453
1497534897616550000,85040,1.19892055,-1.936715708,1.08034841,-0.399999788,0.581069376,-0.568506324,0.42327191
1497534897626530000,85041,1.204460343,-1.934516816,1.080348924,-0.407481618,0.579696514,-0.56186931,0.426864804
1497534897636550000,85042,1.209789162,-1.932106735,1.079850198,-0.414848741,0.577357903,-0.556070426,0.430516035
1497534897646530000,85043,1.214914855,-1.929569032,1.079046354,-0.421798669,0.57466789,-0.550650582,0.43431168
1497534897656530000,85044,1.222856782,-1.927144975,1.082141435,-0.429820448,0.572630979,-0.543809594,0.437743382
1497534897666490000,85045,1.227353124,-1.924251391,1.080838308,-0.437242801,0.568808295,-0.538328608,0.442129128
1497534897676520000,85046,1.232538405,-1.921210241,1.080338193,-0.444912176,0.565326626,-0.53235921,0.44615315
1497534897686500000,85047,1.236702332,-1.918018847,1.078742054,-0.451516716,0.561616248,-0.527116116,0.450409197
1497534897696510000,85048,1.240071392,-1.914589766,1.07602406,-0.458531361,0.557591463,-0.521706598,0.454601997
1497534897706560000,85049,1.244951413,-1.91133367,1.075477644,-0.465059249,0.55368731,-0.516356334,0.458831554
1497534897716550000,85050,1.249580575,-1.907937563,1.074727071,-0.471685052,0.550082088,-0.510952931,0.462439197
1497534897726520000,85051,1.254185911,-1.904443821,1.07412293,-0.477802693,0.546316483,-0.505417129,0.466686633
1497534897736540000,85052,1.258792129,-1.900906309,1.07321289,-0.483438544,0.542663685,-0.500611392,0.47031004
1497534897746540000,85053,1.263527977,-1.897264415,1.072704285,-0.489528705,0.53978446,-0.4946152,0.473656191
1497534897756540000,85054,1.268233325,-1.893542193,1.072045288,-0.494850978,0.536730284,-0.489352138,0.477050936
1497534897766540000,85055,1.27009745,-1.889302715,1.067594879,-0.501019148,0.532991076,-0.483949595,0.480305232
1497534897776520000,85056,1.277797009,-1.885753762,1.070986849,-0.507377633,0.530921466,-0.477634022,0.482240683
1497534897786540000,85057,1.279516168,-1.881211674,1.066199842,-0.512779423,0.527978788,-0.472254839,0.485047452
1497534897796520000,85058,1.285662562,-1.877268529,1.067426465,-0.519060644,0.525420099,-0.466028756,0.487162156
1497534897806520000,85059,1.28925666,-1.872731457,1.065181242,0.524548872,-0.522670871,0.460359949,-0.489624712
1497534897816520000,85060,1.296011578,-1.868638033,1.067167703,0.530231397,-0.519758938,0.454892209,-0.49170966
1497534897826420000,85061,1.297526542,-1.863389722,1.061826757,0.534910163,-0.516649108,0.450083168,-0.494337899
1497534897836470000,85062,1.304012779,-1.8589103,1.063156888,0.540735613,-0.51395607,0.444431678,-0.495917976
1497534897846500000,85063,1.304496215,-1.852855595,1.055446785,-0.542564772,0.495423645,-0.438247589,0.517801053
1497534897856560000,85064,1.311607667,-1.848389572,1.05794219,0.551253136,-0.508455108,0.434043019,-0.4991994
1497534897866460000,85065,1.316906056,-1.843205071,1.057373926,-0.555895432,0.50544653,-0.42968098,0.50087756
1497534897876540000,85066,1.321384548,-1.837637559,1.055357938,-0.560442799,0.503051953,-0.4249947,0.50221719
1497534897886490000,85067,1.326564577,-1.832095105,1.054330049,-0.564925815,0.500180771,-0.420832048,0.503565693
1497534897896590000,85068,1.333191219,-1.826332896,1.053842516,-0.576097157,0.499480017,-0.410086427,0.500460689
1497534897906580000,85069,1.335823965,-1.820192777,1.050377141,-0.574332082,0.493888936,-0.413115266,0.505521666
1497534897916560000,85070,1.340823667,-1.814129098,1.048957703,-0.578048649,0.491610194,-0.40967872,0.506302798
1497534897926540000,85071,1.346158994,-1.808064991,1.048055118,-0.582295879,0.489168023,-0.406221683,0.506586714
1497534897936500000,85072,1.350499747,-1.801702752,1.045827216,-0.585251952,0.487236892,-0.403572341,0.507158484
1497534897946580000,85073,1.35509763,-1.795196737,1.043994712,-0.588662225,0.4854544,-0.400130536,0.507647874
1497534897956490000,85074,1.360379363,-1.788687979,1.043307424,-0.592926029,0.482981154,-0.397365131,0.507216799
1497534897966560000,85075,1.364278894,-1.781576577,1.040300946,-0.597061355,0.480317599,-0.394455375,0.507166343
1497534897976530000,85076,1.368908002,-1.774809078,1.038733604,-0.599142604,0.480275423,-0.390967568,0.507452479
1497534897986550000,85077,1.373922029,-1.767625891,1.036791351,-0.606727222,0.480122551,-0.383436168,0.504322435
1497534897996560000,85078,1.378470634,-1.760463224,1.035236178,-0.609507866,0.478416088,-0.380921972,0.50449644
1497534898006560000,85079,1.38177874,-1.753307887,1.033424891,-0.604699223,0.475239398,-0.385697985,0.509630678
1497534898016550000,85080,1.387268075,-1.745738146,1.032350739,-0.611614462,0.475711902,-0.378684605,0.506185644
1497534898026570000,85081,1.386350036,-1.738383418,1.029909629,0.603618232,-0.483711791,0.392442283,-0.497651473
1497534898036560000,85082,1.391328016,-1.731805924,1.027549329,-0.593700465,0.470951436,-0.387365548,0.525045174
1497534898046550000,85083,1.395894897,-1.723484357,1.026324001,-0.596190975,0.469547059,-0.385888158,0.524568594
1497534898056560000,85084,1.400081761,-1.715153823,1.025121722,-0.595750484,0.469297011,-0.385359706,0.525680106
1497534898066570000,85085,1.404172206,-1.70639923,1.024323718,-0.596939103,0.467566599,-0.384332999,0.526624466
1497534898076530000,85086,1.408500561,-1.697232381,1.024079045,-0.597990724,0.466004828,-0.384118423,0.526972135
1497534898086550000,85087,1.416116462,-1.685691562,1.023808034,-0.622489018,0.468031953,-0.368150026,0.507857334
1497534898096540000,85088,1.419494641,-1.676081956,1.024078252,-0.622683869,0.465353621,-0.367587307,0.510480537
1497534898106560000,85089,1.422473381,-1.666239864,1.024641138,-0.62304876,0.462501345,-0.365486134,0.51412317
1497534898116580000,85090,1.425518469,-1.656202437,1.025751959,-0.625344356,0.459528372,-0.361583017,0.5167551
1497534898126520000,85091,1.428292174,-1.645956406,1.027145277,-0.627206766,0.455414759,-0.358453918,0.520307466
1497534898136560000,85092,1.430444119,-1.635654656,1.028862867,-0.628515348,0.450579077,-0.35496322,0.525307591
1497534898146550000,85093,1.432664205,-1.62538344,1.030549159,-0.629611551,0.447393374,-0.350480317,0.529709365
1497534898156560000,85094,1.434510207,-1.615135076,1.032793355,-0.630112926,0.443144371,-0.346922893,0.535000255
1497534898166560000,85095,1.436155386,-1.604907887,1.035038486,-0.630775837,0.438104242,-0.343949584,0.540264009
1497534898176530000,85096,1.437248459,-1.59512674,1.037997869,-0.626697114,0.43061915,-0.347228008,0.548862993
1497534898186570000,85097,1.438407743,-1.585611973,1.040509607,-0.625353615,0.424871998,-0.346257099,0.555448164
1497534898196550000,85098,1.439946434,-1.576117479,1.042901127,-0.625507793,0.419320358,-0.343914794,0.560921611
1497534898206560000,85099,1.441374548,-1.567185213,1.045351239,-0.624719562,0.413289912,-0.342638845,0.567023403
1497534898216560000,85100,1.442835195,-1.558375955,1.04756293,-0.624115016,0.407228657,-0.341888828,0.572500915
1497534898226490000,85101,1.444457638,-1.549903501,1.049432118,-0.622108458,0.402330563,-0.34062044,0.578868639
1497534898236570000,85102,1.446034736,-1.541652015,1.051014005,-0.620175396,0.398143083,-0.339290985,0.584590619
1497534898246500000,85103,1.447522055,-1.533665439,1.052410155,-0.617043987,0.395091175,-0.338612656,0.59033986
1497534898256540000,85104,1.449076519,-1.525763821,1.053692353,-0.614166819,0.392789353,-0.336038982,0.596316565
1497534898266570000,85105,1.450710176,-1.518016667,1.054922872,-0.610686977,0.391046378,-0.333866098,0.602227179
1497534898276590000,85106,1.452039664,-1.510233933,1.055947164,-0.607961121,0.388839279,-0.330016895,0.608503196
1497534898286570000,85107,1.453448386,-1.502555154,1.057060873,-0.605755444,0.385960768,-0.326128781,0.614601209
1497534898296590000,85108,1.454807963,-1.494949279,1.058294837,-0.604284473,0.383068873,-0.322120919,0.619948891
1497534898306570000,85109,1.455829584,-1.487433734,1.059538576,-0.602150336,0.379113286,-0.318427322,0.626332284
1497534898316570000,85110,1.456814082,-1.480153088,1.060934973,-0.600623517,0.375327614,-0.315416501,0.631579769
1497534898326560000,85111,1.457163475,-1.472649216,1.061694218,-0.598832527,0.37351122,-0.311696664,0.636187207
1497534898336570000,85112,1.4580058,-1.465386987,1.063029286,-0.597653969,0.369267951,-0.309537442,0.640810023
1497534898346570000,85113,1.45879906,-1.45838535,1.064559385,-0.596066683,0.365062186,-0.306809102,0.645989385
1497534898356540000,85114,1.459827429,-1.451322228,1.066067035,-0.595089838,0.362136023,-0.303540183,0.650068414
1497534898366560000,85115,1.46067543,-1.444347409,1.067521845,-0.593538821,0.35910451,-0.300955898,0.654355535
1497534898376630000,85116,1.461687383,-1.437325073,1.069096804,-0.591950896,0.35492636,-0.298272194,0.659283788
1497534898386560000,85117,1.462732763,-1.430220621,1.07070435,-0.59159442,0.351094579,-0.294079408,0.663525388
1497534898396570000,85118,1.463629396,-1.423185276,1.072081195,-0.591044675,0.347842822,-0.290080593,0.667476451
1497534898406560000,85119,1.464590107,-1.416145132,1.07356409,-0.589977937,0.343846247,-0.287065529,0.6717806
1497534898416730000,85120,1.465231062,-1.40906969,1.075058749,-0.589817688,0.338353063,-0.283369917,0.676264585
1497534898426510000,85121,1.46593438,-1.40221645,1.076346148,-0.589054444,0.333816801,-0.279629538,0.68072647
1497534898436560000,85122,1.466535549,-1.395288274,1.077545944,-0.58824197,0.32973424,-0.275996251,0.684888885
1497534898446550000,85123,1.467188615,-1.388442408,1.078588118,-0.588194459,0.324777033,-0.272065057,0.688859755
1497534898456620000,85124,1.467838292,-1.381596588,1.079505317,-0.588046763,0.320497187,-0.268742578,0.692286056
1497534898466560000,85125,1.468648943,-1.374811579,1.080175589,-0.588729334,0.31589384,-0.265557876,0.695045227
1497534898476620000,85126,1.469349259,-1.368080108,1.080818845,-0.589447866,0.311895121,-0.26183709,0.697648898
1497534898486560000,85127,1.47019362,-1.361381985,1.081288281,-0.590272669,0.307915917,-0.25864434,0.699906472
1497534898496570000,85128,1.471012734,-1.354702934,1.08166426,-0.591317018,0.303600766,-0.25542115,0.702090304
1497534898506560000,85129,1.471837479,-1.348145962,1.082117884,-0.592231528,0.299394473,-0.251992731,0.704361009
1497534898516630000,85130,1.472761456,-1.34165508,1.082415437,-0.592838218,0.295613281,-0.249844227,0.706210661
1497534898526510000,85131,1.473644944,-1.335257509,1.082706919,-0.594119891,0.291566642,-0.247480264,0.707646782
1497534898536550000,85132,1.474575992,-1.328854471,1.08288976,-0.595388738,0.288077333,-0.245309607,0.708764346
1497534898546560000,85133,1.475663538,-1.322520872,1.083167654,-0.596014961,0.284813283,-0.24333805,0.71023528
1497534898556550000,85134,1.476759537,-1.316196324,1.083293749,-0.596995792,0.28206801,-0.241369447,0.711178214
1497534898566490000,85135,1.477852976,-1.309872677,1.083432211,-0.597865523,0.279697141,-0.239871089,0.711890572
1497534898576520000,85136,1.478985632,-1.30347702,1.083493848,-0.598170906,0.277033104,-0.238047093,0.713286624
1497534898586500000,85137,1.480170243,-1.297007178,1.083674324,-0.599378427,0.274559748,-0.236454921,0.713758724
1497534898596530000,85138,1.481430467,-1.290378578,1.083707634,-0.600306186,0.272258241,-0.234787487,0.714410785
1497534898606540000,85139,1.482488922,-1.283696334,1.083696594,-0.601097838,0.27037085,-0.23290802,0.715076811
1497534898616510000,85140,1.483645974,-1.276773818,1.083742766,-0.602820216,0.267800852,-0.230840787,0.715264302
1497534898626530000,85141,1.484767034,-1.269817199,1.083638297,-0.603438858,0.265562275,-0.228875109,0.716208355
1497534898636670000,85142,1.485943478,-1.26264545,1.08340715,-0.604749138,0.264082203,-0.227150811,0.716199399
1497534898646660000,85143,1.486828485,-1.255523175,1.083093864,-0.605886805,0.262139825,-0.22466082,0.716736638
1497534898656710000,85144,1.487600045,-1.248395952,1.082396439,-0.607399073,0.257950759,-0.220933359,0.718133847
1497534898666580000,85145,1.488618729,-1.241033251,1.081763904,-0.608562948,0.256409622,-0.218833336,0.718343382
1497534898676640000,85146,1.489563775,-1.233570152,1.080860733,-0.609471827,0.254748287,-0.216918839,0.718744475
1497534898686560000,85147,1.490481212,-1.226134019,1.079812131,-0.610533065,0.252973015,-0.215087699,0.719021079
1497534898696530000,85148,1.491562507,-1.218574269,1.078725131,-0.611861383,0.25146272,-0.213297217,0.718955107
1497534898706580000,85149,1.492766051,-1.210892964,1.077571886,-0.612232593,0.250790288,-0.21224581,0.719185094
1497534898716570000,85150,1.493969472,-1.20310447,1.076376373,-0.611495236,0.251052559,-0.211239762,0.720016633
1497534898726580000,85151,1.495230315,-1.195138725,1.075253749,-0.611729729,0.251581055,-0.209895189,0.720026195
1497534898736560000,85152,1.496253389,-1.187228191,1.073772553,-0.611273517,0.251943919,-0.208218515,0.720773195
1497534898746510000,85153,1.497443012,-1.179268552,1.072236728,-0.611459292,0.251803807,-0.206474205,0.721166263
1497534898756520000,85154,1.4985105,-1.171331768,1.070771997,-0.612075596,0.251423664,-0.204046876,0.721466893
1497534898766580000,85155,1.499709646,-1.163259741,1.069331689,-0.611366429,0.251474285,-0.202106956,0.722595704
1497534898776560000,85156,1.500870464,-1.155076789,1.067519109,-0.610671631,0.251236318,-0.201395912,0.723463999
1497534898786580000,85157,1.502060394,-1.146751619,1.066081934,-0.610014116,0.25159114,-0.199215566,0.724498333
1497534898796570000,85158,1.5032917,-1.138244681,1.064569709,-0.608532194,0.251716722,-0.197764722,0.726096671
1497534898806580000,85159,1.504394838,-1.129611679,1.062814727,-0.607350209,0.251765222,-0.196209452,0.727490102
1497534898816570000,85160,1.505816663,-1.120557827,1.061273677,-0.605318626,0.252701128,-0.195385048,0.729078997
1497534898826550000,85161,1.507102441,-1.111412962,1.05965228,-0.604804205,0.252027623,-0.192747163,0.730439924
1497534898836580000,85162,1.508475096,-1.102022887,1.0578641,-0.603686223,0.251050407,-0.190838583,0.732200296
1497534898846630000,85163,1.510118659,-1.092294267,1.056383566,-0.601821807,0.250853369,-0.189616938,0.734117509
1497534898856590000,85164,1.511495503,-1.082431467,1.05470551,-0.599845344,0.250489024,-0.188114208,0.73624307
1497534898866580000,85165,1.5132304,-1.07205885,1.053206257,-0.597994084,0.250952699,-0.186468402,0.738007692
1497534898876560000,85166,1.514911167,-1.06148553,1.051368804,-0.597257666,0.250012248,-0.184421195,0.739436258
1497534898886590000,85167,1.516783427,-1.050504603,1.049657517,-0.596570898,0.248787774,-0.182560063,0.740864111
1497534898896590000,85168,1.518788444,-1.039494162,1.048086203,-0.596523104,0.247850199,-0.180171471,0.741800988
1497534898906570000,85169,1.52093132,-1.028436019,1.047110971,-0.596993273,0.246307243,-0.178630868,0.742309091
1497534898916570000,85170,1.52301404,-1.017467238,1.046440714,-0.597503458,0.245415309,-0.177113158,0.742557656
1497534898926550000,85171,1.525204853,-1.006600187,1.04641002,-0.598622867,0.243438952,-0.175977735,0.74257658
1497534898936570000,85172,1.527425185,-0.996031787,1.047268775,-0.599160551,0.244483115,-0.175854725,0.741828657
1497534898946570000,85173,1.529734412,-0.985755644,1.048731396,-0.600639824,0.246635754,-0.176714194,0.73971258
1497534898956570000,85174,1.531734945,-0.976126702,1.050706436,-0.601672521,0.249363329,-0.17864748,0.737491142
1497534898966570000,85175,1.533677662,-0.966609367,1.053072894,-0.604592796,0.250605167,-0.180173174,0.734303908
1497534898976610000,85176,1.536068973,-0.957183396,1.055608344,-0.60604476,0.249848943,-0.181891481,0.732939795
1497534898986570000,85177,1.538260162,-0.948014276,1.05836618,-0.605584724,0.248329523,-0.184542065,0.733173797
1497534898996640000,85178,1.540815679,-0.938515351,1.061232919,-0.606032511,0.248845444,-0.186542783,0.7321218
1497534899006530000,85179,1.543689128,-0.929104313,1.06394547,-0.605630634,0.251069935,-0.188623056,0.731161245
1497534899016600000,85180,1.54648358,-0.919961934,1.06601292,-0.604468202,0.252954401,-0.191412391,0.73074863
1497534899026550000,85181,1.549234858,-0.910882144,1.067659501,-0.604010813,0.255204444,-0.19404567,0.729649167
1497534899036570000,85182,1.552038858,-0.901893452,1.069271131,-0.602180171,0.258614711,-0.19779304,0.728954996
1497534899046550000,85183,1.554501662,-0.89327796,1.070257699,-0.600580321,0.260671415,-0.201689722,0.728474397
1497534899056630000,85184,1.55678692,-0.884809704,1.070927277,-0.600563507,0.262439463,-0.205138282,0.726888772
1497534899066560000,85185,1.558998373,-0.876346376,1.071343087,-0.602635336,0.263416695,-0.207659425,0.724099344
1497534899076650000,85186,1.561027203,-0.867816175,1.072153705,-0.605720175,0.265242433,-0.208822769,0.72051549
1497534899086570000,85187,1.562861129,-0.85974603,1.07215411,-0.611062745,0.26556372,-0.20698097,0.716405689
1497534899096530000,85188,1.564948737,-0.851516349,1.072778912,-0.616548191,0.267414093,-0.204958232,0.711582851
1497534899106570000,85189,1.566885749,-0.843441389,1.073408133,-0.620673944,0.269686679,-0.203327035,0.707595271
1497534899116540000,85190,1.568457239,-0.835913512,1.073779932,-0.624650708,0.270146723,-0.201611563,0.704404017
1497534899126500000,85191,1.570104785,-0.828450806,1.074584921,-0.626927722,0.271195524,-0.200390917,0.702323358
1497534899136620000,85192,1.571554943,-0.821409938,1.075383994,-0.627983335,0.271812789,-0.199033993,0.701527055
1497534899146520000,85193,1.572811911,-0.814614408,1.075899567,-0.629831439,0.272357395,-0.197274916,0.700154565
1497534899156570000,85194,1.574165368,-0.808118298,1.076274063,-0.630624169,0.271837081,-0.197051545,0.699705972
1497534899166560000,85195,1.575384042,-0.801676153,1.076697363,-0.631035394,0.273246344,-0.197338399,0.698704747
1497534899176650000,85196,1.576623889,-0.795424632,1.077250008,-0.63150747,0.273157424,-0.199021831,0.697834972
1497534899186580000,85197,1.577370611,-0.789749286,1.076588126,-0.630092909,0.273524958,-0.201926322,0.698135219
1497534899196570000,85198,1.578788655,-0.783726263,1.076832403,-0.631668891,0.275453775,-0.202943409,0.695653363
1497534899206570000,85199,1.580237546,-0.777799951,1.07704825,-0.63266991,0.278045034,-0.205014383,0.693100893
1497534899216570000,85200,1.581741005,-0.771891452,1.077423684,-0.634312698,0.281391235,-0.207060097,0.689632142
1497534899226550000,85201,1.583160717,-0.766210878,1.077395587,-0.635546435,0.283676326,-0.208827435,0.687022251
1497534899236540000,85202,1.584584928,-0.760456636,1.07756388,-0.637207774,0.286146737,-0.209957315,0.684108342
1497534899246600000,85203,1.585978242,-0.754760847,1.077755985,-0.638534245,0.288776117,-0.211663134,0.681234974
1497534899256560000,85204,1.587188073,-0.749197529,1.077554414,-0.638855271,0.290865046,-0.213050105,0.679611007
1497534899266570000,85205,1.588413233,-0.74353819,1.077938365,-0.639480501,0.294491413,-0.214357955,0.677045171
1497534899276640000,85206,1.589387239,-0.737949916,1.077558017,-0.639852578,0.296605453,-0.216160386,0.67519521
1497534899286540000,85207,1.590436032,-0.732178812,1.077386165,-0.640391147,0.299173867,-0.217529363,0.673108574
1497534899296560000,85208,1.591305965,-0.726392708,1.077058352,-0.640838653,0.30143869,-0.219034182,0.671181469
1497534899306560000,85209,1.592087409,-0.720552742,1.076084031,-0.642810936,0.301897021,-0.219926864,0.668793289
1497534899316550000,85210,1.593106808,-0.714409639,1.076000494,-0.644970003,0.304538875,-0.220693611,0.665254913
1497534899326530000,85211,1.594300518,-0.708191757,1.075669071,-0.648075425,0.307307148,-0.220188862,0.661118314
1497534899336510000,85212,1.595061657,-0.702112178,1.075112894,-0.649958533,0.308439175,-0.221544602,0.658283503
1497534899346510000,85213,1.595884835,-0.696141916,1.074666635,-0.651650867,0.310591168,-0.222224857,0.655362791
1497534899356470000,85214,1.596583242,-0.690215225,1.074195046,-0.652587944,0.31270539,-0.223594691,0.652954615
1497534899366550000,85215,1.597254333,-0.684433002,1.073628471,-0.653150122,0.314400448,-0.224369338,0.651310737
1497534899376640000,85216,1.597949369,-0.678637194,1.073119865,-0.653488794,0.316215101,-0.225401728,0.649734151
1497534899386680000,85217,1.598689512,-0.672613162,1.072629922,-0.653227552,0.319367555,-0.227029207,0.647885692
1497534899396760000,85218,1.599308401,-0.66663819,1.072016746,-0.653668272,0.321134432,-0.227728676,0.646320445
1497534899406570000,85219,1.599921573,-0.660548785,1.071414592,-0.653785278,0.322333855,-0.228747663,0.645244297
1497534899416580000,85220,1.600492118,-0.654308525,1.070544049,-0.654466288,0.323183668,-0.229257493,0.643946579
1497534899426560000,85221,1.601012395,-0.647921309,1.06991588,-0.655241983,0.324576577,-0.230143793,0.642138478
1497534899436610000,85222,1.601325577,-0.641492233,1.069174244,-0.655913393,0.326050948,-0.230840321,0.640453859
1497534899446590000,85223,1.6017251,-0.634920107,1.068459099,-0.656606594,0.327270129,-0.231360445,0.638932225
1497534899456580000,85224,1.601969028,-0.628339147,1.067506205,-0.657372499,0.326927473,-0.231904356,0.638122398
1497534899466600000,85225,1.602167242,-0.621581899,1.066832551,-0.658091967,0.327907164,-0.23336441,0.636343387
1497534899476600000,85226,1.60222351,-0.614771922,1.066024725,-0.658751467,0.328523555,-0.234537448,0.634910202
1497534899486570000,85227,1.602474427,-0.60780944,1.065089802,-0.659643896,0.328974266,-0.23591978,0.633235911
1497534899496570000,85228,1.602607513,-0.60074301,1.064046521,-0.660709243,0.329625465,-0.236947004,0.6314004
1497534899506400000,85229,1.602771695,-0.593483277,1.063055942,-0.662724263,0.331623325,-0.237317602,0.62809464
1497534899516590000,85230,1.602971973,-0.586064922,1.061883099,-0.664037122,0.331774073,-0.23819302,0.62629446
1497534899526570000,85231,1.603022684,-0.578562006,1.060840398,-0.66556269,0.332534918,-0.238541195,0.624135348
1497534899536570000,85232,1.602888686,-0.570885292,1.059621124,-0.667176877,0.33336987,-0.239372268,0.621643355
1497534899546590000,85233,1.602715897,-0.563103657,1.058190398,-0.66881955,0.331097134,-0.239910924,0.620884729
1497534899556580000,85234,1.60255621,-0.555104837,1.056866833,-0.670899836,0.331783349,-0.240183061,0.618162856
1497534899566570000,85235,1.602016079,-0.547184217,1.055736743,-0.672035248,0.331040892,-0.241772106,0.616706415
1497534899576690000,85236,1.601718076,-0.539071209,1.054279516,-0.673684958,0.329916084,-0.242865066,0.615077649
1497534899586590000,85237,1.601351263,-0.530977984,1.052846201,-0.675435579,0.329533976,-0.24348831,0.613113024
1497534899596640000,85238,1.600922139,-0.522860219,1.05136886,-0.677190497,0.329301924,-0.245135909,0.610640369
1497534899606590000,85239,1.600595924,-0.514700846,1.049738029,-0.67867881,0.328733,-0.246248508,0.608844282
1497534899616660000,85240,1.599909076,-0.506685677,1.047853075,-0.678786166,0.328213884,-0.24915714,0.607820456
1497534899626570000,85241,1.599767896,-0.498308298,1.046352379,-0.679593782,0.327877739,-0.251112005,0.606293032
1497534899636600000,85242,1.599511845,-0.489872455,1.044840278,-0.680762159,0.328542822,-0.25237825,0.604092473
1497534899646540000,85243,1.599378706,-0.481293465,1.0432554,-0.680958502,0.328448267,-0.254947826,0.602842318
1497534899656560000,85244,1.599069394,-0.472517768,1.041709694,-0.681801613,0.329334524,-0.255982221,0.600964586
1497534899666530000,85245,1.598594328,-0.46355753,1.039962101,-0.681931738,0.329953888,-0.258800795,0.599267624
1497534899676510000,85246,1.598369184,-0.454184638,1.038586722,-0.682518851,0.329663445,-0.260487836,0.598026854
1497534899686590000,85247,1.597791482,-0.444772913,1.03694839,-0.6830608,0.33112073,-0.262209944,0.595846416
1497534899696580000,85248,1.597209746,-0.435046025,1.035937484,-0.683115616,0.330543566,-0.264236978,0.59520822
1497534899706590000,85249,1.59619675,-0.425403754,1.034519,-0.682792889,0.330760217,-0.265665,0.594822374
1497534899716590000,85250,1.59528643,-0.415602442,1.033477047,-0.681964036,0.330029513,-0.267019451,0.595572152
1497534899726550000,85251,1.594222569,-0.405581588,1.032629398,-0.683420801,0.329056913,-0.266555041,0.594647766
1497534899736590000,85252,1.593076679,-0.395743646,1.03233559,-0.682824475,0.329126425,-0.266479371,0.595327875
1497534899746630000,85253,1.591667792,-0.386044194,1.032248764,-0.682078905,0.328987177,-0.265263983,0.59680049
1497534899756570000,85254,1.589780531,-0.376347974,1.032321428,-0.681684011,0.327739322,-0.264522349,0.598265637
1497534899766590000,85255,1.588020702,-0.366667868,1.032951365,-0.681707577,0.326963598,-0.261699461,0.599902472
1497534899776620000,85256,1.584332435,-0.357603548,1.031987128,-0.681071541,0.325669236,-0.258599858,0.602666755
1497534899786600000,85257,1.581410992,-0.348028432,1.033270007,-0.680703721,0.320836278,-0.255322235,0.607056079
1497534899796650000,85258,1.578191428,-0.338651678,1.035137471,-0.679348657,0.314889964,-0.252647737,0.612779597
1497534899806590000,85259,1.574807502,-0.329493363,1.036906778,-0.679271318,0.308378509,-0.248474292,0.6178622
1497534899816700000,85260,1.571113542,-0.32064217,1.038889216,-0.678683358,0.3003269,-0.245386937,0.62368093
1497534899826600000,85261,1.567782295,-0.31202778,1.041499739,-0.676713376,0.293019591,-0.243441553,0.630027568
1497534899836590000,85262,1.564426422,-0.303739451,1.043838994,-0.675379952,0.285655216,-0.241570941,0.635536387
1497534899846590000,85263,1.561315714,-0.295840997,1.046390454,-0.672213308,0.280558085,-0.241298878,0.641241983
1497534899856660000,85264,1.558593715,-0.288237689,1.048795473,-0.668742025,0.277501367,-0.241591579,0.646073219
1497534899866590000,85265,1.556233382,-0.280945407,1.051408475,-0.664233838,0.276171495,-0.242395583,0.650973959
1497534899876570000,85266,1.55412082,-0.273889053,1.053863867,-0.659942282,0.275819153,-0.242255847,0.655524282
1497534899886590000,85267,1.552325631,-0.266882296,1.05649306,-0.655754804,0.276906089,-0.241291158,0.659611426
1497534899896560000,85268,1.550696637,-0.259790447,1.058976994,-0.651940762,0.279120484,-0.239642182,0.663050996
1497534899906590000,85269,1.548987755,-0.252691262,1.061443488,-0.649040552,0.280324703,-0.237328938,0.666212728
1497534899916580000,85270,1.547203447,-0.245451174,1.063597073,-0.64651229,0.281042623,-0.234528019,0.669353055
1497534899926560000,85271,1.545560526,-0.238151721,1.066040763,-0.644832646,0.280556507,-0.231115948,0.672357289
1497534899936580000,85272,1.543632241,-0.23081756,1.068114341,-0.64398412,0.279286954,-0.227518552,0.67492115
1497534899946600000,85273,1.541407194,-0.223602067,1.070140988,-0.64311726,0.277022465,-0.224083704,0.677823898
1497534899956550000,85274,1.539021461,-0.216591996,1.072092823,-0.64225911,0.273787642,-0.221813347,0.68069259
1497534899966600000,85275,1.536358785,-0.209614313,1.07386726,-0.639810164,0.269801276,-0.220418233,0.685029947
1497534899976570000,85276,1.533648267,-0.202769219,1.075589965,-0.638133571,0.265334657,-0.218598877,0.688910441
1497534899986520000,85277,1.530807385,-0.196039867,1.077173108,-0.636861284,0.26027232,-0.216689331,0.692612271
1497534899996580000,85278,1.52800236,-0.189150673,1.078546306,-0.635193531,0.256061457,-0.215197077,0.696169467
1497534900006590000,85279,1.525140097,-0.182322545,1.079782089,-0.634460878,0.251678436,-0.21255888,0.699239646
1497534900016570000,85280,1.522399248,-0.175407531,1.081006017,-0.634739307,0.247025919,-0.209450116,0.701580256
1497534900026610000,85281,1.519491393,-0.168278557,1.081922167,-0.634008009,0.242782884,-0.206389294,0.704623144
1497534900036580000,85282,1.516422754,-0.16124154,1.082727425,-0.634589144,0.238183721,-0.202437574,0.706812678
1497534900046510000,85283,1.51328185,-0.154176088,1.083544129,-0.635074983,0.232707796,-0.19834009,0.709357496
1497534900056540000,85284,1.50995208,-0.147072256,1.084052043,-0.636644349,0.227244348,-0.193744589,0.710990165
1497534900066560000,85285,1.506502257,-0.140083953,1.084619861,-0.636524876,0.221067532,-0.189728852,0.714120572
1497534900076600000,85286,1.502861867,-0.133145391,1.084826722,-0.636953953,0.214712317,-0.185117953,0.716881877
1497534900086550000,85287,1.499197176,-0.126143805,1.084951377,-0.638036607,0.208180125,-0.180669601,0.718977621
1497534900096600000,85288,1.495344099,-0.119318656,1.08515196,-0.638460439,0.200713965,-0.175852558,0.721912772
1497534900106510000,85289,1.491474447,-0.112537663,1.085213201,-0.640094667,0.193402819,-0.170639208,0.723710182
1497534900116600000,85290,1.487506182,-0.105707649,1.085263897,-0.641259542,0.185451968,-0.165978122,0.725840913
1497534900126560000,85291,1.483467726,-0.099082038,1.085371283,-0.641830172,0.178015619,-0.160669314,0.728388524
1497534900136670000,85292,1.479414074,-0.092497598,1.085370219,-0.643557514,0.170124224,-0.155571349,0.729855486
1497534900146620000,85293,1.47531292,-0.086038033,1.085513168,-0.644440569,0.162465922,-0.15019374,0.731944682
1497534900156590000,85294,1.471254969,-0.079619246,1.085610408,-0.645773998,0.154482134,-0.145153201,0.7335133
1497534900166580000,85295,1.467039973,-0.073334532,1.085718191,-0.646970128,0.147362598,-0.139318822,0.735053865
1497534900176630000,85296,1.462942869,-0.067157448,1.085978052,-0.648519841,0.140128588,-0.133826519,0.736122583
1497534900186600000,85297,1.458617984,-0.061366013,1.086030803,-0.649496575,0.132634063,-0.128204791,0.737648924
1497534900196510000,85298,1.454334481,-0.055645099,1.086078805,-0.649443717,0.12583592,-0.123061934,0.73975938
1497534900206580000,85299,1.449828934,-0.050418676,1.085953234,-0.650118245,0.117995148,-0.116885675,0.7414588
1497534900216740000,85300,1.445550466,-0.04520272,1.085917953,-0.649117925,0.111118211,-0.112001779,0.744146668
1497534900226550000,85301,1.441225006,-0.040256379,1.08595434,-0.649921707,0.104295586,-0.106741649,0.745204956
1497534900236560000,85302,1.437058415,-0.035171883,1.085872491,-0.648777816,0.098704485,-0.102712272,0.747525892
1497534900246600000,85303,1.432857595,-0.030280728,1.085927524,-0.649202086,0.092662918,-0.097010999,0.748691593
1497534900256580000,85304,1.428681794,-0.025383321,1.085799714,-0.64772445,0.087292333,-0.092870817,0.751137868
1497534900266590000,85305,1.424533084,-0.020648282,1.085931743,-0.64727338,0.08197415,-0.087017797,0.752824889
1497534900276570000,85306,1.420425079,-0.015931573,1.086059105,-0.646090703,0.077168095,-0.082194225,0.75488807
1497534900286580000,85307,1.41614828,-0.011230931,1.08616633,-0.644481512,0.07264708,-0.076852149,0.757271239
1497534900296840000,85308,1.411910834,-0.006497219,1.086050607,-0.643280168,0.068249835,-0.071441374,0.759229027
1497534900306590000,85309,1.407548367,-0.001604976,1.086111826,-0.642193198,0.063453821,-0.065499507,0.761098761
1497534900316600000,85310,1.403242783,0.003225854,1.086142385,-0.642551591,0.057716351,-0.059045364,0.761780756
1497534900326510000,85311,1.398570206,0.007996494,1.086106632,-0.64139233,0.051933652,-0.05180829,0.763698027
1497534900336580000,85312,1.393924237,0.012905539,1.08618812,-0.640974467,0.045869903,-0.0446842,0.764886271
1497534900346600000,85313,1.389186042,0.017754944,1.086299573,-0.640739522,0.038450098,-0.036799759,0.765911374
1497534900356500000,85314,1.384420562,0.022701634,1.086412518,-0.640177911,0.031998817,-0.029957174,0.766975153
1497534900366600000,85315,1.379477717,0.027895225,1.086355601,-0.640684786,0.024897803,-0.022807696,0.767061219
1497534900376560000,85316,1.374332839,0.032907302,1.086349936,-0.64044297,0.018393158,-0.01551394,0.767628694
1497534900386600000,85317,1.369349428,0.03812571,1.086443352,-0.640283111,0.01184616,-0.008917323,0.76799589
1497534900396590000,85318,1.364138091,0.043580146,1.086183404,-0.640285221,0.007350953,-0.003530598,0.768093962
1497534900406600000,85319,1.358602454,0.049235121,1.086187996,-0.640498535,0.005657102,0.004196547,0.767927088
1497534900416610000,85320,1.353296157,0.054164127,1.086074618,-0.643120245,-0.002678419,0.014093353,0.765630821
1497534900426500000,85321,1.347754084,0.059300302,1.085687173,-0.643818223,-0.008354201,0.022578254,0.764799664
1497534900436580000,85322,1.342426737,0.064430217,1.085307257,-0.645206975,-0.014670134,0.030990939,0.763238042
1497534900446610000,85323,1.336888988,0.069647264,1.084910189,-0.644918409,-0.019718891,0.037183009,0.76309163
1497534900456530000,85324,1.331162896,0.074940957,1.084190937,-0.645457321,-0.02510922,0.045050556,0.762053031
1497534900466590000,85325,1.325425846,0.080509704,1.083371446,-0.647256356,-0.029822448,0.053668204,0.759795732
1497534900476580000,85326,1.319528683,0.085974047,1.082526782,-0.650661686,-0.036285355,0.062303037,0.755937217
1497534900486600000,85327,1.313486276,0.092371559,1.081270871,-0.652284458,-0.039201259,0.067150728,0.753975481
1497534900496610000,85328,1.307141589,0.0972921,1.080233185,-0.651523116,-0.047403576,0.072696437,0.753648299
1497534900506600000,85329,1.300947088,0.101887069,1.078975488,-0.648695961,-0.053939526,0.078986352,0.755013399
1497534900516560000,85330,1.294592153,0.107282655,1.077501678,-0.649954791,-0.061171607,0.086617598,0.752538502
1497534900526570000,85331,1.288050588,0.112918785,1.076106251,-0.652316632,-0.068491726,0.094547439,0.74890098
1497534900536500000,85332,1.281445385,0.118464702,1.073628224,-0.652222344,-0.07301632,0.106554416,0.746940953
1497534900546580000,85333,1.274426513,0.124215368,1.072148228,-0.65373651,-0.080728273,0.113980597,0.743720341
1497534900556580000,85334,1.267318777,0.130897303,1.070429109,-0.659816739,-0.088003704,0.118761385,0.736744836
1497534900566540000,85335,1.260324224,0.136623289,1.068753919,-0.662014699,-0.095902315,0.124946807,0.732753423
1497534900576570000,85336,1.253004189,0.142383563,1.066989486,-0.662808387,-0.103011686,0.132577638,0.729723787
1497534900586600000,85337,1.245624705,0.147944713,1.065399881,-0.664646005,-0.110703907,0.139379341,0.725647113
1497534900596650000,85338,1.238180466,0.153701506,1.063390952,-0.666412063,-0.117552765,0.147207341,0.721391924
1497534900606600000,85339,1.230649088,0.159134759,1.0619824,-0.666716963,-0.123469924,0.154674525,0.718553728
1497534900616600000,85340,1.222682357,0.1645412,1.060369552,-0.6664434,-0.129106717,0.161993918,0.716200126
1497534900626600000,85341,1.214998251,0.169835233,1.058540103,-0.663130287,-0.133077969,0.168662174,0.71700875
1497534900636600000,85342,1.206931723,0.175366559,1.057073713,-0.664382586,-0.140258882,0.175506066,0.712825958
1497534900646600000,85343,1.198644671,0.180632111,1.055381065,-0.663027993,-0.143773329,0.183442798,0.711387272
1497534900656520000,85344,1.190466245,0.186221183,1.053747888,-0.66264401,-0.14895063,0.190435136,0.708837841
1497534900666580000,85345,1.181905639,0.191836212,1.052095734,-0.662352871,-0.152955529,0.196633093,0.706561184
1497534900676590000,85346,1.173398337,0.197305048,1.050331175,-0.661271819,-0.156644181,0.206305591,0.704002972
1497534900686570000,85347,1.164790675,0.203519684,1.049168667,-0.660954145,-0.159995497,0.213348957,0.701443713
1497534900696630000,85348,1.156244996,0.209153957,1.048344532,-0.661199787,-0.164572673,0.223175089,0.697082173
1497534900706590000,85349,1.147577734,0.21479808,1.047636428,-0.660079307,-0.164869689,0.231360719,0.695403129
1497534900716700000,85350,1.138850176,0.220363932,1.047921846,-0.661409374,-0.166358669,0.238197592,0.691465357
1497534900726580000,85351,1.130090851,0.224774547,1.048356926,-0.661101616,-0.164729012,0.244668144,0.689888763
1497534900736630000,85352,1.121832643,0.22920863,1.049403785,-0.661404475,-0.163024034,0.249245374,0.688363296
1497534900746620000,85353,1.113748083,0.233283283,1.050666068,-0.662716973,-0.161953005,0.253949223,0.685629075
1497534900756660000,85354,1.106088699,0.237571325,1.052463647,-0.662435695,-0.16291041,0.256778652,0.684619509
1497534900766580000,85355,1.098310998,0.241681358,1.05454815,-0.661840059,-0.163353528,0.25958681,0.684030737
1497534900776620000,85356,1.090604717,0.24618125,1.057226883,-0.661239903,-0.167375543,0.262156635,0.682657394
1497534900786600000,85357,1.083014214,0.250780576,1.059681824,-0.659629556,-0.168437495,0.265765601,0.682558645
1497534900796610000,85358,1.07507424,0.255691615,1.061944486,-0.660401432,-0.169884845,0.266052058,0.681340877
1497534900806580000,85359,1.067265843,0.260097202,1.063405101,-0.660019399,-0.169287312,0.265806577,0.681955323
1497534900816570000,85360,1.059874614,0.264785707,1.064366741,-0.657647988,-0.166792497,0.264816573,0.68523833
1497534900826570000,85361,1.052318107,0.268756926,1.064603884,-0.653912294,-0.164844385,0.264970215,0.689213919
1497534900836640000,85362,1.044996585,0.272815077,1.064244173,-0.65124938,-0.16550083,0.264524914,0.691744382
1497534900846480000,85363,1.037471855,0.27640643,1.063635503,-0.647245107,-0.162412623,0.262032846,0.697161889
1497534900856700000,85364,1.029981633,0.280609865,1.063273786,-0.645878288,-0.167059224,0.259520354,0.698270462
1497534900866660000,85365,1.022326151,0.284702132,1.062500442,-0.647577522,-0.173347726,0.255941906,0.696482347
1497534900876680000,85366,1.014300832,0.288151208,1.06188762,-0.649363454,-0.1800019,0.254316897,0.693721368
1497534900886620000,85367,1.006912248,0.291771433,1.061518196,-0.652610626,-0.186608284,0.255227143,0.688575213
1497534900896700000,85368,0.999294096,0.295735104,1.061207205,-0.656310702,-0.190021989,0.255881591,0.683865862
1497534900906640000,85369,0.992259585,0.299456241,1.061305949,-0.659196659,-0.191674277,0.259818482,0.679128186
1497534900916620000,85370,0.985147728,0.303012377,1.061260701,-0.664456836,-0.194940415,0.26174504,0.672298208
1497534900926550000,85371,0.978277017,0.3063814,1.061298768,-0.66590022,-0.193980667,0.264640361,0.670010356
1497534900936680000,85372,0.971891878,0.309799912,1.061767423,-0.667399193,-0.198288257,0.26703517,0.666297458
1497534900946620000,85373,0.965391288,0.312705172,1.061891185,-0.665880052,-0.197832297,0.269970748,0.666769776
1497534900956650000,85374,0.958302709,0.314564891,1.06199814,-0.666420097,-0.199241677,0.273809962,0.664240252
1497534900966610000,85375,0.951993729,0.316548925,1.061973322,-0.664527008,-0.201925054,0.277921846,0.663618547
1497534900976510000,85376,0.945279829,0.31912537,1.062269962,-0.665319105,-0.206897983,0.280572309,0.660168836
1497534900986560000,85377,0.938636917,0.321220303,1.062319648,-0.664668048,-0.209461011,0.282788931,0.659069717
1497534900996670000,85378,0.931892814,0.323605557,1.062501252,-0.666208285,-0.212409972,0.285424733,0.655424479
1497534901006600000,85379,0.925145472,0.325701623,1.062400268,-0.667784362,-0.215793391,0.287549935,0.651776261
1497534901016600000,85380,0.918255024,0.328334854,1.06239749,-0.671471573,-0.221269199,0.288425037,0.645737459
1497534901026490000,85381,0.911532601,0.3305439,1.062376393,-0.673232503,-0.225656071,0.289054495,0.6420941
1497534901036610000,85382,0.904932802,0.332661231,1.062257288,-0.675197879,-0.228767051,0.289762933,0.638600739
1497534901046650000,85383,0.898347694,0.334665966,1.062208809,-0.677530301,-0.230772874,0.291381272,0.634660166
1497534901056600000,85384,0.89200844,0.336402262,1.062211656,-0.678409279,-0.23306793,0.292694127,0.632273943
1497534901066610000,85385,0.885959049,0.33798008,1.062074292,-0.678464461,-0.235573644,0.294187129,0.630590966
1497534901076580000,85386,0.880182519,0.33955498,1.061343193,-0.679375133,-0.237268606,0.295690869,0.628267417
1497534901086610000,85387,0.874504823,0.340720278,1.060919092,-0.676345956,-0.236359287,0.297218434,0.631151042
1497534901096610000,85388,0.868599748,0.342160481,1.060347106,-0.676810263,-0.238671966,0.297886851,0.629465634
1497534901106590000,85389,0.862521696,0.343856617,1.059800515,-0.678767485,-0.242581911,0.29822558,0.625691794
1497534901116680000,85390,0.856594777,0.345527913,1.059074129,-0.679986605,-0.244038122,0.298241927,0.623791123
1497534901126570000,85391,0.850765479,0.347033987,1.058200734,-0.68123661,-0.245727119,0.298467916,0.621652449
1497534901136610000,85392,0.845072086,0.34856207,1.057152937,-0.682673329,-0.249459101,0.297481266,0.619057492
1497534901146610000,85393,0.839552787,0.349784038,1.056257492,-0.683945208,-0.249810686,0.297132478,0.6176778
1497534901156580000,85394,0.833884423,0.351316369,1.055133524,-0.685421894,-0.250455797,0.297090225,0.615797141
1497534901166600000,85395,0.828247142,0.352868963,1.05400075,-0.687805385,-0.252538098,0.296779979,0.612429511
1497534901176580000,85396,0.822390202,0.354157487,1.052885363,-0.690396682,-0.254511489,0.296245418,0.60894579
1497534901186600000,85397,0.816544122,0.355392358,1.051847499,-0.692245183,-0.254859315,0.29597922,0.606827519
1497534901196600000,85398,0.810694904,0.356465677,1.050825936,-0.693987214,-0.257413868,0.295589339,0.603942704
1497534901206610000,85399,0.804884401,0.357486157,1.049916191,-0.695061274,-0.258304262,0.296336382,0.60195804
1497534901216600000,85400,0.798986627,0.358314045,1.048791874,-0.69600408,-0.260496573,0.295835191,0.600167806
1497534901226600000,85401,0.793143936,0.35918524,1.047416106,-0.696259722,-0.262899304,0.294897723,0.599284314
1497534901236810000,85402,0.786891707,0.359897523,1.046296007,-0.697254084,-0.264352733,0.294291044,0.59778521
1497534901246620000,85403,0.780879293,0.360738762,1.045113788,-0.698092925,-0.264851189,0.293432114,0.597007295
1497534901256610000,85404,0.774610075,0.361517849,1.044181769,-0.699322023,-0.265466437,0.292461899,0.595770355
1497534901266610000,85405,0.768362837,0.362216644,1.043214646,-0.700209778,-0.266640085,0.291396517,0.594724643
1497534901276650000,85406,0.761776329,0.363091854,1.042140018,-0.701343707,-0.269397364,0.289150721,0.593240192
1497534901286600000,85407,0.755211544,0.363794697,1.040843,-0.702255871,-0.270127875,0.288380913,0.592202729
1497534901296680000,85408,0.748477047,0.364589042,1.03954297,-0.703459882,-0.27257422,0.286799537,0.590418085
1497534901306610000,85409,0.741717599,0.365298709,1.03823708,-0.704793009,-0.27446505,0.285451813,0.588602594
1497534901316610000,85410,0.734928582,0.366074845,1.036743715,-0.705631158,-0.276815277,0.282541337,0.587901662
1497534901326580000,85411,0.727994652,0.367039959,1.035151981,-0.707369355,-0.279599107,0.280133818,0.585643218
1497534901336600000,85412,0.720916511,0.367798284,1.033662422,-0.709597475,-0.282604841,0.278373442,0.582335087
1497534901346620000,85413,0.713980196,0.368620474,1.031911155,-0.710045471,-0.284639015,0.275634721,0.582100988
1497534901356570000,85414,0.706673762,0.369190015,1.030148082,-0.711835818,-0.287657054,0.27278402,0.579768976
1497534901366620000,85415,0.699593485,0.369744288,1.028636539,-0.713483978,-0.290026639,0.270520738,0.577618985
1497534901376650000,85416,0.692535252,0.3703591,1.02690713,-0.714335442,-0.290224006,0.268063926,0.577612875
1497534901386560000,85417,0.685409499,0.37079563,1.025310349,-0.715708481,-0.290475266,0.266096372,0.576695944
1497534901396680000,85418,0.67811254,0.371069252,1.023836823,-0.717717747,-0.291039067,0.263243067,0.575222205
1497534901406610000,85419,0.670870664,0.37140134,1.022494722,-0.71884333,-0.291913285,0.261058552,0.574368639
1497534901416680000,85420,0.663576189,0.371819838,1.021129653,-0.72028478,-0.292295198,0.257642179,0.573911022
1497534901426570000,85421,0.656245807,0.37189849,1.019619092,-0.722106039,-0.292624706,0.254538972,0.572838164
1497534901436630000,85422,0.648617671,0.372143318,1.018158373,-0.724088915,-0.291440934,0.25177921,0.572157893
1497534901446600000,85423,0.641136781,0.372330275,1.016794565,-0.725005749,-0.2916724,0.24788085,0.572580963
1497534901456580000,85424,0.63303281,0.371995821,1.015381121,-0.725811146,-0.288535274,0.245573188,0.574142304
1497534901466620000,85425,0.624826491,0.371842101,1.013808312,-0.727329784,-0.287974778,0.242962096,0.573612528
1497534901476590000,85426,0.616128202,0.371456405,1.012852432,-0.7281804,-0.286995589,0.239427181,0.574509757
1497534901486600000,85427,0.60761847,0.370980201,1.011674706,-0.729162608,-0.285422723,0.237915331,0.574675609
1497534901496610000,85428,0.598603029,0.370401101,1.010807182,-0.729639907,-0.284283538,0.234976976,0.57584225
1497534901506610000,85429,0.589299927,0.36973365,1.009861694,-0.730198345,-0.283624387,0.233293603,0.5761438
1497534901516610000,85430,0.579640107,0.368664684,1.009331001,-0.729425014,-0.281952424,0.231614849,0.578616057
1497534901526590000,85431,0.570135667,0.367541609,1.009023035,-0.72988045,-0.280250896,0.231737193,0.578819348
1497534901536670000,85432,0.560489798,0.366544149,1.008696989,-0.72970126,-0.279591345,0.231364567,0.579512889
1497534901546590000,85433,0.55045287,0.365228972,1.008660255,-0.728892457,-0.278876745,0.231324719,0.580889337
1497534901556580000,85434,0.540319685,0.363914665,1.008633997,-0.728775147,-0.277505439,0.233508956,0.580819321
1497534901566550000,85435,0.530077486,0.362345686,1.009022841,-0.729045583,-0.277904339,0.235866317,0.579334788
1497534901576530000,85436,0.519917472,0.360421876,1.009478253,-0.728125574,-0.276831085,0.238356003,0.579986306
1497534901586580000,85437,0.509509941,0.358196986,1.010065999,-0.726262846,-0.275927897,0.243914802,0.580440904
1497534901596630000,85438,0.49927559,0.355713656,1.011388745,-0.724502041,-0.275923325,0.248068942,0.580882873
1497534901606640000,85439,0.489105202,0.353400714,1.012843379,-0.722213383,-0.277427775,0.254168557,0.58037919
1497534901616750000,85440,0.479154738,0.350896706,1.014436254,-0.719751172,-0.277820244,0.259737613,0.580784413
1497534901626580000,85441,0.469366372,0.348413848,1.016349913,-0.716845796,-0.277591262,0.265175459,0.582028497
1497534901636700000,85442,0.460066238,0.346029523,1.018271576,-0.713803882,-0.277571879,0.270899617,0.583139149
1497534901646630000,85443,0.450913728,0.343414455,1.020500991,-0.709430011,-0.276232992,0.276141339,0.586643294
1497534901656610000,85444,0.441937558,0.341014677,1.022803635,-0.704785586,-0.275470094,0.281152253,0.590209214
1497534901666630000,85445,0.433095485,0.33874772,1.025020906,-0.700748514,-0.274867606,0.286383678,0.592776271
1497534901676650000,85446,0.424575057,0.336627774,1.027199604,-0.696410288,-0.275241255,0.289625099,0.59613108
1497534901686600000,85447,0.416482746,0.334619406,1.029091254,-0.692342518,-0.273482273,0.294909293,0.59908079
1497534901696620000,85448,0.408618079,0.332869176,1.030892751,-0.688182941,-0.271946532,0.298605986,0.602730278
1497534901706530000,85449,0.400742816,0.331202779,1.032890684,-0.684209202,-0.268011975,0.302454932,0.607081843
1497534901716540000,85450,0.393356312,0.329611402,1.034465086,-0.680842281,-0.264875094,0.307117787,0.609896416
1497534901726480000,85451,0.386356709,0.328367546,1.036106488,-0.677743303,-0.260985093,0.31116428,0.61296622
1497534901736480000,85452,0.379599795,0.327114584,1.037448572,-0.675152345,-0.257835075,0.315691731,0.614840725
1497534901746510000,85453,0.372805557,0.32581608,1.039071578,-0.672282312,-0.254764645,0.319951911,0.617059351
1497534901756520000,85454,0.366392651,0.324687844,1.040436857,-0.669652013,-0.250429923,0.324455532,0.619338068
1497534901766470000,85455,0.360204348,0.323499713,1.041594784,-0.666233448,-0.246797751,0.328280704,0.62245935
1497534901776530000,85456,0.353573079,0.322387843,1.043173814,-0.664357685,-0.243868326,0.33150638,0.623907546
1497534901786590000,85457,0.347392442,0.321257993,1.044520122,-0.662020592,-0.241515799,0.334297856,0.625814509
1497534901796650000,85458,0.340816256,0.320098342,1.046043639,-0.65921108,-0.238917018,0.337751081,0.627920072
1497534901806620000,85459,0.334377087,0.318871566,1.047571232,-0.656233711,-0.237863122,0.340240516,0.630091139
1497534901816690000,85460,0.327959326,0.317615691,1.04925334,-0.653702577,-0.238856814,0.342805765,0.630955284
1497534901826600000,85461,0.321403806,0.316209439,1.050996913,-0.648898412,-0.238184147,0.346544793,0.634118183
1497534901836630000,85462,0.314904193,0.31492443,1.052484513,-0.644917866,-0.238228163,0.349771583,0.636386776
1497534901846620000,85463,0.308321139,0.313613886,1.053813071,-0.640557931,-0.238310101,0.351291848,0.639912393
1497534901856690000,85464,0.301529575,0.312412114,1.055364254,-0.637293229,-0.239540528,0.354155937,0.641132785
1497534901866620000,85465,0.294909481,0.311317091,1.056699658,-0.634421748,-0.240681068,0.356853761,0.642056899
1497534901876650000,85466,0.28806832,0.310244217,1.057945092,-0.631212553,-0.241122832,0.358835966,0.643946614
1497534901886600000,85467,0.281209322,0.309221564,1.058846377,-0.628435734,-0.241672699,0.361485094,0.644973923
1497534901896710000,85468,0.274350474,0.308302848,1.059910897,-0.62663003,-0.243680462,0.362524777,0.645391682
1497534901906620000,85469,0.267419479,0.307355834,1.060782524,-0.624453387,-0.245412318,0.364459475,0.645755413
1497534901916630000,85470,0.260239122,0.306422978,1.061424598,-0.623888623,-0.247647765,0.366646727,0.644207846
1497534901926590000,85471,0.253432793,0.305616793,1.06162981,-0.62135729,-0.248681058,0.368664532,0.64510411
1497534901936590000,85472,0.246324283,0.304834237,1.061961636,-0.620064516,-0.251445565,0.369861943,0.644590775
1497534901946620000,85473,0.239417614,0.304091782,1.06220788,-0.619155938,-0.252433063,0.371500593,0.644135686
1497534901956680000,85474,0.232158855,0.303516966,1.062286101,-0.618108487,-0.253836731,0.372086937,0.644251599
1497534901966640000,85475,0.22487377,0.302997906,1.061965776,-0.61777109,-0.25671556,0.372577304,0.64315018
1497534901976600000,85476,0.21789795,0.302518928,1.061715689,-0.616810493,-0.257978244,0.374355029,0.642534321
1497534901986610000,85477,0.210750627,0.302063174,1.06115713,-0.616986954,-0.259636848,0.375173674,0.641217997
1497534901996650000,85478,0.203586846,0.301629462,1.060825132,-0.616426986,-0.261209204,0.375087309,0.641168491
1497534902006610000,85479,0.196485676,0.301321519,1.060250793,-0.616386941,-0.262516305,0.375366735,0.640509284
1497534902016700000,85480,0.189164648,0.301047464,1.059641319,-0.616780452,-0.264563083,0.374283873,0.639921739
1497534902026590000,85481,0.181654907,0.300740281,1.058851584,-0.616037748,-0.265894447,0.374539517,0.639935768
1497534902036690000,85482,0.174414111,0.300510453,1.058132697,-0.616045443,-0.266648947,0.375336969,0.639146706
1497534902046610000,85483,0.167020884,0.300165063,1.057331128,-0.6162239,-0.270144516,0.375407897,0.637462906
1497534902056460000,85484,0.15932802,0.299939107,1.05658699,-0.616108323,-0.271676716,0.375251179,0.637015579
1497534902066610000,85485,0.151304121,0.299756696,1.055750939,-0.616690727,-0.273742007,0.375065009,0.635676096
1497534902076610000,85486,0.143662345,0.299457253,1.054811924,-0.615280673,-0.27576449,0.377579626,0.634678868
1497534902086670000,85487,0.135628145,0.299099789,1.053966207,-0.615474615,-0.277626001,0.378297048,0.63325046
1497534902096510000,85488,0.127939846,0.298800484,1.05308885,-0.614037423,-0.278989236,0.380012505,0.633019388
1497534902106630000,85489,0.119698509,0.298241352,1.052061938,-0.614531428,-0.281176142,0.380838345,0.631073099
1497534902116720000,85490,0.111565404,0.297743046,1.050939548,-0.612570536,-0.281948254,0.383830448,0.630822247
1497534902126620000,85491,0.103485332,0.297216263,1.049925548,-0.612054301,-0.283273611,0.384890851,0.630083032
1497534902136710000,85492,0.095720767,0.296642849,1.048341976,-0.610717603,-0.284634829,0.387295459,0.629292659
1497534902146590000,85493,0.087104286,0.296096555,1.047173207,-0.610500117,-0.286104141,0.38825405,0.628245828
1497534902156730000,85494,0.078869388,0.295545713,1.046071072,-0.60760001,-0.287123553,0.392044111,0.628238576
1497534902166590000,85495,0.07046049,0.29494774,1.044873925,-0.608497359,-0.289108384,0.391395195,0.626862909
1497534902176730000,85496,0.06226181,0.294497716,1.043367437,-0.606014252,-0.290185121,0.394721863,0.626684908
1497534902186620000,85497,0.053690382,0.294218186,1.041890536,-0.606237291,-0.292083169,0.39500334,0.625408771
1497534902196710000,85498,0.04475385,0.293720068,1.040732536,-0.604252811,-0.291926728,0.397792934,0.625634164
1497534902206630000,85499,0.035989876,0.293486905,1.039243769,-0.602472832,-0.292679841,0.400597337,0.625209381
1497534902216730000,85500,0.026547827,0.293091811,1.03808176,-0.601460051,-0.292623451,0.401648717,0.625536275
1497534902226640000,85501,0.017148624,0.29277126,1.036886556,-0.60168443,-0.294156578,0.403789791,0.623218709
1497534902236700000,85502,0.007366177,0.292539297,1.035606682,-0.598489012,-0.294782472,0.408010921,0.623250579
1497534902246650000,85503,-0.002805968,0.292234124,1.034461353,-0.596666321,-0.295002871,0.411165203,0.622820828
1497534902256730000,85504,-0.013292412,0.291886613,1.033249201,-0.595691753,-0.296055357,0.413594007,0.621645041
1497534902266640000,85505,-0.023788006,0.291549571,1.031795953,-0.593002717,-0.29762329,0.417139737,0.621097894
1497534902276730000,85506,-0.034640051,0.291239334,1.030080894,-0.591031745,-0.297192627,0.420946362,0.620614357
1497534902286630000,85507,-0.0460981,0.29084354,1.028690335,-0.589435977,-0.29889152,0.424161568,0.619125231
1497534902296670000,85508,-0.057386613,0.29062042,1.026823076,-0.587697724,-0.300434903,0.428378283,0.617124218
1497534902306550000,85509,-0.069078599,0.290485034,1.024842368,-0.585184193,-0.300682594,0.432288918,0.616665006
1497534902316630000,85510,-0.08112293,0.290210762,1.023271408,-0.584032881,-0.302618209,0.435255008,0.614720173
1497534902326590000,85511,-0.092993912,0.290209357,1.021913446,-0.58295378,-0.306132574,0.438088662,0.611985344
1497534902336540000,85512,-0.104705235,0.29027081,1.020905853,-0.581021363,-0.308620174,0.44064063,0.610740206
1497534902346570000,85513,-0.116111987,0.290291568,1.020897303,-0.580974001,-0.312241518,0.441870982,0.608049735
1497534902356830000,85514,-0.126969268,0.290384336,1.021542805,-0.581857891,-0.312682038,0.440613038,0.607891017
1497534902366680000,85515,-0.137352753,0.290593992,1.023129694,-0.583422711,-0.311642596,0.43914175,0.607989602
1497534902376710000,85516,-0.147254902,0.291002045,1.024818067,-0.585628642,-0.311615706,0.437556192,0.607024978
1497534902386610000,85517,-0.156886884,0.291687421,1.026857735,-0.587114926,-0.310814866,0.436676682,0.60663305
1497534902396700000,85518,-0.166533385,0.292668302,1.02924067,-0.587000931,-0.310820608,0.436026478,0.607207845
1497534902406550000,85519,-0.176058416,0.293741346,1.031466834,-0.586474261,-0.310126011,0.436513111,0.60772206
1497534902416690000,85520,-0.185950297,0.29488612,1.033494147,-0.587480557,-0.308538031,0.43541213,0.60834789
1497534902426640000,85521,-0.195618431,0.295997745,1.035270235,-0.588631621,-0.304680496,0.435530641,0.60909414
1497534902436590000,85522,-0.205429045,0.297031944,1.036612567,-0.59081312,-0.302867349,0.435437292,0.607951964
1497534902446650000,85523,-0.215178002,0.297889059,1.037316244,-0.592806199,-0.302202947,0.433540979,0.607697629
1497534902456650000,85524,-0.224430287,0.298433385,1.037854268,-0.59209078,-0.299928946,0.433218674,0.609748075
1497534902466640000,85525,-0.2337917,0.298805836,1.038191125,-0.591992253,-0.300812507,0.431951851,0.610306977
1497534902476710000,85526,-0.242886881,0.298943683,1.038031882,-0.591866436,-0.30189122,0.431940153,0.609904515
1497534902486660000,85527,-0.251528347,0.298998322,1.038009649,-0.592809218,-0.306330917,0.430461731,0.60781683
1497534902496740000,85528,-0.260412811,0.298872493,1.03841324,-0.594641495,-0.309737318,0.428609658,0.605605521
1497534902506660000,85529,-0.268891482,0.299034199,1.038405897,-0.597613174,-0.314415462,0.427610679,0.600958001
1497534902516700000,85530,-0.280805217,0.297469335,1.043022173,-0.602072076,-0.319023398,0.423860001,0.596721029
1497534902526630000,85531,-0.285027508,0.299301359,1.039719822,-0.603024358,-0.321043855,0.425049259,0.593822865
1497534902536580000,85532,-0.295472954,0.297982743,1.04335709,-0.605655739,-0.322769916,0.422915757,0.591728797
1497534902546560000,85533,-0.300127556,0.299478821,1.041081492,-0.606002343,-0.32318788,0.424483041,0.590021103
1497534902556460000,85534,-0.307163889,0.299311332,1.041799311,-0.607039607,-0.324450804,0.423784645,0.588762401
1497534902566650000,85535,-0.31374669,0.299247546,1.042054425,-0.608833256,-0.324200532,0.423972866,0.586909781
1497534902576680000,85536,-0.320353224,0.299243213,1.042217742,-0.60832129,-0.322591173,0.424420473,0.588002896
1497534902586630000,85537,-0.326925351,0.299212357,1.042556788,-0.609739864,-0.322187805,0.422640725,0.588036677
1497534902596750000,85538,-0.333283711,0.299281958,1.042878757,-0.610793024,-0.322242697,0.422333853,0.587133411
1497534902606680000,85539,-0.339832394,0.299486145,1.043148139,-0.612784346,-0.322484344,0.420587243,0.586178782
1497534902616660000,85540,-0.346398086,0.299707137,1.043574518,-0.615280733,-0.322550492,0.417327925,0.585856811
1497534902626540000,85541,-0.352876552,0.300132154,1.043596774,-0.61866081,-0.323103303,0.414595829,0.583929239
1497534902636690000,85542,-0.359371432,0.300485236,1.043826838,-0.621667891,-0.323015836,0.411622726,0.582886382
1497534902646650000,85543,-0.365655863,0.300819496,1.04377479,-0.625604004,-0.323260659,0.408108701,0.581007285
1497534902656750000,85544,-0.371832511,0.301027366,1.043665381,-0.629213698,-0.323537188,0.405294037,0.57892189
1497534902666620000,85545,-0.377801057,0.300996367,1.043840775,-0.63037639,-0.323056076,0.40469169,0.578346794
1497534902676530000,85546,-0.383862306,0.300834764,1.043422131,-0.632115583,-0.323313972,0.403214094,0.57733557
1497534902686650000,85547,-0.389792706,0.300393805,1.043228567,-0.633128891,-0.323486018,0.402120179,0.576891641
1497534902696520000,85548,-0.396041763,0.299864125,1.042861527,-0.63442781,-0.32522852,0.401461112,0.574940639
1497534902706580000,85549,-0.402351287,0.299170356,1.042478509,-0.635984149,-0.327773504,0.399614364,0.573059379
1497534902716640000,85550,-0.408853788,0.298442685,1.041856194,-0.637046232,-0.329952955,0.397479684,0.572112791
1497534902726350000,85551,-0.415453194,0.297593022,1.041323555,-0.638708007,-0.333429615,0.395588254,0.569549566
1497534902736380000,85552,-0.421989455,0.296646951,1.040643643,-0.640868209,-0.336205026,0.392672516,0.567505431
1497534902746310000,85553,-0.428361592,0.295722102,1.039921583,-0.642242336,-0.339399711,0.390175476,0.56577002
1497534902756310000,85554,-0.434680486,0.29481072,1.03898128,-0.644327471,-0.342136999,0.3880271,0.563222295
1497534902766340000,85555,-0.440904087,0.293916088,1.03815175,-0.646174942,-0.344322848,0.385893961,0.561235753
1497534902776330000,85556,-0.447129623,0.293150334,1.037198363,-0.648613374,-0.346048197,0.383433854,0.559043662
1497534902786240000,85557,-0.453241807,0.292382518,1.036330581,-0.650524446,-0.347556634,0.381135877,0.557456522
1497534902796390000,85558,-0.459369796,0.291680702,1.035446919,-0.653278944,-0.34936518,0.378629753,0.554806365
1497534902806410000,85559,-0.465216638,0.290869575,1.03458243,-0.655237327,-0.349188762,0.376386389,0.554134046
1497534902816440000,85560,-0.471065429,0.290134953,1.033434487,-0.657781827,-0.350200127,0.373311621,0.552558932
1497534902826510000,85561,-0.477031586,0.289258893,1.032493577,-0.659479424,-0.350890717,0.371562549,0.551274765
1497534902836480000,85562,-0.482936337,0.288405667,1.031477965,-0.661150645,-0.351701266,0.369873446,0.549890605
1497534902846490000,85563,-0.488865478,0.287441859,1.030512523,-0.66190189,-0.350902768,0.368527507,0.550400411
1497534902856480000,85564,-0.494953913,0.286482989,1.029464188,-0.663681548,-0.351489156,0.366064063,0.549526412
1497534902866450000,85565,-0.500904663,0.285472167,1.028479842,-0.664776806,-0.351395875,0.364834991,0.54907938
1497534902876470000,85566,-0.507052217,0.284403624,1.027485391,-0.665987512,-0.351228249,0.364130183,0.548186612
1497534902886480000,85567,-0.513211081,0.283380106,1.026340345,-0.66765004,-0.351495685,0.362094834,0.547340422
1497534902896490000,85568,-0.519393071,0.282225515,1.025436147,-0.669418979,-0.351465549,0.36005304,0.546545521
1497534902906480000,85569,-0.525815995,0.281156522,1.024205421,-0.67079819,-0.352177998,0.35885675,0.54518096
1497534902916490000,85570,-0.532093544,0.27990441,1.023134313,-0.672625264,-0.352622103,0.357844094,0.543305173
1497534902926460000,85571,-0.538936349,0.278638841,1.022211544,-0.673225508,-0.351946037,0.356711099,0.543744972
1497534902936490000,85572,-0.545709594,0.277432831,1.020839154,-0.674654463,-0.352870886,0.355460779,0.542191043
1497534902946450000,85573,-0.552453085,0.276019543,1.019638322,-0.676031353,-0.353291471,0.354076281,0.541106952
1497534902956420000,85574,-0.559643606,0.274543508,1.01837127,-0.675731462,-0.353810221,0.354138259,0.541102035
1497534902966490000,85575,-0.566572308,0.27287122,1.017117165,-0.676932576,-0.355061919,0.352149309,0.540077943
1497534902976440000,85576,-0.573822019,0.27114888,1.015815531,-0.677973014,-0.356629416,0.350488119,0.538819199
1497534902986430000,85577,-0.581034624,0.269436223,1.014417901,-0.678406303,-0.357566712,0.34867054,0.538831875
1497534902996380000,85578,-0.588196034,0.267805177,1.012932148,-0.679412493,-0.35846094,0.346517327,0.538358766
1497534903006440000,85579,-0.59553642,0.266176851,1.011340601,-0.680597134,-0.359446112,0.344666973,0.537392511
1497534903016430000,85580,-0.602980664,0.264422232,1.010123985,-0.681620845,-0.359241044,0.342270473,0.53776372
1497534903026410000,85581,-0.610107292,0.262766464,1.008464489,-0.682674576,-0.359527187,0.3393361,0.538095378
1497534903036430000,85582,-0.617516208,0.261014496,1.006893267,-0.683153623,-0.358663589,0.337846847,0.539000061
1497534903046440000,85583,-0.624963904,0.259179854,1.005549738,-0.684503831,-0.35844734,0.33395011,0.539858624
1497534903056460000,85584,-0.632404275,0.257321068,1.003998357,-0.685682986,-0.357118358,0.330671511,0.541259339
1497534903066560000,85585,-0.640246797,0.255437367,1.002432074,-0.686478405,-0.356617994,0.327954775,0.542233041
1497534903076610000,85586,-0.648248921,0.253431716,1.000960889,-0.687561662,-0.355343646,0.325095229,0.543417838
1497534903086640000,85587,-0.656388677,0.251364216,0.999395639,-0.689164262,-0.354915389,0.321693549,0.543691959
1497534903096650000,85588,-0.664757777,0.249115008,0.997964376,-0.68947406,-0.353787128,0.319305177,0.545439632
1497534903106610000,85589,-0.673346787,0.246743337,0.996538789,-0.690277488,-0.352211807,0.316044917,0.547338509
1497534903116880000,85590,-0.682361807,0.244184485,0.995318859,-0.691268383,-0.351546879,0.312580679,0.54850354
1497534903126640000,85591,-0.691480966,0.241510053,0.9941778,-0.691796602,-0.349694316,0.309923913,0.550525672
1497534903136630000,85592,-0.700782946,0.23875915,0.993091605,-0.692486258,-0.34841885,0.307006666,0.552099623
1497534903146660000,85593,-0.709978531,0.23600747,0.991763254,-0.692930431,-0.345175485,0.305653512,0.554325926
1497534903156660000,85594,-0.719763327,0.233003661,0.991033999,-0.693577243,-0.343719,0.304467777,0.555074076
1497534903166640000,85595,-0.729421589,0.229752574,0.990040462,-0.694152505,-0.343740511,0.303795172,0.554710063
1497534903176630000,85596,-0.739692984,0.226242184,0.989974638,-0.693602816,-0.34143005,0.304810173,0.556265596
1497534903186610000,85597,-0.749957004,0.222535287,0.989889378,-0.693361468,-0.34096404,0.305921382,0.556242309
1497534903196620000,85598,-0.760404915,0.2185548,0.99005283,-0.692845255,-0.340858232,0.307888381,0.555864968
1497534903206610000,85599,-0.771299555,0.214367545,0.990628159,-0.692198899,-0.342876967,0.310505356,0.553969759
1497534903216550000,85600,-0.781721611,0.209890767,0.991440892,-0.690873808,-0.343906381,0.314905927,0.55249981
1497534903226590000,85601,-0.792119745,0.205140862,0.992783335,-0.689126742,-0.345996508,0.320630768,0.550078777
1497534903236640000,85602,-0.8020952,0.200192886,0.994362425,-0.686354972,-0.348525624,0.327859395,0.547681439
1497534903246720000,85603,-0.81189051,0.194991247,0.996550647,-0.683362598,-0.351327795,0.33371062,0.54609666
1497534903256660000,85604,-0.821302773,0.189665719,0.999245675,-0.678338495,-0.353039177,0.340241111,0.547225925
1497534903266640000,85605,-0.83020624,0.184134307,1.002173592,-0.673146301,-0.355038487,0.344655259,0.549576639
1497534903276650000,85606,-0.838775041,0.178613774,1.00554023,-0.667433058,-0.356136065,0.349316889,0.552881476
1497534903286660000,85607,-0.846964107,0.173237769,1.00863265,-0.660706156,-0.357344947,0.353296318,0.557632204
1497534903296670000,85608,-0.854827781,0.168143868,1.011905878,-0.654378328,-0.357103588,0.356378673,0.56325862
1497534903306670000,85609,-0.86252859,0.163487098,1.015048115,-0.649491458,-0.356489129,0.357944979,0.56828843
1497534903316700000,85610,-0.869720773,0.159289575,1.017684093,-0.644590172,-0.35383112,0.359739764,0.574364301
1497534903326660000,85611,-0.876832266,0.155325045,1.020196513,-0.640687391,-0.350699044,0.36192905,0.579255739
1497534903336660000,85612,-0.883742644,0.151529701,1.022727571,-0.637019211,-0.346929167,0.364294693,0.584068536
1497534903346650000,85613,-0.890661582,0.147794367,1.024669321,-0.633853982,-0.343344983,0.366607187,0.588168788
1497534903356670000,85614,-0.897505823,0.143931263,1.026501404,-0.63124843,-0.339517068,0.36916773,0.591581581
1497534903366630000,85615,-0.90456761,0.14004602,1.028463065,-0.628258977,-0.336530477,0.372562305,0.594335952
1497534903376680000,85616,-0.911930833,0.136080455,1.030487233,-0.625394941,-0.334424574,0.376315066,0.596178113
1497534903386640000,85617,-0.919160338,0.132067758,1.032200293,-0.622655495,-0.33318266,0.380084321,0.597348607
1497534903396670000,85618,-0.926423085,0.127963677,1.033933189,-0.619090124,-0.332804721,0.384093133,0.598699342
1497534903406670000,85619,-0.933551822,0.123793485,1.03570648,-0.615562863,-0.332991672,0.388123116,0.599632684
1497534903416760000,85620,-0.940505773,0.119575243,1.037327127,-0.611721861,-0.333180498,0.392372547,0.600692022
1497534903426670000,85621,-0.947402958,0.115329772,1.038923203,-0.607940847,-0.333684034,0.396076904,0.601818892
1497534903436660000,85622,-0.954119072,0.111018208,1.040444428,-0.603966934,-0.333975095,0.400150555,0.602962778
1497534903446660000,85623,-0.960722946,0.106651684,1.041951491,-0.600313648,-0.33457559,0.404484929,0.603385979
1497534903456670000,85624,-0.967196859,0.10232082,1.042930641,-0.59642265,-0.335612686,0.40916286,0.603514624
1497534903466640000,85625,-0.97385754,0.097950322,1.044169802,-0.593247577,-0.336633903,0.414210811,0.602631174
1497534903476640000,85626,-0.980350471,0.09358603,1.045169297,-0.589671117,-0.337846856,0.419488255,0.601811498
1497534903486680000,85627,-0.986943214,0.089122911,1.045968537,-0.586820572,-0.339784675,0.423935083,0.600389071
1497534903496630000,85628,-0.99351392,0.084715915,1.046539062,-0.584073779,-0.34117696,0.429029905,0.598656365
1497534903506670000,85629,-1.000255678,0.080228053,1.047258966,-0.580978962,-0.343675399,0.434585336,0.596226678
1497534903516620000,85630,-1.006793266,0.075725071,1.047466995,-0.578027336,-0.346321095,0.439841234,0.593705134
1497534903526640000,85631,-1.013456706,0.071198911,1.047840025,-0.574974442,-0.349328951,0.445149549,0.590944629
1497534903536570000,85632,-1.019959421,0.066666434,1.047770112,-0.572316422,-0.352917612,0.450532295,0.587302071
1497534903546660000,85633,-1.026467317,0.062055769,1.047723772,-0.568788609,-0.356721453,0.456191765,0.584053419
1497534903556670000,85634,-1.03287573,0.057435599,1.047648275,-0.565397234,-0.36031263,0.46175867,0.580757873
1497534903566580000,85635,-1.03934461,0.052744638,1.047557653,-0.561951785,-0.365006876,0.467099169,0.576886937
1497534903576700000,85636,-1.045586616,0.047929002,1.04730634,-0.558683584,-0.369747435,0.472366492,0.572738496
1497534903586650000,85637,-1.051938421,0.043050538,1.047208752,-0.555010866,-0.375397982,0.477619773,0.568259313
1497534903596650000,85638,-1.057933149,0.038125293,1.046890544,-0.550911763,-0.3807659,0.483439655,0.563737225
1497534903606640000,85639,-1.063758822,0.033129532,1.046805056,-0.545759048,-0.386055991,0.489910596,0.55954932
1497534903616660000,85640,-1.069514467,0.028026528,1.046588658,-0.540825611,-0.391215845,0.495992932,0.555381699
1497534903626670000,85641,-1.075085214,0.02282344,1.046602132,-0.535745788,-0.396823676,0.50210516,0.550815604
1497534903636670000,85642,-1.080446364,0.017622488,1.046555953,-0.530312106,-0.401198137,0.508490147,0.547034638
1497534903646650000,85643,-1.085741534,0.012358188,1.046462576,-0.525648234,-0.406921871,0.513501287,0.542609392
1497534903656670000,85644,-1.090626636,0.007202911,1.046319569,-0.520345645,-0.411182357,0.519298883,0.538978802
1497534903666660000,85645,-1.095692812,0.00204945,1.046378807,-0.515155453,-0.417434548,0.524419309,0.534179414
1497534903676630000,85646,-1.10054307,-0.002998229,1.046492861,-0.508865081,-0.423346591,0.529830532,0.530201472
1497534903686650000,85647,-1.104662476,-0.007912278,1.045918529,-0.502085465,-0.428692398,0.535993297,0.526159861
1497534903696670000,85648,-1.109139082,-0.01285039,1.04594487,-0.495209144,-0.432574174,0.541595822,0.523757055
1497534903706660000,85649,-1.113455012,-0.017709613,1.045649584,-0.488557535,-0.437629443,0.546664791,0.520528204
1497534903716670000,85650,-1.118029115,-0.022456601,1.04556901,-0.482820645,-0.439581373,0.551767529,0.518849724
1497534903726630000,85651,-1.122410998,-0.027182864,1.045392541,-0.478097343,-0.442602583,0.556765218,0.515304158
1497534903736660000,85652,-1.127234206,-0.031911245,1.045313766,-0.474527481,-0.445020484,0.560966144,0.511954514
1497534903746610000,85653,-1.13173328,-0.036664122,1.045258434,-0.47048906,-0.447792166,0.566046348,0.50765515
1497534903756630000,85654,-1.136438311,-0.04152905,1.045098507,-0.466703145,-0.449383387,0.570851151,0.504352763
1497534903766620000,85655,-1.141168083,-0.04653228,1.045076611,-0.462934199,-0.452570047,0.575547404,0.49961732
1497534903776650000,85656,-1.145958568,-0.051694663,1.044780909,-0.459145903,-0.45532785,0.58026226,0.495133617
1497534903786660000,85657,-1.150908742,-0.056984951,1.044493507,-0.455441327,-0.458620649,0.584742689,0.49022065
1497534903796670000,85658,-1.155873851,-0.062390976,1.044130166,-0.451612875,-0.462166782,0.588931105,0.48539451
1497534903806670000,85659,-1.161026866,-0.067918206,1.04381815,-0.447779374,-0.466295478,0.592915035,0.480118652
1497534903816670000,85660,-1.166032875,-0.073546732,1.043298694,-0.443627802,-0.470546215,0.597105363,0.474600694
1497534903826490000,85661,-1.171249584,-0.079297344,1.042782926,-0.439738649,-0.474110443,0.601064874,0.469649046
1497534903836620000,85662,-1.176399344,-0.085158498,1.042187127,-0.435851034,-0.47868048,0.604964815,0.463590817
1497534903846570000,85663,-1.181682659,-0.091168473,1.041548493,-0.432087633,-0.482759168,0.608694762,0.457967848
1497534903856640000,85664,-1.1869081,-0.097354604,1.040691228,-0.429049146,-0.487944607,0.61173289,0.451231384
1497534903866640000,85665,-1.192220565,-0.103687329,1.039931563,-0.425737479,-0.491475024,0.615187267,0.445807723
1497534903876640000,85666,-1.197463454,-0.110178749,1.039219839,-0.42176039,-0.495872231,0.619046537,0.439329363
1497534903886610000,85667,-1.202776516,-0.116846537,1.038360659,-0.418608495,-0.500818344,0.622220228,0.432191973
1497534903896670000,85668,-1.208171007,-0.123703477,1.037445109,-0.414837828,-0.505374768,0.625497543,0.425744928
1497534903906660000,85669,-1.213473505,-0.130737638,1.036457527,-0.41209266,-0.510489215,0.628227115,0.418223737
1497534903916670000,85670,-1.218911504,-0.137896766,1.035418514,-0.408802078,-0.515012445,0.631077188,0.411563635
1497534903926610000,85671,-1.224269732,-0.145187163,1.034530124,-0.405395115,-0.519946683,0.633801387,0.404482446
1497534903936560000,85672,-1.229588176,-0.152576687,1.033507668,-0.401050964,-0.523605978,0.637433893,0.398337717
1497534903946720000,85673,-1.235058716,-0.160126657,1.032410457,-0.397909417,-0.528466517,0.639941787,0.390980493
1497534903956650000,85674,-1.240488357,-0.167787412,1.031223916,-0.394554292,-0.533575112,0.642382379,0.383365868
1497534903966680000,85675,-1.246073256,-0.175669957,1.02992964,-0.391146857,-0.537566488,0.64493826,0.376936397
1497534903976690000,85676,-1.251568553,-0.183685775,1.028451771,-0.387899832,-0.542402112,0.64711959,0.369553657
1497534903986650000,85677,-1.257062749,-0.191840971,1.026780169,-0.384628262,-0.546133332,0.649516698,0.363218314
1497534903996670000,85678,-1.262455624,-0.200098834,1.025157315,-0.381238473,-0.550164737,0.651673718,0.356787549
1497534904006660000,85679,-1.267943274,-0.208563773,1.023375193,-0.377689236,-0.554028769,0.653908641,0.350437517
1497534904016660000,85680,-1.273345917,-0.21710842,1.021488678,-0.374063197,-0.557087483,0.656272733,0.345016466
1497534904026640000,85681,-1.278793556,-0.225890352,1.019530747,-0.370415424,-0.560508296,0.658390289,0.339330357
1497534904036650000,85682,-1.284204264,-0.234714842,1.017389942,-0.366922459,-0.563068416,0.660851686,0.334061249
1497534904046650000,85683,-1.289707773,-0.24377824,1.015112747,-0.363580949,-0.565601945,0.663148558,0.328842399
1497534904056630000,85684,-1.295303433,-0.252972773,1.012783303,-0.360337114,-0.567961525,0.665629348,0.323286934
1497534904066480000,85685,-1.300798861,-0.262232212,1.010689624,-0.356619632,-0.570812775,0.66810375,0.317226405
1497534904076600000,85686,-1.306295364,-0.271376424,1.008716034,-0.353727094,-0.572870047,0.670751153,0.311110821
1497534904086610000,85687,-1.311641743,-0.280569361,1.007355207,-0.3500627,-0.574821015,0.673104065,0.306541717
1497534904096620000,85688,-1.316855087,-0.289617962,1.006807761,-0.347573365,-0.57739155,0.674157044,0.302198665
1497534904106610000,85689,-1.321741026,-0.298480137,1.007340622,-0.344931196,-0.580521469,0.673923899,0.299739675
1497534904116600000,85690,-1.326149061,-0.306910903,1.008877089,-0.342530072,-0.583713427,0.672339967,0.299851219
1497534904126580000,85691,-1.33007483,-0.314464221,1.011511081,-0.339383573,-0.585861763,0.671143472,0.301912612
1497534904136590000,85692,-1.334088858,-0.321600116,1.014746481,-0.335425138,-0.588181137,0.670438849,0.303388656
1497534904146610000,85693,-1.338303155,-0.328406399,1.018202896,-0.330455115,-0.588906442,0.671171114,0.305807055
1497534904156610000,85694,-1.342666376,-0.33501995,1.021474659,-0.326586314,-0.587898852,0.673057208,0.307750408
1497534904166670000,85695,-1.347322996,-0.341808857,1.024321142,-0.324632295,-0.586256821,0.674517706,0.309746152
1497534904176650000,85696,-1.352310839,-0.348582884,1.026519343,-0.325137305,-0.583574196,0.675767973,0.311551822
1497534904186670000,85697,-1.357419825,-0.355309168,1.027990825,-0.32726768,-0.581171039,0.676607257,0.311991519
1497534904196680000,85698,-1.362575257,-0.361950872,1.028916695,-0.32939348,-0.578742529,0.67787664,0.311512892
1497534904206650000,85699,-1.367632287,-0.36864219,1.029284832,-0.330253879,-0.576820348,0.679368579,0.310916379
1497534904216680000,85700,-1.372439638,-0.375447451,1.029448637,-0.329502906,-0.576113438,0.680605654,0.310317717
1497534904226650000,85701,-1.376969088,-0.38255345,1.029213367,-0.326968491,-0.578237092,0.680256334,0.309814124
1497534904236670000,85702,-1.381384099,-0.389933906,1.028885983,-0.323436744,-0.583036135,0.678806194,0.307700648
1497534904246690000,85703,-1.385689226,-0.397325108,1.028672797,-0.320400672,-0.590290654,0.675689787,0.303881005
1497534904256670000,85704,-1.389940873,-0.404582875,1.028547301,-0.31891309,-0.597308596,0.672033629,0.299812746
1497534904266660000,85705,-1.394126599,-0.411758803,1.028491606,-0.318395094,-0.605728584,0.667411839,0.293732675
1497534904276560000,85706,-1.398050027,-0.41863783,1.02840172,-0.318299737,-0.611762177,0.664092151,0.2888147
1497534904286660000,85707,-1.401805088,-0.425031841,1.028414461,-0.318924424,-0.616465505,0.661917658,0.283059194
1497534904296680000,85708,-1.405135045,-0.431209546,1.028395932,-0.318251127,-0.620050119,0.660610518,0.279012209
1497534904306610000,85709,-1.408061832,-0.436808897,1.028367872,-0.317908686,-0.621109796,0.661174087,0.27569098
1497534904316670000,85710,-1.410337763,-0.442307579,1.028530639,-0.315590041,-0.62266632,0.661425856,0.274236062
1497534904326640000,85711,-1.412844164,-0.447698063,1.028496975,-0.313867405,-0.62247208,0.663256885,0.272224294
1497534904336670000,85712,-1.415052183,-0.453074063,1.028674567,-0.310542091,-0.624050834,0.663961341,0.270701872
1497534904346680000,85713,-1.417171564,-0.457978839,1.028741095,-0.309074029,-0.623233302,0.665571529,0.270310998
1497534904356670000,85714,-1.419047398,-0.462849456,1.029246154,-0.305711715,-0.622804498,0.666670854,0.27240572
1497534904366670000,85715,-1.42213115,-0.467789541,1.028943148,-0.309074114,-0.623982185,0.666185589,0.267050906
1497534904376650000,85716,-1.424977441,-0.472480413,1.028923668,-0.312109815,-0.624495823,0.66485474,0.265632463
1497534904386670000,85717,-1.428249824,-0.477422248,1.028702728,-0.316473969,-0.626940873,0.661827915,0.262246409
1497534904396680000,85718,-1.430883408,-0.482201668,1.028663964,-0.318430657,-0.628047518,0.659485658,0.263129055
1497534904406630000,85719,-1.433949812,-0.487132082,1.028182767,-0.322703604,-0.630149178,0.656810085,0.259566772
1497534904416680000,85720,-1.436633136,-0.492160467,1.027619879,-0.325853736,-0.632701722,0.654302984,0.255725399
1497534904426630000,85721,-1.438966256,-0.49715801,1.027228316,-0.326804316,-0.633747199,0.65363424,0.253625131
1497534904436670000,85722,-1.440969451,-0.502461439,1.026600902,-0.326990605,-0.63536855,0.652662901,0.251823526
1497534904446680000,85723,-1.442806556,-0.507954596,1.025966699,-0.326586305,-0.637658551,0.651330977,0.250001831
1497534904456670000,85724,-1.444592189,-0.513685855,1.025493598,-0.325134817,-0.640305082,0.649857242,0.248962483
1497534904466680000,85725,-1.446203159,-0.519755316,1.025021052,-0.323290251,-0.64440437,0.647147949,0.247842599
1497534904476650000,85726,-1.446527227,-0.523294901,1.023928995,-0.319077519,-0.637795215,0.656002302,0.247118959
1497534904486610000,85727,-1.447692197,-0.528833573,1.023398701,-0.316885719,-0.641307944,0.65458356,0.244597474
1497534904496680000,85728,-1.449096822,-0.534330071,1.02254219,-0.315905957,-0.642939102,0.653463226,0.244578308
1497534904506680000,85729,-1.449886613,-0.539555382,1.022169542,-0.312889137,-0.649766619,0.6510688,0.236670966
1497534904516680000,85730,-1.451148753,-0.544783999,1.021579354,0.312200251,0.651543551,-0.650027595,-0.235554943
1497534904526650000,85731,-1.45256151,-0.55036247,1.020759439,0.312992536,0.653769099,-0.647552213,-0.235154775
1497534904536670000,85732,-1.453957525,-0.5558231,1.020036373,0.313455623,0.655752711,-0.645446835,-0.234802762
1497534904546580000,85733,-1.455128328,-0.560953654,1.019272286,0.313062708,0.657621281,-0.644350318,-0.23310654
1497534904556670000,85734,-1.456491304,-0.566338251,1.018407842,0.312952316,0.65917068,-0.642955117,-0.232730705
1497534904566560000,85735,-1.457699483,-0.571775554,1.017634621,0.312305622,0.662273618,-0.640615479,-0.231237238
1497534904576660000,85736,-1.458807038,-0.57726841,1.016853093,0.313074424,0.662701353,-0.639820944,-0.231171974
1497534904586700000,85737,-1.460884939,-0.583672281,1.015877043,0.315090262,0.670407633,-0.633024953,-0.22483581
1497534904596680000,85738,-1.462134261,-0.589535293,1.015044792,0.315216622,0.672175337,-0.631135561,-0.22469246
1497534904606680000,85739,-1.463209884,-0.595065732,1.014102042,0.31515006,0.672790668,-0.630748151,-0.224031083
1497534904616680000,85740,-1.464485758,-0.600890314,1.013204842,0.315200916,0.674475632,-0.629077202,-0.223590875
1497534904626650000,85741,-1.465710879,-0.606610699,1.01232434,0.314625384,0.676084317,-0.627837346,-0.223027198
1497534904636670000,85742,-1.466402165,-0.611916663,1.011285397,0.314091724,0.678270336,-0.626047132,-0.222172747
1497534904646670000,85743,-1.467794541,-0.617878593,1.010308968,0.314803506,0.678925668,-0.624688338,-0.222986927
1497534904656650000,85744,-1.469175232,-0.624030838,1.009404815,0.31577245,0.67967697,-0.622977094,-0.224112732
1497534904666600000,85745,-1.47070146,-0.630258624,1.008211247,0.31694136,0.681004737,-0.620827356,-0.224397228
1497534904676570000,85746,-1.472090806,-0.636521131,1.007064436,0.318351758,0.681974829,-0.618932811,-0.224687933
1497534904686690000,85747,-1.473462761,-0.642858669,1.005877481,0.318693009,0.683100331,-0.617310037,-0.2252488
1497534904696660000,85748,-1.474929116,-0.649335001,1.00469125,0.320015281,0.684112621,-0.615338615,-0.22569566
1497534904706710000,85749,-1.476383142,-0.656043421,1.003478112,0.32081798,0.685482667,-0.613277313,-0.226009455
1497534904716770000,85750,-1.477696284,-0.662846034,1.002153586,0.321544922,0.686823043,-0.611438908,-0.225888097
1497534904726650000,85751,-1.479017556,-0.669896279,1.000741744,0.322213563,0.688658204,-0.609137162,-0.225566432
1497534904736670000,85752,-1.480284386,-0.677109824,0.999332547,0.323523232,0.690451479,-0.606563603,-0.22514455
1497534904746700000,85753,-1.481489919,-0.684335315,0.997874148,0.323937991,0.691692744,-0.604837792,-0.22538095
1497534904756680000,85754,-1.482624286,-0.691814612,0.996356562,0.325084762,0.692934853,-0.6029176,-0.225059003
1497534904766700000,85755,-1.483646701,-0.699517516,0.994853485,0.326753671,0.693663839,-0.600976269,-0.225588211
1497534904776660000,85756,-1.484685581,-0.707415305,0.993219712,0.328562206,0.694751863,-0.5987114,-0.225635514
1497534904786690000,85757,-1.485691272,-0.715506016,0.99162604,0.330532869,0.695430472,-0.596609995,-0.22623217
1497534904796690000,85758,-1.486696059,-0.723764193,0.989910802,0.332077763,0.696932327,-0.594151742,-0.22581718
1497534904806700000,85759,-1.487514098,-0.732223215,0.988259911,0.333444984,0.697777516,-0.592336968,-0.225959947
1497534904816500000,85760,-1.48828314,-0.740819032,0.986487908,0.333985796,0.698853604,-0.590764472,-0.225952355
1497534904826660000,85761,-1.488901184,-0.74966464,0.984667944,0.33461199,0.699342038,-0.589454525,-0.226933677
1497534904836680000,85762,-1.48946919,-0.758758843,0.98281274,0.336139045,0.700461511,-0.587135054,-0.227236976
1497534904846690000,85763,-1.489943817,-0.768028191,0.981008748,0.336721392,0.700543156,-0.58589742,-0.229308096
1497534904856690000,85764,-1.490475386,-0.777517082,0.979138628,0.337977044,0.700917919,-0.583972953,-0.231216736
1497534904866700000,85765,-1.490895015,-0.787068668,0.977512569,0.338969389,0.701054876,-0.582319033,-0.233508794
1497534904876640000,85766,-1.491410459,-0.796820787,0.975947522,0.339787723,0.700857755,-0.580845092,-0.236562234
1497534904886670000,85767,-1.49167391,-0.806739829,0.974810186,0.341456707,0.700660629,-0.579231297,-0.238690393
1497534904896670000,85768,-1.491927378,-0.816787943,0.973925235,0.342927335,0.699891949,-0.578210378,-0.241298284
1497534904906620000,85769,-1.491891704,-0.826948343,0.973507357,0.344784423,0.698491515,-0.577984236,-0.243243764
1497534904916700000,85770,-1.491634363,-0.837175137,0.973405553,0.346070132,0.697494963,-0.578234619,-0.243682098
1497534904926680000,85771,-1.491248605,-0.847489253,0.973559876,0.346592342,0.696772648,-0.578947457,-0.243313516
1497534904936680000,85772,-1.490632972,-0.857865739,0.974100117,0.34631605,0.696000405,-0.580566409,-0.242056345
1497534904946700000,85773,-1.489780758,-0.868261515,0.974988565,0.345316299,0.695346334,-0.582774004,-0.240051223
1497534904956590000,85774,-1.488534443,-0.878512198,0.976453902,0.343688771,0.694351997,-0.585999535,-0.23739814
1497534904966670000,85775,-1.487113601,-0.888629253,0.97819866,0.341820839,0.693404514,-0.589415444,-0.234388842
1497534904976690000,85776,-1.485828926,-0.898501669,0.980384245,0.339848749,0.69238424,-0.593175829,-0.23075816
1497534904986660000,85777,-1.484522611,-0.908029652,0.982964763,0.338164309,0.690208793,-0.597558314,-0.228431135
1497534904996670000,85778,-1.483051089,-0.917279643,0.985854786,0.338005406,0.688039505,-0.601115476,-0.225863166
1497534905006610000,85779,-1.481991476,-0.926748157,0.989126933,0.34091086,0.681321113,-0.605452977,-0.230234704
1497534905016690000,85780,-1.480575281,-0.935308758,0.992211852,0.339511112,0.677018051,-0.610716828,-0.231092448
1497534905026660000,85781,-1.47893887,-0.94375849,0.995414169,0.338374509,0.672721959,-0.615561261,-0.232448254
1497534905036670000,85782,-1.476099028,-0.950883989,0.998451184,0.329514761,0.67242808,-0.62221763,-0.228266777
1497534905046680000,85783,-1.474569983,-0.958671397,1.001073531,0.326005311,0.669357225,-0.626962242,-0.229346441
1497534905056660000,85784,-1.473013347,-0.966457996,1.003718594,0.324744744,0.664561104,-0.631823367,-0.231729634
1497534905066680000,85785,-1.471683968,-0.973692712,1.005944772,0.321609276,0.660062349,-0.637261927,-0.234056415
1497534905076650000,85786,-1.470419044,-0.981095294,1.007922909,0.322079849,0.656105656,-0.640568854,-0.235502616
1497534905086660000,85787,-1.469337998,-0.988115927,1.009695258,0.321023741,0.650975348,-0.64539881,-0.237981575
1497534905096690000,85788,-1.468224014,-0.995094981,1.011580387,-0.321703879,-0.645656999,0.649843479,0.239451678
1497534905106690000,85789,-1.467469021,-1.001775722,1.013074823,-0.321167342,-0.641341677,0.654176608,0.239969492
1497534905116690000,85790,-1.466706421,-1.008460644,1.014639453,-0.321906545,-0.637293109,0.657873541,0.239658243
1497534905127030000,85791,-1.465900112,-1.015192497,1.016281889,-0.322742927,-0.632757189,0.661483238,0.240614357
1497534905136630000,85792,-1.465235895,-1.021664723,1.017819284,-0.322838704,-0.628835152,0.665242254,0.240404382
1497534905146690000,85793,-1.464649276,-1.02811478,1.019210192,-0.322671065,-0.624869812,0.668837586,0.240992501
1497534905156730000,85794,-1.463904585,-1.034482771,1.020884034,-0.323251497,-0.620580807,0.67233875,0.241554418
1497534905166690000,85795,-1.463013601,-1.040674292,1.022527924,-0.322596813,-0.616394538,0.67643193,0.241720736
1497534905176660000,85796,-1.463258008,-1.047875855,1.024103489,-0.324356655,-0.610038079,0.679693674,0.246298218
1497534905186680000,85797,-1.461929134,-1.05358,1.02561635,-0.322316509,-0.605813877,0.684479507,0.246149182
1497534905196690000,85798,-1.461008037,-1.059778573,1.027218113,-0.321247327,-0.602328451,0.68832282,0.245381922
1497534905206670000,85799,-1.460379362,-1.066435794,1.028748521,-0.319311002,-0.601076395,0.691064411,0.243264529
1497534905216680000,85800,-1.459362233,-1.072913178,1.030237871,-0.317280901,-0.598818556,0.694422393,0.241922936
1497534905226680000,85801,-1.457813447,-1.079084596,1.031641427,-0.314592813,-0.594663403,0.699096178,0.24222166
1497534905236660000,85802,-1.456760674,-1.085506097,1.033173904,-0.311806529,-0.592948207,0.70270077,0.239584515
1497534905246670000,85803,-1.45569979,-1.092130264,1.034418464,-0.308897022,-0.590888313,0.706108864,0.238419595
1497534905256690000,85804,-1.454004945,-1.097988088,1.035632264,-0.302837807,-0.592325749,0.709542257,0.232355882
1497534905266700000,85805,-1.452837486,-1.104326992,1.03676878,-0.299467706,-0.590772022,0.712927146,0.230309349
1497534905276680000,85806,-1.451690801,-1.110753286,1.037733594,-0.295761168,-0.588896728,0.716393556,0.229142418
1497534905286690000,85807,-1.45068949,-1.116838112,1.038476179,-0.291688309,-0.588609391,0.719079811,0.226674085
1497534905296700000,85808,-1.449795705,-1.123052194,1.039180521,-0.288521,-0.587788879,0.721287377,0.225841509
1497534905306680000,85809,-1.448967851,-1.129307791,1.039592241,-0.285671652,-0.587871323,0.722990583,0.223793727
1497534905316690000,85810,-1.448280469,-1.135570077,1.039869566,-0.282765803,-0.588635447,0.723898277,0.222537852
1497534905326640000,85811,-1.447618027,-1.141806568,1.040184399,-0.280060079,-0.589307492,0.724910936,0.220878173
1497534905336630000,85812,-1.447081725,-1.148053519,1.040389505,-0.277309564,-0.590549504,0.725423223,0.219344107
1497534905346680000,85813,-1.446544899,-1.154374284,1.040475414,-0.274980986,-0.591942617,0.725640437,0.217796583
1497534905356670000,85814,-1.446027147,-1.160591945,1.040623691,-0.272413999,-0.593222705,0.726032827,0.2162262
1497534905366700000,85815,-1.445599554,-1.166874222,1.040602518,-0.270064138,-0.594424793,0.726266972,0.215083267
1497534905376710000,85816,-1.445092614,-1.173021972,1.040573747,-0.267254998,-0.596138709,0.726338575,0.213601686
1497534905386680000,85817,-1.444604278,-1.179328651,1.040573601,-0.265483099,-0.596769568,0.726789198,0.212514159
1497534905396650000,85818,-1.44414365,-1.185448111,1.040504389,-0.26322794,-0.597967849,0.727125135,0.210795019
1497534905406590000,85819,-1.443726482,-1.191596886,1.040214015,-0.261216132,-0.599120379,0.727320635,0.209345642
1497534905416630000,85820,-1.443280527,-1.19781385,1.039857303,-0.258965916,-0.600530866,0.727350444,0.207991982
1497534905426680000,85821,-1.442748908,-1.204051944,1.039646555,-0.256762923,-0.601566871,0.727590491,0.206886872
1497534905436780000,85822,-1.442119707,-1.210328093,1.039354675,-0.254427987,-0.602535042,0.728013136,0.205462394
1497534905446650000,85823,-1.441380174,-1.21660336,1.039036423,-0.252191266,-0.603109023,0.728770676,0.20384399
1497534905456700000,85824,-1.440645406,-1.2228947,1.038786015,-0.249922149,-0.603380019,0.729751296,0.202322806
1497534905466700000,85825,-1.439923278,-1.229099676,1.038364395,-0.247438525,-0.604144758,0.73047372,0.200478009
1497534905476670000,85826,-1.439236163,-1.235328338,1.037887976,-0.24516039,-0.60482782,0.731129726,0.19881905
1497534905486740000,85827,-1.438537902,-1.24163408,1.037424598,-0.243028758,-0.605446295,0.731822928,0.196994945
1497534905496690000,85828,-1.43778769,-1.247863414,1.036896738,-0.240886658,-0.606279479,0.732449051,0.194723392
1497534905506680000,85829,-1.437204593,-1.254667332,1.036528898,-0.23993895,-0.606865496,0.732705678,0.193095727
1497534905516690000,85830,-1.436441804,-1.261336908,1.036179928,-0.238188917,-0.608668056,0.732159919,0.191653569
1497534905526650000,85831,-1.435708419,-1.267594672,1.035423188,-0.23641042,-0.608760309,0.733024773,0.190251625
1497534905536700000,85832,-1.434859737,-1.274507624,1.034966322,-0.235189229,-0.609555871,0.732951915,0.189497117
1497534905546690000,85833,-1.434187815,-1.280959774,1.034142293,-0.233601701,-0.608811966,0.734290988,0.188666317
1497534905556690000,85834,-1.433676928,-1.287774547,1.033387038,-0.23218045,-0.610281096,0.734185594,0.186066482
1497534905566750000,85835,-1.432807409,-1.294281599,1.032506159,-0.230970443,-0.606986096,0.737442825,0.185468632
1497534905576660000,85836,-1.432230404,-1.301434307,1.031684409,-0.229603275,-0.607362529,0.738099933,0.183307346
1497534905586700000,85837,-1.431591592,-1.308854168,1.030843202,-0.228179918,-0.608306009,0.738552237,0.180106404
1497534905596700000,85838,-1.43087117,-1.316437563,1.030015371,-0.226454365,-0.609068783,0.739283974,0.176671571
1497534905606690000,85839,-1.430147157,-1.324279832,1.029075289,-0.224476706,-0.609553711,0.739936891,0.174779515
1497534905616710000,85840,-1.429455713,-1.332207133,1.027907707,-0.222474532,-0.609425895,0.741437395,0.171393557
1497534905626670000,85841,-1.428829204,-1.340382541,1.026931429,-0.219892191,-0.611702215,0.74116773,0.167744513
1497534905636690000,85842,-1.428276502,-1.348733707,1.02563344,-0.218108052,-0.611924636,0.742408445,0.163727878
1497534905646680000,85843,-1.427704882,-1.357419892,1.024443055,-0.216256187,-0.613425943,0.742446236,0.160360408
1497534905656680000,85844,-1.427128999,-1.36617404,1.022865313,-0.213573846,-0.61468488,0.743012102,0.156466378
1497534905666700000,85845,-1.426570712,-1.375210821,1.021379169,-0.212024228,-0.61523105,0.743856525,0.152361256
1497534905676670000,85846,-1.425879889,-1.384585622,1.019810481,-0.210192833,-0.617135439,0.743604525,0.148374976
1497534905686690000,85847,-1.425211218,-1.394123674,1.018153627,-0.208440718,-0.618325654,0.743891477,0.144399875
1497534905696690000,85848,-1.424416125,-1.404112549,1.016479369,-0.206242388,-0.621254724,0.742997511,0.139503921
1497534905706710000,85849,-1.42379326,-1.413548023,1.014207124,-0.201821018,-0.622387577,0.744256037,0.13410791
1497534905716690000,85850,-1.42297179,-1.423841043,1.012320964,-0.199160685,-0.624260373,0.744240473,0.129383641
1497534905726680000,85851,-1.422199236,-1.435715744,1.010962054,-0.19236862,-0.624051185,0.747231052,0.123289042
1497534905736690000,85852,-1.421404595,-1.446374881,1.008586051,-0.188827115,-0.626887668,0.746586383,0.118173368
1497534905746670000,85853,-1.420569564,-1.457801758,1.006567848,-0.186057018,-0.628827437,0.746445941,0.113036713
1497534905756690000,85854,-1.419707022,-1.469586037,1.004671886,-0.182981995,-0.630940963,0.746255427,0.107396124
1497534905766670000,85855,-1.419055743,-1.480711829,1.002458682,-0.178731603,-0.63395422,0.745574839,0.101366762
1497534905776680000,85856,-1.418546568,-1.491802481,1.000607944,-0.17609404,-0.635494593,0.745479892,0.096939369
1497534905786690000,85857,-1.418046174,-1.502880442,0.999453323,-0.173350769,-0.637739219,0.744847882,0.091868556
1497534905796690000,85858,-1.417589269,-1.514171051,0.999220011,-0.171313505,-0.639664031,0.744066021,0.088585369
1497534905806700000,85859,-1.417072794,-1.524897043,0.999577254,-0.169347582,-0.642009747,0.742880225,0.085286881
1497534905816700000,85860,-1.416499624,-1.534937072,1.000373041,-0.169431811,-0.643655208,0.741491339,0.084802296
1497534905826660000,85861,-1.415758021,-1.544453891,1.001771738,-0.17035009,-0.645074186,0.740040806,0.084851323
1497534905836640000,85862,-1.415015531,-1.552961314,1.00339141,-0.169659858,-0.645725264,0.739566254,0.085417629
1497534905846670000,85863,-1.414369702,-1.56158907,1.006017701,-0.167979476,-0.6454265,0.739970535,0.087470776
1497534905856710000,85864,-1.414023032,-1.570158077,1.009476469,-0.164262763,-0.646625267,0.739428282,0.090218201
1497534905866710000,85865,-1.413860341,-1.57819896,1.013140271,-0.16132609,-0.64666867,0.739765307,0.092416524
1497534905876670000,85866,-1.413811155,-1.586589911,1.016878578,-0.160698697,-0.645878065,0.740200127,0.095505111
1497534905886690000,85867,-1.413932435,-1.59478568,1.0198124,-0.161657497,-0.64508928,0.740329128,0.098180729
1497534905896700000,85868,-1.414056204,-1.60338916,1.022336634,-0.16370803,-0.6446874,0.739837685,0.101084312
1497534905906680000,85869,-1.414245801,-1.611428211,1.023867982,-0.166218768,-0.642308357,0.740871255,0.104503971
1497534905916660000,85870,-1.414340626,-1.619290116,1.024755745,-0.168492447,-0.639823917,0.742116967,0.107228996
1497534905926620000,85871,-1.41425744,-1.627214101,1.025185236,-0.169401412,-0.637390333,0.74349588,0.110682439
1497534905936670000,85872,-1.413945114,-1.634974575,1.025175171,-0.168615321,-0.635130277,0.745037297,0.11444575
1497534905946660000,85873,-1.413308729,-1.643326027,1.0254037,-0.166796405,-0.634401578,0.745378316,0.118847644
1497534905956690000,85874,-1.412618996,-1.650767312,1.025054428,-0.163933325,-0.636805595,0.743584449,0.121188557
1497534905966710000,85875,-1.411965145,-1.658214536,1.024770698,-0.162709081,-0.640386802,0.740488444,0.122912015
1497534905976680000,85876,-1.411329433,-1.665961067,1.025103406,-0.163071137,-0.645353183,0.736242265,0.121960653
1497534905986660000,85877,-1.410879524,-1.673070766,1.025240866,-0.164656224,-0.650389808,0.731887247,0.119258051
1497534905996690000,85878,-1.410461044,-1.680775343,1.025823297,-0.166266351,-0.655627445,0.727252817,0.116668305
1497534906006700000,85879,-1.409989152,-1.688055133,1.026382723,-0.167333892,-0.660932567,0.722773997,0.11298345
1497534906016710000,85880,-1.409340184,-1.69475668,1.026847701,-0.168174803,-0.663862717,0.720375839,0.109827954
1497534906026690000,85881,-1.408291857,-1.701910797,1.027838189,-0.1678105,-0.666148991,0.718735893,0.107256113
1497534906036700000,85882,-1.40714284,-1.707889834,1.028092401,-0.167452553,-0.666587681,0.718626984,0.105810039
1497534906046660000,85883,-1.405694799,-1.714183344,1.028759084,-0.164978608,-0.667915668,0.71832336,0.103355067
1497534906056700000,85884,-1.404234104,-1.720072894,1.029105496,-0.164071207,-0.666922651,0.719598857,0.102334264
1497534906066690000,85885,-1.402637731,-1.725883709,1.029467111,-0.162332958,-0.667529462,0.71958166,0.101265311
1497534906076660000,85886,-1.400936594,-1.731929143,1.030098865,-0.159884441,-0.668605423,0.719384695,0.09944554
1497534906086690000,85887,-1.399448789,-1.737396196,1.030163111,-0.159277759,-0.669851015,0.718558602,0.097998719
1497534906096700000,85888,-1.397821112,-1.743014169,1.030330106,-0.157214591,-0.672250392,0.717095373,0.095588748
1497534906106640000,85889,-1.396304177,-1.749425122,1.030768746,-0.157238545,-0.675610968,0.714172559,0.093719877
1497534906116680000,85890,-1.394774464,-1.754753719,1.030375401,-0.156721913,-0.678433536,0.711820531,0.092074483
1497534906126600000,85891,-1.393001277,-1.760880297,1.030551147,-0.155630296,-0.682463056,0.708574783,0.089135655
1497534906136680000,85892,-1.390857329,-1.766874348,1.030631453,-0.152942117,-0.685425125,0.70656585,0.086981642
1497534906146610000,85893,-1.38865916,-1.772828866,1.030559518,-0.150589693,-0.688002619,0.704883984,0.084342809
1497534906156760000,85894,-1.386198475,-1.778979292,1.030653481,-0.147621379,-0.690426729,0.703396619,0.082170903
1497534906166710000,85895,-1.383552881,-1.784859232,1.030426948,-0.143448359,-0.693194074,0.701858114,0.079370855
1497534906176670000,85896,-1.380806683,-1.790050374,1.029734997,-0.13945601,-0.694467009,0.701707415,0.076643973
1497534906186710000,85897,-1.377914188,-1.795881918,1.029517638,-0.135744636,-0.696961404,0.700341514,0.073075027
1497534906196670000,85898,-1.375032155,-1.80200292,1.029447661,0.131858555,0.699944687,-0.698486441,-0.069335759
1497534906206700000,85899,-1.372199747,-1.807470961,1.028742716,0.12798709,0.702449748,-0.69698072,-0.066344037
1497534906216700000,85900,-1.369354475,-1.812916876,1.028123352,0.123773986,0.704726593,-0.695745015,-0.063081717
1497534906226660000,85901,-1.366429799,-1.81850911,1.027772721,0.120049637,0.706788271,-0.694590656,-0.059851859
1497534906236670000,85902,-1.363473678,-1.824227961,1.027440316,0.117140309,0.708657117,-0.693405836,-0.057197783
1497534906246630000,85903,-1.360490568,-1.829944387,1.027125064,0.114808339,0.709988926,-0.692641922,-0.054607129
1497534906256720000,85904,-1.357490037,-1.83579816,1.026945845,0.112522848,0.711834322,-0.69135546,-0.051557102
1497534906266710000,85905,-1.354473253,-1.841285539,1.026367167,0.110001475,0.713916809,-0.689833975,-0.048492807
1497534906276670000,85906,-1.351381686,-1.846955789,1.025834443,0.107711495,0.715715763,-0.688517187,-0.045752187
1497534906286700000,85907,-1.348191971,-1.852174036,1.024974718,0.105224514,0.717305511,-0.687442478,-0.042701814
1497534906296640000,85908,-1.344862809,-1.857861516,1.024291941,0.1022352,0.719654592,-0.685592087,-0.040108874
1497534906306700000,85909,-1.341401712,-1.864065585,1.023769943,0.099594142,0.721492598,-0.684206636,-0.037292318
1497534906316710000,85910,-1.337819068,-1.869830071,1.023117104,0.096636471,0.7235679,-0.682654058,-0.033080566
1497534906326670000,85911,-1.334069675,-1.875690141,1.022261976,0.093898965,0.72441945,-0.682249989,-0.030567916
1497534906336590000,85912,-1.330083421,-1.881598326,1.021540388,0.09127685,0.72603731,-0.681008733,-0.027667066
1497534906346630000,85913,-1.32607707,-1.887554307,1.020798666,0.087678118,0.727701435,-0.679808658,-0.02496712
1497534906356700000,85914,-1.321796868,-1.893370719,1.019719544,0.084333067,0.729271207,-0.678654036,-0.021912109
1497534906366700000,85915,-1.317498661,-1.899270784,1.018727085,0.081714807,0.730587344,-0.677635344,-0.019369161
1497534906376710000,85916,-1.312949876,-1.905516562,1.017935041,0.078523525,0.732487205,-0.676012537,-0.017424162
1497534906386710000,85917,-1.308373587,-1.911450671,1.0168423,0.07698228,0.734163963,-0.67441605,-0.0154918
1497534906396630000,85918,-1.303674516,-1.917946574,1.015985133,0.073645885,0.736160383,-0.672657364,-0.013275758
1497534906406710000,85919,-1.298731657,-1.924530123,1.015021724,0.071656921,0.737894298,-0.670999874,-0.011681616
1497534906416710000,85920,-1.293672603,-1.930938795,1.013863381,0.069447236,0.740384721,-0.668510302,-0.010075821
1497534906426690000,85921,-1.288512711,-1.937390353,1.012499116,0.066880761,0.743234537,-0.66561872,-0.009005857
1497534906436720000,85922,-1.283100409,-1.944485599,1.011576773,0.06441676,0.74555181,-0.663284265,-0.007547422
1497534906446690000,85923,-1.277557959,-1.95095502,1.010057548,0.061312976,0.74760134,-0.661286629,-0.005740197
1497534906456710000,85924,-1.271747461,-1.957566877,1.008485341,0.058427163,0.750473217,-0.658293698,-0.005062082
1497534906466730000,85925,-1.265922802,-1.964248885,1.006826688,0.055079794,0.751539712,-0.657369892,-0.004370714
1497534906476660000,85926,-1.259890742,-1.970953546,1.005221417,0.051406683,0.75446962,-0.654313238,-0.002670603
1497534906486640000,85927,-1.253816494,-1.977683568,1.00353885,0.048779409,0.755546507,-0.653270669,-0.00273448
1497534906496750000,85928,-1.247503733,-1.984554606,1.001838349,0.046050244,0.756946231,-0.651849728,-0.001926087
1497534906506710000,85929,-1.24106392,-1.991016831,1.000045235,0.043597113,0.758365714,-0.650368989,-0.000955693
1497534906516710000,85930,-1.23449106,-1.997646529,0.998209672,0.040505342,0.760053389,-0.648597056,0.000147869
1497534906526690000,85931,-1.227765064,-2.004105376,0.996375381,0.037430866,0.760898835,-0.647789418,0.000873694
1497534906536710000,85932,-1.220854124,-2.010731545,0.994797026,0.034764236,0.76225158,-0.646342353,0.002353491
1497534906546730000,85933,-1.213846725,-2.017221796,0.993055033,0.032114583,0.762616114,-0.646046969,0.002937706
1497534906556710000,85934,-1.20666432,-2.023723996,0.991465793,0.029446665,0.76352486,-0.645097809,0.003391028
1497534906566690000,85935,-1.199324885,-2.029918889,0.989700458,0.027194354,0.763814334,-0.644849096,0.004215841
1497534906576680000,85936,-1.19184834,-2.036592193,0.988338794,0.024153425,0.764282974,-0.644407626,0.005192249
1497534906586710000,85937,-1.184094263,-2.043196974,0.987133661,0.022429139,0.76521328,-0.643356702,0.006141984
1497534906596730000,85938,-1.17616984,-2.049647676,0.985869424,0.020561661,0.765281563,-0.643324952,0.007372463
1497534906606710000,85939,-1.168042463,-2.056142862,0.984955798,0.018066147,0.765067114,-0.643636398,0.008838151
1497534906616660000,85940,-1.15960975,-2.062680794,0.984529427,0.016344513,0.765415288,-0.643237479,0.010855401
1497534906626690000,85941,-1.151006823,-2.068975158,0.984359161,0.01440784,0.765543244,-0.643079846,0.01357452
1497534906636770000,85942,-1.142166854,-2.075155729,0.984467126,0.011877981,0.765636786,-0.642949367,0.016593292
1497534906646680000,85943,-1.133181466,-2.081261572,0.985167915,0.009908318,0.765836835,-0.642611882,0.021112494
1497534906656720000,85944,-1.124011367,-2.087005064,0.986161612,0.006489924,0.76497092,-0.643502532,0.026112532
1497534906666720000,85945,-1.114552586,-2.09232381,0.987365013,0.002941709,0.764418271,-0.643965994,0.031045967
1497534906676640000,85946,-1.104867227,-2.097687375,0.989187247,-0.001375166,0.763843352,-0.644342201,0.036940107
1497534906686710000,85947,-1.095052848,-2.102718633,0.99144954,-0.005607605,0.761821246,-0.646328066,0.043092626
1497534906696720000,85948,-1.085149223,-2.107164931,0.993573443,-0.010919539,0.760593788,-0.647271921,0.049162116
1497534906706700000,85949,-1.075277785,-2.111569198,0.996231882,-0.016237447,0.757770219,-0.650042246,0.054458416
1497534906716710000,85950,-1.065561085,-2.115886755,0.999142739,-0.022570095,0.754397735,-0.653272757,0.060077893
1497534906726580000,85951,-1.055961653,-2.119614155,1.001727394,-0.028806109,0.751206,-0.656167268,0.065606936
1497534906736600000,85952,-1.046667265,-2.123479933,1.00444737,-0.034289359,0.746913437,-0.660355286,0.069824451
1497534906746740000,85953,-1.037590238,-2.126950834,1.006931484,-0.039621486,0.742884122,-0.664059674,0.074686474
1497534906756710000,85954,-1.028932623,-2.130496933,1.009367807,-0.04434564,0.737677782,-0.669039224,0.079066243
1497534906766720000,85955,-1.020569717,-2.134290556,1.011515769,-0.0480582,0.732959285,-0.673471453,0.083049969
1497534906776680000,85956,-1.012448207,-2.137974034,1.013313412,-0.050894036,0.727816846,-0.678300556,0.087182515
1497534906786720000,85957,-1.004521017,-2.141384722,1.014465695,-0.053069848,0.723845215,-0.681855014,0.091134163
1497534906796710000,85958,-0.996867097,-2.145237465,1.015792638,-0.054460922,0.71993735,-0.685198402,0.096059201
1497534906806700000,85959,-0.989366452,-2.149042846,1.016842753,-0.055667711,0.716910938,-0.687427085,0.101901009
1497534906816680000,85960,-0.981869492,-2.152714158,1.017711824,-0.05628255,0.71430012,-0.689248257,0.107445117
1497534906826680000,85961,-0.974574002,-2.156546185,1.018720827,-0.057515818,0.7118447,-0.690577916,0.114329326
1497534906836710000,85962,-0.967343566,-2.160142412,1.019559771,-0.058964383,0.708808879,-0.692469945,0.120824461
1497534906846700000,85963,-0.960107034,-2.163468587,1.02040872,-0.061537114,0.706015757,-0.693914159,0.127428703
1497534906856700000,85964,-0.952956702,-2.166904032,1.021556937,-0.063442514,0.703878429,-0.694715473,0.133793183
1497534906866700000,85965,-0.945894035,-2.169937941,1.022850649,-0.066419173,0.700712952,-0.696423836,0.139941752
1497534906876680000,85966,-0.938840112,-2.172744003,1.024030213,0.068441658,-0.697631235,0.698400496,-0.144440805
1497534906886670000,85967,-0.931880979,-2.175489626,1.025610468,0.070338913,-0.694374044,0.700413694,-0.149391372
1497534906896680000,85968,-0.925030786,-2.178030929,1.027194943,0.073474671,-0.691229327,0.702030819,-0.154777971
1497534906906610000,85969,-0.918168766,-2.180310443,1.028639098,0.075660563,-0.687301404,0.704570531,-0.159601459
1497534906916670000,85970,-0.911394436,-2.182904513,1.030404021,0.077837314,-0.684953237,0.705458075,-0.164649079
1497534906926710000,85971,-0.904671284,-2.185037614,1.031848492,0.080506551,-0.6811491,0.707677334,-0.169550553
1497534906936750000,85972,-0.897899009,-2.187298939,1.033449182,0.083703902,-0.678355076,0.708567842,-0.175384321
1497534906946740000,85973,-0.891331857,-2.189651509,1.035088281,0.087108437,-0.674494273,0.710514347,-0.180662556
1497534906956710000,85974,-0.884685214,-2.191739928,1.036594788,0.090826637,-0.671396871,0.711550701,-0.186205166
1497534906966670000,85975,-0.878238655,-2.19384662,1.038055093,0.094613245,-0.668558542,0.71235792,-0.191373989
1497534906976620000,85976,-0.871781464,-2.195854525,1.039434349,0.09821843,-0.66549491,0.71328405,-0.196711793
1497534906986670000,85977,-0.865483896,-2.198184642,1.040883219,0.102581252,-0.662117485,0.71444397,-0.201611848
1497534906996630000,85978,-0.859132225,-2.199733829,1.041799296,0.106766424,-0.659647949,0.714495387,-0.20727242
1497534907006630000,85979,-0.852938989,-2.201750308,1.042878881,0.111590929,-0.656640547,0.715114423,-0.212089646
1497534907016670000,85980,-0.846714971,-2.203468829,1.043555434,0.115847882,-0.654501111,0.714772463,-0.217503769
1497534907026700000,85981,-0.840561672,-2.205301029,1.044233698,0.120741287,-0.65191825,0.714679317,-0.222839877
1497534907036730000,85982,-0.834582517,-2.207086623,1.044732501,0.125127777,-0.649422016,0.714588011,-0.227943105
1497534907046720000,85983,-0.828610189,-2.208777071,1.045053203,0.129836913,-0.647771824,0.713665552,-0.232842265
1497534907056710000,85984,-0.822850507,-2.210480312,1.045353675,0.134980678,-0.645845969,0.712867651,-0.237661342
1497534907066720000,85985,-0.817209285,-2.212169314,1.045806841,0.139482949,-0.643793523,0.712398152,-0.241998513
1497534907076630000,85986,-0.811727533,-2.213936794,1.046250564,0.144026309,-0.641803581,0.711773546,-0.246420381
1497534907086670000,85987,-0.806334609,-2.215591715,1.046629826,0.148164375,-0.63995817,0.71133912,-0.249995029
1497534907096720000,85988,-0.800996948,-2.217365083,1.046827024,0.152270391,-0.638092959,0.710828105,-0.25372132
1497534907106620000,85989,-0.795696923,-2.219074446,1.046986831,0.156140507,-0.636828849,0.710078398,-0.2566278
1497534907116700000,85990,-0.790378637,-2.220989001,1.047103699,0.159539654,-0.636300826,0.708649394,-0.259777585
1497534907126700000,85991,-0.785075781,-2.223016954,1.047335049,0.162377579,-0.634929162,0.708200564,-0.262584162
1497534907136730000,85992,-0.779758874,-2.225068812,1.047513561,0.165425355,-0.634207616,0.707147894,-0.265248952
1497534907146730000,85993,-0.774308378,-2.226776149,1.047415942,0.168255659,-0.633123183,0.70648108,-0.267823732
1497534907156720000,85994,-0.768856954,-2.228816552,1.04766953,0.171214227,-0.632394925,0.705419636,-0.27045422
1497534907166730000,85995,-0.763304177,-2.230514811,1.04764244,0.174373882,-0.63160575,0.704487641,-0.272699634
1497534907176710000,85996,-0.757796375,-2.232466768,1.047824942,0.177924667,-0.630816083,0.703630758,-0.274440592
1497534907186720000,85997,-0.752070199,-2.23390459,1.047520801,0.180997226,-0.629573094,0.703322231,-0.276071663
1497534907196730000,85998,-0.746428808,-2.235658363,1.047601389,0.184473464,-0.628845292,0.702526786,-0.277451355
1497534907206670000,85999,-0.740723913,-2.23728375,1.047436887,0.187989066,-0.628241294,0.701614691,-0.2787648
1497534907216740000,86000,-0.734881244,-2.239076584,1.047376,0.19123098,-0.627681293,0.70080984,-0.279843663
1497534907226770000,86001,-0.728872288,-2.240772427,1.046907197,0.194293358,-0.62652261,0.700715919,-0.280564986
1497534907236720000,86002,-0.722906104,-2.242481389,1.046575891,0.196756508,-0.626209435,0.699846244,-0.281715912
1497534907246730000,86003,-0.716981218,-2.24448348,1.046308239,0.199911818,-0.626588885,0.697961268,-0.283322612
1497534907256720000,86004,-0.7109243,-2.246189899,1.045715511,0.20206376,-0.625235451,0.697986192,-0.284721169
1497534907266730000,86005,-0.704764677,-2.248108611,1.045185849,0.204052637,-0.624894999,0.697037586,-0.28636928
1497534907276740000,86006,-0.698567065,-2.24997884,1.04464948,0.205746864,-0.624714773,0.696016311,-0.288029469
1497534907286690000,86007,-0.6921816,-2.25188119,1.04393284,0.206746222,-0.624338497,0.695320513,-0.289804805
1497534907296730000,86008,-0.685647673,-2.253772238,1.043196474,0.2080083,-0.624673425,0.693700403,-0.292053779
1497534907306770000,86009,-0.67905079,-2.255689943,1.042549785,0.20816498,-0.623455123,0.693794078,-0.294314165
1497534907316740000,86010,-0.672240872,-2.257610192,1.041893072,0.209255754,-0.623355766,0.692406198,-0.297007197
1497534907326740000,86011,-0.665240116,-2.259445642,1.041052735,0.210449165,-0.622815244,0.691492354,-0.299417176
1497534907336670000,86012,-0.658041682,-2.261444571,1.04022276,0.211336383,-0.622362263,0.690259743,-0.302561784
1497534907346720000,86013,-0.650639979,-2.263706784,1.039487275,0.212180895,-0.622051143,0.689133445,-0.305166739
1497534907356730000,86014,-0.643069652,-2.265719578,1.038537072,0.213567274,-0.62197833,0.687343152,-0.308368884
1497534907366730000,86015,-0.635518491,-2.26781382,1.037559287,0.214449386,-0.621161386,0.686234715,-0.311852383
1497534907376700000,86016,-0.627636901,-2.270068836,1.036429465,0.215274389,-0.62126563,0.684527177,-0.314815022
1497534907386730000,86017,-0.619605629,-2.272370756,1.035197159,0.216379278,-0.620585643,0.683130804,-0.318411326
1497534907396670000,86018,-0.611466879,-2.274663673,1.033878193,0.217657618,-0.620058815,0.68168305,-0.32165268
1497534907406750000,86019,-0.603118863,-2.277106746,1.032416046,0.218894993,-0.619829744,0.680058003,-0.324680125
1497534907416740000,86020,-0.594572932,-2.27966062,1.031002987,0.220201736,-0.620437127,0.677473829,-0.328021612
1497534907426700000,86021,-0.585820605,-2.282184179,1.029474719,0.22056163,-0.619518786,0.67691918,-0.330650064
1497534907436720000,86022,-0.576823376,-2.284755514,1.027844669,0.221489633,-0.619611878,0.675209059,-0.333340951
1497534907446730000,86023,-0.567577319,-2.287328723,1.025980375,0.22293836,-0.61880308,0.673841768,-0.336628144
1497534907456740000,86024,-0.558195987,-2.290039977,1.024326342,0.223719884,-0.618723841,0.67224442,-0.339437274
1497534907466730000,86025,-0.548303918,-2.2928339,1.02225094,0.224588538,-0.618906242,0.67057439,-0.341826038
1497534907476720000,86026,-0.538337763,-2.295622571,1.020232875,0.225162351,-0.61846694,0.669518035,-0.344305332
1497534907486750000,86027,-0.528025415,-2.298433361,1.018009943,0.225649715,-0.61820385,0.667873298,-0.347636971
1497534907496710000,86028,-0.517676384,-2.301491664,1.01598391,0.228146984,-0.617512631,0.665643461,-0.351490949
1497534907506730000,86029,-0.50747119,-2.304427547,1.014030092,0.229650629,-0.615772804,0.665016635,-0.35473556
1497534907516780000,86030,-0.497309011,-2.3075903,1.012527063,0.231462483,-0.616386981,0.66251247,-0.357168638
1497534907526700000,86031,-0.487215313,-2.310926617,1.011780203,0.234366563,-0.617126731,0.659757496,-0.359091851
1497534907536730000,86032,-0.477363431,-2.314226446,1.011775107,0.236955016,-0.617430941,0.657647865,-0.360736246
1497534907546720000,86033,-0.467876863,-2.317202291,1.012619588,0.237800099,-0.617338206,0.657224806,-0.361109688
1497534907556720000,86034,-0.458900972,-2.319657284,1.014078452,0.237674768,-0.61921891,0.656168977,-0.359890149
1497534907566670000,86035,-0.450596238,-2.322019602,1.016401316,0.236656421,-0.620160664,0.6565566,-0.358228865
1497534907576750000,86036,-0.442777326,-2.324379332,1.01931077,0.236503924,-0.620173418,0.657507889,-0.356558834
1497534907586730000,86037,-0.435199475,-2.326590378,1.022652848,0.236766748,-0.619317583,0.658749113,-0.355579591
1497534907596720000,86038,-0.427684079,-2.329243382,1.026335614,0.2365156,-0.617545993,0.660831984,-0.354962541
1497534907606720000,86039,-0.419841666,-2.332300304,1.029965242,0.235662706,-0.617210628,0.661917355,-0.354089741
1497534907616720000,86040,-0.411969137,-2.335476671,1.033071105,0.234170646,-0.618323488,0.662175803,-0.352651923
1497534907626640000,86041,-0.403891794,-2.338785982,1.035650969,0.231303776,-0.62036567,0.661620156,-0.351999671
1497534907636630000,86042,-0.395965014,-2.342050665,1.037299455,0.227582377,-0.621809906,0.661951017,-0.351254259
1497534907646790000,86043,-0.38822626,-2.345249392,1.038378357,0.223771381,-0.623381739,0.662234294,-0.350381673
1497534907656800000,86044,-0.380465293,-2.348314174,1.038859284,0.220809927,-0.623722004,0.663543313,-0.349176331
1497534907666780000,86045,-0.37265279,-2.351153929,1.038787815,0.221070872,-0.623747789,0.664171727,-0.347767568
1497534907676710000,86046,-0.364530655,-2.35355219,1.038352576,0.222903704,-0.622797069,0.666083526,-0.344630942
1497534907686730000,86047,-0.356663075,-2.355777339,1.038060109,0.228164275,-0.622479345,0.666105335,-0.341707786
1497534907696740000,86048,-0.348843277,-2.35791839,1.03794799,0.233458042,-0.623643368,0.664927012,-0.338287394
1497534907706730000,86049,-0.341268107,-2.359980775,1.037994437,0.23741446,-0.626039465,0.662350291,-0.336156295
1497534907716710000,86050,-0.334036626,-2.36236258,1.038471493,0.239411074,-0.630111948,0.658567547,-0.334559497
1497534907726690000,86051,-0.327237249,-2.364987432,1.038957473,0.239971398,-0.634803204,0.654139126,-0.333976981
1497534907736720000,86052,-0.320626014,-2.367630172,1.039618527,0.239567107,-0.639210475,0.649901268,-0.334134571
1497534907746740000,86053,-0.314371978,-2.370211642,1.040425197,0.237799583,-0.642730825,0.646789236,-0.334682133
1497534907756820000,86054,-0.308490784,-2.372491181,1.041045034,-0.236396354,0.645047654,-0.644677965,0.335291826
1497534907766690000,86055,-0.302699737,-2.374602204,1.041486151,-0.23552515,0.646603163,-0.643092393,0.335953013
1497534907776790000,86056,-0.297130044,-2.376634064,1.041870289,-0.233846019,0.646915868,-0.643218452,0.336282503
1497534907786690000,86057,-0.29178548,-2.378288596,1.04214195,-0.232671115,0.6467266,-0.643401824,0.337109701
1497534907796740000,86058,-0.286512218,-2.380257098,1.042399956,-0.231497786,0.647362059,-0.643377577,0.33674387
1497534907806730000,86059,-0.281147474,-2.382034349,1.042475751,-0.230673823,0.648297907,-0.642621923,0.336951742
1497534907816730000,86060,-0.275663426,-2.384041235,1.042636889,-0.230030446,0.650617708,-0.640718069,0.336545611
1497534907826670000,86061,-0.27008559,-2.386356665,1.042702699,-0.229262168,0.655029209,-0.637559015,0.334505749
1497534907836740000,86062,-0.264538094,-2.388630479,1.042806696,-0.228268525,0.658932188,-0.634817455,0.332729096
1497534907846740000,86063,-0.259059962,-2.390724481,1.04279037,-0.226559393,0.663112632,-0.632022384,0.330908121
1497534907856810000,86064,-0.253839449,-2.392753675,1.042842989,-0.224644034,0.666160804,-0.630009088,0.329929372
1497534907866660000,86065,-0.248484321,-2.394519443,1.0426542,-0.223931895,0.668657182,-0.627956568,0.329275915
1497534907876700000,86066,-0.24320944,-2.395999645,1.042509198,-0.222937945,0.669900612,-0.62707758,0.329098088
1497534907886750000,86067,-0.23795224,-2.397270601,1.042474428,-0.222379911,0.669965608,-0.627130751,0.329241979
1497534907896740000,86068,-0.232459855,-2.398432613,1.042264545,-0.222723287,0.670799641,-0.626513763,0.328485439
1497534907906740000,86069,-0.226701473,-2.399671243,1.041994212,-0.224104275,0.671698927,-0.625690837,0.32727481
1497534907916730000,86070,-0.220765642,-2.400734418,1.041626598,-0.226770851,0.673550092,-0.622767314,0.327209607
1497534907926710000,86071,-0.214633035,-2.401813214,1.041264943,-0.227820283,0.674822214,-0.621203595,0.326831749
1497534907936730000,86072,-0.208516917,-2.4035252,1.04049556,-0.232649387,0.679103503,-0.61616243,0.324093435
1497534907946750000,86073,-0.202619544,-2.404641875,1.039987001,-0.233381995,0.680217124,-0.614669758,0.32406573
1497534907956740000,86074,-0.196774414,-2.405839736,1.039362377,-0.234475333,0.682411717,-0.612261577,0.323220246
1497534907966780000,86075,-0.190898674,-2.406906851,1.038707209,-0.234916815,0.684015314,-0.610500769,0.322840444
1497534907976710000,86076,-0.185091218,-2.408132818,1.038159069,-0.236567732,0.686321733,-0.607801418,0.321831668
1497534907986730000,86077,-0.179276711,-2.409281548,1.037501442,-0.236252862,0.688248605,-0.606036645,0.321275626
1497534907996740000,86078,-0.173530225,-2.410521623,1.036990297,-0.236454566,0.68989174,-0.60437805,0.320726984
1497534908006710000,86079,-0.167800861,-2.411611792,1.036260139,-0.236392214,0.691168468,-0.603371889,0.319917543
1497534908016700000,86080,-0.162074265,-2.412905244,1.035655542,-0.235659838,0.692429451,-0.602548673,0.319281997
1497534908026650000,86081,-0.156151556,-2.414065517,1.034952097,-0.235819658,0.694086518,-0.601274082,0.317966151
1497534908036740000,86082,-0.15027458,-2.415280774,1.034184054,-0.234777617,0.695209924,-0.600655793,0.317451177
1497534908046690000,86083,-0.14426172,-2.416552991,1.033331619,-0.234753759,0.697004841,-0.599235276,0.31621513
1497534908056740000,86084,-0.138127747,-2.417798854,1.032641609,-0.235637901,0.698365488,-0.598374352,0.314179185
1497534908066750000,86085,-0.131929761,-2.418833405,1.031940645,-0.233124273,0.698573885,-0.599490977,0.31346159
1497534908076710000,86086,-0.125509134,-2.420378608,1.031043902,-0.235838023,0.70206154,-0.595621145,0.311007189
1497534908086740000,86087,-0.119562421,-2.421261089,1.030327152,-0.231741377,0.700985761,-0.599000549,0.310021353
1497534908096730000,86088,-0.112880284,-2.422319126,1.029427869,-0.231279151,0.702314392,-0.598406921,0.308502197
1497534908106740000,86089,-0.106559187,-2.42398933,1.028268018,-0.2363134,0.70640205,-0.593617916,0.3045815
1497534908116710000,86090,-0.10009389,-2.425285185,1.027383338,-0.235944445,0.7080723,-0.592850067,0.302477497
1497534908126720000,86091,-0.093565957,-2.42644373,1.026484157,-0.236116861,0.709938907,-0.59191101,0.299794818
1497534908136750000,86092,-0.087172114,-2.427893861,1.025638568,-0.235495658,0.711663868,-0.591227868,0.297533095
1497534908146750000,86093,-0.080216791,-2.428879702,1.024685837,-0.23132541,0.711089143,-0.594504564,0.295643549
1497534908156740000,86094,-0.07343493,-2.430082568,1.023708016,-0.229851333,0.712985599,-0.593889497,0.293453855
1497534908166750000,86095,-0.067199442,-2.431305047,1.022542276,-0.232137844,0.713982412,-0.593622012,0.289748242
1497534908176680000,86096,-0.060292969,-2.43236092,1.021430943,-0.231173655,0.715461434,-0.5927695,0.288613925
1497534908186750000,86097,-0.053455801,-2.433614054,1.020210896,-0.229584663,0.716626174,-0.59347302,0.285530355
1497534908196710000,86098,-0.046452183,-2.434685651,1.018967109,-0.227950938,0.717990191,-0.593506952,0.283333642
1497534908206750000,86099,-0.03934733,-2.435831909,1.01757677,-0.226920826,0.719813247,-0.593355332,0.279830801
1497534908216710000,86100,-0.032247118,-2.436999228,1.016181459,-0.226073755,0.721960005,-0.592582939,0.276604174
1497534908226720000,86101,-0.024896967,-2.438148958,1.014708026,-0.224963328,0.723982372,-0.592061349,0.273321029
1497534908236740000,86102,-0.017296081,-2.439277196,1.013328986,-0.223418106,0.725688021,-0.591747729,0.270732102
1497534908246750000,86103,-0.009268337,-2.440379516,1.011780799,-0.224251087,0.729019288,-0.588265082,0.268675495
1497534908256740000,86104,-0.001500294,-2.441278651,1.010502641,-0.222371411,0.729956582,-0.58909099,0.265868668
1497534908266740000,86105,0.006608102,-2.442034045,1.009074501,-0.22128292,0.731054931,-0.589904833,0.261925267
1497534908276760000,86106,0.015063892,-2.442768904,1.007698332,-0.220313682,0.732273673,-0.590023029,0.25905593
1497534908286730000,86107,0.023659078,-2.443474214,1.006497176,-0.220183663,0.734067273,-0.589462114,0.255340575
1497534908296630000,86108,0.03259962,-2.444166471,1.005174737,-0.219048378,0.735232344,-0.589879777,0.251978286
1497534908306730000,86109,0.041588638,-2.444872629,1.004013306,-0.217772029,0.736105424,-0.591217316,0.247358512
1497534908316710000,86110,0.051029018,-2.445217502,1.00274086,-0.216025457,0.737416595,-0.59192589,0.243256055
1497534908326660000,86111,0.060596146,-2.445836326,1.001746759,-0.215426473,0.738518057,-0.592790249,0.238290234
1497534908336760000,86112,0.070369418,-2.446458222,1.001046395,-0.213566932,0.739595258,-0.593404129,0.235073521
1497534908346760000,86113,0.080322391,-2.447095371,1.000321262,-0.212190688,0.741097623,-0.593093284,0.232357015
1497534908356800000,86114,0.090566154,-2.447461619,0.999862866,-0.211157066,0.742473387,-0.5928794,0.229434043
1497534908366770000,86115,0.10088151,-2.447804211,0.99965459,-0.209929152,0.742373034,-0.593608782,0.228999222
1497534908376700000,86116,0.111344601,-2.447982339,0.999660817,-0.209952646,0.743353497,-0.592401377,0.22892373
1497534908386740000,86117,0.121992969,-2.448049406,0.99997982,-0.209729706,0.743578604,-0.591541316,0.230614792
1497534908396740000,86118,0.132800829,-2.447772797,1.000467357,-0.209671233,0.743469375,-0.591035678,0.232310329
1497534908406750000,86119,0.143508332,-2.447487073,1.001482042,-0.210259052,0.743039629,-0.589966465,0.235844889
1497534908416770000,86120,0.154217773,-2.446780895,1.002741317,-0.211447763,0.742050458,-0.589403064,0.239280147
1497534908426720000,86121,0.164745312,-2.44583493,1.004446922,-0.212278343,0.740544255,-0.58908117,0.243957959
1497534908436750000,86122,0.174863308,-2.444546449,1.006547171,-0.212956882,0.738152363,-0.590268972,0.247715553
1497534908446740000,86123,0.184793452,-2.443222886,1.008901241,-0.213777084,0.736081545,-0.590757655,0.251969663
1497534908456750000,86124,0.194138401,-2.441659483,1.011606358,-0.212836187,0.733027925,-0.593001451,0.256359314
1497534908466750000,86125,0.203388147,-2.440176954,1.014439566,-0.21275917,0.729312489,-0.595839899,0.260406688
1497534908476720000,86126,0.212073982,-2.438486099,1.017286574,-0.212171958,0.725712943,-0.599011073,0.26364658
1497534908486760000,86127,0.220432265,-2.436881951,1.020093942,-0.212122883,0.721472987,-0.60276022,0.266759682
1497534908496770000,86128,0.228724622,-2.435419464,1.022813364,-0.212387337,0.716198291,-0.607289,0.270465706
1497534908506750000,86129,0.236639381,-2.434031273,1.02531998,-0.212799415,0.711630074,-0.610938957,0.273957365
1497534908516740000,86130,0.244280183,-2.432673323,1.027541964,-0.211347298,0.706626058,-0.615993738,0.27670137
1497534908526720000,86131,0.251612619,-2.431650275,1.029774132,-0.21082725,0.702217221,-0.619854609,0.279683944
1497534908536750000,86132,0.258558488,-2.4306938,1.031545725,-0.20807814,0.697782504,-0.624676919,0.282102484
1497534908546760000,86133,0.265248901,-2.429875875,1.033373465,-0.204712239,0.693819589,-0.62905828,0.284592615
1497534908556750000,86134,0.271684897,-2.429168083,1.035051067,-0.201055166,0.690174122,-0.632932381,0.287459742
1497534908566680000,86135,0.277979488,-2.428589236,1.036620091,-0.196639509,0.687032291,-0.636515539,0.29011636
1497534908576710000,86136,0.284164903,-2.42813793,1.038156665,-0.192992067,0.684660065,-0.639023086,0.292650224
1497534908586750000,86137,0.29059765,-2.42812172,1.03973965,-0.1846501,0.679692846,-0.646118773,0.294028073
1497534908596740000,86138,0.296499948,-2.42790128,1.041212229,-0.182451055,0.677674806,-0.648108032,0.295676258
1497534908606740000,86139,0.301906191,-2.427394633,1.042803239,-0.181588086,0.675970693,-0.648843535,0.298481918
1497534908616740000,86140,0.307517642,-2.426997241,1.044295995,-0.179586478,0.67250468,-0.651789914,0.301091449
1497534908626730000,86141,0.31291223,-2.426356023,1.045939021,-0.178379406,0.670727632,-0.65265543,0.303885048
1497534908636760000,86142,0.318437764,-2.425809565,1.047498945,-0.176994102,0.667976512,-0.654654252,0.306444575
1497534908646750000,86143,0.323956471,-2.425142518,1.049059502,-0.175996978,0.664783364,-0.657062349,0.308799631
1497534908656750000,86144,0.329495612,-2.424600833,1.050677273,-0.175107001,0.662072527,-0.658988728,0.311016662
1497534908666760000,86145,0.335286583,-2.424054487,1.052179524,0.17447072,-0.659030266,0.660769418,-0.314042755
1497534908676710000,86146,0.341014514,-2.423672881,1.053781061,0.174952026,-0.656427315,0.662207065,-0.316191037
1497534908686750000,86147,0.346820006,-2.423299491,1.055160471,0.174344044,-0.653888764,0.663539478,-0.318981191
1497534908696740000,86148,0.352783739,-2.423016239,1.056684458,0.173683771,-0.652168688,0.663754057,-0.322398048
1497534908706760000,86149,0.358743642,-2.422697704,1.058047604,0.173257268,-0.650313406,0.664208662,-0.325424716
1497534908716750000,86150,0.364485008,-2.4224097,1.059203444,0.173801103,-0.647353402,0.665623626,-0.328134023
1497534908726720000,86151,0.370268145,-2.42208538,1.060156796,0.175149781,-0.644626737,0.666928488,-0.33012924
1497534908736750000,86152,0.376311152,-2.421729629,1.061226344,0.175826059,-0.642296035,0.66731585,-0.333512453
1497534908746760000,86153,0.382092931,-2.421426346,1.061929332,0.176167791,-0.639643101,0.668195836,-0.336654034
1497534908756750000,86154,0.387965362,-2.421052149,1.062738556,0.177703673,-0.63751615,0.668229771,-0.339799259
1497534908766730000,86155,0.393833903,-2.420809134,1.063287193,0.178957726,-0.634859437,0.669309311,-0.34198344
1497534908776720000,86156,0.399696832,-2.420367211,1.06386016,0.181837067,-0.633448431,0.668543682,-0.344568877
1497534908786760000,86157,0.405730335,-2.420271854,1.064226249,0.184087138,-0.631466477,0.668870268,-0.346373468
1497534908796760000,86158,0.41152306,-2.420244578,1.064364486,0.186423056,-0.630498346,0.668463753,-0.34767009
1497534908806760000,86159,0.417541337,-2.420212112,1.064603361,0.188750161,-0.62913392,0.668200743,-0.349387541
1497534908816750000,86160,0.423805721,-2.420268929,1.064813662,0.191654285,-0.628169869,0.667412118,-0.351044607
1497534908826710000,86161,0.429886257,-2.420247785,1.064893316,0.193663904,-0.626613708,0.667633207,-0.352300232
1497534908836740000,86162,0.436189506,-2.420262239,1.065005138,0.19603058,-0.625248613,0.667265703,-0.354108268
1497534908846760000,86163,0.442508142,-2.42027452,1.065072846,0.199273403,-0.624732274,0.666136674,-0.355333123
1497534908856760000,86164,0.448864155,-2.420250871,1.065165173,0.201662579,-0.622728868,0.666288796,-0.357211704
1497534908866710000,86165,0.455128092,-2.420219343,1.065065327,0.206100722,-0.621677463,0.66466643,-0.35952491
1497534908876730000,86166,0.461821521,-2.420305344,1.065228514,0.209397716,-0.620761508,0.663580017,-0.361205354
1497534908886740000,86167,0.468298588,-2.420493107,1.065067959,0.212968268,-0.619994231,0.662185927,-0.362989627
1497534908896750000,86168,0.475041169,-2.420607285,1.0650269,0.216281026,-0.618990541,0.661217946,-0.36450522
1497534908906770000,86169,0.481782284,-2.420740464,1.064951603,0.219917128,-0.617817824,0.659578197,-0.36727945
1497534908916750000,86170,0.488793248,-2.420851461,1.06497747,0.222508383,-0.616578347,0.658737117,-0.369305526
1497534908926720000,86171,0.495762389,-2.420991687,1.064768076,0.224924014,-0.615408817,0.657647707,-0.371726606
1497534908936720000,86172,0.502865265,-2.420971039,1.064710037,0.228007071,-0.614242218,0.656114115,-0.374477691
1497534908946750000,86173,0.509877632,-2.42100818,1.064396579,0.230645597,-0.612594482,0.655387313,-0.376826325
1497534908956700000,86174,0.517268499,-2.420825891,1.064218365,0.233046584,-0.610656295,0.654399023,-0.380197445
1497534908966650000,86175,0.524394484,-2.420750499,1.063838453,0.23733904,-0.608851501,0.653002537,-0.382828573
1497534908976770000,86176,0.531654738,-2.420586796,1.06339386,0.241184746,-0.607324185,0.651309836,-0.38572367
1497534908986750000,86177,0.539187443,-2.420391027,1.063187723,0.244981431,-0.605602122,0.649718324,-0.388711034
1497534908996750000,86178,0.546685058,-2.420411502,1.062574765,0.248045133,-0.603689609,0.649381231,-0.390303069
1497534909006750000,86179,0.554156896,-2.420285902,1.062247099,0.251824963,-0.602077356,0.647248815,-0.393898486
1497534909016730000,86180,0.561726908,-2.420290496,1.061695618,0.255511852,-0.600129495,0.645945018,-0.396627428
1497534909026720000,86181,0.569329716,-2.420245383,1.061003123,0.259246493,-0.59832993,0.644324803,-0.399547369
1497534909036730000,86182,0.577323959,-2.420344148,1.060480544,0.262820921,-0.597148623,0.642076362,-0.402587421
1497534909046720000,86183,0.584730808,-2.42045007,1.059656152,0.265557622,-0.594918738,0.640899565,-0.40595393
1497534909056620000,86184,0.592740017,-2.420775067,1.05897799,0.268664572,-0.593802155,0.638451485,-0.409387408
1497534909066760000,86185,0.600761321,-2.420960222,1.0581133,0.269778551,-0.591725995,0.638042312,-0.412288599
1497534909076760000,86186,0.609034843,-2.421390393,1.057381901,0.272300881,-0.591028508,0.63540967,-0.415682671
1497534909086740000,86187,0.616868117,-2.421968661,1.056292673,0.275154015,-0.589133522,0.633296208,-0.419699744
1497534909096760000,86188,0.625689848,-2.422319605,1.055629842,0.276058915,-0.587692849,0.632309888,-0.42260241
1497534909106750000,86189,0.634117269,-2.42300041,1.054578643,0.277672633,-0.586096289,0.631098304,-0.425563133
1497534909116760000,86190,0.643317123,-2.423611137,1.054004089,0.277372355,-0.584009856,0.631053366,-0.428682533
1497534909126740000,86191,0.652115596,-2.42447883,1.052895656,0.2799949,-0.583155422,0.628950103,-0.431224279
1497534909136700000,86192,0.661117529,-2.425166777,1.051885534,0.281305771,-0.580799855,0.628272667,-0.434525082
1497534909146750000,86193,0.670350615,-2.426010857,1.050537955,0.284802437,-0.578830597,0.626132494,-0.437950695
1497534909156760000,86194,0.679636203,-2.426827213,1.049129197,0.286612496,-0.576352635,0.625623541,-0.440756284
1497534909166760000,86195,0.689674318,-2.427687629,1.047965171,0.29098677,-0.575737008,0.622322572,-0.443360139
1497534909176700000,86196,0.699589367,-2.428550187,1.046710248,0.292102595,-0.572881211,0.621985305,-0.446785713
1497534909186770000,86197,0.709887262,-2.429628076,1.045622023,0.296413829,-0.572414113,0.619116508,-0.448526115
1497534909196760000,86198,0.71993289,-2.430529045,1.044620639,0.298752347,-0.571119995,0.617285576,-0.451140226
1497534909206730000,86199,0.729859984,-2.431599792,1.043869634,0.303752136,-0.569420679,0.614305144,-0.454008723
1497534909216770000,86200,0.739713726,-2.432705353,1.043466537,0.306870845,-0.567745079,0.612802713,-0.456035793
1497534909226750000,86201,0.749316842,-2.433624692,1.043648266,0.307022669,-0.56567456,0.613208425,-0.457957204
1497534909236740000,86202,0.758334875,-2.434754856,1.044297622,0.311067131,-0.564861029,0.61131701,-0.458760037
1497534909246750000,86203,0.767303494,-2.435854872,1.045723951,0.313793108,-0.565679222,0.609621904,-0.458150671
1497534909256760000,86204,0.775609352,-2.43681107,1.047463523,0.314783726,-0.565637472,0.610126127,-0.45684961
1497534909266770000,86205,0.784086366,-2.43812691,1.049603577,0.317491471,-0.564823288,0.610330811,-0.455708371
1497534909276720000,86206,0.792113334,-2.439430325,1.052027459,0.320255131,-0.56354434,0.610217507,-0.455509629
1497534909286760000,86207,0.800249633,-2.440896936,1.054483608,0.320658296,-0.563444497,0.611161209,-0.454082077
1497534909296760000,86208,0.808323208,-2.44262452,1.056879803,0.321746313,-0.562955836,0.611897471,-0.452925514
1497534909306760000,86209,0.816294927,-2.444271861,1.058580513,0.320487179,-0.561472082,0.613454667,-0.453553128
1497534909316770000,86210,0.824320896,-2.445950255,1.06023354,0.321043916,-0.563730246,0.612188569,-0.452066554
1497534909326720000,86211,0.832562943,-2.44746214,1.061596095,0.318695253,-0.564644613,0.612600832,-0.452028779
1497534909336770000,86212,0.840267199,-2.449035515,1.062404047,0.318317623,-0.566159193,0.6117901,-0.451498098
1497534909346700000,86213,0.848027409,-2.450549556,1.06330181,0.319754165,-0.567098366,0.610727542,-0.450742263
1497534909356760000,86214,0.856069406,-2.451818978,1.06422719,0.319785853,-0.569568565,0.609718435,-0.448967802
1497534909366770000,86215,0.863410842,-2.453131204,1.064791316,0.323259914,-0.571240511,0.607662614,-0.447139189
1497534909376730000,86216,0.871038677,-2.45451094,1.065638452,0.327144706,-0.573331496,0.604822473,-0.445485256
1497534909386770000,86217,0.878482495,-2.455584159,1.066631514,0.331606542,-0.576598988,0.601167783,-0.442908574
1497534909396780000,86218,0.885252908,-2.456571261,1.067232132,0.334531514,-0.577552686,0.599677286,-0.441484669
1497534909406770000,86219,0.891833031,-2.457361195,1.067928317,0.336780139,-0.579143756,0.597534637,-0.440595057
1497534909416780000,86220,0.897529304,-2.458133431,1.068088277,0.340875825,-0.580046238,0.595130511,-0.439510762
1497534909426670000,86221,0.903724471,-2.458566609,1.06873993,0.343022664,-0.58034488,0.593463195,-0.439700703
1497534909436690000,86222,0.909738102,-2.458844577,1.069391197,0.345149478,-0.581077706,0.591821894,-0.439280528
1497534909446750000,86223,0.915015836,-2.459177036,1.06957035,0.347703106,-0.581088781,0.589986741,-0.439720394
1497534909456770000,86224,0.920266844,-2.459373111,1.069963609,0.349984436,-0.581387282,0.58777841,-0.440472772
1497534909466770000,86225,0.925315549,-2.45954527,1.070116997,0.351616078,-0.581889139,0.585680859,-0.441303857
1497534909476700000,86226,0.930422565,-2.459624888,1.070345685,0.353895489,-0.582814931,0.583137495,-0.441628125
1497534909486750000,86227,0.935269213,-2.459755361,1.070380145,-0.356942828,0.583573876,-0.58020932,0.44202997
1497534909496750000,86228,0.940051319,-2.459840596,1.070446278,-0.359777773,0.584142573,-0.577555764,0.442455363
1497534909506770000,86229,0.944818753,-2.45994705,1.070387541,-0.361652187,0.585261802,-0.574701309,0.443164445
1497534909516740000,86230,0.949550802,-2.459961633,1.070538118,-0.363295428,0.586074935,-0.572517934,0.443571661
1497534909526750000,86231,0.953857001,-2.459979974,1.070464537,-0.364301811,0.587240007,-0.570502439,0.443802131
1497534909536770000,86232,0.958469863,-2.459986481,1.070729944,-0.365690061,0.588692213,-0.56800643,0.443938007
1497534909546740000,86233,0.962880747,-2.459987555,1.070807092,-0.36722158,0.590321366,-0.565539231,0.443660202
1497534909556760000,86234,0.967369467,-2.459906308,1.071015432,-0.368575784,0.59187447,-0.563233496,0.443401096
1497534909566720000,86235,0.972020469,-2.459624635,1.071307098,-0.369871899,0.592834243,-0.561593965,0.443119123
1497534909576670000,86236,0.976482222,-2.459362896,1.071187874,-0.37190262,0.594759081,-0.558730287,0.442459651
1497534909586750000,86237,0.981300063,-2.458791287,1.071474675,-0.374418264,0.595369373,-0.555967159,0.442997507
1497534909596760000,86238,0.985514082,-2.458143717,1.071101245,-0.377115251,0.596068834,-0.55311039,0.443345157
1497534909606770000,86239,0.990088435,-2.457161344,1.070916256,-0.380744675,0.596383401,-0.550012201,0.443674329
1497534909616770000,86240,0.994517802,-2.456002183,1.070340212,-0.383951984,0.597268453,-0.54697577,0.443473535
1497534909626740000,86241,0.999429528,-2.454542059,1.070332564,-0.388352012,0.597048893,-0.543413291,0.4443167
1497534909636770000,86242,1.003347132,-2.453228697,1.069171462,-0.392844894,0.596658835,-0.540081451,0.444952975
1497534909646700000,86243,1.008529107,-2.451314161,1.069331082,-0.39745971,0.596234889,-0.536683667,0.445533812
1497534909656770000,86244,1.01250523,-2.449618597,1.068280633,-0.402429845,0.595956504,-0.533152419,0.445684376
1497534909666770000,86245,1.016810697,-2.447740567,1.067873666,-0.408504313,0.595386436,-0.528495795,0.446465466
1497534909676630000,86246,1.021050523,-2.44570038,1.067543944,-0.412708271,0.594333955,-0.525745344,0.447248104
1497534909686700000,86247,1.024648356,-2.443865001,1.066538348,-0.417570853,0.593274274,-0.522461858,0.447988644
1497534909696760000,86248,1.029204784,-2.44169972,1.066724691,-0.421920455,0.592558952,-0.519007215,0.448874736
1497534909706800000,86249,1.032763598,-2.439854282,1.065883911,-0.426201953,0.591069944,-0.516462614,0.449727234
1497534909716760000,86250,1.034068248,-2.438630165,1.062907847,-0.429237516,0.589251615,-0.514404482,0.451581353
1497534909726720000,86251,1.03787014,-2.436793385,1.062572664,-0.431505425,0.587897809,-0.51266743,0.453157082
1497534909736810000,86252,1.04435236,-2.434208745,1.065268107,-0.435434746,0.587368415,-0.509551287,0.453599397
1497534909746770000,86253,1.048125326,-2.432254925,1.065025294,-0.438263838,0.585662626,-0.507714271,0.455137688
1497534909756750000,86254,1.05240461,-2.430420157,1.065027713,-0.44124744,0.5849708,-0.504632502,0.456569708
1497534909766710000,86255,1.056226693,-2.428576662,1.064451742,-0.443573814,0.584102027,-0.50271059,0.45754689
1497534909776680000,86256,1.060707034,-2.426562923,1.064438754,-0.446240931,0.583370825,-0.500328401,0.458496459
1497534909786740000,86257,1.062684005,-2.425168405,1.061632686,-0.44922481,0.581957847,-0.498233209,0.459658355
1497534909796790000,86258,1.066859636,-2.423151522,1.061059516,-0.45174716,0.580619029,-0.49634866,0.460916536
1497534909806700000,86259,1.071242626,-2.421100584,1.0605178,-0.455592434,0.58034362,-0.492710745,0.461381555
1497534909816820000,86260,1.075392738,-2.418963485,1.059777596,-0.45830773,0.579833385,-0.490917841,0.461244992
1497534909826720000,86261,1.079847226,-2.416701546,1.059160983,-0.461162837,0.579457118,-0.488388998,0.461556575
1497534909836810000,86262,1.084344487,-2.414352824,1.058603616,-0.463892682,0.578773965,-0.486249833,0.461936552
1497534909846790000,86263,1.089082585,-2.411981887,1.058080029,-0.467518283,0.579027133,-0.482666289,0.461722306
1497534909856770000,86264,1.093943105,-2.409455455,1.057549933,-0.469091474,0.578946246,-0.480874825,0.462097214
1497534909866780000,86265,1.099006619,-2.406871418,1.057030347,-0.471906429,0.578980266,-0.478497401,0.461656161
1497534909876720000,86266,1.10316316,-2.404469241,1.055488724,-0.475698182,0.579372038,-0.474745991,0.461145882
1497534909886770000,86267,1.108194574,-2.401811241,1.054699965,-0.478884359,0.580011569,-0.471524202,0.460349082
1497534909896780000,86268,1.112826714,-2.399173854,1.053415967,-0.481528537,0.579878429,-0.46928181,0.460049844
1497534909906660000,86269,1.118498961,-2.3961045,1.053343322,-0.484748031,0.580216762,-0.465879986,0.459699569
1497534909916770000,86270,1.12278986,-2.393196411,1.051933355,-0.488417251,0.579443461,-0.462788867,0.459913393
1497534909926680000,86271,1.128434095,-2.389773059,1.052122474,-0.491636728,0.578320155,-0.460070211,0.460624062
1497534909936790000,86272,1.132372616,-2.386656092,1.050543838,-0.493711575,0.576752789,-0.45872697,0.461708423
1497534909946780000,86273,1.139557997,-2.382464624,1.052861515,-0.496706482,0.575498754,-0.456378381,0.462387962
1497534909956760000,86274,1.143133872,-2.37901029,1.051125131,-0.498755757,0.573085726,-0.455586693,0.463957121
1497534909966780000,86275,1.147902235,-2.375163711,1.050734544,-0.500877673,0.571004814,-0.453560363,0.466216748
1497534909976770000,86276,1.153061812,-2.371036379,1.050829126,-0.503419264,0.569494402,-0.451907755,0.466930992
1497534909986690000,86277,1.15728221,-2.366996791,1.049844305,-0.505417885,0.566952089,-0.450301866,0.46941061
1497534909996770000,86278,1.162827221,-2.36255434,1.050325722,-0.507572982,0.564837303,-0.448887062,0.470987149
1497534910006750000,86279,1.166906777,-2.358326162,1.048916356,-0.508805948,0.562868745,-0.447840689,0.473005285
1497534910016780000,86280,1.172600197,-2.353526393,1.049570027,-0.510762021,0.560378445,-0.44693237,0.47471003
1497534910026760000,86281,1.17749122,-2.348707396,1.049115871,-0.51326927,0.558986314,-0.444509076,0.475920832
1497534910036760000,86282,1.182230114,-2.343846428,1.048385327,-0.515993043,0.556220805,-0.442535558,0.478050076
1497534910046780000,86283,1.187775342,-2.338546673,1.048903215,-0.518182378,0.554018771,-0.440961219,0.479690971
1497534910056730000,86284,1.191787395,-2.333508017,1.047138952,-0.520070166,0.551967633,-0.439472673,0.481375658
1497534910066780000,86285,1.196751183,-2.328038184,1.046791004,-0.521639616,0.549449595,-0.438496195,0.483444247
1497534910076760000,86286,1.201723883,-2.322452637,1.046606223,-0.523336632,0.547416441,-0.437304772,0.484993346
1497534910086780000,86287,1.206326035,-2.316773282,1.045991361,-0.525706396,0.54497926,-0.435374806,0.486907763
1497534910096610000,86288,1.212273026,-2.310603688,1.047139431,-0.527589289,0.543634532,-0.43372391,0.48784691
1497534910106750000,86289,1.215767408,-2.304829952,1.045061863,-0.528781099,0.540897267,-0.4329621,0.490269839
1497534910116730000,86290,1.220926226,-2.298542714,1.045459781,-0.530514061,0.539552858,-0.430378913,0.492149912
1497534910126740000,86291,1.225452395,-2.292170952,1.045012652,-0.532166062,0.537558476,-0.42889569,0.493840717
1497534910136790000,86292,1.229763714,-2.285494119,1.044537584,-0.534205314,0.535794476,-0.426385087,0.495726456
1497534910146790000,86293,1.233896841,-2.278600663,1.044009901,0.53614928,-0.533101502,0.424497597,-0.498145088
1497534910156740000,86294,1.237690502,-2.27142178,1.043288704,0.538622731,-0.531133264,0.421913233,-0.499772181
1497534910166790000,86295,1.242452329,-2.263890325,1.044107018,-0.541521722,0.527702832,-0.419241008,0.502514599
1497534910176680000,86296,1.24665035,-2.256229356,1.044554052,-0.544222087,0.525039656,-0.416364741,0.504773297
1497534910186780000,86297,1.250857724,-2.248403764,1.045443003,-0.546466734,0.521929057,-0.413876075,0.507612808
1497534910196790000,86298,1.254066774,-2.240556634,1.045439835,-0.548479215,0.51888714,-0.411694287,0.510327836
1497534910206780000,86299,1.257980358,-2.23255707,1.046876475,-0.550578056,0.51539648,-0.408993704,0.513764949
1497534910216780000,86300,1.261734735,-2.224470461,1.048213438,-0.553075145,0.51188296,-0.406081228,0.516896271
1497534910226760000,86301,1.2650166,-2.216364812,1.049487534,-0.554325794,0.508379719,-0.40419498,0.520479965
1497534910236790000,86302,1.26814244,-2.208250811,1.050582241,-0.556100192,0.505001812,-0.401725063,0.523777358
1497534910246780000,86303,1.272244622,-2.199969838,1.053446093,-0.557143187,0.501430573,-0.400154218,0.52729067
1497534910256740000,86304,1.274929591,-2.191891199,1.054570378,-0.558634504,0.497405884,-0.39810493,0.531062466
1497534910266780000,86305,1.277164343,-2.183863078,1.055474717,-0.55983254,0.492316363,-0.396782248,0.535514681
1497534910276800000,86306,1.280242681,-2.175722921,1.057647633,-0.561525804,0.48683397,-0.395624066,0.53959527
1497534910286770000,86307,1.282503844,-2.167793804,1.058831816,-0.562206162,0.481489108,-0.395078038,0.544064164
1497534910296780000,86308,1.285412619,-2.159960084,1.060851023,-0.563270637,0.475414007,-0.394311306,0.548840874
1497534910306780000,86309,1.287016302,-2.152439389,1.061278589,-0.564176492,0.468613008,-0.393477919,0.554330102
1497534910316810000,86310,1.289748168,-2.145065147,1.063228527,-0.564597966,0.462093166,-0.392984156,0.559698576
1497534910326730000,86311,1.291468435,-2.138119454,1.063923364,-0.564039835,0.455304241,-0.39294295,0.565820599
1497534910336670000,86312,1.294392146,-2.131262429,1.066103132,-0.56310035,0.448854726,-0.39277233,0.571994168
1497534910346800000,86313,1.294986562,-2.124798607,1.064977406,-0.560940285,0.443768749,-0.392351601,0.578338582
1497534910356730000,86314,1.297178407,-2.118404298,1.065927557,-0.558413624,0.438843527,-0.392210094,0.58460399
1497534910366790000,86315,1.299237186,-2.112248796,1.066712348,-0.555514623,0.434746828,-0.391387128,0.590944004
1497534910376910000,86316,1.300967365,-2.106170692,1.066997536,-0.553351837,0.431355597,-0.389483641,0.596688014
1497534910386770000,86317,1.302669465,-2.100210114,1.067212385,-0.55030821,0.428040233,-0.388052502,0.60279158
1497534910396850000,86318,1.305227191,-2.094269736,1.068852756,-0.5470792,0.425726566,-0.385707369,0.608844041
1497534910406780000,86319,1.307184996,-2.088448477,1.069635354,-0.543586131,0.423825227,-0.384312794,0.614157937
1497534910416790000,86320,1.309393826,-2.082708499,1.070924713,-0.541376536,0.422081138,-0.381349202,0.619137905
1497534910426700000,86321,1.313507127,-2.076963239,1.075386457,-0.538957422,0.419662937,-0.378112598,0.624851006
1497534910436780000,86322,1.313321973,-2.071349441,1.073809288,-0.536371965,0.417205687,-0.375428345,0.630315863
1497534910446770000,86323,1.315482794,-2.065684821,1.075740178,-0.534425138,0.414316927,-0.372401184,0.635648184
1497534910456730000,86324,1.317020932,-2.05991149,1.076907214,-0.532811615,0.411144887,-0.368996348,0.641025242
1497534910466770000,86325,1.31920736,-2.054104285,1.079256748,-0.531687487,0.408406165,-0.365094926,0.645924543
1497534910476810000,86326,1.32174872,-2.048140401,1.081801689,-0.53058156,0.404966861,-0.361770599,0.650851045
1497534910486730000,86327,1.322757408,-2.042079827,1.082403036,-0.529772489,0.40199737,-0.357702657,0.655582209
1497534910496750000,86328,1.323304752,-2.034797945,1.077764359,-0.511750521,0.406974596,-0.372924084,0.658339358
1497534910506850000,86329,1.325401299,-2.028353969,1.079579445,-0.511131624,0.404114503,-0.368780797,0.662900185
1497534910516860000,86330,1.326193292,-2.023149167,1.084187996,-0.529572331,0.389497414,-0.344088161,0.670409016
1497534910526770000,86331,1.327609469,-2.016549941,1.085087417,-0.5309616,0.384907126,-0.33915358,0.674463589
1497534910536940000,86332,1.332080726,-2.010002868,1.090289372,-0.533677782,0.3798743,-0.333477574,0.677994284
1497534910546790000,86333,1.329342165,-2.002859473,1.085033502,-0.526522967,0.357720179,-0.326174999,0.698870309
1497534910556760000,86334,1.332742931,-1.996535431,1.089122657,-0.537273276,0.367944234,-0.324753451,0.685922491
1497534910566780000,86335,1.333836176,-1.989777921,1.089614035,-0.539449058,0.361650475,-0.320349892,0.689622791
1497534910576740000,86336,1.334998,-1.983079476,1.090299528,-0.542114342,0.355396029,-0.316087609,0.692744056
1497534910586700000,86337,1.336512223,-1.976498275,1.091252496,-0.544755536,0.348605049,-0.312094077,0.695926154
1497534910596830000,86338,1.338050298,-1.97000666,1.092294567,-0.547562108,0.343062793,-0.307708607,0.698426138
1497534910606790000,86339,1.33896573,-1.963552099,1.092204427,-0.549892451,0.33749113,-0.303640882,0.701085048
1497534910616800000,86340,1.33994503,-1.957220685,1.092083132,-0.551401531,0.332406772,-0.300155836,0.703824242
1497534910626780000,86341,1.340731591,-1.951037035,1.091592191,-0.553173613,0.327833441,-0.296135346,0.706277598
1497534910637090000,86342,1.3419925,-1.944916411,1.091603061,-0.555235211,0.323292557,-0.292410337,0.70830218
1497534910646750000,86343,1.343197338,-1.938875885,1.091283854,-0.557033153,0.319852236,-0.288819275,0.709923968
1497534910656790000,86344,1.344906805,-1.932895758,1.091468759,-0.558527887,0.316482194,-0.285610129,0.711556375
1497534910666810000,86345,1.346594513,-1.926929724,1.091468572,-0.560528391,0.313740078,-0.282228004,0.712546447
1497534910676840000,86346,1.348409534,-1.921048216,1.091531394,-0.561928118,0.310959991,-0.279465091,0.713750613
1497534910686830000,86347,1.349531857,-1.915035715,1.090601255,-0.563592014,0.308594957,-0.276596251,0.714582191
1497534910696880000,86348,1.35127119,-1.909018534,1.090272639,-0.565110139,0.306301716,-0.274417921,0.715209475
1497534910706790000,86349,1.353461197,-1.902994319,1.09049639,-0.567922971,0.303825166,-0.271253928,0.715244765
1497534910716790000,86350,1.354452654,-1.896721883,1.089040415,-0.568477638,0.301719402,-0.269310701,0.716428869
1497534910726780000,86351,1.356600549,-1.890436478,1.089071257,-0.570340142,0.300023671,-0.266635859,0.716661174
1497534910736860000,86352,1.357864961,-1.883876063,1.087691529,-0.572135757,0.297776352,-0.264248196,0.71705147
1497534910746780000,86353,1.359875965,-1.877273588,1.087356957,-0.573759816,0.295869466,-0.261715287,0.717471979
1497534910756790000,86354,1.361404804,-1.870343169,1.086188431,-0.576486604,0.294352734,-0.258359426,0.717126258
1497534910766800000,86355,1.36292108,-1.863404668,1.08492569,-0.578052323,0.291798282,-0.256224146,0.717675735
1497534910776860000,86356,1.364501221,-1.856290217,1.083704172,-0.580404708,0.290327778,-0.253105645,0.717480096
1497534910786790000,86357,1.366271009,-1.849052388,1.082618804,-0.582445458,0.288441899,-0.250352047,0.717553072
1497534910796810000,86358,1.367642699,-1.841821557,1.081106369,-0.584437776,0.285889497,-0.24783843,0.717827133
1497534910806790000,86359,1.369534348,-1.834624122,1.08026004,-0.586612592,0.284095911,-0.244603153,0.717874974
1497534910816890000,86360,1.370609954,-1.827105215,1.078079745,-0.589385134,0.282109322,-0.241200938,0.717538572
1497534910826860000,86361,1.372090958,-1.819772723,1.076691376,-0.590144597,0.279745965,-0.238902582,0.718607755
1497534910836890000,86362,1.373890992,-1.812383984,1.075543434,-0.591592902,0.278035249,-0.235982511,0.719045543
1497534910846770000,86363,1.375267785,-1.804916878,1.073911237,-0.593453447,0.276415426,-0.232687164,0.719210819
1497534910856870000,86364,1.377028812,-1.797294011,1.072761132,-0.594096263,0.274214599,-0.230129528,0.720344629
1497534910866810000,86365,1.378211538,-1.789531516,1.070788632,-0.594536696,0.272628725,-0.226952376,0.721590129
1497534910876780000,86366,1.379855649,-1.781723505,1.069530379,-0.594379604,0.271325687,-0.22438602,0.723011875
1497534910886710000,86367,1.381820535,-1.773744994,1.068457464,-0.595255056,0.269453028,-0.221155533,0.723986681
1497534910896860000,86368,1.382771349,-1.76549257,1.066080038,-0.593948659,0.268953612,-0.218843674,0.725945171
1497534910906740000,86369,1.384911028,-1.757277576,1.065233574,-0.593261514,0.268279746,-0.215946418,0.727622085
1497534910916870000,86370,1.386590066,-1.748619529,1.063432644,-0.592061194,0.267652304,-0.213766027,0.729472325
1497534910926810000,86371,1.388752638,-1.73986907,1.062400277,-0.591130211,0.266744139,-0.21120913,0.731302496
1497534910936810000,86372,1.390582961,-1.73069851,1.060627031,-0.58971169,0.266059506,-0.209069258,0.733309284
1497534910946810000,86373,1.392901039,-1.721311731,1.05934216,-0.588804894,0.265539005,-0.206589514,0.73492762
1497534910956810000,86374,1.395142656,-1.711647296,1.057672758,-0.588055257,0.264784069,-0.203652669,0.736617948
1497534910966820000,86375,1.397123271,-1.701761005,1.055760462,-0.587134729,0.264003977,-0.200453644,0.73850731
1497534910976840000,86376,1.399861052,-1.691909333,1.054665804,-0.586451813,0.262456745,-0.19798458,0.74026538
1497534910986780000,86377,1.402567168,-1.682043087,1.053578817,-0.586323142,0.261706134,-0.195861712,0.741197182
1497534910996900000,86378,1.405528423,-1.671973813,1.052925752,-0.586691563,0.26091754,-0.193813578,0.741721878
1497534911006730000,86379,1.408437808,-1.662200812,1.052545736,-0.586633368,0.260696179,-0.191352609,0.742484325
1497534911016880000,86380,1.411553493,-1.652515551,1.052930942,-0.587600427,0.260808844,-0.189479091,0.742160467
1497534911026750000,86381,1.414042169,-1.643138774,1.0532931,-0.587797184,0.262287702,-0.188869767,0.74163862
1497534911036860000,86382,1.416811891,-1.634260213,1.05451605,-0.587672162,0.264470057,-0.189259123,0.740863012
1497534911046790000,86383,1.419299795,-1.62556996,1.055920231,-0.588152709,0.267126777,-0.189435429,0.73948218
1497534911056840000,86384,1.422211763,-1.616834374,1.05795583,-0.58931812,0.267878472,-0.189380387,0.738295569
1497534911066760000,86385,1.425350718,-1.60769368,1.060098416,-0.591109374,0.268580289,-0.189985098,0.736450948
1497534911076880000,86386,1.428382112,-1.598385341,1.062001531,-0.59302884,0.26909551,-0.190072912,0.734694964
1497534911086760000,86387,1.4315596,-1.589296988,1.063764978,-0.593319924,0.27079916,-0.191537446,0.733452582
1497534911096880000,86388,1.434857418,-1.580239206,1.065378092,-0.592831852,0.273354664,-0.193871961,0.732284976
1497534911106840000,86389,1.438175627,-1.571235496,1.066744288,-0.592490549,0.275788009,-0.195828526,0.731127288
1497534911116830000,86390,1.441475173,-1.562367088,1.068279634,-0.592147155,0.276004388,-0.200570814,0.730037446
1497534911126780000,86391,1.444621404,-1.55362704,1.0692798,-0.590868599,0.277768614,-0.205269725,0.729097549
1497534911136740000,86392,1.447693399,-1.545139915,1.070227982,-0.589793748,0.279351859,-0.211351369,0.727623854
1497534911146750000,86393,1.450682069,-1.536701441,1.070997301,-0.59256472,0.280373146,-0.214890468,0.723933725
1497534911156690000,86394,1.453522686,-1.528669325,1.07171253,-0.594824126,0.282680967,-0.217917706,0.720269119
1497534911166710000,86395,1.456308839,-1.520868285,1.072552192,-0.598723712,0.284331852,-0.218631793,0.716160216
1497534911176740000,86396,1.459041364,-1.513279798,1.073172701,-0.602362878,0.287154733,-0.217656393,0.712268781
1497534911186750000,86397,1.461850914,-1.505719256,1.074272782,-0.606877503,0.289001822,-0.216889729,0.707909944
1497534911196860000,86398,1.46447674,-1.49856812,1.075114832,-0.610087935,0.292023139,-0.214997237,0.704479514
1497534911206770000,86399,1.467386329,-1.491020763,1.075827053,-0.61787439,0.294253536,-0.209253538,0.698469077
1497534911216820000,86400,1.469063788,-1.484794229,1.076729205,-0.613296045,0.294682539,-0.212702972,0.7012757
1497534911226730000,86401,1.470794746,-1.47790506,1.076505137,-0.614589554,0.297455253,-0.209236576,0.700014362
1497534911236720000,86402,1.472778451,-1.471595023,1.077025983,-0.613734679,0.299273029,-0.20896869,0.700069628
1497534911246710000,86403,1.475647732,-1.46489561,1.077237901,-0.620781647,0.302654352,-0.201473991,0.694578089
1497534911256790000,86404,1.477011314,-1.459110867,1.077918121,-0.615370957,0.301757132,-0.207574656,0.697978496
1497534911266860000,86405,1.479020231,-1.452803805,1.078229625,-0.616834121,0.303134195,-0.207837995,0.69600912
1497534911276940000,86406,1.482020041,-1.445802051,1.078251182,-0.628152331,0.305701841,-0.201365323,0.686602535
1497534911286830000,86407,1.482911056,-1.440239557,1.078503956,-0.62242753,0.305698474,-0.209165805,0.689479571
1497534911296800000,86408,1.484837358,-1.434220209,1.078797661,-0.624769463,0.306602865,-0.210921959,0.686418042
1497534911306800000,86409,1.486359342,-1.428527278,1.078938448,-0.626457123,0.305012896,-0.210302072,0.685778131
1497534911316860000,86410,1.487856245,-1.422952844,1.078788308,-0.626695123,0.305968941,-0.211830204,0.684663563
1497534911326790000,86411,1.489615739,-1.417150941,1.078776332,-0.628465114,0.306978886,-0.212559373,0.682359199
1497534911336840000,86412,1.491328091,-1.411344208,1.078930975,-0.62974481,0.307600628,-0.213077619,0.68073582
1497534911346780000,86413,1.492885844,-1.405489234,1.078902127,-0.631205172,0.308323623,-0.21341037,0.678949621
1497534911356870000,86414,1.494202701,-1.399618093,1.078520603,-0.631861795,0.309217474,-0.214547249,0.677572656
1497534911366800000,86415,1.495864421,-1.39366168,1.078233834,-0.633809137,0.309710878,-0.214347813,0.675588754
1497534911376850000,86416,1.497194297,-1.387531783,1.07791376,-0.635270624,0.310228615,-0.214783438,0.6738379
1497534911386790000,86417,1.498711684,-1.381227662,1.077448055,-0.638023169,0.311394307,-0.214316318,0.670841664
1497534911396850000,86418,1.500082397,-1.375140527,1.076839549,-0.639479246,0.31275253,-0.213632739,0.669039014
1497534911406780000,86419,1.501460031,-1.368738986,1.076382455,-0.641410645,0.313093175,-0.213962872,0.666921988
1497534911416800000,86420,1.502937307,-1.362295366,1.075861092,-0.644159779,0.313965701,-0.212863479,0.664208444
1497534911426770000,86421,1.504144998,-1.356042433,1.075157674,-0.645356923,0.315322699,-0.212459587,0.662530725
1497534911436810000,86422,1.50532972,-1.349631892,1.074599182,-0.647396253,0.31575237,-0.21296412,0.660170293
1497534911446790000,86423,1.50641435,-1.343305822,1.073812183,-0.647840814,0.316529582,-0.21367408,0.659131771
1497534911456860000,86424,1.507679108,-1.336736111,1.073177051,-0.649897063,0.318037582,-0.212854965,0.656641963
1497534911466810000,86425,1.508809261,-1.330312196,1.072320297,-0.650857568,0.319440847,-0.212692141,0.655060322
1497534911476820000,86426,1.509999521,-1.323688568,1.07159243,-0.652320389,0.319789144,-0.212804511,0.653396705
1497534911486790000,86427,1.511075897,-1.317022935,1.070777979,-0.653991645,0.320721531,-0.212547226,0.651349603
1497534911496820000,86428,1.512201055,-1.310257149,1.069936928,-0.65541111,0.321365441,-0.212498474,0.649619065
1497534911506790000,86429,1.513297748,-1.303397856,1.068990608,-0.657072319,0.322039284,-0.212269841,0.647679073
1497534911516870000,86430,1.514249394,-1.296485384,1.068049525,-0.658548278,0.322804327,-0.212338169,0.64577398
1497534911526810000,86431,1.515253134,-1.289511407,1.067043764,-0.659817188,0.323119802,-0.212946062,0.644118659
1497534911536860000,86432,1.516228461,-1.282422471,1.066175061,-0.661463791,0.323265566,-0.213588027,0.642141092
1497534911546800000,86433,1.517175632,-1.275400029,1.065234931,-0.662560592,0.323492716,-0.214357663,0.640637742
1497534911556870000,86434,1.518110104,-1.268198336,1.064291591,-0.663935466,0.324135468,-0.215145244,0.638622282
1497534911566790000,86435,1.519250454,-1.261011729,1.06297689,-0.665183106,0.325394389,-0.217177667,0.635990399
1497534911576880000,86436,1.520233343,-1.253818755,1.06195819,-0.665617171,0.326248535,-0.219045825,0.634456147
1497534911586800000,86437,1.521248426,-1.24651277,1.060806419,-0.666339003,0.327808501,-0.220026568,0.632552155
1497534911596810000,86438,1.522314994,-1.23918899,1.059500437,-0.667548158,0.329687808,-0.221349601,0.629833121
1497534911606800000,86439,1.523390119,-1.231775589,1.058402999,-0.668284938,0.331233475,-0.221684938,0.628120542
1497534911616850000,86440,1.524410671,-1.224323311,1.057160134,-0.669051562,0.332970272,-0.22235454,0.62614636
1497534911626780000,86441,1.525390005,-1.216778356,1.055854711,-0.669907474,0.334804672,-0.222929438,0.624045089
1497534911636840000,86442,1.526328964,-1.209182587,1.054305092,-0.670721969,0.336348502,-0.224124555,0.621908281
1497534911646810000,86443,1.527222949,-1.20147588,1.053108502,-0.670781004,0.337781076,-0.224977249,0.620759234
1497534911656800000,86444,1.527746084,-1.193880432,1.051686664,-0.671739126,0.338552456,-0.226048773,0.618910926
1497534911666800000,86445,1.528391727,-1.186106184,1.049994186,-0.672905108,0.339130873,-0.227647088,0.616738007
1497534911676800000,86446,1.529010813,-1.178177403,1.048413084,-0.673208224,0.340004064,-0.229463342,0.615251573
1497534911686760000,86447,1.529579482,-1.170230007,1.04678604,-0.674074439,0.341112781,-0.231219888,0.613027801
1497534911696790000,86448,1.530233371,-1.162111338,1.044906063,-0.674839818,0.342078422,-0.233654316,0.610720259
1497534911706800000,86449,1.530737343,-1.153981316,1.043286081,-0.675219044,0.343787884,-0.235594894,0.608591965
1497534911716800000,86450,1.531409078,-1.145598297,1.041834069,-0.674788516,0.345742496,-0.237940374,0.607047744
1497534911726760000,86451,1.531865465,-1.137116443,1.040313628,-0.675277707,0.347594598,-0.239177874,0.604956163
1497534911736850000,86452,1.532482461,-1.128374023,1.039104267,-0.675671304,0.349858647,-0.240245817,0.602784508
1497534911746810000,86453,1.532982918,-1.119572017,1.037965114,-0.675352016,0.351581047,-0.241734248,0.601543826
1497534911756850000,86454,1.533372853,-1.11051211,1.037072205,-0.67498931,0.352794081,-0.242875014,0.600780738
1497534911766810000,86455,1.533498321,-1.101139014,1.036527053,-0.674393603,0.354637049,-0.242935745,0.60033995
1497534911776780000,86456,1.533622237,-1.091723851,1.035948525,-0.674666323,0.35534296,-0.242652447,0.599730376
1497534911786780000,86457,1.53369235,-1.082005574,1.035458138,-0.67495652,0.355060579,-0.242528317,0.599621295
1497534911796870000,86458,1.533557764,-1.072095468,1.035331105,-0.675090086,0.355497006,-0.241179708,0.599756287
1497534911806810000,86459,1.533185885,-1.062058359,1.035256279,-0.675926554,0.35492781,-0.239224479,0.599934323
1497534911816870000,86460,1.532921832,-1.051821969,1.035583014,-0.676222293,0.354257924,-0.237532914,0.600668668
1497534911826770000,86461,1.532353106,-1.041648518,1.035944162,-0.676296591,0.353071118,-0.235204861,0.602197958
1497534911836880000,86462,1.531548967,-1.031322878,1.036790091,-0.676779895,0.351513583,-0.231897251,0.603846702
1497534911846810000,86463,1.53055602,-1.021169494,1.03796608,-0.676462747,0.349605038,-0.229098649,0.606373052
1497534911856790000,86464,1.529350872,-1.011134828,1.0393102,-0.675920997,0.347198138,-0.22640694,0.60936373
1497534911866810000,86465,1.52814295,-1.001371279,1.040895218,-0.674583622,0.344218838,-0.224546096,0.613212344
1497534911876840000,86466,1.52681999,-0.991785094,1.042949693,-0.673012861,0.341283868,-0.222375348,0.617355826
1497534911886790000,86467,1.525384973,-0.982540504,1.044702174,-0.671384154,0.337607321,-0.221214883,0.621553368
1497534911896920000,86468,1.524067556,-0.973467097,1.046693638,-0.668860897,0.333718911,-0.220486664,0.626611857
1497534911906740000,86469,1.52275211,-0.964709169,1.04855467,-0.666982482,0.3290618,-0.219465548,0.631417116
1497534911916860000,86470,1.521553303,-0.956223632,1.050324192,-0.663346439,0.325158267,-0.219976147,0.637066792
1497534911926800000,86471,1.520446409,-0.947967562,1.052014594,-0.659891016,0.322027249,-0.21896129,0.642571592
1497534911936790000,86472,1.51946551,-0.940057468,1.053547524,-0.656944019,0.317710944,-0.217758302,0.648124706
1497534911946800000,86473,1.518728637,-0.93215338,1.055062634,-0.652789172,0.315734682,-0.217539397,0.653341043
1497534911956850000,86474,1.518090746,-0.924727652,1.056486207,-0.648525123,0.313526708,-0.216554832,0.658953848
1497534911966790000,86475,1.517677484,-0.917388084,1.05771562,-0.644290258,0.312232403,-0.215676358,0.66399149
1497534911976840000,86476,1.51722051,-0.910372722,1.059036208,-0.639737852,0.311307476,-0.214677839,0.669131199
1497534911986700000,86477,1.517094404,-0.90340438,1.060518427,-0.636122619,0.310603046,-0.213643035,0.673223897
1497534911996780000,86478,1.516937472,-0.896686923,1.061755949,-0.632011557,0.310148163,-0.212568843,0.677631165
1497534912006800000,86479,1.516838656,-0.890399243,1.063177911,-0.627368896,0.31000654,-0.211621722,0.682290598
1497534912016810000,86480,1.516793788,-0.884075228,1.064757809,-0.623422891,0.309578099,-0.211846339,0.686022177
1497534912026750000,86481,1.517005908,-0.877723216,1.066581009,-0.61921329,0.310676812,-0.211959073,0.689295417
1497534912036920000,86482,1.517064479,-0.871594956,1.068273356,-0.61542482,0.31069065,-0.211645662,0.692769604
1497534912046800000,86483,1.517055172,-0.865451955,1.070319935,-0.611910883,0.310413308,-0.211652234,0.695997113
1497534912056770000,86484,1.516932481,-0.859431615,1.072233905,-0.608692167,0.308834565,-0.211563627,0.69953977
1497534912066820000,86485,1.516998306,-0.8532401,1.074390263,-0.604057438,0.308660184,-0.212101559,0.703460327
1497534912076840000,86486,1.516877948,-0.846932769,1.076138898,-0.600742195,0.307404059,-0.212541633,0.706709003
1497534912086810000,86487,1.516830481,-0.840757356,1.07799151,-0.597659264,0.305148983,-0.211973172,0.710461031
1497534912096890000,86488,1.51697504,-0.834204718,1.080129791,-0.594680178,0.304175328,-0.211088418,0.713634735
1497534912106810000,86489,1.516904306,-0.82777907,1.081443065,-0.591850376,0.301472476,-0.210245498,0.717373201
1497534912116720000,86490,1.517033257,-0.821055817,1.083052537,-0.589112027,0.300289094,-0.209221004,0.720416582
1497534912126720000,86491,1.517031685,-0.814307819,1.084248643,-0.587886511,0.296722026,-0.20815375,0.723199493
1497534912136840000,86492,1.516944818,-0.807430017,1.085197015,-0.586455945,0.293864132,-0.206793548,0.725913028
1497534912146810000,86493,1.517007233,-0.800415431,1.086027091,-0.585693856,0.290721869,-0.20561667,0.7281245
1497534912156880000,86494,1.516958355,-0.793396526,1.086888887,-0.584499432,0.287917639,-0.205303714,0.730283666
1497534912166820000,86495,1.517172439,-0.786138172,1.087098811,-0.585191329,0.284656158,-0.20382014,0.731422813
1497534912176850000,86496,1.517241897,-0.778956954,1.087348099,-0.585106294,0.282344547,-0.203290894,0.732533272
1497534912186820000,86497,1.517244832,-0.771710925,1.08715303,-0.586484332,0.279338902,-0.201187216,0.733164108
1497534912196830000,86498,1.517703291,-0.764276783,1.087128754,-0.586203526,0.277399475,-0.200815428,0.734226206
1497534912206780000,86499,1.518101243,-0.756769194,1.086518467,-0.587612881,0.275422215,-0.19919136,0.734286394
1497534912216890000,86500,1.518536903,-0.74913882,1.085776357,-0.589264061,0.273969632,-0.197314707,0.734013225
1497534912226730000,86501,1.51910542,-0.741347079,1.084893817,-0.590485524,0.272864933,-0.195957604,0.733806645
1497534912236790000,86502,1.519641611,-0.733492192,1.083832717,-0.592967926,0.272036653,-0.19344965,0.732777136
1497534912246750000,86503,1.520394983,-0.725406306,1.082614819,-0.595084416,0.271286157,-0.192145465,0.731681952
1497534912256770000,86504,1.521090965,-0.717191788,1.081358054,-0.597632525,0.271309379,-0.190673972,0.729979467
1497534912266800000,86505,1.521795187,-0.708867143,1.079744016,-0.60048547,0.270724743,-0.189419432,0.728179643
1497534912276840000,86506,1.522416013,-0.700430719,1.077874606,-0.603323551,0.269135029,-0.188395501,0.726687116
1497534912286810000,86507,1.522886807,-0.691927653,1.075903506,-0.605907007,0.266813296,-0.187426686,0.725643577
1497534912296790000,86508,1.523822248,-0.682968366,1.074013318,-0.608798333,0.264010115,-0.186280879,0.724543086
1497534912306810000,86509,1.524862558,-0.673729344,1.072190432,-0.61200675,0.261464767,-0.184301203,0.723268263
1497534912316830000,86510,1.525791577,-0.664153539,1.070568459,-0.614884367,0.259399731,-0.183610572,0.721745213
1497534912326730000,86511,1.52671772,-0.654517956,1.068838438,-0.617224797,0.256568657,-0.182465485,0.721049528
1497534912336880000,86512,1.52743085,-0.644981477,1.0672084,-0.618619039,0.254400402,-0.181061442,0.720976889
1497534912346820000,86513,1.528001135,-0.635667082,1.065455857,-0.619349496,0.251995276,-0.178855346,0.721744655
1497534912356840000,86514,1.528576746,-0.626584988,1.063840954,-0.61821745,0.249967274,-0.176763909,0.723932364
1497534912366840000,86515,1.529266107,-0.617629783,1.062427129,-0.617217833,0.249260048,-0.173634816,0.725784076
1497534912376880000,86516,1.529416681,-0.608963223,1.060589869,-0.613539744,0.246160233,-0.173630113,0.729949797
1497534912386830000,86517,1.530191663,-0.59990612,1.059238761,-0.611048324,0.245921528,-0.172719698,0.732332202
1497534912396900000,86518,1.530974439,-0.590827303,1.057877071,-0.608276876,0.244684912,-0.171738925,0.735278368
1497534912406830000,86519,1.532152232,-0.58121011,1.056705668,-0.605386229,0.244411072,-0.171888707,0.73771608
1497534912416920000,86520,1.533335191,-0.571574585,1.055552563,-0.602592988,0.243691,-0.171059192,0.740429024
1497534912426770000,86521,1.534706875,-0.561606305,1.054456795,-0.599253164,0.244503549,-0.170876235,0.742909801
1497534912436880000,86522,1.536113468,-0.551361292,1.053101615,-0.596172648,0.245002243,-0.170513831,0.745303367
1497534912446810000,86523,1.537797844,-0.540721001,1.051778104,-0.593716928,0.243329958,-0.169477596,0.748042836
1497534912456840000,86524,1.539386239,-0.529862088,1.050396675,-0.591499481,0.242433215,-0.168008294,0.750418359
1497534912466820000,86525,1.541318918,-0.518647601,1.049554743,-0.590274495,0.240188118,-0.166667073,0.752401339
1497534912476840000,86526,1.543157975,-0.507453457,1.048843032,-0.588413608,0.237987625,-0.165962356,0.754710417
1497534912486820000,86527,1.544795848,-0.49645649,1.048469128,-0.587845873,0.235254917,-0.164921378,0.756236268
1497534912496830000,86528,1.546713028,-0.485560704,1.048896051,-0.587209729,0.234854521,-0.165703546,0.756683833
1497534912506720000,86529,1.548778794,-0.474919582,1.049975352,-0.587174929,0.233676863,-0.166893273,0.756813955
1497534912516860000,86530,1.551202266,-0.46446743,1.051636594,-0.587046172,0.23312904,-0.168929979,0.756630891
1497534912526730000,86531,1.553812588,-0.454126321,1.053722108,-0.588945019,0.232723821,-0.16970284,0.755105512
1497534912536850000,86532,1.556755407,-0.443763485,1.056207956,-0.590467174,0.233332419,-0.171079153,0.7534165
1497534912546810000,86533,1.559528148,-0.43374232,1.058036031,-0.591386521,0.234318593,-0.173382719,0.751861165
1497534912556910000,86534,1.562931309,-0.423490944,1.060621564,-0.591887915,0.235503483,-0.175885895,0.750513796
1497534912566780000,86535,1.566158957,-0.413421505,1.062498436,-0.591881328,0.237806483,-0.178578269,0.749155773
1497534912576800000,86536,1.569588262,-0.403468947,1.064376904,-0.591566376,0.240154238,-0.18106431,0.748058073
1497534912586830000,86537,1.571401645,-0.39428766,1.063499361,-0.59139639,0.246942813,-0.183557146,0.745369929
1497534912596810000,86538,1.574878132,-0.384525787,1.065359862,-0.591498399,0.250248044,-0.18632665,0.743497102
1497534912606810000,86539,1.578048009,-0.374888184,1.066639827,-0.592660333,0.252624422,-0.188785897,0.741144059
1497534912616820000,86540,1.581259804,-0.365145818,1.068228992,-0.595271804,0.254034075,-0.19037525,0.73815678
1497534912626810000,86541,1.584152103,-0.355519109,1.06933906,-0.599260027,0.255045819,-0.191598464,0.734254097
1497534912636820000,86542,1.586774802,-0.346085679,1.070353699,-0.604112545,0.255307071,-0.1922751,0.729997684
1497534912646800000,86543,1.589277379,-0.336789458,1.071330072,-0.608412757,0.255612431,-0.192989832,0.726120601
1497534912656880000,86544,1.591399915,-0.327876517,1.072060927,-0.613053283,0.255218242,-0.192586143,0.722454081
1497534912666780000,86545,1.593290177,-0.319280676,1.072700921,-0.617024439,0.254432261,-0.1918309,0.71954567
1497534912676810000,86546,1.595077768,-0.310905853,1.073420706,-0.620105842,0.253728157,-0.190959396,0.717373875
1497534912686750000,86547,1.596684051,-0.302889284,1.073913788,-0.623152873,0.252860658,-0.190117492,0.715260319
1497534912696800000,86548,1.598513606,-0.295047302,1.074871088,-0.626252198,0.25184554,-0.189050534,0.713191352
1497534912706820000,86549,1.600066658,-0.287427999,1.075194909,-0.628159454,0.251562545,-0.188426449,0.711777676
1497534912716860000,86550,1.601781727,-0.280040486,1.075523135,-0.631060396,0.251592833,-0.187482483,0.709446363
1497534912726750000,86551,1.603577889,-0.272874807,1.075678523,-0.633142804,0.25326195,-0.187044552,0.707108839
1497534912736870000,86552,1.605579744,-0.265985665,1.076064086,-0.634811955,0.255369075,-0.186668995,0.704950426
1497534912746790000,86553,1.607697538,-0.259216266,1.076259853,-0.635231222,0.258968405,-0.187490493,0.703039099
1497534912756780000,86554,1.609917597,-0.252688525,1.076512135,-0.63588856,0.263557612,-0.188164866,0.700554857
1497534912766800000,86555,1.612124289,-0.246271503,1.076548608,-0.635982918,0.268196551,-0.189060385,0.698464393
1497534912776890000,86556,1.614237567,-0.239984042,1.07640298,-0.636644747,0.272611552,-0.189795626,0.695948294
1497534912786880000,86557,1.616472523,-0.233711797,1.076452596,-0.637498857,0.277399818,-0.190506378,0.693074215
1497534912796910000,86558,1.61861486,-0.227502493,1.076254391,-0.639011979,0.281768918,-0.190900092,0.689802234
1497534912806820000,86559,1.620664241,-0.221189189,1.076177453,-0.638842873,0.286565241,-0.1920751,0.687653475
1497534912816870000,86560,1.622452674,-0.214941411,1.075703521,-0.639091441,0.290711468,-0.192838564,0.685464996
1497534912826800000,86561,1.624271897,-0.208592515,1.075461604,-0.640835246,0.294111587,-0.1933198,0.682243371
1497534912836870000,86562,1.625763285,-0.202134792,1.074932282,-0.641953877,0.296599702,-0.193999773,0.679917586
1497534912846810000,86563,1.627180327,-0.19553488,1.074304902,-0.644018389,0.299046029,-0.194544732,0.676730474
1497534912856890000,86564,1.628651203,-0.188709143,1.073668136,-0.645778708,0.301514524,-0.194306359,0.674020691
1497534912866830000,86565,1.629798608,-0.181902896,1.072789073,-0.648432112,0.302670837,-0.194811679,0.670801439
1497534912876870000,86566,1.631387713,-0.174565777,1.071999745,-0.655759456,0.304502592,-0.190510925,0.664050672
1497534912886830000,86567,1.632404518,-0.167612236,1.071045517,-0.658841745,0.305723648,-0.189817682,0.660628378
1497534912896900000,86568,1.633269197,-0.160572652,1.07035866,-0.661277933,0.305194564,-0.190847524,0.658137521
1497534912906820000,86569,1.634154706,-0.153545424,1.069395391,-0.663531597,0.306507809,-0.190499974,0.655353753
1497534912916840000,86570,1.634997482,-0.146377487,1.068277425,-0.666760222,0.306423313,-0.190280996,0.652172294
1497534912926800000,86571,1.635919279,-0.139351205,1.067519559,-0.668276295,0.307410618,-0.190348736,0.650132959
1497534912936890000,86572,1.636894015,-0.132308898,1.066421153,-0.670808828,0.308758743,-0.189825237,0.647031632
1497534912946840000,86573,1.637647005,-0.125310677,1.065380745,-0.672066659,0.30931573,-0.190425777,0.645281495
1497534912956790000,86574,1.638479491,-0.118326301,1.064186947,-0.673132708,0.311110438,-0.190375142,0.643319483
1497534912966850000,86575,1.639324997,-0.111208768,1.063224959,-0.674410942,0.312162099,-0.190584372,0.641406503
1497534912976790000,86576,1.640103114,-0.104029524,1.061938571,-0.676046909,0.313544493,-0.18999564,0.639180791
1497534912986830000,86577,1.640618702,-0.096860306,1.060631587,-0.677051171,0.314437913,-0.190616763,0.637491772
1497534912996830000,86578,1.641184741,-0.089551313,1.059606084,-0.678401425,0.31461278,-0.191435077,0.635722358
1497534913006790000,86579,1.641417613,-0.082222757,1.058287123,-0.679100802,0.315164234,-0.192575976,0.634356445
1497534913016840000,86580,1.641721535,-0.074959603,1.057186816,-0.679328455,0.315978066,-0.19394321,0.63329041
1497534913026810000,86581,1.641949685,-0.067504467,1.056223665,-0.680165457,0.315929637,-0.195537721,0.631924375
1497534913036810000,86582,1.642210227,-0.060082328,1.055066099,-0.680236346,0.316890879,-0.19678974,0.630977402
1497534913046840000,86583,1.642525136,-0.052554812,1.053883886,-0.680556764,0.318431034,-0.197447526,0.629649619
1497534913056870000,86584,1.642725576,-0.044885005,1.052898106,-0.681110546,0.318723351,-0.199173053,0.628358134
1497534913066850000,86585,1.642829522,-0.037253061,1.05159355,-0.681261692,0.319509008,-0.201351395,0.627099766
1497534913076890000,86586,1.643084776,-0.02943899,1.050616064,-0.68098149,0.320792852,-0.203344946,0.626104615
1497534913086830000,86587,1.643398902,-0.021618053,1.049285194,-0.681316038,0.322260911,-0.204540929,0.624595365
1497534913096840000,86588,1.643571331,-0.013603514,1.048099874,-0.681620032,0.323340657,-0.206495455,0.623060654
1497534913106830000,86589,1.643692504,-0.005427967,1.046729162,-0.681603785,0.324454672,-0.209070042,0.621639095
1497534913116840000,86590,1.643884478,0.002800328,1.04514464,-0.68188221,0.326672459,-0.209960291,0.61986969
1497534913126810000,86591,1.643720163,0.011229023,1.043470704,-0.682350015,0.327548218,-0.212359047,0.618073019
1497534913136870000,86592,1.643672938,0.019941245,1.042167789,-0.682565256,0.327540333,-0.215753699,0.61666226
1497534913146840000,86593,1.643672152,0.028722309,1.040938303,-0.683822308,0.328583892,-0.217481765,0.614102075
1497534913156940000,86594,1.643454753,0.037732863,1.0392557,-0.684154223,0.330153172,-0.219331334,0.612230061
1497534913166840000,86595,1.643029893,0.046825051,1.037527819,-0.684046034,0.331807303,-0.221841947,0.610549824
1497534913176880000,86596,1.642634043,0.056137417,1.036167953,-0.683591155,0.333086342,-0.224019052,0.60956713
1497534913186830000,86597,1.642415178,0.06594219,1.034854031,-0.684316069,0.334336827,-0.225421652,0.607548749
1497534913196900000,86598,1.64217892,0.075890482,1.033345939,-0.684834927,0.336426364,-0.225590023,0.605745463
1497534913206820000,86599,1.641958041,0.085933522,1.032241099,-0.685440432,0.337855758,-0.225452555,0.604314526
1497534913216890000,86600,1.64166467,0.096208229,1.031426684,-0.686138436,0.339485508,-0.225042388,0.602759952
1497534913226820000,86601,1.641161593,0.106738779,1.030988826,-0.68576375,0.340210519,-0.224999271,0.602793672
1497534913236840000,86602,1.64024365,0.117534433,1.030324327,-0.686389586,0.339440691,-0.22474993,0.602608349
1497534913246840000,86603,1.639338281,0.128543515,1.029863455,-0.687243069,0.339289552,-0.222523156,0.602547101
1497534913256780000,86604,1.638158687,0.139528326,1.029875714,-0.686855853,0.339068629,-0.220735462,0.603769292
1497534913266810000,86605,1.637024635,0.150627549,1.030135698,-0.687470057,0.33861774,-0.21761475,0.604455761
1497534913276920000,86606,1.635201463,0.161824383,1.030578627,-0.688680599,0.335619576,-0.21602582,0.605319236
1497534913286770000,86607,1.63344318,0.172884662,1.031338584,-0.688458397,0.33398158,-0.212694498,0.607653183
1497534913296850000,86608,1.631418081,0.183749985,1.032362324,-0.688560201,0.331825399,-0.209701259,0.6097558
1497534913306820000,86609,1.629330033,0.194073134,1.033708994,-0.687049725,0.328833824,-0.206967936,0.613999401
1497534913316850000,86610,1.625987475,0.205449234,1.033924598,-0.689571418,0.320934201,-0.206857059,0.615388215
1497534913326800000,86611,1.623888543,0.2150666,1.036333457,-0.686560054,0.316881375,-0.206469719,0.620960338
1497534913336830000,86612,1.621541644,0.225031697,1.037951462,-0.687393778,0.311112956,-0.205052117,0.623419724
1497534913346860000,86613,1.619536181,0.234403645,1.040222764,-0.68475688,0.307410591,-0.203962259,0.628495139
1497534913356930000,86614,1.617757241,0.243243631,1.042041187,-0.681129912,0.303365522,-0.203453705,0.634537622
1497534913366840000,86615,1.615938242,0.25191394,1.043772171,-0.677808603,0.300807289,-0.200832701,0.64012241
1497534913376950000,86616,1.614443441,0.260410901,1.045767299,-0.674347341,0.296716673,-0.20144163,0.645473585
1497534913386800000,86617,1.613125175,0.268605527,1.047654371,-0.670538701,0.294143958,-0.201319317,0.650636392
1497534913396870000,86618,1.611868381,0.27651529,1.049234921,-0.666843694,0.29336062,-0.200419811,0.655050329
1497534913406830000,86619,1.610889623,0.284096011,1.050804378,-0.661468127,0.293300949,-0.200107618,0.660599282
1497534913416920000,86620,1.609953211,0.291295867,1.052575087,-0.656714512,0.294724345,-0.199757981,0.664800992
1497534913426840000,86621,1.609056936,0.298446799,1.054222979,-0.651773252,0.295088697,-0.19952585,0.66955487
1497534913436930000,86622,1.608246124,0.305091483,1.056135155,-0.645481285,0.296289104,-0.201077696,0.674636523
1497534913446840000,86623,1.607364331,0.311790621,1.057712396,-0.640428684,0.297153993,-0.201005643,0.679078299
1497534913456890000,86624,1.606666005,0.318461951,1.0591449,-0.635612941,0.299040311,-0.200259526,0.682984043
1497534913466730000,86625,1.60609967,0.325140064,1.060804926,-0.631689963,0.299562478,-0.200139748,0.686421294
1497534913476800000,86626,1.605371244,0.331776111,1.062667272,-0.626574294,0.299135691,-0.200464841,0.691184737
1497534913486880000,86627,1.604701477,0.338407,1.064109804,-0.622508718,0.299209998,-0.199272968,0.695159376
1497534913496910000,86628,1.603972035,0.34521998,1.066003068,-0.619413755,0.297304245,-0.199536893,0.698657151
1497534913506780000,86629,1.603439246,0.352219208,1.06758159,-0.616794324,0.295534666,-0.198440724,0.702029417
1497534913516910000,86630,1.602703352,0.359125242,1.0690241,-0.613385516,0.293494995,-0.198118419,0.705951832
1497534913526790000,86631,1.60217779,0.366057623,1.070373888,-0.610183386,0.291647691,-0.197274793,0.709718617
1497534913536910000,86632,1.601687679,0.373095723,1.071786136,-0.607984944,0.289231293,-0.195517061,0.713072679
1497534913546820000,86633,1.601032186,0.380051226,1.072838303,-0.605267743,0.287216805,-0.194571894,0.716449053
1497534913556930000,86634,1.600661682,0.387085958,1.073960971,-0.602664877,0.28558629,-0.193276972,0.719638471
1497534913566820000,86635,1.600178208,0.394135619,1.074849762,-0.600097055,0.28328122,-0.191119743,0.723262413
1497534913576880000,86636,1.598921996,0.401419651,1.074206749,-0.595063913,0.285498033,-0.187152051,0.727573998
1497534913586820000,86637,1.598567087,0.408746936,1.075243338,-0.595260723,0.282041004,-0.185330679,0.729225674
1497534913596880000,86638,1.598278083,0.416411766,1.076060445,-0.595385956,0.279939257,-0.183556333,0.730381167
1497534913606770000,86639,1.597673374,0.423852883,1.076631112,-0.594419465,0.277277332,-0.182620172,0.732415629
1497534913616850000,86640,1.597446539,0.43172615,1.077322221,-0.595978892,0.274783754,-0.181205439,0.732439511
1497534913626850000,86641,1.596273337,0.438378561,1.077015798,-0.589850996,0.269977818,-0.1811131,0.739179156
1497534913636900000,86642,1.595630172,0.446253267,1.077047891,-0.590673408,0.265766028,-0.181297043,0.740003193
1497534913646830000,86643,1.595486144,0.454182157,1.07694887,-0.591895719,0.263807465,-0.179640996,0.740131199
1497534913656900000,86644,1.595376283,0.462142019,1.076822457,-0.593299217,0.261022027,-0.178378733,0.740300323
1497534913666800000,86645,1.595188071,0.470182258,1.076180316,-0.594318296,0.259407687,-0.177216727,0.740329417
1497534913676850000,86646,1.595230927,0.478306353,1.075491276,-0.596632487,0.257943682,-0.175415733,0.739407907
1497534913686840000,86647,1.595217357,0.486685804,1.074510828,-0.59885136,0.256563492,-0.174335851,0.738348992
1497534913696860000,86648,1.595447954,0.495003527,1.073306419,-0.601311037,0.255751341,-0.172873586,0.736974227
1497534913706820000,86649,1.59561674,0.50356741,1.071895851,-0.604666071,0.254156622,-0.171635436,0.735067773
1497534913716910000,86650,1.59556877,0.512262914,1.070240636,-0.607030369,0.252890338,-0.170681958,0.733776722
1497534913726810000,86651,1.595929729,0.521209692,1.068372028,-0.610576763,0.252365683,-0.169139757,0.731368116
1497534913736900000,86652,1.596093503,0.53008699,1.066543298,-0.613570295,0.249425188,-0.167784002,0.73018292
1497534913746860000,86653,1.59626685,0.539227179,1.064565386,-0.616142838,0.247312376,-0.166301474,0.729073667
1497534913756910000,86654,1.59667345,0.548675551,1.062593125,-0.618031849,0.24640436,-0.165103849,0.728053737
1497534913766830000,86655,1.596886588,0.558198767,1.060888386,-0.61978491,0.244710803,-0.164002361,0.727383334
1497534913776850000,86656,1.59679372,0.567397038,1.058836511,-0.622218104,0.241449206,-0.161690409,0.726913422
1497534913786820000,86657,1.596786503,0.576564175,1.05727761,-0.622718406,0.239295206,-0.159903574,0.72759222
1497534913796890000,86658,1.596943843,0.585921573,1.055785102,-0.62233826,0.237761881,-0.157779019,0.728882816
1497534913806830000,86659,1.597002094,0.594865545,1.054394713,-0.622043668,0.236439969,-0.154367037,0.730293526
1497534913816900000,86660,1.597080224,0.603499394,1.052868296,-0.620185705,0.235225448,-0.15255162,0.732643626
1497534913826810000,86661,1.597159547,0.612274045,1.051607844,-0.618460092,0.233765106,-0.150980822,0.73489168
1497534913836900000,86662,1.597295932,0.62097324,1.049958392,-0.616924152,0.2313806,-0.150210943,0.737091773
1497534913846850000,86663,1.597723533,0.630222054,1.04891576,-0.613297339,0.230513659,-0.149845975,0.740456623
1497534913856840000,86664,1.598419729,0.639734604,1.04784601,-0.610648868,0.229960089,-0.149994232,0.742783984
1497534913866840000,86665,1.599513146,0.64977688,1.046919158,-0.609344341,0.230197242,-0.150148835,0.743749979
1497534913876790000,86666,1.600693449,0.659916673,1.046188593,-0.61060163,0.228265705,-0.146965835,0.743949905
1497534913886840000,86667,1.601770908,0.669972632,1.045434878,-0.606985371,0.22782159,-0.147340042,0.74696519
1497534913896930000,86668,1.602909872,0.680365161,1.044691561,-0.604236975,0.227134616,-0.147506232,0.749366036
1497534913906850000,86669,1.603779844,0.690400724,1.044272221,-0.600045512,0.225205584,-0.147027492,0.753399459
1497534913916840000,86670,1.605288742,0.701287118,1.045104805,-0.601299198,0.223557575,-0.145866124,0.753116431
1497534913926890000,86671,1.606320906,0.711722561,1.045732448,-0.599313063,0.2218434,-0.145474752,0.755279058
1497534913936900000,86672,1.607849066,0.721994285,1.047202044,-0.598746961,0.221134914,-0.145651827,0.75590143
1497534913946840000,86673,1.609161862,0.731839464,1.048605873,-0.598197154,0.220354298,-0.146848586,0.756333022
1497534913956870000,86674,1.610911068,0.741405552,1.050449578,-0.596832643,0.221365331,-0.148209703,0.756850098
1497534913966810000,86675,1.613198242,0.751322033,1.052550924,-0.598935345,0.222870222,-0.149278354,0.754533823
1497534913976800000,86676,1.615694233,0.761230206,1.054769059,-0.599816332,0.223904877,-0.151157286,0.753152341
1497534913986830000,86677,1.618418178,0.771185135,1.056948353,-0.601731837,0.225162054,-0.152203889,0.751035833
1497534913996840000,86678,1.621276121,0.781076444,1.05897199,-0.602469338,0.227159545,-0.155038605,0.749261149
1497534914006880000,86679,1.624018328,0.790574179,1.060695154,-0.601467595,0.229731953,-0.157882631,0.748687543
1497534914016920000,86680,1.62692663,0.800053166,1.062384383,-0.60147742,0.232418989,-0.160920659,0.747202026
1497534914026830000,86681,1.630000074,0.809742938,1.064318706,-0.602768546,0.235614442,-0.1641143,0.744461155
1497534914036910000,86682,1.63246858,0.818661616,1.065594342,-0.60106709,0.237488859,-0.168544826,0.744251326
1497534914046850000,86683,1.634801213,0.827584599,1.066899124,-0.600514285,0.23959703,-0.173794024,0.74281323
1497534914056920000,86684,1.637044962,0.836514309,1.068314846,-0.601895663,0.241684094,-0.177308417,0.740183852
1497534914066750000,86685,1.638607143,0.844709362,1.069023171,-0.603588183,0.241615844,-0.178763688,0.738475885
1497534914076870000,86686,1.640328836,0.853200723,1.070167255,-0.606248519,0.241441843,-0.180290942,0.735978088
1497534914086830000,86687,1.642012878,0.861731157,1.071325537,-0.609188229,0.242147284,-0.181218634,0.733085398
1497534914096840000,86688,1.64344777,0.869930468,1.072292572,-0.614189207,0.240669599,-0.179145935,0.729901703
1497534914106850000,86689,1.645114307,0.878161108,1.073224198,-0.61921222,0.240694472,-0.177502214,0.726040882
1497534914116850000,86690,1.646786123,0.886237434,1.07435363,-0.622406653,0.241654594,-0.175783895,0.723403786
1497534914126780000,86691,1.648478937,0.894177365,1.07515036,-0.625994122,0.242793511,-0.173655398,0.720434919
1497534914136930000,86692,1.650026087,0.901711583,1.075834434,-0.62938753,0.244378834,-0.171357503,0.717486535
1497534914146840000,86693,1.651565564,0.909151554,1.076422608,-0.631113948,0.245570033,-0.169173272,0.716080266
1497534914156900000,86694,1.653204627,0.916552068,1.076984064,-0.632922356,0.247532258,-0.167971303,0.71408873
1497534914166910000,86695,1.654549996,0.923380937,1.077226289,-0.635177367,0.249135278,-0.165631418,0.71207272
1497534914176840000,86696,1.656068515,0.930382114,1.077425757,-0.637576363,0.250865886,-0.164775433,0.709515147
1497534914186800000,86697,1.657566397,0.937284022,1.077649775,-0.639727685,0.253033051,-0.165529723,0.706627678
1497534914196880000,86698,1.659042064,0.944046471,1.077864593,-0.641447425,0.254967841,-0.166215418,0.704208091
1497534914206770000,86699,1.660481373,0.950624488,1.077928487,-0.642833977,0.257173109,-0.168109013,0.701687843
1497534914216920000,86700,1.661911445,0.957101541,1.078159092,-0.643847865,0.258630675,-0.169104101,0.699981359
1497534914226840000,86701,1.663374493,0.963491426,1.078079935,-0.645766801,0.261880021,-0.170265621,0.696716378
1497534914236960000,86702,1.664889528,0.969954532,1.078416559,-0.648307153,0.264438157,-0.170739997,0.693266291
1497534914246850000,86703,1.666187263,0.976267247,1.078225302,-0.649246256,0.266307704,-0.172859878,0.691143233
1497534914256910000,86704,1.667579494,0.982608198,1.078005483,-0.650460076,0.269459133,-0.173889284,0.688517235
1497534914266870000,86705,1.668670418,0.988717783,1.077359667,-0.650776401,0.272922479,-0.175403558,0.686467034
1497534914276920000,86706,1.669975847,0.995370489,1.077214549,-0.652890042,0.274943775,-0.17592862,0.683512717
1497534914286880000,86707,1.670897605,1.001893653,1.076617073,-0.654669011,0.276149066,-0.176695943,0.681123134
1497534914296880000,86708,1.671861878,1.008663905,1.076034584,-0.656278451,0.278031616,-0.177686981,0.678545763
1497534914306800000,86709,1.672550413,1.015347777,1.075069878,-0.65895256,0.279322161,-0.178303209,0.675254484
1497534914316920000,86710,1.673343342,1.022406253,1.0743873,-0.661110619,0.281072429,-0.179426686,0.672113906
1497534914326840000,86711,1.673923762,1.029289349,1.073621198,-0.662393665,0.281846846,-0.180415295,0.670259136
1497534914336950000,86712,1.674593387,1.03648491,1.072774527,-0.664377464,0.282017767,-0.180689772,0.668146519
1497534914346880000,86713,1.675238007,1.043713966,1.071757995,-0.666953491,0.283391145,-0.181357636,0.664809678
1497534914356850000,86714,1.675740139,1.050999479,1.071082386,-0.667516255,0.284026121,-0.182567073,0.663641828
1497534914366850000,86715,1.676274774,1.058388284,1.070286403,-0.669074924,0.285392077,-0.183243023,0.661295776
1497534914376880000,86716,1.676758617,1.06595497,1.069468278,-0.671410729,0.28666598,-0.182792989,0.658495992
1497534914386860000,86717,1.677299225,1.073793265,1.068423911,-0.673184788,0.287100693,-0.183650072,0.656253065
1497534914396920000,86718,1.677735021,1.081688459,1.067419118,-0.675267191,0.288788985,-0.183307231,0.653462778
1497534914406830000,86719,1.678101478,1.089769508,1.066353516,-0.677735594,0.289332192,-0.18319033,0.650693976
1497534914416950000,86720,1.678487716,1.098011868,1.065089073,-0.680205048,0.290027174,-0.183536977,0.647703257
1497534914426880000,86721,1.67888936,1.106458359,1.063912456,-0.681549541,0.29027732,-0.18399091,0.646046938
1497534914436950000,86722,1.679139664,1.114907369,1.06261052,-0.684093083,0.290149738,-0.184680707,0.643212888
1497534914446880000,86723,1.679208251,1.123349569,1.061225776,-0.685677766,0.290028047,-0.184953487,0.641499759
1497534914456930000,86724,1.679296988,1.131892774,1.059823334,-0.687158838,0.290023116,-0.186259524,0.639536327
1497534914466870000,86725,1.679598885,1.140729238,1.058482682,-0.688342355,0.290241661,-0.187970413,0.63766112
1497534914476840000,86726,1.679592377,1.149184339,1.056908253,-0.689194338,0.290946741,-0.18932271,0.63601735
1497534914486870000,86727,1.679553457,1.157757383,1.055451637,-0.690945587,0.291802059,-0.189845846,0.633564763
1497534914496740000,86728,1.67958245,1.166349762,1.053845408,-0.691556221,0.292180683,-0.19067486,0.632474141
1497534914506870000,86729,1.679538175,1.175126244,1.052269247,-0.692594525,0.292781854,-0.191434653,0.630828331
1497534914516930000,86730,1.679439454,1.183725241,1.050493176,-0.693183303,0.293752555,-0.191335804,0.629759442
1497534914526850000,86731,1.679342817,1.192568406,1.048719147,-0.694828172,0.294550814,-0.191079584,0.627648167
1497534914536940000,86732,1.679004622,1.201313514,1.04682593,-0.694848709,0.29454692,-0.191053202,0.62763529
1497534914546870000,86733,1.678477072,1.21029873,1.044854284,-0.696044032,0.29556007,-0.191051773,0.625832382
1497534914556910000,86734,1.678201795,1.219626818,1.043153381,-0.697567314,0.29543976,-0.19068587,0.624302883
1497534914566860000,86735,1.677495887,1.228907153,1.041076582,-0.699097947,0.296376189,-0.191181375,0.621991075
1497534914576900000,86736,1.677061227,1.238379415,1.039181714,-0.69977456,0.29759094,-0.192136984,0.62035359
1497534914586850000,86737,1.676424344,1.247932463,1.03719284,-0.700211758,0.298384558,-0.193633003,0.619012447
1497534914596930000,86738,1.675866097,1.257652689,1.035437532,-0.700709794,0.300425033,-0.194605763,0.617154099
1497534914606830000,86739,1.67503487,1.267296669,1.033509476,-0.701079037,0.302063829,-0.196654568,0.615282544
1497534914616920000,86740,1.674419425,1.277255484,1.031911303,-0.701194899,0.304640778,-0.198730366,0.613209549
1497534914626830000,86741,1.673502355,1.287192052,1.030220545,-0.70036933,0.306476068,-0.201271326,0.612409238
1497534914636840000,86742,1.672585148,1.297370983,1.029077627,-0.700273418,0.308666682,-0.20382583,0.610571085
1497534914646780000,86743,1.671403594,1.307537334,1.028099204,-0.698577305,0.31012131,-0.20703936,0.61069569
1497534914656890000,86744,1.67019782,1.317927843,1.027467803,-0.698235381,0.312121472,-0.209086356,0.609368883
1497534914666880000,86745,1.668775186,1.328309401,1.026895128,-0.696862731,0.314013365,-0.210720986,0.609405125
1497534914676900000,86746,1.667266032,1.338796934,1.026471282,-0.696196765,0.315822302,-0.211109944,0.609096814
1497534914686860000,86747,1.665605864,1.349254219,1.026591974,-0.694238665,0.316225713,-0.211469425,0.610994809
1497534914696920000,86748,1.66384073,1.359677316,1.026728682,-0.693300107,0.31794516,-0.20983837,0.611730084
1497534914706860000,86749,1.661948129,1.37005485,1.027190875,-0.692466699,0.317833165,-0.206460633,0.613877803
1497534914716920000,86750,1.659515484,1.380331091,1.028178484,-0.691000951,0.317193737,-0.204377958,0.616551271
1497534914726860000,86751,1.657249325,1.390293372,1.029500705,-0.688828708,0.315420506,-0.20056555,0.621126699
1497534914736940000,86752,1.654855201,1.399897975,1.031133339,-0.687432435,0.313574741,-0.197051597,0.624722496
1497534914746870000,86753,1.652409582,1.409388823,1.033287898,-0.684782201,0.309670927,-0.194918118,0.6302255
1497534914756900000,86754,1.649926281,1.418463178,1.035593418,-0.680906762,0.306824676,-0.194261588,0.635992952
1497534914766880000,86755,1.647324849,1.427048934,1.038011626,-0.677669531,0.303802415,-0.193538381,0.641101392
1497534914776880000,86756,1.644661145,1.435398196,1.040417732,-0.67397849,0.300162554,-0.194355516,0.646437445
1497534914786880000,86757,1.642211729,1.443424285,1.042830422,-0.669892885,0.297099937,-0.195158989,0.651834426
1497534914796850000,86758,1.6399915,1.451343489,1.045007987,-0.665541554,0.294600152,-0.196786942,0.65691711
1497534914806810000,86759,1.638025604,1.458984855,1.04707436,-0.660502633,0.292701936,-0.198957035,0.662176673
1497534914816900000,86760,1.636228257,1.466431026,1.049055212,-0.65606477,0.291378828,-0.200145462,0.666797713
1497534914826860000,86761,1.634613616,1.473751676,1.050939279,-0.65147676,0.291026906,-0.200738671,0.671256551
1497534914836910000,86762,1.633193814,1.48094913,1.052741977,-0.646183925,0.290935612,-0.201687997,0.676110018
1497534914846880000,86763,1.631907452,1.487964696,1.054419681,-0.641743959,0.291504932,-0.201676415,0.680085428
1497534914856850000,86764,1.630746991,1.494757883,1.05594433,-0.637085239,0.293122092,-0.202057105,0.683648128
1497534914866880000,86765,1.629744447,1.501591766,1.057464603,-0.63281342,0.294177794,-0.201847227,0.687214885
1497534914876900000,86766,1.628809328,1.508198989,1.059095313,-0.628004017,0.29533796,-0.201571194,0.691198594
1497534914886820000,86767,1.627927581,1.51474138,1.060601572,-0.624779769,0.295631593,-0.201201658,0.694096603
1497534914896950000,86768,1.627023116,1.521137267,1.062200275,-0.620580221,0.296281511,-0.201707347,0.697432149
1497534914906890000,86769,1.626131836,1.527439485,1.063725501,-0.617083126,0.296347335,-0.202335724,0.700319161
1497534914916950000,86770,1.625119963,1.533706786,1.065345822,-0.612912254,0.295759743,-0.203344301,0.703928859
1497534914926840000,86771,1.624088978,1.539954193,1.06690174,-0.60938345,0.295166969,-0.204420073,0.706923408
1497534914936930000,86772,1.622903602,1.546192931,1.068317505,-0.60609515,0.293490204,-0.204936686,0.710290873
1497534914946820000,86773,1.621848962,1.552520767,1.069889173,-0.602329933,0.292069967,-0.205730126,0.713840949
1497534914956780000,86774,1.62089782,1.55895041,1.071312121,-0.599323046,0.291086315,-0.20602201,0.716683734
1497534914966840000,86775,1.619848047,1.565358993,1.072649699,-0.596208278,0.28994735,-0.205684599,0.719833363
1497534914976960000,86776,1.618915919,1.571966157,1.073980606,-0.593798193,0.289117711,-0.204677312,0.722441591
1497534914986900000,86777,1.618000201,1.578521611,1.075079291,-0.591685763,0.288006377,-0.20338587,0.724978946
1497534914996990000,86778,1.617067525,1.585160582,1.076146383,-0.590104601,0.28613967,-0.202818655,0.72716246
1497534915006880000,86779,1.616188276,1.591978383,1.077061007,-0.58798766,0.284291613,-0.201906794,0.729850969
1497534915016950000,86780,1.615156481,1.598777599,1.077677677,-0.587432502,0.282948431,-0.201237117,0.731004011
1497534915026830000,86781,1.614287026,1.605795585,1.078176851,-0.587225829,0.280641558,-0.2001003,0.732370133
1497534915036960000,86782,1.613351105,1.61287956,1.07846254,-0.587718813,0.278319749,-0.198843449,0.733202561
1497534915046870000,86783,1.612615899,1.620156278,1.078446712,-0.588358911,0.276188939,-0.19815378,0.733681498
1497534915056940000,86784,1.611835952,1.627507607,1.078284311,-0.589235913,0.274217346,-0.197986806,0.733762299
1497534915066870000,86785,1.611112326,1.635085088,1.078049722,-0.590295742,0.271849764,-0.197160278,0.734013943
1497534915076930000,86786,1.61043243,1.642751468,1.077662252,-0.591805846,0.269962905,-0.195807098,0.73385656
1497534915086860000,86787,1.609783742,1.650564699,1.077245301,-0.594135066,0.267949216,-0.194179383,0.733144671
1497534915096920000,86788,1.609273309,1.65861691,1.076562485,-0.596020066,0.266444915,-0.193023567,0.732467808
1497534915106850000,86789,1.608676724,1.666746992,1.075941473,-0.598254155,0.264258272,-0.190607581,0.732071227
1497534915116950000,86790,1.608145342,1.674990232,1.075089314,-0.600399339,0.26256501,-0.18885949,0.731377018
1497534915126850000,86791,1.607498033,1.68330167,1.074256586,-0.602592061,0.260239464,-0.18624024,0.731076468
1497534915136850000,86792,1.606869256,1.691801212,1.073357969,-0.604987684,0.257981946,-0.184194818,0.730415968
1497534915146880000,86793,1.606114682,1.700416446,1.072275666,-0.607635797,0.254824596,-0.18147296,0.730007348
1497534915156830000,86794,1.605448209,1.709311985,1.071164055,-0.611254684,0.2524251,-0.178558245,0.72853705
1497534915166870000,86795,1.604754712,1.718409237,1.069962393,-0.614503713,0.249179087,-0.175683788,0.727619527
1497534915176910000,86796,1.603942677,1.727611504,1.068745788,-0.617192042,0.24522042,-0.172469335,0.72745808
1497534915186860000,86797,1.603028393,1.736923617,1.067540963,-0.619295011,0.242073713,-0.170022024,0.727300844
1497534915196930000,86798,1.601996521,1.746153786,1.066203241,-0.621352959,0.239205582,-0.167025229,0.727188946
1497534915206860000,86799,1.600880976,1.755320579,1.064814763,-0.622882892,0.236584446,-0.163263727,0.727591684
1497534915216930000,86800,1.599858581,1.764529467,1.063388845,-0.623182876,0.234227594,-0.159687756,0.728889812
1497534915226840000,86801,1.598794258,1.773485484,1.061931228,-0.623037476,0.231050513,-0.156179607,0.730785806
1497534915236980000,86802,1.597842848,1.78246382,1.060573398,-0.623605034,0.228810269,-0.15223806,0.731837547
1497534915246870000,86803,1.597066137,1.791650107,1.059194824,-0.622833855,0.226736776,-0.148734761,0.733857203
1497534915256900000,86804,1.59637936,1.80105251,1.057986084,-0.620709735,0.225177101,-0.146421917,0.736597122
1497534915266860000,86805,1.595765623,1.810831344,1.056856117,-0.618803819,0.223454523,-0.143424284,0.739310073
1497534915276900000,86806,1.595128436,1.820774913,1.055715906,-0.616666854,0.222364397,-0.140424594,0.741995283
1497534915286880000,86807,1.594597359,1.831116541,1.054579784,-0.614886037,0.221659287,-0.137623782,0.744205628
1497534915296800000,86808,1.593999222,1.841692282,1.053720636,-0.613248392,0.221179552,-0.133335275,0.746476872
1497534915306900000,86809,1.593206213,1.852430908,1.052786109,-0.611721425,0.219990596,-0.129171757,0.748809517
1497534915317000000,86810,1.59218679,1.863288437,1.052283317,-0.610785639,0.218672375,-0.125220307,0.750628517
1497534915326870000,86811,1.590915958,1.874140323,1.052092487,-0.612515976,0.217316643,-0.120517213,0.750382074
1497534915337090000,86812,1.589451956,1.885124786,1.05229317,-0.613710954,0.214018757,-0.116292961,0.75101983
1497534915346840000,86813,1.587794128,1.895802255,1.05271153,-0.615884671,0.211393795,-0.113770371,0.750369934
1497534915356800000,86814,1.585669295,1.906512243,1.053954895,-0.619510317,0.204575032,-0.112493277,0.749467335
1497534915366870000,86815,1.583871259,1.916796476,1.055272235,-0.622896928,0.198593127,-0.111731325,0.748382454
1497534915376930000,86816,1.582050615,1.926731975,1.056943449,-0.62506179,0.191082372,-0.111849357,0.748515201
1497534915386860000,86817,1.58019923,1.936421386,1.058992855,-0.6284561,0.182424818,-0.109756895,0.748142727
1497534915396920000,86818,1.578391589,1.945959473,1.06109052,-0.627185888,0.175112204,-0.110801992,0.75079724
1497534915406890000,86819,1.576739564,1.955685821,1.062957721,-0.62918763,0.170248378,-0.109834516,0.750383099
1497534915416860000,86820,1.575250225,1.965169976,1.064658246,-0.62949034,0.168540249,-0.109103149,0.750621475
1497534915426900000,86821,1.574091294,1.974893742,1.065998035,-0.630565699,0.167612821,-0.10583654,0.750394209
1497534915436970000,86822,1.572998471,1.984420022,1.067420247,-0.63137571,0.166369117,-0.102400845,0.750466586
1497534915446890000,86823,1.571696805,1.99385731,1.068614649,-0.633018181,0.165153973,-0.098976134,0.749810558
1497534915456890000,86824,1.570273703,2.003349037,1.069695167,-0.63787646,0.162481248,-0.094208498,0.746885684
1497534915466900000,86825,1.568437936,2.012874065,1.070585319,-0.6435363,0.158029111,-0.089538997,0.743552687
1497534915476960000,86826,1.566346638,2.022633992,1.071378682,-0.650131344,0.151922286,-0.084922828,0.739619475
1497534915486890000,86827,1.563428861,2.031208066,1.072092308,-0.6531495,0.143224525,-0.077153359,0.739547041
1497534915496880000,86828,1.560438823,2.039737479,1.072616168,-0.66112777,0.132687156,-0.069436944,0.735175286
1497534915506890000,86829,1.557055103,2.048231769,1.072916343,-0.665335456,0.125218553,-0.064161043,0.733166015
1497534915516790000,86830,1.55370081,2.056519517,1.07320145,-0.670807376,0.114479903,-0.057154586,0.730510212
1497534915526860000,86831,1.550119372,2.064183688,1.07323411,-0.673778528,0.104465711,-0.050919882,0.729737334
1497534915536970000,86832,1.546246014,2.071754909,1.073381239,-0.677283102,0.095820827,-0.044907328,0.728072318
1497534915546820000,86833,1.542395688,2.079341596,1.073590914,-0.682159953,0.087348931,-0.038466972,0.72494707
1497534915556840000,86834,1.538947554,2.086180106,1.073284132,-0.684168992,0.078661375,-0.031617499,0.724379398
1497534915566850000,86835,1.535320546,2.093205284,1.073374147,-0.688134417,0.072767157,-0.025451971,0.721476376
1497534915576940000,86836,1.532105477,2.09989553,1.073008849,-0.690654044,0.067212897,-0.018757021,0.719810803
1497534915586890000,86837,1.529130558,2.106484942,1.07264506,-0.693509268,0.062617844,-0.012930413,0.717604839
1497534915596970000,86838,1.526123329,2.113006385,1.072536585,-0.697594165,0.059076964,-0.006421747,0.714024548
1497534915606810000,86839,1.52321929,2.119429392,1.072596271,-0.700618445,0.057039804,-0.001558251,0.711250889
1497534915616930000,86840,1.520795771,2.12527056,1.07207605,-0.701957566,0.054005594,0.003313804,0.710160539
1497534915626890000,86841,1.518127166,2.131290609,1.071893597,-0.703995242,0.052496677,0.007753302,0.708219375
1497534915636930000,86842,1.515201373,2.137457161,1.07191089,-0.707198426,0.049751362,0.012810001,0.70514615
1497534915646870000,86843,1.512410523,2.143327878,1.071588733,-0.70911723,0.045689903,0.017036179,0.703402414
1497534915656970000,86844,1.508950694,2.149604536,1.071699972,-0.712002795,0.043650281,0.020958046,0.700505127
1497534915666860000,86845,1.505600093,2.1554529,1.071189954,-0.713583978,0.039413406,0.026137499,0.698971617
1497534915676810000,86846,1.502163199,2.161196726,1.070599055,-0.715011802,0.033667671,0.031851881,0.697574418
1497534915686760000,86847,1.498180419,2.167149207,1.070378457,-0.717260784,0.028982371,0.036256313,0.695257125
1497534915696950000,86848,1.4940939,2.172982604,1.070035152,-0.720374036,0.02289821,0.04253227,0.691901674
1497534915706880000,86849,1.49021303,2.178303871,1.069137915,-0.72005971,0.015853655,0.048471837,0.692035517
1497534915716980000,86850,1.486274831,2.18375255,1.068381485,-0.722562342,0.008405525,0.053678071,0.689167377
1497534915726860000,86851,1.481614827,2.189674176,1.06860444,-0.726263109,0.006130562,0.057254967,0.685000862
1497534915736960000,86852,1.477667899,2.194807103,1.067875601,-0.728165108,-3.72E-05,0.062036766,0.682588466
1497534915746850000,86853,1.47361238,2.199949514,1.067300306,-0.729753453,-0.005138977,0.066111461,0.680487151
1497534915756970000,86854,1.46968444,2.205020325,1.066721001,-0.729210529,-0.009360042,0.070129406,0.680621966
1497534915766820000,86855,1.465756816,2.210015602,1.066126192,-0.730428098,-0.013571533,0.073558141,0.678881291
1497534915776920000,86856,1.461776687,2.215011702,1.065694497,-0.731430037,-0.018013037,0.076698708,0.677349939
1497534915786860000,86857,1.457820785,2.219746075,1.06512277,-0.733211379,-0.021965507,0.079000831,0.675038858
1497534915796880000,86858,1.453900089,2.224458901,1.06438261,-0.733910302,-0.025937297,0.080955993,0.673905819
1497534915806860000,86859,1.44976222,2.229122757,1.063817466,-0.733594672,-0.029547622,0.083394371,0.673803513
1497534915816950000,86860,1.445668484,2.233636724,1.063193716,-0.734634689,-0.033550351,0.086051008,0.672146913
1497534915826820000,86861,1.441554862,2.238091555,1.062537267,-0.73596237,-0.037981913,0.0890378,0.670066441
1497534915836970000,86862,1.43719326,2.242663669,1.061910522,-0.736294672,-0.041101063,0.09142184,0.669195716
1497534915846860000,86863,1.432890363,2.247160514,1.060972221,-0.738645285,-0.044878431,0.093309269,0.666094925
1497534915856940000,86864,1.428522324,2.251509805,1.060180734,-0.739398141,-0.048727316,0.09565653,0.664654697
1497534915866790000,86865,1.424195899,2.255725872,1.059327166,-0.741211694,-0.051951303,0.097974528,0.662047792
1497534915876870000,86866,1.419639521,2.260233867,1.058814386,-0.741234297,-0.053983312,0.100538949,0.661475199
1497534915886850000,86867,1.415279273,2.264451845,1.058027008,-0.743022459,-0.057144543,0.103261718,0.658778525
1497534915896940000,86868,1.410812058,2.268539461,1.057234306,-0.743144951,-0.05873286,0.104941439,0.65823501
1497534915906840000,86869,1.406387457,2.27269293,1.056076333,-0.745055601,-0.060774106,0.106502205,0.655633998
1497534915916860000,86870,1.401752866,2.276784283,1.055342786,-0.745393995,-0.062642463,0.108127387,0.654806981
1497534915926790000,86871,1.396942244,2.28076527,1.054357932,-0.745555984,-0.06473581,0.109714323,0.654154658
1497534915936860000,86872,1.391961514,2.28468027,1.053796676,-0.747312079,-0.067078024,0.112898867,0.651367055
1497534915946860000,86873,1.386778769,2.288500015,1.052792185,-0.748461602,-0.070010624,0.11450751,0.649454982
1497534915956870000,86874,1.381433167,2.292181739,1.051531068,-0.748569162,-0.073030311,0.116338968,0.648672512
1497534915966870000,86875,1.375836607,2.295907062,1.050408683,-0.750450937,-0.076697725,0.118683171,0.645643211
1497534915976900000,86876,1.369996553,2.299582673,1.049414969,-0.751903487,-0.080747002,0.120629812,0.643093707
1497534915986880000,86877,1.363989538,2.303147033,1.048502481,-0.751967448,-0.084189322,0.122851933,0.642156148
1497534915996920000,86878,1.357991466,2.30648,1.047262094,-0.75323843,-0.088636923,0.124635318,0.639719783
1497534916006870000,86879,1.351824113,2.309972684,1.046241884,-0.754368732,-0.092543828,0.126211204,0.637521912
1497534916016930000,86880,1.345742285,2.313050196,1.04504632,-0.754984743,-0.095754349,0.126454465,0.636269134
1497534916026890000,86881,1.339676664,2.316290039,1.043787023,-0.755862858,-0.097782106,0.126367981,0.63493396
1497534916036920000,86882,1.333384725,2.319827869,1.043002116,-0.757739143,-0.100819044,0.126260004,0.632238343
1497534916046870000,86883,1.327220629,2.32255312,1.041778664,-0.757781427,-0.102534279,0.126036439,0.631956365
1497534916056860000,86884,1.321170942,2.325766452,1.040527805,-0.755507924,-0.107802555,0.127693297,0.63346729
1497534916066890000,86885,1.314287362,2.328519839,1.039814859,-0.758074225,-0.105610419,0.12621694,0.631061956
1497534916076880000,86886,1.307551434,2.331502505,1.038854206,-0.758206832,-0.106207612,0.12532047,0.630981079
1497534916086850000,86887,1.300599256,2.334557527,1.038088213,-0.758299014,-0.110687291,0.124664972,0.630229778
1497534916096920000,86888,1.293404862,2.337168477,1.03731532,-0.757759281,-0.110340329,0.125036044,0.63086597
1497534916106810000,86889,1.286041679,2.339906443,1.036501095,-0.757074718,-0.112203531,0.124873538,0.631391192
1497534916116940000,86890,1.278478528,2.342663326,1.03608745,-0.758073558,-0.112917327,0.125420543,0.629955431
1497534916126860000,86891,1.270680185,2.345218496,1.035776392,-0.757844735,-0.113152589,0.12543641,0.630185334
1497534916136940000,86892,1.262664558,2.347821369,1.035606873,-0.75681589,-0.114496071,0.127320363,0.630800986
1497534916146830000,86893,1.254442771,2.350225721,1.035382218,-0.756774166,-0.114201406,0.127386641,0.630891072
1497534916156850000,86894,1.246062241,2.352447958,1.035446471,-0.755713556,-0.114632986,0.129180822,0.631718778
1497534916166880000,86895,1.237498508,2.354920863,1.035737442,-0.754469517,-0.115467986,0.132521858,0.632361328
1497534916176910000,86896,1.228729059,2.356894773,1.035851051,-0.753674537,-0.117025921,0.135225297,0.632450588
1497534916186890000,86897,1.219869457,2.358694375,1.036146397,-0.75267186,-0.119779624,0.138766346,0.632362091
1497534916196900000,86898,1.210763063,2.360404196,1.037022712,-0.750857053,-0.122608661,0.143687777,0.632878049
1497534916206900000,86899,1.201571756,2.362049578,1.037974635,-0.748533333,-0.124716943,0.149591875,0.633849985
1497534916216920000,86900,1.192581034,2.363206478,1.038821811,-0.746744718,-0.128273482,0.153579582,0.634296107
1497534916226860000,86901,1.183619523,2.364304415,1.039912638,-0.742435863,-0.13220381,0.15955712,0.63706567
1497534916236930000,86902,1.174941857,2.365143492,1.04107567,-0.739203815,-0.135723188,0.164263555,0.638885296
1497534916246880000,86903,1.166567392,2.365870711,1.042220938,-0.733722817,-0.139204535,0.169503525,0.643071909
1497534916256940000,86904,1.15840442,2.36674077,1.04347778,-0.73020638,-0.14130549,0.173576001,0.645525192
1497534916266900000,86905,1.150519803,2.367553173,1.044594786,-0.724415734,-0.144572143,0.179031816,0.649821782
1497534916276920000,86906,1.142891973,2.368529121,1.0456818,-0.719903225,-0.147043908,0.182814327,0.653219992
1497534916286870000,86907,1.135531203,2.369174995,1.046295043,-0.714937635,-0.147158291,0.187822753,0.657214751
1497534916296890000,86908,1.128227197,2.370221654,1.04705472,-0.710488724,-0.147498565,0.192707005,0.660540655
1497534916306830000,86909,1.12119175,2.371043668,1.047581018,-0.706551953,-0.146492416,0.19834146,0.663313633
1497534916316940000,86910,1.114159546,2.372287426,1.048082698,-0.701540232,-0.145248904,0.204842282,0.666921058
1497534916326880000,86911,1.107202814,2.373560096,1.04917022,-0.698942497,-0.144930209,0.21148576,0.667643912
1497534916336970000,86912,1.100527442,2.374740521,1.049891999,-0.694558444,-0.142546646,0.217775144,0.670703368
1497534916346860000,86913,1.093886895,2.375934018,1.051012288,-0.69137693,-0.142219953,0.224372484,0.671884227
1497534916356950000,86914,1.087444944,2.377108198,1.05222761,-0.688107313,-0.140831304,0.230265446,0.673537449
1497534916366890000,86915,1.081179915,2.378148183,1.053481322,-0.684854952,-0.139616678,0.23506854,0.675443305
1497534916376860000,86916,1.074862066,2.379322353,1.055044233,-0.680669806,-0.140155669,0.23923471,0.67809421
1497534916386870000,86917,1.068792548,2.380096657,1.056460393,-0.677011655,-0.139765248,0.243898293,0.680172417
1497534916396990000,86918,1.062684933,2.381032682,1.057924246,-0.672908145,-0.139234911,0.24796642,0.682876946
1497534916406760000,86919,1.056468088,2.381895997,1.059596343,-0.668883323,-0.139964232,0.252655736,0.684959993
1497534916416890000,86920,1.050140787,2.382851679,1.061039894,-0.665500797,-0.141006643,0.257002986,0.686422086
1497534916426890000,86921,1.043730173,2.383894348,1.062400382,-0.662710298,-0.142728279,0.262018715,0.686869632
1497534916436870000,86922,1.037136845,2.385117176,1.063761329,-0.659168786,-0.145337521,0.267435079,0.687642345
1497534916446820000,86923,1.030537591,2.386148378,1.065004403,-0.65638493,-0.147568221,0.272475894,0.687851242
1497534916456910000,86924,1.023905507,2.387058796,1.06594638,-0.653671873,-0.148856469,0.277843167,0.68801018
1497534916466920000,86925,1.017446352,2.387776521,1.066915178,-0.653121277,-0.149850093,0.282222707,0.686533241
1497534916476950000,86926,1.011022768,2.388636371,1.067740901,-0.649874772,-0.151678384,0.286713234,0.687351417
1497534916486850000,86927,1.004667341,2.389261063,1.068510001,-0.646720663,-0.154930146,0.291910063,0.687413666
1497534916496960000,86928,0.998248705,2.390060966,1.069109202,-0.643533271,-0.157885263,0.295964195,0.687998814
1497534916506890000,86929,0.991942583,2.390856669,1.069508044,-0.640382758,-0.161284777,0.299936442,0.688429571
1497534916516960000,86930,0.985538886,2.391774083,1.069855599,-0.637948719,-0.164038685,0.303095046,0.688655309
1497534916526880000,86931,0.97905369,2.392764995,1.069902505,-0.636382222,-0.168080899,0.305926,0.687877723
1497534916536980000,86932,0.972534004,2.393966415,1.06983418,-0.635199979,-0.171173376,0.308293847,0.687150323
1497534916546860000,86933,0.966027018,2.39524508,1.069679442,-0.634777164,-0.175177837,0.310212936,0.685666546
1497534916556830000,86934,0.959525051,2.39650363,1.069345788,-0.63402763,-0.178899834,0.312073981,0.684553609
1497534916566850000,86935,0.953048627,2.397882772,1.068951955,-0.63303353,-0.182308547,0.314012416,0.683687316
1497534916576870000,86936,0.946527278,2.399331421,1.06847423,-0.632699691,-0.185238879,0.315385737,0.682575634
1497534916586880000,86937,0.940060562,2.400941226,1.068084634,-0.632691979,-0.18842516,0.317272388,0.680834084
1497534916596940000,86938,0.933522805,2.402460856,1.067272043,-0.632925974,-0.191971124,0.318496618,0.679052063
1497534916606970000,86939,0.926733593,2.404321687,1.066736298,-0.633201583,-0.194413182,0.319262043,0.677739639
1497534916616960000,86940,0.919966409,2.406179653,1.065888273,-0.633466306,-0.197572206,0.320445457,0.676018026
1497534916626870000,86941,0.913046501,2.40808207,1.065066734,-0.634639899,-0.201185574,0.321465202,0.673362226
1497534916636950000,86942,0.906014809,2.410138662,1.0642597,-0.635037487,-0.203762736,0.322660347,0.671638622
1497534916646860000,86943,0.898766463,2.412026585,1.063066577,-0.635695984,-0.20713101,0.323498163,0.669579196
1497534916656900000,86944,0.891306682,2.414163974,1.061959951,-0.636255744,-0.20992732,0.325037073,0.667427936
1497534916666910000,86945,0.883716572,2.416123025,1.060610354,-0.636942477,-0.213662884,0.326267852,0.664982513
1497534916676930000,86946,0.875889491,2.418136559,1.059290532,-0.637528366,-0.217285498,0.32783764,0.662470435
1497534916686890000,86947,0.867815168,2.420010886,1.057676897,-0.637660413,-0.220510606,0.329230306,0.660584344
1497534916696890000,86948,0.859665868,2.421906039,1.0560249,-0.637594543,-0.223631166,0.330916701,0.6587537
1497534916706900000,86949,0.851524487,2.423727018,1.05452729,-0.637664001,-0.227194514,0.333335872,0.656242693
1497534916716940000,86950,0.843320016,2.425606765,1.052896287,-0.637558601,-0.229022388,0.335754507,0.654474359
1497534916726880000,86951,0.835219086,2.427401237,1.051078616,-0.636611937,-0.231634282,0.338795481,0.652907668
1497534916736990000,86952,0.827260178,2.429256946,1.049502674,-0.635879555,-0.234135042,0.341799499,0.651161329
1497534916746920000,86953,0.819340656,2.431115799,1.047992515,-0.634838203,-0.235728111,0.344892945,0.649970439
1497534916756930000,86954,0.811388617,2.433011876,1.046612432,-0.633084542,-0.236942226,0.348420325,0.649357852
1497534916766910000,86955,0.80330281,2.435014787,1.045333008,-0.631549775,-0.237318562,0.350735613,0.649468484
1497534916776950000,86956,0.795069694,2.437118083,1.044069076,-0.629547342,-0.236803549,0.353294926,0.65021298
1497534916786890000,86957,0.786815683,2.439308091,1.042953128,-0.627783124,-0.237060473,0.356689402,0.649971809
1497534916796970000,86958,0.778228104,2.441725443,1.041984831,-0.625554938,-0.23474793,0.358784068,0.651803975
1497534916806920000,86959,0.769464074,2.444271039,1.040787763,-0.623145767,-0.233251195,0.361963748,0.652890096
1497534916816760000,86960,0.760463272,2.446959505,1.039700791,-0.621590048,-0.23178028,0.364980553,0.653217353
1497534916826650000,86961,0.7511212,2.449877421,1.038635519,-0.619147635,-0.229757864,0.367820859,0.654656662
1497534916836860000,86962,0.741674666,2.452780996,1.037653413,-0.616990146,-0.229314159,0.370273409,0.655466077
1497534916846930000,86963,0.731983159,2.455795216,1.036750886,-0.614405526,-0.228230805,0.372632456,0.656933483
1497534916856970000,86964,0.722153704,2.458884896,1.036097322,-0.612270427,-0.228186326,0.375244257,0.657455453
1497534916866910000,86965,0.71225028,2.462076073,1.03566151,-0.610242613,-0.228788657,0.37744038,0.6578742
1497534916876890000,86966,0.702360718,2.465299339,1.035671999,-0.608598743,-0.230126757,0.3790502,0.658004705
1497534916886910000,86967,0.692546189,2.468643451,1.036069973,-0.607656332,-0.230764488,0.380024803,0.658090178
1497534916896950000,86968,0.682831135,2.471994567,1.036841502,-0.60874704,-0.231894377,0.379516159,0.656977568
1497534916906920000,86969,0.673322801,2.475349087,1.037724435,-0.610562821,-0.233796247,0.377855673,0.655574135
1497534916916940000,86970,0.664137402,2.478601414,1.038882112,-0.61242518,-0.236900004,0.377024582,0.653196947
1497534916926870000,86971,0.655046974,2.482235273,1.040426158,-0.613261934,-0.239166603,0.375162587,0.652657774
1497534916936900000,86972,0.646425239,2.485779744,1.042193919,-0.613633331,-0.240894375,0.372894448,0.652973021
1497534916946880000,86973,0.638243709,2.489381739,1.044036766,-0.6139363,-0.240828547,0.371035576,0.653770932
1497534916957000000,86974,0.630028493,2.493147791,1.045867558,-0.614078604,-0.239031646,0.369395941,0.65522361
1497534916966910000,86975,0.622116237,2.497010976,1.04777763,-0.615524139,-0.236300769,0.366911401,0.656253004
1497534916976910000,86976,0.614299408,2.500969146,1.049547848,-0.617419183,-0.233922449,0.364664016,0.656577487
1497534916986880000,86977,0.606619172,2.504772557,1.051140245,-0.619069601,-0.231112566,0.362675554,0.657119665
1497534916996940000,86978,0.599016677,2.508359302,1.052299085,-0.620154847,-0.229574751,0.360489513,0.657837905
1497534917006890000,86979,0.591615438,2.511761748,1.053340213,-0.621585706,-0.229433942,0.358375305,0.657691735
1497534917016980000,86980,0.584154873,2.514850955,1.053998386,-0.623700807,-0.231407189,0.356351271,0.656095868
1497534917026850000,86981,0.576743416,2.517796204,1.054565295,-0.625651695,-0.234495968,0.354714989,0.654025133
1497534917037010000,86982,0.569408391,2.520676263,1.055024609,-0.628379124,-0.238713787,0.35347082,0.650548833
1497534917046910000,86983,0.562140341,2.523348057,1.055222574,-0.630737099,-0.242473828,0.352658632,0.647309079
1497534917057010000,86984,0.555077061,2.526050322,1.055604193,-0.633980745,-0.246057713,0.351242674,0.643546891
1497534917066900000,86985,0.548322273,2.528605641,1.055823561,-0.637096767,-0.249650342,0.350601303,0.639422507
1497534917076970000,86986,0.541973945,2.530878275,1.056004627,-0.63884436,-0.251749845,0.350692321,0.636800436
1497534917086860000,86987,0.535961432,2.532940399,1.056003172,-0.640121288,-0.25325681,0.351150014,0.634664787
1497534917096950000,86988,0.530256464,2.535046581,1.056036856,-0.641653911,-0.254144477,0.351295087,0.632678912
1497534917106900000,86989,0.524871925,2.537102124,1.056213487,-0.642753065,-0.25442102,0.351699235,0.631225863
1497534917116970000,86990,0.519553,2.539313413,1.056273576,-0.644637404,-0.254415819,0.351149918,0.629610151
1497534917126860000,86991,0.51453055,2.541493799,1.05627391,-0.646200994,-0.253043677,0.350640482,0.628843721
1497534917136950000,86992,0.509682246,2.543694767,1.0563868,-0.648090513,-0.25074367,0.349960193,0.628199142
1497534917146880000,86993,0.504973809,2.545882202,1.056366928,-0.650307013,-0.248895569,0.34886528,0.627251784
1497534917156960000,86994,0.500389349,2.548308719,1.056219318,-0.654023546,-0.24634387,0.347281971,0.625270447
1497534917166780000,86995,0.495876644,2.55044153,1.056347262,-0.655365638,-0.244152729,0.345714081,0.625593398
1497534917176880000,86996,0.491394198,2.552671897,1.056233275,-0.657824579,-0.241233667,0.343999319,0.625090081
1497534917186830000,86997,0.486908109,2.554916851,1.056154046,-0.66081073,-0.238923648,0.34218753,0.623820779
1497534917196890000,86998,0.482331725,2.557158809,1.056002225,-0.663710435,-0.237608897,0.339882066,0.622503536
1497534917206920000,86999,0.477799308,2.55916087,1.055664923,-0.666681717,-0.235195995,0.338232526,0.621141764
1497534917216940000,87000,0.473172578,2.561084145,1.055311012,-0.66906552,-0.23368137,0.335873075,0.620430194
1497534917226810000,87001,0.468615808,2.562898351,1.054900928,-0.671146009,-0.232603887,0.334838366,0.619145972
1497534917236860000,87002,0.463926048,2.564527609,1.054450587,-0.673653226,-0.231966975,0.332547811,0.617895304
1497534917246830000,87003,0.459184996,2.566066887,1.053886856,-0.675303626,-0.231600769,0.330180414,0.617500599
1497534917256940000,87004,0.454487528,2.567634063,1.053357252,-0.677923128,-0.231683697,0.328201073,0.615651649
1497534917266950000,87005,0.449633982,2.569001401,1.052680024,-0.680431625,-0.232617415,0.326449325,0.613459682
1497534917277000000,87006,0.444857235,2.570327872,1.052283974,-0.681550475,-0.232796941,0.324076625,0.613407593
1497534917286890000,87007,0.440157571,2.571625339,1.051637642,-0.683459793,-0.232952664,0.321858593,0.612391062
1497534917296930000,87008,0.435501335,2.572809743,1.050838715,-0.685815064,-0.233350539,0.31944513,0.610868261
1497534917306870000,87009,0.430701297,2.574088726,1.050195545,-0.688828436,-0.233179446,0.317278192,0.608668449
1497534917316980000,87010,0.425890575,2.575322814,1.04987348,-0.689608836,-0.233759177,0.314724329,0.608888247
1497534917326770000,87011,0.421232823,2.576291102,1.0491447,-0.690737091,-0.234262305,0.312019298,0.608808181
1497534917337010000,87012,0.416542575,2.577509091,1.048749272,-0.692658882,-0.234456215,0.309750901,0.607707443
1497534917346920000,87013,0.411726594,2.578604442,1.047875734,-0.694243411,-0.234074672,0.308141911,0.60686382
1497534917356940000,87014,0.406886962,2.579955282,1.047302447,-0.697413897,-0.235234147,0.305298014,0.60421178
1497534917366900000,87015,0.402085821,2.58109379,1.046561897,-0.69860364,-0.234879868,0.30354026,0.603860674
1497534917376900000,87016,0.397189288,2.582299531,1.04595275,-0.700659894,-0.235749487,0.300165653,0.602825409
1497534917386850000,87017,0.39225642,2.583439693,1.045085359,-0.702940234,-0.235927725,0.298565142,0.600892662
1497534917396990000,87018,0.387500839,2.584607317,1.044359329,-0.705275702,-0.235739469,0.2955721,0.599708447
1497534917406880000,87019,0.382488797,2.585917208,1.043513949,-0.707342523,-0.235327623,0.293172557,0.598612827
1497534917416980000,87020,0.377595184,2.587022241,1.042824314,-0.708971474,-0.23574575,0.290358893,0.597892217
1497534917426800000,87021,0.372689422,2.588042674,1.042114638,-0.710400153,-0.236076756,0.288218362,0.597100966
1497534917436920000,87022,0.367734047,2.589254884,1.041315596,-0.712991818,-0.235788605,0.285736487,0.595315935
1497534917446820000,87023,0.362754163,2.590455094,1.040576014,-0.714610772,-0.235232458,0.2827516,0.595019889
1497534917456960000,87024,0.357881188,2.591418065,1.039718863,-0.716268896,-0.234711973,0.280347797,0.594368801
1497534917466910000,87025,0.352854707,2.592414412,1.039058821,-0.718131735,-0.234698614,0.277719502,0.593359293
1497534917476890000,87026,0.347789479,2.59344185,1.038412746,-0.719297799,-0.233981255,0.275587747,0.593224108
1497534917486900000,87027,0.342639854,2.594348075,1.037621673,-0.720555835,-0.232800728,0.273142575,0.593292714
1497534917496920000,87028,0.337407525,2.595170264,1.036780134,-0.721209536,-0.231147048,0.271425193,0.593932834
1497534917506890000,87029,0.332112639,2.596086461,1.036092104,-0.722139526,-0.230367119,0.268852523,0.594275876
1497534917516980000,87030,0.326669043,2.596898104,1.035242906,-0.722947809,-0.229302616,0.267509404,0.594310941
1497534917526900000,87031,0.32112443,2.597637284,1.034439851,-0.724013407,-0.228344536,0.265411666,0.59432315
1497534917537000000,87032,0.315432715,2.598412891,1.033528543,-0.72459802,-0.227238706,0.264150499,0.594596328
1497534917546940000,87033,0.309642169,2.599100622,1.032684398,-0.725215863,-0.226417539,0.261949338,0.595129896
1497534917556990000,87034,0.303657739,2.599777932,1.031727944,-0.725506818,-0.224988095,0.260907561,0.595774671
1497534917566910000,87035,0.29767404,2.600524625,1.030953311,-0.726075828,-0.223922844,0.258547248,0.596511335
1497534917576910000,87036,0.291482745,2.601063341,1.029899005,-0.725849644,-0.222368698,0.25725844,0.597923534
1497534917586830000,87037,0.285114714,2.601727428,1.028877462,-0.726469604,-0.221017944,0.254981419,0.598646355
1497534917597010000,87038,0.278635974,2.602277784,1.027772886,-0.72704818,-0.219739473,0.2534835,0.599050602
1497534917606870000,87039,0.271903028,2.603016734,1.026724251,-0.72774612,-0.218681523,0.250919079,0.599669569
1497534917616980000,87040,0.264944035,2.603622924,1.025516794,-0.728526234,-0.217733602,0.248610679,0.600028612
1497534917626930000,87041,0.257822963,2.604156568,1.024315952,-0.728505723,-0.216082887,0.246092969,0.601685838
1497534917636960000,87042,0.250413934,2.604633033,1.022945658,-0.729595186,-0.21550573,0.243673991,0.601557256
1497534917646930000,87043,0.242607748,2.60515712,1.021648561,-0.729934778,-0.21489742,0.240919754,0.602471569
1497534917656990000,87044,0.234693611,2.605444955,1.020328737,-0.730729608,-0.214375024,0.23808672,0.602820291
1497534917666910000,87045,0.226364952,2.605784063,1.018968716,-0.731585397,-0.214299418,0.235375001,0.602874096
1497534917676900000,87046,0.217834534,2.605973123,1.017709348,-0.732098229,-0.214876453,0.232495718,0.603163356
1497534917686920000,87047,0.209143426,2.606154636,1.016498025,-0.732499929,-0.215173041,0.230295723,0.603413869
1497534917696960000,87048,0.200321174,2.606208304,1.01558692,-0.732891044,-0.215335701,0.22765842,0.603881525
1497534917706920000,87049,0.191381853,2.606192382,1.014677011,-0.733403392,-0.215600335,0.226385547,0.603643557
1497534917716990000,87050,0.182319733,2.606219858,1.014136494,-0.733864295,-0.215758417,0.22469809,0.603657411
1497534917726910000,87051,0.173276275,2.605897159,1.013653468,-0.73385503,-0.214930741,0.224341165,0.604096526
1497534917737010000,87052,0.164120728,2.605517433,1.013575473,-0.733069686,-0.214330182,0.224089162,0.605355644
1497534917746890000,87053,0.154898261,2.605061286,1.013637252,-0.732715369,-0.2142665,0.224546146,0.605637749
1497534917756980000,87054,0.14546893,2.604643156,1.014080657,-0.732066298,-0.214906538,0.226518933,0.605461219
1497534917766920000,87055,0.135988943,2.604028101,1.014628319,-0.731372361,-0.215227016,0.229261713,0.60515359
1497534917776980000,87056,0.126604851,2.602818941,1.015522245,-0.73028796,-0.216837213,0.233115122,0.6044158
1497534917786940000,87057,0.117192303,2.601587365,1.01660966,-0.727851101,-0.217498012,0.23722935,0.605515999
1497534917797020000,87058,0.107945026,2.599854787,1.017946236,-0.724991211,-0.219422127,0.242768444,0.606057057
1497534917806910000,87059,0.098750283,2.598141532,1.019622337,-0.720704662,-0.221040281,0.247874811,0.608509706
1497534917816980000,87060,0.089818785,2.596086303,1.021319229,-0.717284532,-0.223233545,0.25268002,0.609772492
1497534917826910000,87061,0.081102322,2.59403085,1.023087432,-0.712624757,-0.224923558,0.257387853,0.612639243
1497534917837130000,87062,0.072652729,2.592033356,1.025000255,-0.707684042,-0.226974432,0.261075669,0.616040095
1497534917846930000,87063,0.064561644,2.590018309,1.026719495,-0.70278548,-0.228506372,0.265372707,0.61923722
1497534917856950000,87064,0.056811705,2.588172272,1.028418023,-0.697172865,-0.229374147,0.268632609,0.623838134
1497534917866930000,87065,0.049275382,2.586414511,1.029799292,-0.69231745,-0.229147407,0.271587676,0.628035149
1497534917876880000,87066,0.042128559,2.584897161,1.031049342,-0.687707121,-0.227613981,0.273780512,0.632688724
1497534917886930000,87067,0.035130823,2.583489366,1.032167951,-0.683356971,-0.225155425,0.277217201,0.636772258
1497534917897020000,87068,0.028247205,2.582355046,1.03306617,-0.6791258,-0.222967302,0.280015691,0.640831447
1497534917906870000,87069,0.021503588,2.581179134,1.033822603,-0.675628012,-0.219729582,0.283824035,0.643963988
1497534917917000000,87070,0.014855,2.580352612,1.034741097,-0.67157293,-0.21681558,0.287328473,0.647628869
1497534917926930000,87071,0.00831742,2.579442737,1.03563359,-0.668705819,-0.213544972,0.291215175,0.649942147
1497534917936900000,87072,0.001977616,2.578535829,1.036384445,-0.665248936,-0.21027922,0.295172947,0.652762923
1497534917946780000,87073,-0.004333212,2.577820634,1.037202859,-0.66331229,-0.206946087,0.298751688,0.65416936
1497534917957000000,87074,-0.010691143,2.577178328,1.038092442,-0.660254501,-0.204321148,0.302600977,0.6563151
1497534917966940000,87075,-0.017037261,2.576464447,1.039081995,-0.65799403,-0.201741805,0.30578713,0.657904501
1497534917976820000,87076,-0.023365829,2.575604171,1.040157063,-0.655147867,-0.199511862,0.309797085,0.659546856
1497534917986990000,87077,-0.029525682,2.574779072,1.041414194,-0.651969551,-0.197551879,0.312807194,0.66186148
1497534917997080000,87078,-0.035845839,2.573654827,1.042679429,-0.649187199,-0.196621667,0.316789788,0.662978228
1497534918006930000,87079,-0.042162941,2.572380974,1.044010514,-0.645743111,-0.196240777,0.320995053,0.664430258
1497534918017030000,87080,-0.048618561,2.571135308,1.045546629,-0.642123655,-0.196681938,0.324745821,0.665983167
1497534918026920000,87081,-0.055186405,2.569795643,1.046939705,-0.637714528,-0.197912824,0.329297908,0.667617842
1497534918037020000,87082,-0.061823115,2.56836436,1.048269854,-0.634838895,-0.199187498,0.333345746,0.667970457
1497534918046930000,87083,-0.068633992,2.566997957,1.049354439,-0.630889865,-0.200768759,0.337582081,0.669110022
1497534918057030000,87084,-0.075451514,2.565621207,1.050417692,-0.628474902,-0.202657747,0.342068163,0.668534597
1497534918066860000,87085,-0.082325464,2.564488537,1.051423912,-0.625266374,-0.204430173,0.346274076,0.668838194
1497534918077060000,87086,-0.089175262,2.563082224,1.052212532,-0.622458579,-0.20716118,0.351536114,0.667871187
1497534918086880000,87087,-0.09622706,2.5618922,1.052863878,-0.619606319,-0.209391042,0.355601232,0.667675943
1497534918096960000,87088,-0.103056358,2.56050333,1.053414005,-0.617831258,-0.212649863,0.360324731,0.665755707
1497534918106910000,87089,-0.109977479,2.559401996,1.053922234,-0.615683512,-0.214735038,0.363751073,0.665212623
1497534918116730000,87090,-0.116962657,2.55822233,1.054332665,-0.613730524,-0.218623111,0.367392626,0.663748023
1497534918126900000,87091,-0.123952984,2.556957981,1.054316252,-0.611218736,-0.222147412,0.371004728,0.66288587
1497534918136990000,87092,-0.130863976,2.555667636,1.054231258,-0.609241234,-0.226560453,0.374708403,0.661127138
1497534918146920000,87093,-0.137948067,2.554552276,1.054350459,-0.608084743,-0.231301391,0.377192411,0.659134657
1497534918156940000,87094,-0.145014016,2.553335049,1.054277979,-0.606384186,-0.234962813,0.380172522,0.657692595
1497534918166890000,87095,-0.152234199,2.552242151,1.053898361,-0.604893107,-0.239029605,0.38234773,0.656337863
1497534918176970000,87096,-0.159458403,2.551261747,1.053871357,-0.603495952,-0.242296753,0.384019581,0.655449373
1497534918186940000,87097,-0.166566601,2.550048105,1.053426758,-0.602343892,-0.246990493,0.385977466,0.653604566
1497534918197000000,87098,-0.173795287,2.548996926,1.053062809,-0.601384092,-0.251166784,0.388286751,0.651525763
1497534918206920000,87099,-0.180992785,2.547803335,1.052674507,-0.599883919,-0.254942791,0.390543481,0.650091721
1497534918217020000,87100,-0.188320562,2.546587079,1.052216052,-0.59897286,-0.258896052,0.392562477,0.648150483
1497534918226880000,87101,-0.195701384,2.545469996,1.051749004,-0.598222224,-0.262822648,0.39498387,0.645788021
1497534918237000000,87102,-0.203159662,2.544243923,1.051218522,-0.597664124,-0.266724846,0.396441766,0.643808494
1497534918246930000,87103,-0.210653178,2.54302373,1.050493071,-0.597125104,-0.270343218,0.398582374,0.641473495
1497534918256980000,87104,-0.218175124,2.541574172,1.049452616,-0.595998412,-0.275350957,0.400975249,0.638894821
1497534918266890000,87105,-0.225857181,2.540321003,1.048529376,-0.595384859,-0.27898992,0.403159452,0.636509192
1497534918276970000,87106,-0.233605128,2.539077634,1.047506721,-0.594281774,-0.282382698,0.405448512,0.634587022
1497534918286930000,87107,-0.241455964,2.537691867,1.046443265,-0.594131736,-0.287096152,0.407530412,0.63127034
1497534918296980000,87108,-0.249392122,2.536453964,1.045183934,-0.592802777,-0.291353332,0.410636208,0.628550721
1497534918306930000,87109,-0.257351836,2.53501286,1.043895462,-0.592348608,-0.294251692,0.413157009,0.625971528
1497534918316960000,87110,-0.265323053,2.533597533,1.04248001,-0.591613676,-0.298331592,0.415720461,0.623031314
1497534918326910000,87111,-0.273298978,2.532060035,1.040724785,-0.590293765,-0.301704185,0.41852904,0.620774756
1497534918336940000,87112,-0.28133635,2.530631805,1.039399162,-0.589021303,-0.305112569,0.421302087,0.618437367
1497534918346940000,87113,-0.289365128,2.528999066,1.03783735,-0.588061486,-0.307286134,0.423433361,0.616816917
1497534918357010000,87114,-0.29736224,2.527148157,1.035707131,-0.586183487,-0.310520423,0.426705789,0.614726082
1497534918366920000,87115,-0.305446857,2.525636587,1.034427041,-0.584899524,-0.312372986,0.429239788,0.613244542
1497534918376940000,87116,-0.313559823,2.523538836,1.032231899,-0.582806447,-0.314925259,0.432497821,0.611640713
1497534918386930000,87117,-0.321939334,2.522021789,1.030828356,-0.581230864,-0.316942131,0.435417287,0.610024717
1497534918396900000,87118,-0.330589297,2.520341682,1.029271255,-0.579863991,-0.319263314,0.438862727,0.607641502
1497534918406910000,87119,-0.339391063,2.518454938,1.027663533,-0.578149441,-0.321768804,0.442133384,0.605579171
1497534918416990000,87120,-0.348336146,2.516698169,1.026164947,-0.576629618,-0.323939695,0.445382407,0.603486428
1497534918426910000,87121,-0.357476839,2.515024809,1.024666558,-0.574883755,-0.325309541,0.449201566,0.601581519
1497534918437000000,87122,-0.366701452,2.513132936,1.023064929,-0.573456365,-0.32793923,0.452880137,0.598751401
1497534918446940000,87123,-0.376381016,2.511440011,1.021738675,-0.570748511,-0.329120631,0.456921402,0.597619093
1497534918456940000,87124,-0.38611996,2.509693794,1.020050478,-0.569032319,-0.330075258,0.460446031,0.596021808
1497534918467020000,87125,-0.395929581,2.507886281,1.018396885,-0.567092652,-0.331954555,0.464148548,0.593951364
1497534918476840000,87126,-0.406139452,2.506025305,1.016660127,-0.56538218,-0.333499818,0.467763643,0.591876707
1497534918486900000,87127,-0.416471824,2.504190479,1.014687255,-0.562972343,-0.334763754,0.471412263,0.590564009
1497534918496990000,87128,-0.427162031,2.502611596,1.013037324,-0.561621772,-0.336191074,0.474767352,0.588347269
1497534918506860000,87129,-0.438072019,2.500970306,1.011312563,-0.559753152,-0.337748497,0.478199191,0.58645366
1497534918516880000,87130,-0.449167332,2.499409821,1.009641912,-0.557664207,-0.339092825,0.481601948,0.584881399
1497534918526840000,87131,-0.460266413,2.497913069,1.00819451,-0.556506387,-0.340605353,0.484490608,0.582715613
1497534918536870000,87132,-0.471505905,2.496507221,1.007192838,-0.554935613,-0.342537864,0.487588419,0.580492732
1497534918546880000,87133,-0.482558216,2.495044236,1.006468571,-0.554462988,-0.343558074,0.489658786,0.578595643
1497534918556900000,87134,-0.493615436,2.493745344,1.006691587,-0.553786801,-0.345785538,0.491396704,0.576438914
1497534918566790000,87135,-0.504155254,2.492552037,1.007815925,-0.553575615,-0.345784572,0.492166405,0.575985502
1497534918577080000,87136,-0.51422417,2.491151481,1.009139916,-0.554731642,-0.346165249,0.491769213,0.574983015
1497534918586910000,87137,-0.524184951,2.48981732,1.010739522,-0.555574256,-0.346838075,0.490807575,0.574585519
1497534918596940000,87138,-0.534041821,2.488393451,1.012605554,-0.556315843,-0.349600812,0.490283992,0.572637375
1497534918606920000,87139,-0.543976496,2.487310567,1.014761328,-0.555591594,-0.35186315,0.489238598,0.572848931
1497534918616980000,87140,-0.553941515,2.487006026,1.01778342,-0.553688904,-0.355096537,0.489147615,0.572773653
1497534918626930000,87141,-0.563780299,2.485822694,1.019568842,-0.553026914,-0.35467193,0.488440872,0.574277432
1497534918636920000,87142,-0.573622494,2.484915403,1.021355832,-0.552129886,-0.353502988,0.487956615,0.576269527
1497534918646910000,87143,-0.583323452,2.484434852,1.023425508,-0.552234514,-0.352249307,0.486864596,0.577858401
1497534918656920000,87144,-0.592829147,2.483543223,1.024825811,-0.551874475,-0.35043274,0.486538321,0.579579089
1497534918666910000,87145,-0.602196076,2.482087147,1.025394904,-0.551174057,-0.349580671,0.486085725,0.581137834
1497534918676890000,87146,-0.611521444,2.481359751,1.026741621,-0.551136805,-0.350668669,0.485238483,0.581225705
1497534918686880000,87147,-0.620772329,2.481446611,1.02913829,-0.552434571,-0.35151683,0.483979768,0.580530402
1497534918696930000,87148,-0.629851876,2.480784708,1.030612768,-0.553940018,-0.354204059,0.482428158,0.578751254
1497534918706820000,87149,-0.638574048,2.478637082,1.030386487,-0.556114367,-0.358955481,0.48072894,0.575141252
1497534918716940000,87150,-0.647181196,2.477501316,1.031463578,-0.558558028,-0.364416747,0.479135451,0.570651017
1497534918726970000,87151,-0.655588417,2.475674448,1.031847673,-0.560288052,-0.369509595,0.477808154,0.566779787
1497534918737070000,87152,-0.663625091,2.473780001,1.032475589,-0.561276228,-0.374989701,0.476716196,0.563110459
1497534918746960000,87153,-0.671264217,2.472106144,1.033346994,-0.560924807,-0.378811814,0.477179246,0.560504182
1497534918756930000,87154,-0.678712492,2.469948242,1.033804866,-0.561030589,-0.382700079,0.477278551,0.557665234
1497534918766880000,87155,-0.685810643,2.4682773,1.034587549,-0.560554244,-0.385283415,0.478570813,0.555252742
1497534918776990000,87156,-0.692780271,2.466930379,1.03570791,-0.561189772,-0.387348489,0.479392843,0.552457863
1497534918786890000,87157,-0.699594257,2.465046094,1.035859457,-0.561640887,-0.388414403,0.480412144,0.550361643
1497534918797010000,87158,-0.706144678,2.463537705,1.036280186,-0.562733843,-0.388465214,0.481162481,0.548550879
1497534918806860000,87159,-0.712689518,2.462146253,1.036715669,-0.563753316,-0.388878311,0.481674355,0.546759247
1497534918816920000,87160,-0.718620287,2.460932352,1.037401756,-0.562886214,-0.391034065,0.484111577,0.543955376
1497534918826910000,87161,-0.725033945,2.459202639,1.037066654,-0.564726946,-0.393006567,0.483932899,0.540775613
1497534918837000000,87162,-0.731115132,2.45820406,1.037731035,-0.565750457,-0.394356405,0.483373124,0.53922154
1497534918846930000,87163,-0.737289649,2.456725042,1.03782137,-0.566472597,-0.396510689,0.482555635,0.537613364
1497534918857000000,87164,-0.743472206,2.454894357,1.037405762,-0.568024777,-0.39904268,0.481022124,0.535472229
1497534918866800000,87165,-0.749425773,2.45399327,1.038114634,-0.569568983,-0.401604441,0.479957931,0.532865303
1497534918877000000,87166,-0.755166031,2.452133048,1.037965529,-0.569700608,-0.403531697,0.479216152,0.531935398
1497534918886910000,87167,-0.760878969,2.450255555,1.038025685,-0.569885603,-0.406592637,0.478285157,0.530241582
1497534918896980000,87168,-0.766619178,2.448168945,1.037792402,-0.569957954,-0.408387817,0.478846206,0.528274202
1497534918906900000,87169,-0.772403451,2.446153604,1.037980563,-0.569808917,-0.411644292,0.478356871,0.526347299
1497534918916870000,87170,-0.77819172,2.443848051,1.037577909,-0.570715049,-0.414694211,0.478346683,0.522969879
1497534918926900000,87171,-0.783936519,2.441791854,1.037814193,-0.570646378,-0.417530284,0.478349433,0.520781138
1497534918936910000,87172,-0.789689207,2.439178367,1.037422808,-0.57053719,-0.421421135,0.478980985,0.517173819
1497534918946900000,87173,-0.795471611,2.436700025,1.037074357,-0.57080773,-0.425473131,0.479111937,0.513422733
1497534918956890000,87174,-0.801206087,2.434222492,1.036634261,-0.569880664,-0.428233937,0.478771373,0.512474093
1497534918966880000,87175,-0.80751751,2.431113265,1.035404785,-0.570648216,-0.430200827,0.476708783,0.511895105
1497534918976910000,87176,-0.813711352,2.428141534,1.03426805,-0.570764094,-0.430657608,0.474719769,0.51322852
1497534918986940000,87177,-0.822094143,2.426669862,1.034716753,-0.575887708,-0.419876944,0.466807403,0.523591013
1497534918996920000,87178,-0.827173187,2.423939327,1.03418079,-0.575199903,-0.424943064,0.467737282,0.519413418
1497534919006860000,87179,-0.832025626,2.420837556,1.033113334,-0.574532897,-0.43217647,0.468820835,0.51316905
1497534919016900000,87180,-0.837292339,2.419217267,1.033873066,-0.574839163,-0.434848523,0.468841104,0.510543551
1497534919026910000,87181,-0.842167266,2.416344031,1.032982066,-0.574962485,-0.439925061,0.469540856,0.505386452
1497534919037000000,87182,-0.846790219,2.413382942,1.031746432,-0.573861129,-0.446827672,0.4700784,0.500054731
1497534919046930000,87183,-0.843129128,2.402924871,1.028897779,0.571577134,0.457293986,-0.475857788,-0.487587076
1497534919056950000,87184,-0.848553821,2.40044005,1.028433394,0.572489316,0.458826149,-0.475307774,-0.485609995
1497534919066940000,87185,-0.853469164,2.398109094,1.027557193,0.573044719,0.460703542,-0.473884758,-0.484567057
1497534919076980000,87186,-0.85811514,2.395836154,1.02641432,0.57282087,0.462634966,-0.473728546,-0.48314222
1497534919086970000,87187,-0.863064678,2.393619509,1.025275673,0.574558724,0.464246939,-0.472212871,-0.481011494
1497534919096970000,87188,-0.868527585,2.391328074,1.024902905,0.576508054,0.465335632,-0.470546681,-0.479256752
1497534919107020000,87189,-0.874026195,2.389037664,1.024497699,0.577410752,0.467044983,-0.469313108,-0.477714364
1497534919116890000,87190,-0.878297734,2.386912278,1.022909738,0.578956742,0.468674748,-0.467554364,-0.475968474
1497534919126920000,87191,-0.885291841,2.384356501,1.023901868,0.581331543,0.469281294,-0.465473497,-0.47451357
1497534919137010000,87192,-0.890889254,2.381958431,1.023562575,0.583517341,0.468803872,-0.463935205,-0.473808577
1497534919146950000,87193,-0.895209693,2.37970379,1.021597848,0.585681741,0.469290745,-0.461862407,-0.472679819
1497534919157010000,87194,-0.90136609,2.376928622,1.021572829,0.58677094,0.469599679,-0.460116924,-0.472724468
1497534919166920000,87195,-0.907709758,2.373943202,1.021651553,0.588555658,0.470884868,-0.457777845,-0.471496684
1497534919176950000,87196,-0.91284814,2.371021693,1.020086824,0.589503246,0.472891323,-0.45579234,-0.470226607
1497534919186950000,87197,-0.917537326,2.367875482,1.01783566,0.590269808,0.473700843,-0.453881634,-0.470298339
1497534919196940000,87198,-0.924912534,2.364007994,1.018636411,0.590961654,0.475440184,-0.451933482,-0.469549872
1497534919206950000,87199,-0.930265727,2.360404513,1.017014202,0.591424819,0.477584498,-0.450024279,-0.468623387
1497534919216960000,87200,-0.936196705,2.356451202,1.01605534,0.591403525,0.479697841,-0.448396156,-0.468052069
1497534919226920000,87201,-0.942237328,2.35229471,1.01510547,0.591753651,0.481061336,-0.446659932,-0.467870188
1497534919237000000,87202,-0.947490182,2.348033994,1.013261143,0.591545676,0.482875957,-0.445689672,-0.467188654
1497534919246950000,87203,-0.95396003,2.343426933,1.012636985,0.591445686,0.484315384,-0.444365506,-0.467086615
1497534919256900000,87204,-0.959419712,2.338749853,1.010993325,0.590769334,0.48608926,-0.44343322,-0.466985873
1497534919266940000,87205,-0.964812277,2.333860176,1.009261243,0.590222827,0.488197481,-0.442476026,-0.466385248
1497534919276920000,87206,-0.970964933,2.32866717,1.008356492,0.58932662,0.490308768,-0.441759381,-0.465982936
1497534919286950000,87207,-0.976755383,2.323343369,1.007051677,0.588308749,0.492223544,-0.441392682,-0.465597786
1497534919296980000,87208,-0.982574908,2.317836974,1.005803168,0.587724645,0.493756653,-0.440851264,-0.465224971
1497534919306830000,87209,-0.988346697,2.312138901,1.004673673,0.586734343,0.495403314,-0.440822654,-0.464751282
1497534919316960000,87210,-0.994149065,2.306389875,1.003434677,0.585989681,0.497132405,-0.440463423,-0.464184702
1497534919326930000,87211,-0.99996265,2.300429893,1.00218936,0.584804729,0.4984067,-0.440180756,-0.464580556
1497534919336970000,87212,-1.005995656,2.2943216,1.001213859,0.584069925,0.499558969,-0.439758376,-0.464667333
1497534919346960000,87213,-1.011992719,2.288026765,1.000030534,0.583400324,0.500991248,-0.439066177,-0.464621054
1497534919356940000,87214,-1.018575913,2.281449691,0.999569302,0.583071217,0.501867254,-0.438793758,-0.464346049
1497534919366930000,87215,-1.024629282,2.274824926,0.9984306,0.581981375,0.502916997,-0.438505333,-0.464849703
1497534919377000000,87216,-1.030486225,2.268041583,0.996973471,0.581513459,0.504121119,-0.43889302,-0.463763852
1497534919386950000,87217,-1.037740067,2.261016937,0.997421645,0.581284486,0.505519631,-0.438972389,-0.462451609
1497534919396990000,87218,-1.043845805,2.253947798,0.996587264,0.580911159,0.506043967,-0.440004665,-0.461364957
1497534919406920000,87219,-1.05034374,2.24661133,0.996716548,0.580058443,0.50620228,-0.44141135,-0.460920248
1497534919416940000,87220,-1.057035982,2.239024192,0.997513648,0.578922688,0.506601231,-0.443088845,-0.46029989
1497534919426840000,87221,-1.063295388,2.231287316,0.997965745,0.577532398,0.507477603,-0.445320322,-0.458925509
1497534919437030000,87222,-1.069586801,2.223353724,0.998742342,0.575835905,0.508337853,-0.448336662,-0.457165041
1497534919446950000,87223,-1.075353737,2.21522505,0.999336951,0.573288458,0.509583288,-0.452289916,-0.455081364
1497534919457070000,87224,-1.081071803,2.207091555,0.999703013,0.57504009,0.511624617,-0.454807843,-0.448016709
1497534919466940000,87225,-1.086730929,2.197970743,1.002410111,0.566162843,0.511809007,-0.461495129,-0.452253714
1497534919476990000,87226,-1.091779233,2.189214967,1.003885331,0.561760977,0.513294932,-0.466836311,-0.45057383
1497534919486940000,87227,-1.096743399,2.180898151,1.004910426,0.560833095,0.514364544,-0.471257322,-0.445883272
1497534919496940000,87228,-1.10188448,2.172069073,1.007768849,0.551486734,0.515332623,-0.478318786,-0.448893983
1497534919506780000,87229,-1.106976274,2.163924804,1.010100176,0.546930785,0.515264083,-0.483676863,-0.448805452
1497534919516930000,87230,-1.111180945,2.156154425,1.011355077,0.541911049,0.515114468,-0.489691339,-0.448544192
1497534919526890000,87231,-1.116093826,2.148689316,1.013714299,0.536706049,0.51502586,-0.496065684,-0.447899338
1497534919536980000,87232,-1.11966671,2.141978913,1.01330025,0.537412123,0.513310346,-0.500935247,-0.443581534
1497534919546900000,87233,-1.124141923,2.135049665,1.014710276,0.532499514,0.511216736,-0.507687756,-0.444246394
1497534919557010000,87234,-1.129800162,2.128032806,1.01777811,0.525251298,0.509965558,-0.514141832,-0.44688296
1497534919566890000,87235,-1.13332198,2.121794498,1.016495226,0.527595525,0.506870212,-0.519845882,-0.441005453
1497534919576990000,87236,-1.139297128,2.115060736,1.019520585,-0.521432059,-0.50538307,0.527044701,0.441497954
1497534919586920000,87237,-1.143980659,2.108597939,1.019950946,-0.520235224,-0.503864939,0.533729216,0.436587401
1497534919596980000,87238,-1.147475233,2.102408501,1.018003939,-0.523428361,-0.501578975,0.539805147,0.4278454
1497534919606950000,87239,-1.153203275,2.095697296,1.021058572,-0.516561586,-0.501472404,0.54763358,0.426364888
1497534919617010000,87240,-1.157648,2.08925113,1.021851446,-0.514226657,-0.499997465,0.554206187,0.422408549
1497534919626920000,87241,-1.161993071,2.082841808,1.022962791,-0.510748249,-0.499140191,0.561095663,0.418529513
1497534919637020000,87242,-1.16577031,2.076475488,1.024085446,-0.5081816,-0.497461966,0.567167823,0.415456031
1497534919646900000,87243,-1.169621459,2.070167735,1.025736054,-0.503833128,-0.497016284,0.573688586,0.412320748
1497534919657010000,87244,-1.172759591,2.063768313,1.026640338,-0.500520091,-0.49596994,0.579337913,0.409708481
1497534919666940000,87245,-1.176748542,2.057441374,1.028911573,-0.496110784,-0.494520723,0.585404736,0.408196813
1497534919676990000,87246,-1.179772287,2.051045116,1.029896132,-0.490619101,-0.494898963,0.591986466,0.404870274
1497534919686950000,87247,-1.183307602,2.044592183,1.031425925,-0.486612211,-0.494823094,0.597263531,0.402038477
1497534919696950000,87248,-1.187169478,2.038191736,1.033254913,-0.481334919,-0.495717209,0.603191669,0.398423086
1497534919706950000,87249,-1.190213891,2.03169214,1.033678792,-0.476929819,-0.496759149,0.608502383,0.394326192
1497534919717020000,87250,-1.194377897,2.025221571,1.03565782,-0.472847113,-0.49802968,0.613237674,0.390284001
1497534919726960000,87251,-1.197754765,2.018727417,1.036584748,-0.467796863,-0.499591753,0.618584164,0.385911657
1497534919736950000,87252,-1.201138235,2.012191222,1.037613282,-0.462902805,-0.501578161,0.623274205,0.381666879
1497534919746950000,87253,-1.204327121,2.005617937,1.038501774,-0.457572898,-0.503047792,0.628402766,0.377729965
1497534919756960000,87254,-1.207366181,1.999044342,1.039202919,-0.451305759,-0.504166649,0.633918514,0.374548288
1497534919766950000,87255,-1.210327521,1.992477442,1.040104838,-0.444979532,-0.506786642,0.638701944,0.370432642
1497534919776970000,87256,-1.213301017,1.985894501,1.040872472,-0.439039948,-0.508972191,0.643258961,0.366618523
1497534919786960000,87257,-1.216671715,1.979419181,1.042237631,-0.432485865,-0.511469583,0.647708389,0.363082203
1497534919796950000,87258,-1.219643256,1.972817559,1.043003077,-0.426197543,-0.513385477,0.652016282,0.360091343
1497534919806950000,87259,-1.222211107,1.96619987,1.043144399,-0.419995972,-0.515688474,0.655972228,0.356888241
1497534919816950000,87260,-1.225045819,1.959449262,1.043445241,-0.414179764,-0.51826683,0.659673229,0.353108832
1497534919826940000,87261,-1.228007302,1.952682806,1.043409889,-0.407735834,-0.520309253,0.663437181,0.35054369
1497534919836960000,87262,-1.231301958,1.946008291,1.044024309,-0.402535668,-0.523781099,0.666015158,0.346471075
1497534919846940000,87263,-1.234541502,1.939294636,1.044255278,-0.397774492,-0.526405527,0.668432865,0.343322268
1497534919856950000,87264,-1.23751477,1.932519703,1.043921593,-0.392562809,-0.530191881,0.670558222,0.339326807
1497534919866930000,87265,-1.240822993,1.925598787,1.043515262,-0.388187958,-0.533256362,0.672536675,0.335622081
1497534919876970000,87266,-1.244593176,1.918844963,1.043643031,-0.384098208,-0.536348281,0.673854127,0.332745704
1497534919886950000,87267,-1.248001779,1.91201951,1.04333699,-0.38022873,-0.539981085,0.674885181,0.329205913
1497534919897010000,87268,-1.251600844,1.905123213,1.043028419,-0.376294667,-0.543679804,0.675664666,0.326024315
1497534919906960000,87269,-1.25498302,1.898084949,1.04239571,-0.37298407,-0.547448181,0.676230738,0.322328033
1497534919916990000,87270,-1.258472537,1.891027367,1.042022365,-0.369601194,-0.551208071,0.676764002,0.318677118
1497534919926910000,87271,-1.26196006,1.883860842,1.041292191,-0.365899629,-0.554311316,0.677566538,0.315848085
1497534919936950000,87272,-1.265515887,1.876511268,1.040718011,-0.361488679,-0.558729249,0.67810556,0.311962195
1497534919946920000,87273,-1.269075059,1.869021644,1.040043201,-0.357354187,-0.562090895,0.678840711,0.309074585
1497534919956990000,87274,-1.272751164,1.861367603,1.039395274,-0.352419244,-0.565704062,0.680022358,0.305530986
1497534919966940000,87275,-1.276239676,1.853616872,1.038700696,-0.34878919,-0.56892781,0.680716275,0.302146654
1497534919976940000,87276,-1.279766422,1.845757349,1.037970053,-0.344409282,-0.571912373,0.681975808,0.298676215
1497534919986940000,87277,-1.283255596,1.838002738,1.037193587,-0.339790708,-0.573720715,0.683919293,0.29604259
1497534919996950000,87278,-1.286820301,1.830199617,1.03640535,-0.336000898,-0.575853289,0.685358655,0.292882058
1497534920006960000,87279,-1.29043438,1.822427052,1.035490139,-0.332378673,-0.577144183,0.687372139,0.289738765
1497534920017000000,87280,-1.29398937,1.814688298,1.034530597,-0.329518007,-0.577929771,0.689358617,0.286705004
1497534920026930000,87281,-1.29779854,1.806908419,1.033626162,-0.326397574,-0.578503074,0.691363777,0.284279696
1497534920036900000,87282,-1.301563535,1.799189251,1.032574501,-0.323674771,-0.578688319,0.693395491,0.282058796
1497534920046990000,87283,-1.305858369,1.79085843,1.031956563,-0.319685362,-0.585819671,0.691406066,0.276720499
1497534920056990000,87284,-1.309473957,1.783562169,1.030580584,-0.318681201,-0.578131719,0.698267562,0.276818386
1497534920066900000,87285,-1.313559306,1.775446149,1.029424159,-0.316659328,-0.577285512,0.700836203,0.274402849
1497534920076940000,87286,-1.317896048,1.767336856,1.028264341,-0.314508632,-0.576624687,0.703451304,0.271559485
1497534920086950000,87287,-1.322311384,1.758899596,1.027120459,-0.312902124,-0.574203171,0.706848742,0.269718067
1497534920097000000,87288,-1.326792383,1.750340679,1.025904789,-0.310647489,-0.572969215,0.710062868,0.266486661
1497534920106950000,87289,-1.331558045,1.741483018,1.024642434,-0.309885754,-0.571077803,0.713001533,0.263571199
1497534920116990000,87290,-1.336263696,1.732397458,1.023226111,-0.308957389,-0.568856404,0.716157306,0.260895452
1497534920126870000,87291,-1.341126961,1.722928303,1.021656115,-0.306747289,-0.567695186,0.719086244,0.257959784
1497534920136970000,87292,-1.346014636,1.71351068,1.020155849,-0.304695119,-0.567111288,0.721776174,0.254135449
1497534920146850000,87293,-1.350774243,1.703976896,1.018517695,-0.303797442,-0.565175478,0.72453959,0.251646927
1497534920156970000,87294,-1.355773088,1.694442776,1.016988666,-0.302168008,-0.564118136,0.727077269,0.24864406
1497534920167000000,87295,-1.360939601,1.685085021,1.016079656,-0.301664198,-0.563323377,0.728613441,0.246552101
1497534920177030000,87296,-1.366387557,1.675142955,1.016332416,-0.297766452,-0.57196422,0.724857467,0.242432928
1497534920186980000,87297,-1.371239136,1.666618602,1.01623562,-0.299327178,-0.566316785,0.72845523,0.242984604
1497534920197050000,87298,-1.376870437,1.657305352,1.017989333,-0.297050755,-0.57624055,0.722055168,0.24154505
1497534920206970000,87299,-1.381933662,1.648915521,1.019466542,-0.298735841,-0.579421202,0.719636754,0.239062566
1497534920217030000,87300,-1.386465354,1.641118475,1.021523118,-0.296734468,-0.578411743,0.720477197,0.241456246
1497534920226930000,87301,-1.391493846,1.633610711,1.023189159,-0.298073862,-0.579166187,0.7199778,0.239479577
1497534920237050000,87302,-1.396100851,1.626257708,1.025063416,-0.298793289,-0.575479517,0.722166707,0.240875784
1497534920246980000,87303,-1.401301311,1.61866872,1.027527103,-0.298486687,-0.572805276,0.72289829,0.245393309
1497534920257020000,87304,-1.40648968,1.610708627,1.029238926,-0.301046488,-0.572669255,0.721776738,0.245884684
1497534920266970000,87305,-1.411885912,1.602867892,1.031247394,-0.301899252,-0.572556886,0.720619477,0.248481436
1497534920276990000,87306,-1.417111463,1.595000319,1.0326417,-0.304903492,-0.573566182,0.718934056,0.247365153
1497534920286960000,87307,-1.422386666,1.587207306,1.034080187,-0.307019035,-0.574439545,0.71732179,0.247402448
1497534920297030000,87308,-1.427801158,1.57932034,1.03573055,-0.308257537,-0.578725612,0.713203775,0.247778797
1497534920306970000,87309,-1.433229497,1.571499515,1.036515569,-0.31179887,-0.582294943,0.7086536,0.2480406
1497534920317010000,87310,-1.438608126,1.563448981,1.037489219,-0.314651894,-0.59010091,0.701455508,0.246445274
1497534920326980000,87311,-1.443569747,1.555639364,1.037863887,-0.317890978,-0.596754238,0.695043819,0.24442544
1497534920337040000,87312,-1.44766967,1.54838053,1.038401369,-0.318271868,-0.601068844,0.691217094,0.244209321
1497534920346940000,87313,-1.451287533,1.541471533,1.038317726,-0.318776805,-0.604258572,0.689026616,0.241857911
1497534920357040000,87314,-1.454161398,1.534952176,1.038951674,-0.315525726,-0.606918151,0.687924234,0.242598685
1497534920366940000,87315,-1.456714548,1.528783159,1.039190146,-0.312014162,-0.607939065,0.688621863,0.242604999
1497534920376950000,87316,-1.459204595,1.522534104,1.039448357,-0.308991167,-0.61184091,0.687331545,0.24031335
1497534920386970000,87317,-1.461653067,1.51674313,1.039400849,-0.307020483,-0.614346275,0.686385531,0.239148447
1497534920396980000,87318,-1.464171205,1.510984187,1.039614828,-0.304598344,-0.616872786,0.685369658,0.238655081
1497534920406970000,87319,-1.466791134,1.505629275,1.039619345,-0.304773354,-0.617493932,0.684679368,0.238806635
1497534920417030000,87320,-1.468733467,1.500844738,1.040993464,-0.30021707,-0.612959542,0.686987099,0.249397347
1497534920426980000,87321,-1.47237602,1.496260982,1.039193797,-0.309106006,-0.606132254,0.69034946,0.245916229
1497534920437040000,87322,-1.475618751,1.491486094,1.039299137,-0.314864288,-0.602273298,0.690528205,0.247584639
1497534920446930000,87323,-1.479200031,1.486377811,1.039404742,-0.320325921,-0.605594786,0.686053282,0.244902334
1497534920457020000,87324,-1.482974357,1.481213109,1.039327276,-0.325418907,-0.611924464,0.679667875,0.240213583
1497534920466970000,87325,-1.487054728,1.475331977,1.040319591,-0.332459903,-0.626553925,0.665829472,0.231455625
1497534920476950000,87326,-1.489929321,1.471112938,1.039362706,-0.334687616,-0.623877863,0.667346489,0.231104467
1497534920486970000,87327,-1.492875594,1.465573082,1.040500924,-0.3403919,-0.628227327,0.660306974,0.2312109
1497534920496970000,87328,-1.493738304,1.465629912,1.034880475,-0.32818484,-0.621658467,0.673351853,0.228981972
1497534920506980000,87329,-1.49609924,1.460803849,1.034551669,-0.331431894,-0.622091477,0.671527212,0.228486975
1497534920516970000,87330,-1.49850386,1.455370398,1.03449263,-0.333314055,-0.623355945,0.669709064,0.227637599
1497534920526950000,87331,-1.500445458,1.450473241,1.033829599,-0.334659542,-0.624606861,0.668005854,0.227238726
1497534920537070000,87332,-1.502169223,1.44552277,1.033048614,-0.33577148,-0.626522982,0.665748724,0.226947355
1497534920546970000,87333,-1.504346291,1.439177261,1.033465627,-0.337071964,-0.627885102,0.663660067,0.227372173
1497534920556990000,87334,-1.505815645,1.433865352,1.03278998,-0.336717718,-0.629715745,0.662089499,0.227413182
1497534920566920000,87335,-1.507006071,1.428908678,1.031675262,-0.336539348,-0.631710927,0.660174174,0.22771173
1497534920576970000,87336,-1.508352111,1.423374184,1.031077272,-0.336565811,-0.633450967,0.658292957,0.228284274
1497534920586960000,87337,-1.513924999,1.408387231,1.040395111,-0.340263323,-0.630024489,0.658289653,0.232260086
1497534920597070000,87338,-1.515196195,1.402778779,1.03980218,-0.340293014,-0.631801175,0.656495517,0.232468441
1497534920606970000,87339,-1.512796548,1.405290049,1.031019643,-0.337457501,-0.63372311,0.656156311,0.232328107
1497534920616990000,87340,-1.514056821,1.39959268,1.030322723,-0.337034035,-0.635707766,0.654451535,0.232329259
1497534920626940000,87341,-1.515605744,1.392285294,1.031489917,-0.34661242,-0.640257565,0.644567916,0.233371554
1497534920637040000,87342,-1.517232797,1.385624729,1.03188128,0.348840456,0.646364777,-0.637290452,-0.233203323
1497534920646970000,87343,-1.518391468,1.380495708,1.029780592,0.345918921,0.644786504,-0.640722533,-0.232519032
1497534920657040000,87344,-1.519740031,1.374525257,1.028859948,0.34597718,0.646189974,-0.639192356,-0.23274759
1497534920666960000,87345,-1.52081509,1.37010432,1.025912741,-0.335940458,-0.645232039,0.645713372,0.232107443
1497534920676950000,87346,-1.522540788,1.36218043,1.027010045,0.345645007,0.650608156,-0.634887126,-0.232716337
1497534920686970000,87347,-1.523190195,1.356417482,1.025886356,0.344244428,0.648357158,-0.636595315,-0.236379301
1497534920696980000,87348,-1.524525791,1.349588234,1.025342067,0.349555256,0.648931125,-0.633153984,-0.236253152
1497534920706980000,87349,-1.524991114,1.343781881,1.024720551,0.346699314,0.643523827,-0.636816611,-0.245237178
1497534920716940000,87350,-1.526524559,1.337111989,1.02371544,0.346751984,0.646227963,-0.633911087,-0.245579347
1497534920726930000,87351,-1.528040168,1.330254406,1.022722741,0.348004055,0.647623348,-0.631727932,-0.245758005
1497534920737060000,87352,-1.533271233,1.320954935,1.019999101,0.362088707,0.634609354,-0.62813218,-0.267605495
1497534920746980000,87353,-1.536726589,1.312509231,1.018582776,0.3698423,0.627972317,-0.624114256,-0.281689256
1497534920756910000,87354,-1.533604519,1.309266068,1.017659824,0.340346437,0.649335162,-0.633991083,-0.24613707
1497534920766960000,87355,-1.534928546,1.302003744,1.016650584,0.341299049,0.650376173,-0.632313436,-0.246384884
1497534920777000000,87356,-1.536183455,1.294810554,1.015284717,0.340842349,0.652614246,-0.630307797,-0.246238137
1497534920786950000,87357,-1.537288958,1.287593107,1.013777001,0.341395971,0.655664737,-0.627419937,-0.244738158
1497534920796960000,87358,-1.540747545,1.277746856,1.012336772,0.364209464,0.646437971,-0.614896988,-0.267153719
1497534920806950000,87359,-1.542186855,1.269713021,1.010774499,0.365694792,0.646170148,-0.613182758,-0.269700507
1497534920816890000,87360,-1.540090782,1.264357356,1.009757087,0.341786474,0.660799363,-0.622090022,-0.243988142
1497534920826930000,87361,-1.540053048,1.257067119,1.008093085,0.339666884,0.668556666,-0.617572947,-0.237196223
1497534920836930000,87362,-1.540711546,1.248812988,1.006541074,0.33951006,0.670038212,-0.61619192,-0.236831654
1497534920846910000,87363,-1.54124785,1.240357985,1.00493222,0.340017699,0.671959408,-0.613887586,-0.236644354
1497534920856920000,87364,-1.541736324,1.231580652,1.003431152,0.339995776,0.673083687,-0.612531109,-0.23699549
1497534920866910000,87365,-1.542071654,1.222770214,1.00176153,0.340275022,0.675381526,-0.609930197,-0.236765406
1497534920877060000,87366,-1.542279809,1.213809412,1.000005944,0.340487884,0.677922698,-0.60713593,-0.236378465
1497534920886930000,87367,-1.542363133,1.204634988,0.998372892,0.340185583,0.679607354,-0.605147891,-0.237073075
1497534920897000000,87368,-1.542422273,1.195305606,0.996841625,0.340687564,0.681131052,-0.602803196,-0.237951216
1497534920906990000,87369,-1.542212829,1.185856131,0.995283333,0.339822714,0.682322156,-0.601382143,-0.239366909
1497534920917060000,87370,-1.542129135,1.176225374,0.993864468,0.340698765,0.683183234,-0.599164314,-0.241220116
1497534920926960000,87371,-1.541864953,1.166659885,0.992497689,0.340296363,0.683927672,-0.597939455,-0.242713272
1497534920937040000,87372,-1.541618297,1.157003614,0.991121128,0.341815098,0.684719019,-0.595670185,-0.243924855
1497534920946980000,87373,-1.541390133,1.147093369,0.990290648,0.343041522,0.684887659,-0.594347976,-0.244952836
1497534920957060000,87374,-1.540857716,1.137381666,0.989412498,0.342755382,0.684114955,-0.594757207,-0.246514384
1497534920966940000,87375,-1.540408696,1.127505827,0.988891797,0.344203966,0.683771211,-0.594204589,-0.246782226
1497534920977040000,87376,-1.539334374,1.11771152,0.988802758,0.348873667,0.684890056,-0.590311425,-0.246465407
1497534920986990000,87377,-1.538569207,1.10762899,0.988795499,0.348863493,0.683856029,-0.591569613,-0.246334301
1497534920997010000,87378,-1.537642555,1.09744381,0.989039713,0.349077901,0.682651371,-0.593208962,-0.245427897
1497534921006980000,87379,-1.536489095,1.087156468,0.98949472,0.349898788,0.681518068,-0.594605826,-0.244024328
1497534921016940000,87380,-1.535157426,1.076833493,0.99002266,0.348718855,0.68072475,-0.597277993,-0.241387602
1497534921026940000,87381,-1.533640612,1.066404986,0.990912386,0.347737554,0.68018907,-0.599829983,-0.237960951
1497534921036970000,87382,-1.531767745,1.056139872,0.991969967,0.345588436,0.678994724,-0.603488067,-0.235238073
1497534921046970000,87383,-1.529899407,1.045994677,0.993364378,0.34375119,0.677809402,-0.606974773,-0.232359976
1497534921056990000,87384,-1.528063837,1.036062333,0.995040934,0.341602421,0.67585688,-0.611300936,-0.229861763
1497534921066940000,87385,-1.5261068,1.026594951,0.996688887,0.33909657,0.673833354,-0.615763467,-0.227590598
1497534921076990000,87386,-1.524138312,1.017331539,0.998569133,0.337210208,0.670927506,-0.620343418,-0.226538298
1497534921086980000,87387,-1.522315758,1.008424877,1.000188375,0.333418332,0.667506463,-0.626468926,-0.225397476
1497534921097040000,87388,-1.520670693,0.999625109,1.002021403,0.330420768,0.664323602,-0.631629074,-0.224813212
1497534921106990000,87389,-1.519024679,0.991326585,1.003598531,0.326609895,0.660965187,-0.637297978,-0.224281709
1497534921117030000,87390,-1.517651012,0.983209267,1.004919088,0.324331525,0.658101414,-0.641853301,-0.223015539
1497534921126960000,87391,-1.51650668,0.975157077,1.006450636,0.321913724,0.65422923,-0.647123057,-0.222682325
1497534921136980000,87392,-1.515495681,0.967368834,1.007816679,-0.320302777,-0.649735861,0.652522574,0.222404434
1497534921146970000,87393,-1.514530677,0.959818759,1.009160157,-0.31972167,-0.645043972,0.657565719,0.222044257
1497534921157010000,87394,-1.5136732,0.952468229,1.010491774,-0.319466734,-0.63997488,0.662798818,0.221519494
1497534921166990000,87395,-1.512960153,0.945361676,1.011805702,-0.320075228,-0.635531488,0.667203888,0.220205694
1497534921177030000,87396,-1.512368575,0.938363508,1.01322446,-0.321021055,-0.631096241,0.671360025,0.218949156
1497534921186900000,87397,-1.511744794,0.93158687,1.014544271,-0.321669173,-0.626545018,0.6758148,0.217358321
1497534921196970000,87398,-1.511108504,0.924919012,1.016081561,-0.321910675,-0.62198763,0.680201735,0.216403568
1497534921206940000,87399,-1.510519922,0.918322306,1.017707207,-0.322258499,-0.617984228,0.684142655,0.214927385
1497534921217020000,87400,-1.509970753,0.911762771,1.019532216,-0.322286289,-0.614240404,0.687827166,0.21385524
1497534921226970000,87401,-1.50933606,0.905309945,1.021470042,-0.321808136,-0.610449029,0.69170668,0.212916356
1497534921236980000,87402,-1.508677161,0.89894042,1.023471798,-0.32044361,-0.606806641,0.695794835,0.212064001
1497534921246940000,87403,-1.507793877,0.892687119,1.025286602,-0.317431333,-0.603768231,0.700177152,0.210839341
1497534921256990000,87404,-1.507001712,0.886359459,1.027023972,-0.314320967,-0.601546101,0.703940661,0.209313554
1497534921266970000,87405,-1.506221237,0.879975443,1.028834028,-0.311781186,-0.598747549,0.707707573,0.208431898
1497534921276960000,87406,-1.505561493,0.873521815,1.030488065,-0.309388251,-0.596407279,0.711133367,0.207042515
1497534921286990000,87407,-1.504921439,0.867043457,1.031993556,-0.306379938,-0.594362089,0.714637886,0.205323485
1497534921296990000,87408,-1.504450359,0.860466914,1.033292502,-0.304199038,-0.592467663,0.717663221,0.203480992
1497534921306990000,87409,-1.5040216,0.853779988,1.034551746,-0.303176145,-0.591002713,0.719797057,0.201723115
1497534921317010000,87410,-1.503816078,0.846894302,1.03585443,-0.302520761,-0.589145408,0.72189998,0.200622274
1497534921326960000,87411,-1.503335098,0.840238271,1.036565353,-0.300226112,-0.589114853,0.723511906,0.198339339
1497534921337020000,87412,-1.502844684,0.833391328,1.03725319,-0.298132384,-0.588621326,0.725223911,0.196703573
1497534921346910000,87413,-1.502588932,0.826400668,1.03779219,-0.295144517,-0.590565035,0.725630323,0.193864096
1497534921357030000,87414,-1.502272694,0.819293978,1.038381755,-0.293593405,-0.590810516,0.726411332,0.192542003
1497534921366990000,87415,-1.502023469,0.812073375,1.038642562,-0.290501497,-0.593214016,0.726330531,0.190131455
1497534921376960000,87416,-1.501660496,0.804809917,1.03864607,-0.286517943,-0.596362472,0.725959299,0.187729504
1497534921386990000,87417,-1.501412838,0.797547599,1.038440747,-0.283008412,-0.598290756,0.726216879,0.185912493
1497534921397040000,87418,-1.501492544,0.78990868,1.038769029,-0.281814807,-0.600560046,0.725144276,0.184590967
1497534921406990000,87419,-1.501316066,0.782619097,1.038178217,-0.278570529,-0.602593278,0.725177957,0.18274773
1497534921417040000,87420,-1.501362007,0.775140294,1.03789822,-0.276881805,-0.605366245,0.723952452,0.181000066
1497534921426960000,87421,-1.501232495,0.767802522,1.037236439,-0.274984609,-0.607288229,0.723356286,0.179833688
1497534921437030000,87422,-1.501084465,0.760535468,1.036309331,-0.273133342,-0.609011604,0.722906061,0.178633339
1497534921446980000,87423,-1.501106469,0.753082423,1.035393232,-0.272304556,-0.610739411,0.722046573,0.177472101
1497534921457010000,87424,-1.501128556,0.745581902,1.034424153,-0.271393806,-0.613336905,0.720496177,0.176205852
1497534921466980000,87425,-1.516470799,0.749971483,1.016521859,0.736047507,0.128332428,0.485056059,-0.454406728
1497534921477010000,87426,-1.516535385,0.742347458,1.015450629,0.734171483,0.128589747,0.485388541,-0.457006428
1497534921486980000,87427,-1.50051741,0.723598737,1.029458528,-0.265658886,-0.618225286,0.719005017,0.173938602
1497534921496990000,87428,-1.498380317,0.718534142,1.022975177,-0.265631573,-0.619847197,0.71780099,0.173179266
1497534921506970000,87429,-1.498418165,0.710690392,1.021390862,-0.264108137,-0.62180998,0.716887152,0.172255775
1497534921516990000,87430,-1.498438755,0.702662737,1.019807072,-0.262621743,-0.623426502,0.716337631,0.170966707
1497534921526930000,87431,-1.498504383,0.694375749,1.018475399,-0.261120162,-0.625088741,0.715752436,0.169643089
1497534921537010000,87432,-1.498452989,0.686093274,1.016969925,-0.259435824,-0.625840779,0.716046345,0.168208217
1497534921546960000,87433,-1.498451288,0.677684445,1.015587574,-0.258384238,-0.62693896,0.715919391,0.166266509
1497534921557030000,87434,-1.498354688,0.669289001,1.014078016,-0.25793192,-0.626861083,0.716579241,0.164409547
1497534921566970000,87435,-1.49825036,0.660797047,1.012639374,-0.257222824,-0.626363674,0.717726604,0.162399164
1497534921576990000,87436,-1.498050657,0.652294682,1.011119768,-0.256418276,-0.625886354,0.718864915,0.160465487
1497534921586980000,87437,-1.497841947,0.643675618,1.009605519,-0.255776051,-0.624948337,0.720309446,0.158658406
1497534921596890000,87438,-1.497602977,0.634823568,1.008083266,-0.254856333,-0.62456538,0.72140205,0.156669778
1497534921606870000,87439,-1.497321761,0.625827881,1.006453449,-0.253510753,-0.623660972,0.723127015,0.154488218
1497534921616970000,87440,-1.497190331,0.61648588,1.005067825,-0.252239279,-0.623470185,0.724210098,0.152249824
1497534921626930000,87441,-1.496932243,0.606996568,1.003352896,-0.250919505,-0.623439387,0.725237363,0.149644582
1497534921637080000,87442,-1.496780555,0.597182419,1.00188544,-0.249411359,-0.622720274,0.726880835,0.147165502
1497534921647030000,87443,-1.496634652,0.587121721,1.000305213,-0.248339738,-0.621776006,0.728587861,0.144505021
1497534921657050000,87444,-1.496568015,0.576790723,0.998866679,-0.247023933,-0.621009104,0.730289366,0.141436596
1497534921666980000,87445,-1.496555406,0.56617982,0.997433535,-0.245372567,-0.620194392,0.732185036,0.138044533
1497534921677020000,87446,-1.496645047,0.555315129,0.995940833,-0.243841771,-0.619370421,0.733981123,0.13488211
1497534921686900000,87447,-1.496745499,0.544519481,0.994502721,-0.242786433,-0.618441464,0.735569254,0.132373626
1497534921697030000,87448,-1.497032481,0.533549334,0.993681415,-0.241803186,-0.617177439,0.737311169,0.130366663
1497534921707010000,87449,-1.497396304,0.522769321,0.993127846,-0.240679473,-0.616499719,0.738464931,0.129116358
1497534921717020000,87450,-1.497649845,0.512411111,0.992846295,-0.238803806,-0.61582252,0.739794906,0.12821413
1497534921726870000,87451,-1.498095758,0.502305888,0.993255705,-0.23746268,-0.615411765,0.740412337,0.129110056
1497534921737030000,87452,-1.498796512,0.492470562,0.99458066,-0.237015886,-0.615911936,0.739713948,0.131526544
1497534921747010000,87453,-1.499656323,0.482905525,0.996523134,-0.235825307,-0.617877635,0.737957894,0.134282536
1497534921756810000,87454,-1.500745911,0.473462491,0.998812516,-0.234446032,-0.620341534,0.735819658,0.137043313
1497534921767030000,87455,-1.502047846,0.464204302,1.001263853,-0.23250083,-0.621862791,0.734577095,0.140094697
1497534921777060000,87456,-1.503566649,0.455065001,1.003602826,-0.231387771,-0.622165413,0.734108429,0.143019974
1497534921787030000,87457,-1.505477873,0.445946408,1.006134884,-0.231189684,-0.62190528,0.733705399,0.146497576
1497534921797050000,87458,-1.507657209,0.436806833,1.00856681,-0.233385734,-0.620741716,0.733191871,0.150467612
1497534921807020000,87459,-1.510030347,0.427907254,1.010417234,-0.236700548,-0.619596148,0.732157284,0.154981208
1497534921816990000,87460,-1.512709411,0.419007454,1.012277957,-0.241020188,-0.618531536,0.730765251,0.15909166
1497534921826980000,87461,-1.515371965,0.410385599,1.01352186,-0.245506939,-0.617595027,0.729082364,0.163528689
1497534921837010000,87462,-1.518104482,0.401800032,1.014860853,-0.250537003,-0.617160891,0.726653615,0.168280032
1497534921847030000,87463,-1.520419271,0.393447949,1.015325729,-0.254684022,-0.617287121,0.724098818,0.172550167
1497534921857060000,87464,-1.522620797,0.385140095,1.016139343,-0.257546039,-0.61909539,0.720762418,0.175762546
1497534921867020000,87465,-1.524397995,0.376877917,1.016437847,-0.259259681,-0.622124346,0.717105133,0.177499138
1497534921877040000,87466,-1.526041447,0.368577249,1.017092525,-0.259889076,-0.626293658,0.713268512,0.177375172
1497534921887050000,87467,-1.527405848,0.360318885,1.017245079,-0.260585591,-0.630748106,0.709389826,0.176119423
1497534921897090000,87468,-1.528796675,0.352041781,1.017990293,-0.260693796,-0.635293451,0.705788556,0.174078977
1497534921907020000,87469,-1.52997259,0.344005004,1.018337737,-0.261053799,-0.639348016,0.702558741,0.171744707
1497534921917000000,87470,-1.531072748,0.336149062,1.018708597,-0.26048828,-0.642761602,0.700135665,0.16974519
1497534921927000000,87471,-1.532268944,0.328610377,1.019322493,-0.260443119,-0.645399088,0.69832123,0.167262845
1497534921937070000,87472,-1.533218108,0.321468908,1.019582607,-0.260104503,-0.646536382,0.697688465,0.166033611
1497534921947010000,87473,-1.53428493,0.314499763,1.019879482,-0.260131354,-0.647469739,0.696976479,0.16534329
1497534921957010000,87474,-1.535315968,0.307875424,1.019956171,-0.260553451,-0.648834622,0.695669303,0.164832502
1497534921967010000,87475,-1.536463294,0.301507349,1.020088177,-0.261602723,-0.649686087,0.694343013,0.165407931
1497534921976980000,87476,-1.537844224,0.295364678,1.020227607,-0.264321028,-0.648929121,0.693742892,0.166571876
1497534921986960000,87477,-1.536953748,0.292937716,1.020704331,-0.282366452,-0.65007336,0.681465439,0.182424416
1497534921997040000,87478,-1.538352899,0.2872056,1.020752572,-0.286968455,-0.651132419,0.677915042,0.184680465
1497534922007010000,87479,-1.539992017,0.281034076,1.020672222,-0.288539958,-0.652588807,0.675555201,0.185735594
1497534922017010000,87480,-1.541847185,0.275272178,1.020749333,-0.293575884,-0.654052103,0.671566647,0.187155781
1497534922026980000,87481,-1.543461363,0.269532584,1.020542709,-0.296941315,-0.65456594,0.669239013,0.188383727
1497534922037040000,87482,-1.544688918,0.264590562,1.020651274,-0.303746377,-0.653192693,0.666247372,0.192851973
1497534922047010000,87483,-1.546334798,0.258857178,1.020410817,-0.306403483,-0.653156264,0.66495544,0.193230595
1497534922057020000,87484,-1.54793276,0.252951409,1.020143297,-0.308524517,-0.653842216,0.663141794,0.193767745
1497534922067010000,87485,-1.548697337,0.248031649,1.020110229,-0.315213198,-0.651811371,0.660478221,0.198874573
1497534922077050000,87486,-1.550101392,0.242067382,1.019687602,-0.317312923,-0.652260827,0.658732573,0.199849242
1497534922086980000,87487,-1.551064633,0.236251702,1.019316358,-0.320231251,-0.65274687,0.655967896,0.202681002
1497534922097110000,87488,-1.55232279,0.230292734,1.018961244,0.324041923,0.653552795,-0.652562401,-0.205007047
1497534922106990000,87489,-1.553525964,0.223944252,1.018374371,0.325768617,0.655446371,-0.649453289,-0.206095339
1497534922117080000,87490,-1.554662715,0.217936122,1.018023504,0.329237783,0.65624806,-0.645893016,-0.209196506
1497534922126910000,87491,-1.55579702,0.211604244,1.017333483,0.331352856,0.657770556,-0.6426265,-0.211126409
1497534922136900000,87492,-1.556869331,0.205360298,1.016551901,0.335045283,0.658903866,-0.638849599,-0.213217127
1497534922146960000,87493,-1.558098315,0.199010272,1.01584982,0.338252875,0.660029042,-0.635382967,-0.215023583
1497534922157050000,87494,-1.559326055,0.192435187,1.015000011,0.340398414,0.661412836,-0.632345693,-0.216335168
1497534922166940000,87495,-1.560409269,0.185849358,1.014260508,0.342977084,0.662778063,-0.628842002,-0.218288104
1497534922176980000,87496,-1.561730222,0.179012935,1.01337288,0.345028569,0.664087871,-0.626171395,-0.218750931
1497534922186990000,87497,-1.562718675,0.172241236,1.012196099,0.348193189,0.665694028,-0.622399624,-0.219617106
1497534922197110000,87498,-1.563770421,0.165063102,1.01101545,0.349097623,0.667713029,-0.619563659,-0.220070519
1497534922207000000,87499,-1.564767507,0.157933116,1.009991459,0.351273675,0.669408112,-0.616262025,-0.220727666
1497534922217090000,87500,-1.565602557,0.150718836,1.008996813,0.352495681,0.67058664,-0.613890231,-0.221808785
1497534922226980000,87501,-1.566306151,0.143384638,1.007766758,0.353908997,0.672427858,-0.610909388,-0.222213674
1497534922237040000,87502,-1.566857197,0.135987846,1.006694503,0.354334719,0.673602667,-0.608882591,-0.223536003
1497534922246980000,87503,-1.567413261,0.128570213,1.005616872,0.355431345,0.675095081,-0.606182625,-0.224628171
1497534922256980000,87504,-1.56793645,0.121109628,1.0044797,0.356101144,0.676155357,-0.604168601,-0.225801264
1497534922267000000,87505,-1.568480763,0.113534206,1.003275399,0.355406043,0.676491879,-0.603573984,-0.227472477
1497534922277040000,87506,-1.568916571,0.105926181,1.001968355,0.355688711,0.677681106,-0.601495723,-0.22899073
1497534922286990000,87507,-1.569363784,0.098406051,1.000857876,0.356550453,0.678022333,-0.600011847,-0.230528251
1497534922297010000,87508,-1.569678478,0.090831773,0.999645975,0.357032718,0.678265151,-0.598879287,-0.232007808
1497534922306990000,87509,-1.570133747,0.083256738,0.998452861,0.35793902,0.678016083,-0.598256824,-0.232943387
1497534922317040000,87510,-1.570424336,0.075610461,0.997236938,0.359034298,0.677854197,-0.59744494,-0.233811042
1497534922326940000,87511,-1.570701778,0.067891409,0.995961101,0.359641731,0.677666706,-0.597042088,-0.234449153
1497534922336920000,87512,-1.572009718,0.058952386,0.994412485,0.351265854,0.671851282,-0.609679115,-0.231342888
1497534922346970000,87513,-1.572212722,0.051034102,0.993026768,0.352216423,0.672181579,-0.608766268,-0.231342057
1497534922357050000,87514,-1.572278426,0.043014076,0.991822212,0.352381689,0.672269979,-0.608516392,-0.231490866
1497534922367030000,87515,-1.572173476,0.034989434,0.990727888,0.352281188,0.671428015,-0.608917321,-0.233028071
1497534922377060000,87516,-1.573196896,0.025511247,0.989182392,0.351780264,0.682760931,-0.599740414,-0.224498536
1497534922387000000,87517,-1.573107668,0.017129495,0.988053188,0.352258787,0.682676482,-0.59922981,-0.225366821
1497534922397010000,87518,-1.573000237,0.00854674,0.987069515,0.353326086,0.682343962,-0.598524593,-0.226573843
1497534922407010000,87519,-1.572900966,-0.000235327,0.986122344,0.354684184,0.682050165,-0.597608584,-0.227751362
1497534922417010000,87520,-1.572702688,-0.00918515,0.985138888,0.356230494,0.681770781,-0.596486593,-0.229111724
1497534922426980000,87521,-1.572432136,-0.018266164,0.984444395,0.357562113,0.681202248,-0.595618917,-0.230978222
1497534922436850000,87522,-1.572249515,-0.027501791,0.984046914,0.359125985,0.680109714,-0.595258717,-0.232693714
1497534922447000000,87523,-1.571995979,-0.036860791,0.983632995,0.360781132,0.67912679,-0.594992918,-0.233681847
1497534922457010000,87524,-1.571563773,-0.046385248,0.983476336,0.361929713,0.677807128,-0.595216871,-0.23516219
1497534922467000000,87525,-1.57087329,-0.056251377,0.983676319,0.361372473,0.676532798,-0.596072929,-0.237508679
1497534922477030000,87526,-1.569916981,-0.066130417,0.983932047,0.361137089,0.673961609,-0.598099571,-0.240068023
1497534922487010000,87527,-1.569142799,-0.076303831,0.984294993,0.361228689,0.673378867,-0.598984897,-0.239357117
1497534922497010000,87528,-1.56830112,-0.086661099,0.984986613,0.3604315,0.672550733,-0.600742268,-0.238481389
1497534922507010000,87529,-1.567553312,-0.097200375,0.985530054,0.360821934,0.67355098,-0.601401882,-0.233350351
1497534922517080000,87530,-1.565619152,-0.107597507,0.986627871,0.357264996,0.67094974,-0.605897005,-0.234684869
1497534922526990000,87531,-1.564191093,-0.118119655,0.987482541,0.355581799,0.671393181,-0.608216556,-0.229924775
1497534922537060000,87532,-1.562667694,-0.128448426,0.988798995,0.353001655,0.670746763,-0.612077795,-0.225498081
1497534922547010000,87533,-1.560933915,-0.138648701,0.989965478,0.34990391,0.670063892,-0.616385455,-0.220568823
1497534922557070000,87534,-1.559086504,-0.148602008,0.99166483,0.34595762,0.668970475,-0.620878065,-0.217490821
1497534922566990000,87535,-1.557212654,-0.158353052,0.993080255,0.341388959,0.667225049,-0.626275403,-0.214577333
1497534922576990000,87536,-1.555542528,-0.167781185,0.994932224,0.337675735,0.665347762,-0.630956053,-0.212560376
1497534922587010000,87537,-1.553730174,-0.177002289,0.996571453,0.333076036,0.66307209,-0.636194425,-0.211311174
1497534922597030000,87538,-1.552098482,-0.185909323,0.998260735,0.328995998,0.660235788,-0.641515151,-0.210496196
1497534922607010000,87539,-1.550852266,-0.194572154,0.999818977,0.326230635,0.657354697,-0.646551284,-0.208398206
1497534922617050000,87540,-1.549679422,-0.202977251,1.001462726,0.323251243,0.654077309,-0.651672087,-0.207400574
1497534922626970000,87541,-1.548753295,-0.211101757,1.0033877,-0.321222036,-0.650268788,0.656708196,0.206642812
1497534922637010000,87542,-1.547935016,-0.219031519,1.005081372,-0.319957343,-0.646582281,0.661390953,0.205233184
1497534922647030000,87543,-1.547261336,-0.22673872,1.006773392,-0.319587401,-0.64316879,0.665458086,0.203379783
1497534922657010000,87544,-1.54666487,-0.234192478,1.008414683,-0.319256003,-0.63906669,0.669952268,0.202072584
1497534922667020000,87545,-1.546170068,-0.241429144,1.01017016,-0.319181154,-0.635120279,0.67409157,0.200863579
1497534922676970000,87546,-1.545698864,-0.248545466,1.011733112,-0.319121885,-0.6312875,0.678102626,0.199534821
1497534922686990000,87547,-1.545210054,-0.255448022,1.013527392,-0.318833975,-0.626821347,0.682257512,0.199911435
1497534922697010000,87548,-1.544855218,-0.262255311,1.015296815,-0.318740166,-0.622771545,0.685962448,0.20003957
1497534922707010000,87549,-1.544678272,-0.269010918,1.016909777,-0.319383802,-0.619410383,0.688987436,0.199050441
1497534922717080000,87550,-1.544518248,-0.275670111,1.018723993,-0.319752171,-0.616392468,0.691821297,0.197995375
1497534922727010000,87551,-1.544098365,-0.282350006,1.020534335,-0.318701348,-0.61336305,0.694946766,0.198151993
1497534922737070000,87552,-1.543707915,-0.288956088,1.022387901,-0.317320309,-0.610423901,0.698103873,0.19834683
1497534922747020000,87553,-1.543362293,-0.295598133,1.024049303,-0.315652842,-0.608007995,0.701124781,0.197771592
1497534922757090000,87554,-1.541970028,-0.30186505,1.026180589,-0.309858629,-0.599927545,0.708289867,0.205912688
1497534922766990000,87555,-1.541584145,-0.30845871,1.027762197,-0.307331739,-0.597081957,0.711693869,0.206233304
1497534922777020000,87556,-1.541636136,-0.315324002,1.029039448,-0.305554956,-0.597117129,0.713220086,0.203480741
1497534922787000000,87557,-1.541261686,-0.321895403,1.030229237,-0.303379285,-0.593600387,0.716785709,0.204494101
1497534922797080000,87558,-1.541063545,-0.328510116,1.031375602,-0.300729825,-0.590675828,0.720157252,0.205029683
1497534922806950000,87559,-1.541115942,-0.335423261,1.032035514,-0.299647119,-0.590676162,0.721383571,0.202284502
1497534922817080000,87560,-1.540964476,-0.342262842,1.032711232,-0.296705093,-0.588582427,0.724176175,0.202745364
1497534922827040000,87561,-1.540902753,-0.349225387,1.033194882,-0.294875414,-0.588017307,0.725782117,0.201306871
1497534922837100000,87562,-1.540956985,-0.356408791,1.03363336,-0.291841998,-0.588044738,0.727211705,0.200486332
1497534922847020000,87563,-1.540831091,-0.363581402,1.033850871,-0.28943292,-0.587601117,0.728642521,0.200083953
1497534922857090000,87564,-1.540965863,-0.370996617,1.034007097,-0.287295759,-0.588954925,0.728683332,0.199032269
1497534922867020000,87565,-1.540991359,-0.378516976,1.03398842,-0.285742314,-0.588979242,0.729471434,0.19830837
1497534922877110000,87566,-1.541101705,-0.386353085,1.033948113,-0.283872677,-0.589132103,0.729835045,0.199199587
1497534922887020000,87567,-1.541353743,-0.394594639,1.033750669,-0.284294419,-0.588108202,0.730054154,0.200814237
1497534922897110000,87568,-1.542044099,-0.403197384,1.033359219,-0.2850156,-0.58907889,0.728856877,0.201295361
1497534922907010000,87569,-1.538894866,-0.408467401,1.033023705,-0.28206065,-0.589652269,0.730635047,0.197292726
1497534922917120000,87570,-1.539279434,-0.416671399,1.032127219,-0.28094441,-0.591838495,0.729686499,0.195844448
1497534922927050000,87571,-1.539712309,-0.425002052,1.030978537,-0.279810515,-0.593717493,0.729017437,0.194265772
1497534922937010000,87572,-1.540170745,-0.43342789,1.029624049,-0.278846283,-0.596330006,0.727637497,0.192818432
1497534922947020000,87573,-1.540688119,-0.442119507,1.028141619,-0.277793125,-0.597880106,0.727159428,0.191336156
1497534922957000000,87574,-1.541296804,-0.450924276,1.026533969,-0.276288775,-0.600766031,0.725795744,0.189645005
1497534922967020000,87575,-1.541984658,-0.459995712,1.024865719,-0.274840166,-0.604427335,0.72378702,0.187783995
1497534922977070000,87576,-1.542896062,-0.469386024,1.023035918,-0.272948896,-0.608255327,0.722012585,0.184992392
1497534922987020000,87577,-1.543773389,-0.479009512,1.021323319,-0.271789625,-0.612479744,0.719397085,0.182939324
1497534922997060000,87578,-1.545782221,-0.486513422,1.018150731,-0.256474094,-0.618597081,0.720473411,0.180213081
1497534923007020000,87579,-1.546902415,-0.494250258,1.015007894,-0.25935977,-0.614258029,0.724648439,0.174081084
1497534923017080000,87580,-1.547535625,-0.503678875,1.013023206,-0.258324962,-0.615474674,0.724545747,0.171734099
1497534923026990000,87581,-1.547811019,-0.514889006,1.012290666,-0.253146989,-0.625903761,0.717749313,0.170285078
1497534923037060000,87582,-1.548558685,-0.52175421,1.009270942,-0.253734246,-0.616965984,0.726414616,0.165208088
1497534923046980000,87583,-1.548981669,-0.530468672,1.00746987,-0.25147087,-0.615782949,0.728973748,0.161774647
1497534923056940000,87584,-1.549421668,-0.539108436,1.005814391,-0.249439059,-0.613443047,0.732153791,0.159432151
1497534923066940000,87585,-1.549706899,-0.549845709,1.005412678,-0.245667424,-0.620569813,0.727687615,0.1581498
1497534923077060000,87586,-1.550675974,-0.558528166,1.004030201,-0.242141364,-0.620695098,0.729217536,0.156035063
1497534923087030000,87587,-1.551630537,-0.567578501,1.002447976,-0.243068268,-0.617270559,0.73229693,0.153740302
1497534923097120000,87588,-1.553026867,-0.577177543,1.000899824,-0.243035141,-0.618273506,0.732388131,0.149262914
1497534923107010000,87589,-1.554769634,-0.586694618,0.999403467,-0.242659525,-0.617282633,0.734137194,0.14533095
1497534923117020000,87590,-1.556442083,-0.596572679,0.998164769,-0.240846384,-0.615822032,0.736336224,0.143405755
1497534923127020000,87591,-1.555942491,-0.604584012,0.996634074,-0.238138138,-0.599856644,0.749226663,0.148733459
1497534923137020000,87592,-1.557617514,-0.615103938,0.996426401,-0.23874154,-0.592350654,0.75474429,0.149947447
1497534923147020000,87593,-1.559197627,-0.625680005,0.996185096,-0.23699672,-0.589044719,0.757718888,0.150734736
1497534923156850000,87594,-1.560633908,-0.635971892,0.996581001,-0.23352569,-0.588312245,0.759613054,0.149473954
1497534923167020000,87595,-1.562098885,-0.646955176,0.997770858,-0.228065859,-0.600153505,0.753049759,0.143936772
1497534923177030000,87596,-1.56391789,-0.656275055,0.999309533,-0.230586331,-0.584430169,0.76302659,0.151860939
1497534923187010000,87597,-1.565825796,-0.665862199,1.001493133,-0.229445426,-0.58459834,0.763176001,0.152190567
1497534923197110000,87598,-1.568110989,-0.67548275,1.003719831,-0.229121054,-0.584897677,0.762963556,0.152593784
1497534923207020000,87599,-1.570697582,-0.685568237,1.005962424,-0.229081851,-0.585564025,0.76219417,0.153936104
1497534923217090000,87600,-1.57334007,-0.695636779,1.008147484,-0.228376382,-0.587277072,0.761064965,0.154045409
1497534923226990000,87601,-1.576381396,-0.70586228,1.010038512,-0.229964774,-0.587044832,0.760464155,0.155527608
1497534923237020000,87602,-1.579423148,-0.71575042,1.011620504,-0.230817923,-0.586833528,0.760163204,0.156529233
1497534923247030000,87603,-1.582627306,-0.725726409,1.012964867,-0.231607145,-0.589022165,0.758316804,0.156098189
1497534923257020000,87604,-1.585774542,-0.736274324,1.01447109,-0.234755107,-0.590769586,0.755517132,0.158351508
1497534923267020000,87605,-1.588880105,-0.745743881,1.015580439,-0.235040527,-0.591541465,0.754611973,0.159359395
1497534923277030000,87606,-1.591482044,-0.755491506,1.016798288,-0.236929387,-0.593218619,0.752513803,0.160247037
1497534923287030000,87607,-1.593919563,-0.764930607,1.017792801,-0.237902413,-0.595263657,0.75039581,0.16115132
1497534923297070000,87608,-1.596075968,-0.773797323,1.018727403,-0.23683311,-0.597133903,0.749026667,0.162173465
1497534923307030000,87609,-1.598059899,-0.782881212,1.019726826,-0.235487286,-0.601125635,0.746163915,0.16258266
1497534923317020000,87610,-1.599695275,-0.791877071,1.020927895,-0.235473649,-0.605303483,0.742895792,0.162066954
1497534923327000000,87611,-1.601447444,-0.80002249,1.021702342,-0.233283816,-0.608037898,0.741508033,0.161351832
1497534923337080000,87612,-1.603201175,-0.808743114,1.022806911,-0.233457737,-0.612106327,0.738106259,0.161314849
1497534923347050000,87613,-1.604778391,-0.816560921,1.023702138,-0.232222483,-0.615094247,0.736363713,0.159688037
1497534923356980000,87614,-1.606546656,-0.824498452,1.024779215,-0.232514653,-0.618536837,0.733602619,0.158670457
1497534923367020000,87615,-1.60815998,-0.832090452,1.025636963,-0.233707326,-0.619891745,0.732251043,0.157871848
1497534923377030000,87616,-1.610150212,-0.839333744,1.026131581,-0.234125892,-0.621738375,0.730875459,0.15635704
1497534923387010000,87617,-1.612055075,-0.846825492,1.026866093,-0.237697911,-0.623115207,0.728612422,0.156048328
1497534923397090000,87618,-1.614202596,-0.853772634,1.027351666,-0.240175011,-0.625049652,0.726421827,0.154726294
1497534923407000000,87619,-1.61652167,-0.860527176,1.027560827,-0.24284483,-0.626778459,0.724193595,0.154009055
1497534923417010000,87620,-1.618803582,-0.867133861,1.027756146,-0.246684973,-0.62819894,0.721692159,0.153860464
1497534923427020000,87621,-1.621296093,-0.873765023,1.027835832,-0.252060296,-0.629088257,0.718859837,0.154771144
1497534923436960000,87622,-1.623621612,-0.880112392,1.028074314,-0.256764981,-0.630851853,0.71555226,0.15518585
1497534923446980000,87623,-1.626034343,-0.886198868,1.028060344,-0.260691015,-0.631715112,0.7130557,0.156613477
1497534923456980000,87624,-1.628267189,-0.892451331,1.028006854,-0.265309887,-0.633324959,0.709614096,0.157980995
1497534923467010000,87625,-1.630194729,-0.898521222,1.028089287,-0.269402365,-0.63442912,0.7067629,0.159399688
1497534923477050000,87626,-1.631991585,-0.904598924,1.028182899,-0.272843752,-0.635513841,0.704114234,0.16093971
1497534923487010000,87627,-1.633759747,-0.910688987,1.02807088,-0.275968204,-0.635522451,0.702342717,0.163301784
1497534923496950000,87628,-1.635190664,-0.916841878,1.027984025,-0.277355709,-0.638333186,0.699207486,0.163442485
1497534923507040000,87629,-1.636376604,-0.923153504,1.02782545,-0.279399455,-0.639435598,0.697039551,0.164905804
1497534923517040000,87630,-1.637489783,-0.929899863,1.027672409,-0.281633689,-0.641636882,0.693789269,0.166255905
1497534923527010000,87631,-1.638453165,-0.936281468,1.027383389,-0.281820486,-0.644000183,0.691471989,0.1664556
1497534923537080000,87632,-1.63915015,-0.942927535,1.027062792,-0.282406499,-0.647021366,0.688407472,0.166448413
1497534923546990000,87633,-1.639996895,-0.9494122,1.026432908,-0.282391625,-0.648511833,0.686775393,0.167412458
1497534923557090000,87634,-1.640740077,-0.955982363,1.025705139,-0.282822277,-0.650127206,0.684841471,0.168339938
1497534923566920000,87635,-1.641350365,-0.96290283,1.025094598,-0.284107981,-0.652156164,0.681985516,0.169913944
1497534923577020000,87636,-1.641999359,-0.969540865,1.024371869,-0.284291292,-0.654617299,0.679344228,0.170722211
1497534923587050000,87637,-1.642469597,-0.976406566,1.023672435,-0.285621626,-0.65662859,0.676634236,0.171538018
1497534923596960000,87638,-1.642899565,-0.983041189,1.022876673,-0.286161549,-0.658594942,0.674466582,0.171636535
1497534923607040000,87639,-1.643332897,-0.989963763,1.022071627,-0.287407815,-0.66113067,0.671393582,0.171853552
1497534923617100000,87640,-1.643790408,-0.996950961,1.021306186,-0.288792136,-0.66407801,0.667848049,0.171983959
1497534923627020000,87641,-1.644251339,-1.00413111,1.020473583,0.290496412,0.666553968,-0.664412885,-0.172838539
1497534923637080000,87642,-1.644686471,-1.01108837,1.01949612,0.291447764,0.668972236,-0.661543298,-0.172901166
1497534923647040000,87643,-1.645169805,-1.018136977,1.018421589,0.292656948,0.671433689,-0.658313578,-0.173643153
1497534923657080000,87644,-1.645852808,-1.025092992,1.017067248,0.293317544,0.673319499,-0.655538118,-0.175714107
1497534923667040000,87645,-1.64618278,-1.032034984,1.015873611,0.294910706,0.674342727,-0.65333306,-0.177328718
1497534923677030000,87646,-1.646517817,-1.039170536,1.014667291,0.296669782,0.676458024,-0.650014989,-0.178527579
1497534923687030000,87647,-1.647120877,-1.04636573,1.013321337,0.299091519,0.680116667,-0.645514097,-0.176909955
1497534923697080000,87648,-1.647378344,-1.053688746,1.012035821,0.301058467,0.681554811,-0.642347554,-0.179545145
1497534923706990000,87649,-1.647580072,-1.061020928,1.010710105,0.30334127,0.682926441,-0.639117936,-0.181999491
1497534923717010000,87650,-1.647732712,-1.068234414,1.00940686,0.304610423,0.684028442,-0.636857116,-0.183658909
1497534923727010000,87651,-1.647758106,-1.075462827,1.007963693,0.305549994,0.685666881,-0.634005173,-0.185842862
1497534923736960000,87652,-1.647814206,-1.082767174,1.006518024,0.307126632,0.686443988,-0.631622454,-0.188470048
1497534923747040000,87653,-1.64762815,-1.089892708,1.005200137,0.308305643,0.686781842,-0.630223336,-0.189991787
1497534923757010000,87654,-1.64746361,-1.097094077,1.003720573,0.310001785,0.687370658,-0.627953843,-0.192599175
1497534923767010000,87655,-1.647248356,-1.104289794,1.0022683,0.311225529,0.687672343,-0.62645634,-0.194416752
1497534923776970000,87656,-1.646921383,-1.111383652,1.000906939,0.312859138,0.68771695,-0.625134057,-0.19588764
1497534923787060000,87657,-1.646671459,-1.118673966,0.999389051,0.314865655,0.687644338,-0.623364268,-0.198549425
1497534923797070000,87658,-1.646340904,-1.125927451,0.99793668,0.316718848,0.687521374,-0.621907645,-0.200585179
1497534923807060000,87659,-1.645856199,-1.132991157,0.996517121,0.3181671,0.687444333,-0.621081771,-0.201115439
1497534923817100000,87660,-1.645521917,-1.14050265,0.994953561,0.319671135,0.686587936,-0.620397838,-0.203749588
1497534923827070000,87661,-1.645037624,-1.148023217,0.993450119,0.321943243,0.686048391,-0.618858768,-0.206649407
1497534923837050000,87662,-1.644354988,-1.155443136,0.992163188,0.323342147,0.686236528,-0.617554873,-0.207738447
1497534923847040000,87663,-1.644037783,-1.163753056,0.99093322,0.32588622,0.686700358,-0.615041874,-0.209676618
1497534923857070000,87664,-1.642722719,-1.17110873,0.989596916,0.327189686,0.684089679,-0.616360337,-0.212292616
1497534923867050000,87665,-1.641778855,-1.179051801,0.988289241,0.329709413,0.683388271,-0.614725861,-0.215370123
1497534923877110000,87666,-1.640884911,-1.187524218,0.987172347,0.332210039,0.68196868,-0.613780657,-0.218697313
1497534923887050000,87667,-1.639862781,-1.196363892,0.986409615,0.334410974,0.681431479,-0.612935915,-0.219385515
1497534923897090000,87668,-1.638340578,-1.204944876,0.985317926,0.335972987,0.67859258,-0.613538388,-0.224064519
1497534923907050000,87669,-1.63729671,-1.215085673,0.985219513,0.336816307,0.685037948,-0.606736372,-0.221695195
1497534923917040000,87670,-1.635786757,-1.224346689,0.984881571,0.338022859,0.683834188,-0.606658193,-0.223779328
1497534923927020000,87671,-1.633964738,-1.233954778,0.984500013,0.338904817,0.682980762,-0.606709237,-0.224910441
1497534923936980000,87672,-1.6320111,-1.243868708,0.984735934,0.338802991,0.681712307,-0.607864551,-0.225790946
1497534923947060000,87673,-1.62995736,-1.2540275,0.985158596,0.338661667,0.681542701,-0.608581445,-0.2245806
1497534923957040000,87674,-1.627659342,-1.263970377,0.985533697,0.338094522,0.679866767,-0.611053141,-0.223801995
1497534923967040000,87675,-1.625275004,-1.273889694,0.986119372,0.336441718,0.679237227,-0.613438445,-0.221668747
1497534923977090000,87676,-1.622507384,-1.28373641,0.987062442,0.334729046,0.678236208,-0.61625368,-0.219507433
1497534923987040000,87677,-1.619335417,-1.294211514,0.988708748,0.332615508,0.678373996,-0.618135023,-0.216990182
1497534923997120000,87678,-1.615646682,-1.303664523,0.990355071,0.329301414,0.67484493,-0.624320665,-0.215333711
1497534924007070000,87679,-1.612255416,-1.313159646,0.992243936,0.324552101,0.674904647,-0.627738825,-0.212399669
1497534924017070000,87680,-1.608572461,-1.323435789,0.995014056,0.319787938,0.677708696,-0.628186346,-0.209352603
1497534924027010000,87681,-1.604846502,-1.33223103,0.997192523,0.314194483,0.675498924,-0.633655541,-0.208479459
1497534924037040000,87682,-1.601327985,-1.340536117,0.999268633,0.308188911,0.672380381,-0.639999709,-0.2081456
1497534924047040000,87683,-1.597859729,-1.348621633,1.001363915,0.303330187,0.6693497,-0.645263273,-0.20879915
1497534924057020000,87684,-1.594596602,-1.356502251,1.003564336,0.300513964,0.666222183,-0.649404955,-0.210029914
1497534924067010000,87685,-1.591747566,-1.364001905,1.005469432,0.297698544,0.663201575,-0.653302868,-0.211505577
1497534924076950000,87686,-1.589208245,-1.370942936,1.007013409,-0.296592376,-0.657610734,0.65900258,0.212830177
1497534924086990000,87687,-1.58685479,-1.382066743,1.011090626,-0.291528648,-0.650487783,0.667964318,0.213776427
1497534924096950000,87688,-1.584839594,-1.388653485,1.012689372,-0.292062452,-0.645405947,0.672268647,0.214954771
1497534924107080000,87689,-1.583059438,-1.395136018,1.013950762,-0.293964971,-0.640349009,0.676137149,0.215351569
1497534924117130000,87690,-1.581072297,-1.402084142,1.01575407,-0.296035099,-0.63470954,0.680464369,0.215581224
1497534924127000000,87691,-1.579469597,-1.408258861,1.016910241,-0.297581244,-0.629828128,0.684541288,0.214860785
1497534924137020000,87692,-1.577522517,-1.415916185,1.019147601,-0.299991197,-0.624489708,0.688413435,0.21472035
1497534924147040000,87693,-1.575941659,-1.421729469,1.020081907,-0.300922514,-0.621084139,0.691534442,0.213260986
1497534924157030000,87694,-1.574211279,-1.428557282,1.021829142,-0.301301381,-0.618567503,0.694092582,0.211724375
1497534924167030000,87695,-1.5723302,-1.434904446,1.023249178,-0.301668826,-0.615166599,0.697356791,0.210379374
1497534924177010000,87696,-1.570342725,-1.441781122,1.02502144,-0.30093407,-0.612177309,0.700706293,0.20901751
1497534924187020000,87697,-1.56821367,-1.448452614,1.026756191,-0.29931655,-0.609926599,0.703785068,0.207571011
1497534924197040000,87698,-1.56593287,-1.454420419,1.028005242,-0.29706902,-0.607123359,0.707475648,0.206468961
1497534924207020000,87699,-1.563407168,-1.461695209,1.030011147,-0.294491224,-0.604799738,0.710978209,0.204944342
1497534924217020000,87700,-1.56097962,-1.467901157,1.031079117,-0.290881031,-0.602638538,0.714827802,0.203067063
1497534924226970000,87701,-1.558424039,-1.474897827,1.032707608,-0.287349085,-0.601036726,0.71816662,0.201052389
1497534924237040000,87702,-1.556018172,-1.481033387,1.033497857,-0.283795609,-0.600728978,0.720571364,0.198397725
1497534924247060000,87703,-1.553493227,-1.488254305,1.034989801,-0.280323496,-0.599622293,0.723559106,0.195790864
1497534924257040000,87704,-1.551129515,-1.494669455,1.035860231,-0.276989677,-0.598768426,0.726327041,0.192878513
1497534924267050000,87705,-1.548718861,-1.501770686,1.036889598,-0.273766948,-0.59750144,0.72923132,0.190434685
1497534924277000000,87706,-1.54635681,-1.50826383,1.037521377,-0.270658411,-0.597560236,0.731292336,0.186754676
1497534924287030000,87707,-1.54398099,-1.515376851,1.038413375,-0.266933808,-0.59718621,0.733836906,0.183298575
1497534924297030000,87708,-1.54167089,-1.52197055,1.038790165,-0.2637272,-0.596710594,0.736226787,0.179873705
1497534924307010000,87709,-1.539352872,-1.528753535,1.039148216,-0.260165109,-0.596691014,0.738376424,0.176278775
1497534924317050000,87710,-1.537182521,-1.535058463,1.038966748,-0.256249326,-0.597675159,0.739901504,0.172239516
1497534924326960000,87711,-1.534849205,-1.542275274,1.039288445,-0.25210025,-0.598698795,0.741471764,0.1680025
1497534924337030000,87712,-1.532589106,-1.54884394,1.039103366,-0.248026827,-0.599930694,0.742782665,0.163828474
1497534924347000000,87713,-1.530222482,-1.555633041,1.039060444,-0.243632892,-0.601344608,0.743972599,0.159788762
1497534924357030000,87714,-1.527807791,-1.562421571,1.038821902,-0.23874625,-0.603232041,0.744847168,0.155929568
1497534924367030000,87715,-1.525209917,-1.569733538,1.038977907,-0.234398749,-0.604334788,0.746100842,0.152217687
1497534924377010000,87716,-1.522674144,-1.576414552,1.03863038,-0.22960838,-0.607191537,0.74616904,0.147750444
1497534924387030000,87717,-1.519972394,-1.583415323,1.038454082,-0.225353283,-0.608088216,0.747468113,0.144000137
1497534924397060000,87718,-1.517297576,-1.590446046,1.038235198,-0.221116714,-0.609902861,0.748074019,0.13968236
1497534924407050000,87719,-1.514578711,-1.597050722,1.037704936,-0.216640094,-0.612311612,0.748178218,0.135539342
1497534924417040000,87720,-1.511854292,-1.604049546,1.037331029,-0.21207742,-0.614815306,0.748267086,0.13084982
1497534924426990000,87721,-1.509054347,-1.611264299,1.037115189,-0.207217368,-0.618090138,0.747763728,0.125995836
1497534924437030000,87722,-1.506153907,-1.618173286,1.036757448,-0.202278252,-0.620157511,0.748194263,0.121216814
1497534924447020000,87723,-1.503165047,-1.625264342,1.036623013,-0.196750712,-0.621692981,0.74906959,0.116968989
1497534924457010000,87724,-1.500143355,-1.632311779,1.036449954,-0.190777854,-0.624059177,0.749295413,0.112740134
1497534924467020000,87725,-1.496998243,-1.639277578,1.036236171,-0.184851542,-0.625677078,0.750109877,0.10813544
1497534924476980000,87726,-1.493808386,-1.646370082,1.036179669,-0.179840577,-0.626113014,0.751551237,0.103974032
1497534924487000000,87727,-1.490648243,-1.653391424,1.036051518,-0.174691204,-0.627940933,0.751909256,0.099023423
1497534924497030000,87728,-1.487441581,-1.660192935,1.035660186,-0.170486066,-0.628153209,0.75328977,0.094406409
1497534924506970000,87729,-1.484193398,-1.667125947,1.035298757,-0.165514635,-0.62894571,0.754344546,0.089423183
1497534924517070000,87730,-1.480897225,-1.674190715,1.034969546,-0.159997625,-0.630085083,0.755186564,0.084183141
1497534924527020000,87731,-1.477550029,-1.680706321,1.034257315,-0.153574454,-0.630965247,0.756318122,0.079250505
1497534924537000000,87732,-1.474057535,-1.687882373,1.03394322,-0.147733368,-0.630860492,0.758064532,0.074350897
1497534924547040000,87733,-1.470585567,-1.694846018,1.03330191,-0.141013856,-0.631214996,0.759508769,0.069492094
1497534924557030000,87734,-1.467055125,-1.702376768,1.032761714,-0.136307674,-0.631012849,0.760953362,0.064753249
1497534924567030000,87735,-1.463579109,-1.709185097,1.031560784,-0.131551295,-0.631621306,0.761753949,0.058989009
1497534924577020000,87736,-1.459992359,-1.716670888,1.030771101,-0.127501724,-0.631599829,0.762906254,0.05290571
1497534924587060000,87737,-1.45640242,-1.723805649,1.029278735,-0.12341919,-0.632151847,0.763525545,0.046695703
1497534924597180000,87738,-1.452588217,-1.731491415,1.02826144,-0.119348996,-0.632488816,0.764245985,0.040519001
1497534924607040000,87739,-1.44864963,-1.739373566,1.027132311,-0.114491962,-0.633934617,0.764128511,0.033557562
1497534924617090000,87740,-1.444570136,-1.747225475,1.025832807,-0.109761187,-0.634044085,0.764987682,0.027100288
1497534924627060000,87741,-1.440458164,-1.755362448,1.024762669,-0.105659657,-0.634208528,0.765621838,0.020947093
1497534924637000000,87742,-1.436086909,-1.763910406,1.023821622,-0.10026128,-0.63614966,0.764904877,0.013483887
1497534924647010000,87743,-1.431623631,-1.772081451,1.022597379,-0.095954916,-0.636122629,0.765565809,0.00704603
1497534924657080000,87744,-1.427076099,-1.781079289,1.021998749,-0.091950823,-0.636628973,0.765668702,0.00019009
1497534924667040000,87745,-1.422415842,-1.789308831,1.020585029,-0.086988817,-0.6364124,0.766391773,-0.007473499
1497534924677100000,87746,-1.41763794,-1.79780939,1.01929295,-0.084047299,-0.636260142,0.766747986,-0.014373928
1497534924687000000,87747,-1.412737893,-1.806711182,1.018165035,-0.080150671,-0.635428379,0.767682559,-0.021682567
1497534924697030000,87748,-1.407700426,-1.815806807,1.017056357,-0.075317282,-0.636450535,0.767079053,-0.029116148
1497534924707020000,87749,-1.402563011,-1.825128246,1.015912986,-0.071792541,-0.636132659,0.767352129,-0.036766575
1497534924716950000,87750,-1.397270182,-1.834496597,1.014577436,-0.06764071,-0.637332454,0.766323317,-0.044504502
1497534924726980000,87751,-1.39202838,-1.844599549,1.01380631,-0.065130908,-0.637823574,0.765734064,-0.050895944
1497534924737060000,87752,-1.386776712,-1.853767948,1.012573813,-0.061623833,-0.639379301,0.76416638,-0.05870568
1497534924747010000,87753,-1.381443297,-1.864071167,1.01254683,-0.058887921,-0.641605615,0.761977507,-0.065304873
1497534924757030000,87754,-1.376207398,-1.873018027,1.012065063,-0.056707801,-0.642943344,0.760486084,-0.07119689
1497534924767050000,87755,-1.370877283,-1.88274535,1.012864572,-0.055330972,-0.64346476,0.759665394,-0.076158222
1497534924777020000,87756,-1.365591856,-1.89115109,1.013085256,-0.053842043,-0.645288622,0.757835226,-0.079933715
1497534924787010000,87757,-1.36028481,-1.899895842,1.013951466,-0.052383499,-0.645881393,0.757097047,-0.083049726
1497534924797000000,87758,-1.354897663,-1.908451703,1.014868949,-0.049949294,-0.647913686,0.755193919,-0.085994581
1497534924807010000,87759,-1.349423937,-1.916726142,1.01584746,-0.04705137,-0.650421231,0.753017274,-0.087768881
1497534924817100000,87760,-1.343857117,-1.92538385,1.017434365,-0.042082163,-0.652635086,0.751273394,-0.088796527
1497534924826990000,87761,-1.338253797,-1.933744412,1.019293736,-0.037571878,-0.65411882,0.750214486,-0.088854654
1497534924837090000,87762,-1.332960347,-1.941412606,1.021075814,-0.031884958,-0.653610506,0.751032251,-0.087904576
1497534924847060000,87763,-1.327771373,-1.949319605,1.023264374,-0.027753244,-0.652437222,0.752414662,-0.086183553
1497534924857110000,87764,-1.322689885,-1.956551234,1.02504338,-0.023701876,-0.648761642,0.755988223,-0.083835313
1497534924867050000,87765,-1.317793548,-1.96387178,1.026662222,-0.020306689,-0.646218419,0.75857533,-0.080949753
1497534924877020000,87766,-1.313128947,-1.971532266,1.028250083,-0.018485792,-0.644171524,0.760741952,-0.077285224
1497534924887060000,87767,-1.308543501,-1.978756939,1.029066261,-0.018479931,-0.644097915,0.761142651,-0.073879853
1497534924897110000,87768,-1.304157496,-1.986921131,1.030498697,-0.019052558,-0.645754673,0.76001224,-0.070846992
1497534924907060000,87769,-1.300002136,-1.994303377,1.031205174,-0.018730299,-0.649048325,0.757264865,-0.070252201
1497534924917060000,87770,-1.295754439,-2.002046761,1.032039353,-0.018537878,-0.653643299,0.753270406,-0.070643332
1497534924926960000,87771,-1.291566381,-2.009440254,1.032663532,-0.016721248,-0.658723023,0.748676606,-0.072716697
1497534924937140000,87772,-1.287137248,-2.016629524,1.033106863,-0.015565901,-0.664638295,0.743196511,-0.075316571
1497534924947110000,87773,-1.28254689,-2.023541306,1.033676865,-0.011921954,-0.669696452,0.738391344,-0.078375711
1497534924957060000,87774,-1.27768157,-2.030308813,1.034399637,-0.007989693,-0.674092842,0.734086585,-0.081559118
1497534924967050000,87775,-1.272585223,-2.036103758,1.034687143,-0.003479265,-0.677116725,0.730909804,-0.085274225
1497534924977090000,87776,-1.267396558,-2.04140333,1.034928782,0.002504506,-0.679248587,0.728497924,-0.088914899
1497534924987060000,87777,-1.262288812,-2.046480488,1.03516328,0.009322432,-0.680209576,0.727110506,-0.092403128
1497534924997120000,87778,-1.257158589,-2.051168834,1.035346038,0.015548201,-0.680662949,0.726111066,-0.096015226
1497534925007050000,87779,-1.25217708,-2.055710977,1.035413821,0.020867589,-0.68081646,0.725469702,-0.098727924
1497534925017120000,87780,-1.247351973,-2.060283672,1.035701822,0.02665957,-0.681327611,0.724331966,-0.102103655
1497534925026940000,87781,-1.24262286,-2.064494042,1.035507629,0.030877247,-0.682616989,0.722527584,-0.10504538
1497534925037110000,87782,-1.238087783,-2.068757834,1.035466499,0.034657366,-0.682663015,0.72184859,-0.108188206
1497534925047060000,87783,-1.2336528,-2.073234602,1.035526085,0.037867803,-0.684008322,0.719996423,-0.110922473
1497534925057060000,87784,-1.229305618,-2.07757718,1.035547468,0.041085742,-0.685838,0.717532181,-0.114393044
1497534925067060000,87785,-1.224998392,-2.081977953,1.035573394,0.042231642,-0.6875535,0.715460025,-0.116634587
1497534925077070000,87786,-1.220716671,-2.086040381,1.035412481,0.043996077,-0.690309807,0.712205216,-0.119584467
1497534925087050000,87787,-1.216348543,-2.090438332,1.035427912,0.044932486,-0.69218668,0.709864368,-0.122275307
1497534925097110000,87788,-1.212022269,-2.094311244,1.034956809,0.046978611,-0.694072127,0.707305018,-0.125604559
1497534925107000000,87789,-1.207466484,-2.098305081,1.034540589,0.048419529,-0.695976776,0.70474853,-0.12884636
1497534925117060000,87790,-1.202695148,-2.102433221,1.034222483,0.050445479,-0.697817979,0.702164568,-0.132175041
1497534925127040000,87791,-1.197729432,-2.10602614,1.03347787,-0.053768902,0.699922907,-0.699196113,0.135431259
1497534925137060000,87792,-1.192523465,-2.109815166,1.032995149,-0.057605701,0.700935025,-0.697172493,0.139004275
1497534925147050000,87793,-1.187122971,-2.113314339,1.032214672,-0.061654537,0.702223783,-0.694875747,0.142225782
1497534925157070000,87794,-1.181705698,-2.11701797,1.031759431,-0.065912677,0.703384369,-0.69262547,0.145519435
1497534925167070000,87795,-1.176153168,-2.120393905,1.03098511,-0.070791582,0.704548911,-0.690362679,0.148319774
1497534925177090000,87796,-1.170533955,-2.123870194,1.030439382,-0.074081363,0.706059328,-0.687884183,0.151021617
1497534925187000000,87797,-1.164944129,-2.127401925,1.030003444,-0.078124919,0.706189833,-0.68664999,0.153961709
1497534925197020000,87798,-1.159285293,-2.130609739,1.029170031,-0.081370388,0.707321636,-0.684540217,0.156459752
1497534925207040000,87799,-1.153580658,-2.134086049,1.028602415,-0.085357643,0.708469003,-0.682219997,0.159253319
1497534925217100000,87800,-1.147838406,-2.137282303,1.027849508,-0.088910874,0.708864479,-0.680664708,0.162177565
1497534925227000000,87801,-1.141995562,-2.140340304,1.026885826,-0.092708044,0.709107103,-0.679330763,0.164566249
1497534925237080000,87802,-1.136034668,-2.143536456,1.026080603,-0.096900975,0.710837563,-0.67629887,0.16715262
1497534925247020000,87803,-1.130001797,-2.146751703,1.025354675,-0.100637675,0.711217071,-0.674770994,0.169488766
1497534925257110000,87804,-1.123943115,-2.150073844,1.024572952,-0.104456099,0.712561531,-0.672204518,0.171715095
1497534925267060000,87805,-1.117793845,-2.15327238,1.023766874,-0.108602738,0.71373347,-0.669668346,0.174167409
1497534925277060000,87806,-1.111582412,-2.156311109,1.022736293,-0.111948099,0.714247374,-0.668240117,0.175423651
1497534925287000000,87807,-1.105255736,-2.159520973,1.021953327,-0.115337334,0.715637389,-0.665780603,0.176908493
1497534925297110000,87808,-1.09884405,-2.162634859,1.020939344,-0.118410804,0.716939369,-0.663551439,0.177978398
1497534925307050000,87809,-1.092395484,-2.165751699,1.020115661,-0.121277856,0.717332123,-0.662309146,0.179089089
1497534925317110000,87810,-1.085817579,-2.16893026,1.019190185,-0.124101697,0.718401792,-0.660479324,0.179623764
1497534925327020000,87811,-1.079196378,-2.171716862,1.017946402,-0.127327257,0.719127436,-0.65888188,0.180327947
1497534925337110000,87812,-1.072505617,-2.175198694,1.017139916,-0.130036234,0.719867902,-0.657526175,0.180388776
1497534925347040000,87813,-1.065655997,-2.178403184,1.01607959,-0.132795531,0.720710323,-0.655984354,0.180628086
1497534925357060000,87814,-1.058796029,-2.181841613,1.014958884,-0.135395407,0.722078982,-0.653998772,0.180431799
1497534925367040000,87815,-1.051833096,-2.185295623,1.013858579,-0.137830978,0.724198935,-0.651076582,0.180659368
1497534925377060000,87816,-1.044821705,-2.188866756,1.012478563,-0.140075192,0.726236804,-0.648467737,0.180135057
1497534925387020000,87817,-1.037756814,-2.192434347,1.011243739,-0.142121045,0.728076682,-0.646028363,0.179870256
1497534925397110000,87818,-1.030584394,-2.195865078,1.00958747,-0.144232069,0.729627566,-0.644009852,0.179142501
1497534925407080000,87819,-1.023303428,-2.199476514,1.008125539,-0.145940881,0.731923258,-0.641151539,0.178645762
1497534925417110000,87820,-1.015866267,-2.202846774,1.006428193,-0.147747071,0.734005821,-0.638519948,0.17804082
1497534925427060000,87821,-1.008302013,-2.206110351,1.004700946,-0.150187535,0.736121618,-0.63562261,0.177630419
1497534925436990000,87822,-1.000528599,-2.209230969,1.002860522,-0.151801002,0.737974305,-0.633121161,0.177504864
1497534925447070000,87823,-0.992659945,-2.212319389,1.001238518,-0.154360374,0.738962774,-0.631534573,0.176836019
1497534925457080000,87824,-0.984226498,-2.21602696,0.998738483,-0.157552584,0.748664848,-0.618880753,0.177945895
1497534925467020000,87825,-0.976376323,-2.217955519,0.997735606,-0.157275789,0.74245403,-0.627057795,0.175570103
1497534925477050000,87826,-0.968161147,-2.220614279,0.996164555,-0.158264638,0.743928498,-0.625338188,0.174570459
1497534925487050000,87827,-0.959889837,-2.223114569,0.99449373,-0.159404058,0.745320232,-0.623751575,0.173268783
1497534925497080000,87828,-0.951600941,-2.225778972,0.993311359,-0.159200221,0.746334915,-0.623009945,0.171750088
1497534925507050000,87829,-0.943112685,-2.228040372,0.991825336,-0.158872899,0.74735877,-0.622168093,0.170649157
1497534925517140000,87830,-0.934488309,-2.230694341,0.99090166,-0.158119079,0.749300669,-0.620292794,0.169657636
1497534925527040000,87831,-0.925657134,-2.232963426,0.989997151,-0.157212888,0.750665723,-0.619127571,0.168719088
1497534925537140000,87832,-0.916607097,-2.235380022,0.98950739,-0.156150277,0.751655596,-0.618444552,0.167801347
1497534925547090000,87833,-0.907275716,-2.237338886,0.989133663,-0.154925967,0.752075878,-0.61824225,0.167798509
1497534925557110000,87834,-0.897680281,-2.239365174,0.98933729,-0.154481453,0.752383398,-0.61780901,0.168424257
1497534925567050000,87835,-0.887939488,-2.240956497,0.989543576,-0.154574423,0.752121383,-0.617718673,0.169834668
1497534925577150000,87836,-0.877961838,-2.242491572,0.990258969,-0.155791105,0.751535414,-0.617572814,0.171835596
1497534925587070000,87837,-0.867937423,-2.243995838,0.991177992,-0.156172839,0.751124794,-0.617169629,0.174709006
1497534925597190000,87838,-0.85767281,-2.244985513,0.992163507,-0.157612994,0.750160235,-0.617171403,0.177530914
1497534925607010000,87839,-0.847637042,-2.245910998,0.993573354,-0.157854778,0.748182436,-0.61848983,0.181039337
1497534925617090000,87840,-0.83761752,-2.24683669,0.995096848,-0.159383673,0.746611392,-0.619129181,0.183976446
1497534925627040000,87841,-0.82775994,-2.247533296,0.996771401,-0.159700613,0.744614116,-0.620428218,0.187388258
1497534925637080000,87842,-0.818072915,-2.248072328,0.998486388,-0.159846188,0.742661855,-0.621743355,0.190624673
1497534925647060000,87843,-0.808537816,-2.248637292,1.000339293,-0.159752033,0.740325355,-0.623728795,0.19328747
1497534925657140000,87844,-0.799288392,-2.249248876,1.002423903,-0.159136338,0.737311208,-0.626578023,0.19608108
1497534925667070000,87845,-0.790183244,-2.249806877,1.004402905,-0.15852028,0.734068719,-0.629633152,0.198938509
1497534925677060000,87846,-0.781310178,-2.250321794,1.006244375,-0.158503506,0.731349003,-0.631813693,0.20203151
1497534925686970000,87847,-0.77263567,-2.250971159,1.007927964,-0.158542444,0.727173582,-0.635644143,0.205035118
1497534925697160000,87848,-0.764221928,-2.251509896,1.00937636,-0.158427158,0.723265498,-0.639037232,0.208372912
1497534925707000000,87849,-0.756155259,-2.252322354,1.010852083,-0.159150232,0.718995882,-0.642639634,0.211495688
1497534925717120000,87850,-0.74827135,-2.253143582,1.012062422,-0.158279042,0.715366813,-0.645716017,0.215055559
1497534925726970000,87851,-0.740724598,-2.254156777,1.013224799,-0.15718199,0.711993599,-0.648588617,0.218384393
1497534925737120000,87852,-0.7333752,-2.254956998,1.01424049,-0.155166154,0.708062093,-0.652099544,0.222120963
1497534925747070000,87853,-0.726137385,-2.255742004,1.015087641,-0.152576433,0.704988657,-0.654804665,0.225703959
1497534925757100000,87854,-0.719264739,-2.256813987,1.016321084,-0.149382821,0.701445381,-0.658088762,0.229299657
1497534925767070000,87855,-0.712471459,-2.257930657,1.017508377,-0.146607714,0.69852182,-0.660405641,0.233319169
1497534925777110000,87856,-0.705758437,-2.258612844,1.018626089,-0.143028923,0.695170517,-0.663214677,0.237543621
1497534925787070000,87857,-0.699104741,-2.259577065,1.019886563,-0.140544822,0.692616573,-0.665159055,0.241024621
1497534925797100000,87858,-0.692608916,-2.260614327,1.021491056,-0.138394409,0.688978728,-0.667987085,0.24484394
1497534925807040000,87859,-0.68602746,-2.261406381,1.022940858,-0.136581841,0.686538488,-0.669520968,0.248499454
1497534925817040000,87860,-0.67963766,-2.262489715,1.024838495,-0.135381879,0.682851653,-0.672482789,0.251301145
1497534925827010000,87861,-0.673265177,-2.263336886,1.026806901,-0.133796538,0.679932388,-0.674528615,0.254561547
1497534925836990000,87862,-0.667004027,-2.264312407,1.028753363,-0.132863931,0.676907508,-0.676693071,0.257351684
1497534925846980000,87863,-0.660666929,-2.265270069,1.030721826,0.132067266,-0.673906678,0.678942747,-0.259701316
1497534925857060000,87864,-0.654425765,-2.266249805,1.032739101,0.131633039,-0.670457192,0.681359976,-0.262504247
1497534925867020000,87865,-0.648037717,-2.267382112,1.034751523,0.131341119,-0.667901177,0.682666165,-0.265752582
1497534925877040000,87866,-0.641722888,-2.268482473,1.036559759,0.13120781,-0.664905732,0.684639995,-0.268240481
1497534925887120000,87867,-0.635239234,-2.26972729,1.03823767,0.131470534,-0.662074581,0.686125204,-0.271302327
1497534925897130000,87868,-0.628774918,-2.270875809,1.039840453,0.132162403,-0.659798651,0.686845547,-0.274667133
1497534925907070000,87869,-0.622340375,-2.272123935,1.041366175,0.133686826,-0.656418138,0.688363772,-0.27820564
1497534925917130000,87870,-0.615853391,-2.273247736,1.04275835,0.134910065,-0.653669095,0.689422042,-0.281448463
1497534925927030000,87871,-0.609333153,-2.27442925,1.043940442,0.137578169,-0.651021808,0.690010595,-0.284830179
1497534925937120000,87872,-0.602746735,-2.275459139,1.044934078,0.139794506,-0.64821926,0.691061525,-0.287581737
1497534925947050000,87873,-0.596238128,-2.276666638,1.045826347,0.143190507,-0.646229238,0.690942668,-0.290658701
1497534925957150000,87874,-0.589722477,-2.277690843,1.046595838,0.146404215,-0.643282073,0.692210382,-0.292572671
1497534925967880000,87875,-0.583138404,-2.278772153,1.046989725,0.149370239,-0.640772195,0.692940455,-0.294844114
1497534925977070000,87876,-0.576482757,-2.279895148,1.047329874,0.15243446,-0.638750226,0.69355207,-0.296221894
1497534925987020000,87877,-0.569758745,-2.281184658,1.047445937,0.155405265,-0.636451542,0.694594655,-0.297181599
1497534925997100000,87878,-0.562871457,-2.282546285,1.047312366,0.158397697,-0.635496564,0.694207153,-0.298547679
1497534926006990000,87879,-0.555941348,-2.284102709,1.047166625,0.161077652,-0.634865996,0.693647419,-0.299753925
1497534926017130000,87880,-0.548977692,-2.285813774,1.04694571,0.16383231,-0.634625001,0.692656365,-0.301060195
1497534926027060000,87881,-0.54194461,-2.287393331,1.046508264,0.166308737,-0.634181306,0.691899835,-0.302374094
1497534926037110000,87882,-0.534776587,-2.288907782,1.045882838,0.168833877,-0.634486806,0.690353559,-0.303864409
1497534926047020000,87883,-0.527577195,-2.290712394,1.045291912,0.171509011,-0.634056556,0.68918502,-0.305910038
1497534926057140000,87884,-0.520153227,-2.292495969,1.044541599,0.173682496,-0.634377194,0.687993412,-0.306700231
1497534926067070000,87885,-0.51252159,-2.294425656,1.043664505,0.176165076,-0.634337678,0.686740034,-0.308171546
1497534926077100000,87886,-0.504751053,-2.296291519,1.042813999,0.178878746,-0.634320051,0.685365408,-0.309701024
1497534926087080000,87887,-0.496736666,-2.298454516,1.041780844,0.1819896,-0.634922498,0.683296215,-0.311222574
1497534926097040000,87888,-0.488449092,-2.30045446,1.040591527,0.185760952,-0.635522364,0.681067008,-0.312653042
1497534926107060000,87889,-0.479999804,-2.302482384,1.039396764,0.189197315,-0.635283449,0.679414366,-0.314667181
1497534926117060000,87890,-0.471482041,-2.304427916,1.038188029,0.193199902,-0.635214981,0.677181455,-0.317176612
1497534926127040000,87891,-0.462611881,-2.306286146,1.036690619,0.196056803,-0.635203483,0.675450361,-0.319131753
1497534926137150000,87892,-0.453915207,-2.308092138,1.035234487,0.199942546,-0.634608612,0.673301315,-0.32242864
1497534926147070000,87893,-0.445130237,-2.309803665,1.033783975,0.202530085,-0.63406682,0.671592097,-0.32543031
1497534926157130000,87894,-0.43659875,-2.311578341,1.032402574,0.204474184,-0.633102306,0.670337159,-0.328663767
1497534926167080000,87895,-0.428126396,-2.313283984,1.030926057,0.206227095,-0.631646243,0.669462097,-0.332135379
1497534926177110000,87896,-0.419738802,-2.315086375,1.029617674,0.206927157,-0.629196074,0.669893014,-0.335465053
1497534926187090000,87897,-0.4113173,-2.317070352,1.028252255,0.208297715,-0.627871567,0.669414317,-0.338044122
1497534926197140000,87898,-0.402903216,-2.319049827,1.026955824,0.208474814,-0.625820502,0.669910679,-0.340744234
1497534926207080000,87899,-0.394486291,-2.321267171,1.025820293,0.20850009,-0.624327722,0.669880115,-0.343515995
1497534926217150000,87900,-0.385827557,-2.323792439,1.024668078,0.2074965,-0.622393144,0.670937521,-0.345564495
1497534926227030000,87901,-0.377070958,-2.326355455,1.023507645,0.20540075,-0.620132473,0.672472833,-0.347888684
1497534926237100000,87902,-0.368148508,-2.329317047,1.022409143,0.203889351,-0.61816886,0.673354906,-0.350556079
1497534926247070000,87903,-0.358860051,-2.332298005,1.021247374,0.201610253,-0.616128529,0.674656643,-0.352955176
1497534926257030000,87904,-0.349293194,-2.335350275,1.020211294,0.200386785,-0.61425999,0.674991666,-0.356252792
1497534926267070000,87905,-0.339451959,-2.338493949,1.019359296,0.199466475,-0.61125,0.676612748,-0.358861746
1497534926277050000,87906,-0.329371712,-2.341687719,1.018622101,0.199970515,-0.608636206,0.677234958,-0.361837773
1497534926287050000,87907,-0.319323209,-2.344850409,1.018187965,0.201334234,-0.606887489,0.677059237,-0.364338979
1497534926297110000,87908,-0.309294405,-2.348069025,1.018310519,0.202835604,-0.603662142,0.678295199,-0.366558807
1497534926307060000,87909,-0.299513224,-2.35115795,1.018948857,0.204310728,-0.601841058,0.679106164,-0.367231922
1497534926317130000,87910,-0.289988855,-2.35418032,1.020127499,0.205780585,-0.599732539,0.680215177,-0.367807757
1497534926327040000,87911,-0.280703534,-2.357301566,1.021681501,0.206766701,-0.599705295,0.680315711,-0.367112549
1497534926337130000,87912,-0.271589379,-2.360578971,1.023587667,0.20844998,-0.600404602,0.679584415,-0.366371318
1497534926347070000,87913,-0.262635244,-2.363768654,1.025662146,0.209582934,-0.599756738,0.680483518,-0.365115092
1497534926357130000,87914,-0.253453933,-2.367330824,1.027544923,0.211746957,-0.600023432,0.679753284,-0.364788404
1497534926367110000,87915,-0.244340655,-2.371172783,1.029466736,0.212798654,-0.599672263,0.680121564,-0.364066707
1497534926377130000,87916,-0.235286393,-2.375037552,1.031202343,0.212738012,-0.600050136,0.680467623,-0.362830797
1497534926387040000,87917,-0.22641039,-2.378992974,1.033009547,0.212628799,-0.600250267,0.680663221,-0.362196343
1497534926397170000,87918,-0.217683777,-2.383172381,1.034841436,0.21218021,-0.601373041,0.680706971,-0.36051081
1497534926407090000,87919,-0.209179053,-2.387309057,1.036665123,0.211423984,-0.60201624,0.681317671,-0.35872354
1497534926417170000,87920,-0.200791867,-2.39155296,1.038397236,0.21096686,-0.604166947,0.680994959,-0.355979143
1497534926427060000,87921,-0.192585105,-2.395612007,1.039918801,0.21115043,-0.607321451,0.679551439,-0.353250608
1497534926437180000,87922,-0.184642845,-2.399431258,1.041386338,0.212023536,-0.610111707,0.678232105,-0.350443914
1497534926447090000,87923,-0.17682009,-2.403063669,1.042598954,0.21264043,-0.613293094,0.676857555,-0.347159155
1497534926457070000,87924,-0.169207822,-2.406491207,1.043653246,0.215120438,-0.616167905,0.674408024,-0.34530295
1497534926467100000,87925,-0.161698376,-2.409632194,1.044569773,0.217050876,-0.619366664,0.671947745,-0.343161887
1497534926477100000,87926,-0.154551708,-2.412574699,1.04558328,0.218909373,-0.621307508,0.670191919,-0.341904165
1497534926487090000,87927,-0.147505694,-2.415180328,1.046623339,0.221885548,-0.622374353,0.668256925,-0.341832782
1497534926497140000,87928,-0.14052967,-2.418253003,1.047399562,0.224965292,-0.625710128,0.664010871,-0.34200441
1497534926507120000,87929,-0.133965085,-2.420739867,1.048214888,0.227508227,-0.627473888,0.661762431,-0.341448402
1497534926517160000,87930,-0.127646078,-2.423118375,1.048806313,0.228951094,-0.629118645,0.659531327,-0.34177413
1497534926527040000,87931,-0.12163275,-2.425645475,1.049512535,0.229474214,-0.630423361,0.657864842,-0.342230654
1497534926537170000,87932,-0.115696345,-2.428179515,1.049930445,0.228923423,-0.632708178,0.655920759,-0.342114581
1497534926547070000,87933,-0.109802947,-2.430784506,1.05023354,0.228235494,-0.635189391,0.65387968,-0.341883549
1497534926557180000,87934,-0.104246673,-2.433573819,1.050618149,0.227698906,-0.638309332,0.651580072,-0.340819329
1497534926567070000,87935,-0.098961459,-2.436343154,1.050948211,0.225805429,-0.641195806,0.649823548,-0.340013533
1497534926577180000,87936,-0.093613941,-2.43906377,1.051125181,0.224563868,-0.644149596,0.648011544,-0.338708437
1497534926587090000,87937,-0.088459251,-2.441636198,1.051340861,-0.22272059,0.647047542,-0.646585692,0.337123065
1497534926597180000,87938,-0.083546106,-2.444387588,1.051653987,-0.220398695,0.649386184,-0.645897774,0.335466935
1497534926607090000,87939,-0.07864287,-2.447034919,1.051891356,-0.217903418,0.652576489,-0.644988535,0.332643678
1497534926617110000,87940,-0.07357051,-2.449476135,1.051980723,-0.217052125,0.65665433,-0.642534385,0.329913671
1497534926627110000,87941,-0.068762067,-2.451773337,1.051997311,-0.213833509,0.659310519,-0.641877548,0.327990979
1497534926637160000,87942,-0.064093283,-2.454139342,1.052223245,-0.212395851,0.66236765,-0.640847377,0.324764129
1497534926647080000,87943,-0.059306357,-2.456313188,1.052173393,-0.21117122,0.664763193,-0.639579376,0.32316379
1497534926657160000,87944,-0.054232522,-2.458214504,1.05199285,-0.209334287,0.667564328,-0.638115885,0.321473391
1497534926667100000,87945,-0.049230015,-2.460183556,1.051878609,-0.208784126,0.669740148,-0.637534261,0.318445269
1497534926677130000,87946,-0.04414883,-2.46195963,1.051611043,-0.208734459,0.672150284,-0.636060798,0.316339348
1497534926687080000,87947,-0.038843082,-2.463646009,1.051352339,-0.209626077,0.673926431,-0.635422964,0.313237498
1497534926697180000,87948,-0.033622186,-2.465170161,1.050902613,-0.209648975,0.676491787,-0.633707048,0.31116161
1497534926707060000,87949,-0.028347761,-2.466666149,1.050512112,-0.209917067,0.677796011,-0.633388836,0.308781436
1497534926717000000,87950,-0.02295905,-2.468198537,1.050081207,-0.210623984,0.680266034,-0.631734658,0.306246604
1497534926726970000,87951,-0.017733849,-2.46969135,1.049660994,-0.210984652,0.682249915,-0.630878027,0.303337181
1497534926737160000,87952,-0.012319205,-2.471151535,1.0491033,-0.210806667,0.683958268,-0.630057808,0.30131179
1497534926747050000,87953,-0.006826521,-2.472644939,1.048597338,-0.209798563,0.685362189,-0.629978886,0.298981331
1497534926757180000,87954,-0.001285629,-2.474190446,1.047921392,-0.209772942,0.687687218,-0.628374366,0.297030738
1497534926767090000,87955,0.004409443,-2.475743785,1.0473183,-0.208932031,0.689267951,-0.627808339,0.295150449
1497534926777130000,87956,0.010171304,-2.477311725,1.046714276,-0.20983135,0.692309541,-0.62554687,0.292180453
1497534926787090000,87957,0.016191993,-2.478854571,1.045985603,-0.210406279,0.694385686,-0.623831983,0.290501935
1497534926797190000,87958,0.022366157,-2.480318395,1.045191356,-0.210948208,0.696612793,-0.622259245,0.28814042
1497534926807100000,87959,0.028557885,-2.481935734,1.044449601,-0.211870438,0.699744355,-0.619639432,0.285509597
1497534926817150000,87960,0.035025102,-2.483269515,1.043483818,-0.21223326,0.701529003,-0.618428117,0.283479744
1497534926827110000,87961,0.041588878,-2.484706569,1.042612368,-0.21326482,0.703971607,-0.616200633,0.281494
1497534926837170000,87962,0.048157928,-2.485788141,1.041659212,-0.214519557,0.706009946,-0.614668136,0.278773023
1497534926847030000,87963,0.054789713,-2.486986552,1.040718032,-0.213934285,0.70590807,-0.616063807,0.276389767
1497534926857140000,87964,0.06139808,-2.488191568,1.03956794,-0.215346142,0.708058087,-0.614432159,0.273409777
1497534926867070000,87965,0.068188583,-2.489338251,1.03854358,-0.217233916,0.710440885,-0.611818019,0.271591396
1497534926877080000,87966,0.074842315,-2.490631267,1.037534729,-0.218734866,0.712660811,-0.610178742,0.268237824
1497534926887080000,87967,0.081508095,-2.491809627,1.03661945,-0.220213661,0.714515919,-0.608372072,0.266188593
1497534926897030000,87968,0.087936838,-2.492831428,1.03566809,-0.219388661,0.716286046,-0.607719899,0.263589532
1497534926907070000,87969,0.094317727,-2.493955334,1.034804885,-0.219190785,0.717328815,-0.607525449,0.261357225
1497534926917180000,87970,0.100839846,-2.495087947,1.034034315,-0.219014436,0.719360875,-0.606121531,0.259170403
1497534926927110000,87971,0.107228171,-2.496102233,1.033123769,-0.217470927,0.719895434,-0.60678994,0.257415866
1497534926937030000,87972,0.113544528,-2.496989887,1.03243028,-0.216378138,0.721152618,-0.606302754,0.255961662
1497534926947060000,87973,0.120050381,-2.497896683,1.03149245,-0.215174263,0.722510406,-0.605912978,0.254063404
1497534926957170000,87974,0.126575696,-2.498684155,1.030558045,-0.213393893,0.722762676,-0.607126541,0.251941508
1497534926967090000,87975,0.133456346,-2.499601309,1.029648908,-0.212035125,0.72326533,-0.607164006,0.251555634
1497534926977120000,87976,0.140392783,-2.500272065,1.028516692,-0.210459986,0.724397818,-0.606986167,0.250044373
1497534926987110000,87977,0.147600823,-2.500888508,1.027461681,-0.208437456,0.724820785,-0.607906403,0.248270944
1497534926997180000,87978,0.154878875,-2.501582424,1.026377141,-0.20788434,0.726176196,-0.607211386,0.246468187
1497534927007090000,87979,0.162295615,-2.502135305,1.025277231,-0.206197638,0.726904813,-0.607565621,0.244859026
1497534927017180000,87980,0.170167384,-2.502698182,1.024139797,-0.204806544,0.727345125,-0.608180657,0.243186424
1497534927027100000,87981,0.177918612,-2.503077083,1.023065726,-0.203134384,0.727768742,-0.609095247,0.241022945
1497534927037180000,87982,0.185865553,-2.503384765,1.022058828,-0.201983639,0.728082769,-0.609686029,0.239543394
1497534927047030000,87983,0.194249499,-2.503594794,1.0208692,-0.199926914,0.727508391,-0.612046646,0.236980322
1497534927057160000,87984,0.20255676,-2.50393589,1.019908814,-0.19862688,0.72909729,-0.61161651,0.234285612
1497534927067090000,87985,0.211223288,-2.504132625,1.018833236,-0.196871169,0.73023049,-0.611773946,0.231814178
1497534927077060000,87986,0.220103686,-2.504306933,1.018079015,-0.195429088,0.730827109,-0.612170032,0.230102285
1497534927087110000,87987,0.22919347,-2.504315514,1.01725794,-0.194047761,0.731617625,-0.612595287,0.227613998
1497534927097100000,87988,0.238370252,-2.504226889,1.016898435,-0.192484809,0.731563282,-0.613435274,0.226852217
1497534927107080000,87989,0.247630216,-2.503952875,1.016710575,-0.19130289,0.732050238,-0.613397777,0.226382022
1497534927117160000,87990,0.257096836,-2.503653832,1.016778616,-0.190853699,0.73193901,-0.613611231,0.226542287
1497534927127070000,87991,0.266698843,-2.503234497,1.017072852,-0.190419447,0.73175327,-0.613436989,0.227975102
1497534927137150000,87992,0.27661551,-2.502670351,1.017655105,-0.190891138,0.731307374,-0.612999862,0.2301766
1497534927147140000,87993,0.286633694,-2.501810342,1.01854275,-0.191349803,0.730474774,-0.612573833,0.233549044
1497534927157150000,87994,0.296575988,-2.500661639,1.019650918,-0.192313147,0.729045067,-0.612973366,0.236162225
1497534927167040000,87995,0.30651105,-2.499208355,1.021174939,-0.193603572,0.727332317,-0.613238803,0.239673794
1497534927177110000,87996,0.316285023,-2.497501679,1.023110996,-0.194595473,0.724744858,-0.614649905,0.243069921
1497534927187090000,87997,0.32571217,-2.495541842,1.025205864,-0.196141761,0.722336625,-0.615944281,0.245704808
1497534927197160000,87998,0.334949102,-2.4934768,1.027479766,-0.196247166,0.718824477,-0.618766037,0.248811198
1497534927207090000,87999,0.343922867,-2.491273789,1.029761129,-0.196629544,0.71478807,-0.62232619,0.251246792
1497534927217150000,88000,0.352728646,-2.489160244,1.032132629,-0.197426993,0.71042694,-0.625681668,0.254634241
1497534927227070000,88001,0.36133233,-2.487120169,1.034384368,-0.19849226,0.705697355,-0.629532103,0.257451738
1497534927237170000,88002,0.369519756,-2.48520059,1.036436487,-0.200235586,0.701644424,-0.632506319,0.259877988
1497534927247110000,88003,0.377641806,-2.483328343,1.038320021,-0.200647181,0.697083485,-0.636414283,0.262282643
1497534927257140000,88004,0.38538652,-2.48173006,1.040045934,-0.200451542,0.692461303,-0.640368519,0.265037136
1497534927267100000,88005,0.392884991,-2.480275724,1.041505217,-0.199535053,0.688162268,-0.644346433,0.267275381
1497534927277140000,88006,0.400018988,-2.47914167,1.042762351,-0.19747056,0.684738504,-0.647649308,0.269608854
1497534927287140000,88007,0.407038814,-2.478178162,1.043868386,-0.194735481,0.681679121,-0.650551012,0.272350967
1497534927297150000,88008,0.413726586,-2.4772702,1.044851229,-0.190568581,0.678417378,-0.654026384,0.275105373
1497534927307100000,88009,0.420418411,-2.476383237,1.045944441,-0.187382549,0.676010982,-0.656544437,0.277211716
1497534927317110000,88010,0.426802275,-2.475628503,1.046830352,-0.182936744,0.67349914,-0.659235833,0.279894932
1497534927327070000,88011,0.433434956,-2.474941796,1.047976732,-0.179394085,0.671251097,-0.661298297,0.282708841
1497534927337120000,88012,0.439957288,-2.474202768,1.049174399,-0.177364803,0.670344746,-0.661725375,0.285130104
1497534927347040000,88013,0.446412086,-2.473385296,1.050400177,-0.174147032,0.667689884,-0.663836331,0.28841698
1497534927357120000,88014,0.454098375,-2.47270356,1.052526504,0.16379293,-0.664237952,0.668150094,-0.292464136
1497534927367070000,88015,0.460754568,-2.471651929,1.053923758,0.163332507,-0.661690753,0.669387899,-0.295647898
1497534927377130000,88016,0.467428105,-2.470617426,1.05534115,0.16274646,-0.658625649,0.671395833,-0.2982507
1497534927387080000,88017,0.474101444,-2.469529996,1.05703568,0.163937428,-0.656458731,0.671374635,-0.3023947
1497534927397090000,88018,0.479655148,-2.468238202,1.057919206,0.172760262,-0.654917884,0.668985874,-0.306095342
1497534927407080000,88019,0.48668324,-2.467131935,1.059409045,0.173356107,-0.651202499,0.670724206,-0.30985804
1497534927417080000,88020,0.493550257,-2.466114775,1.060724195,0.174955563,-0.648919267,0.670801171,-0.313560401
1497534927427050000,88021,0.500611588,-2.465059302,1.062026627,0.177477227,-0.646350279,0.670685347,-0.317670139
1497534927437030000,88022,0.507568953,-2.464031613,1.063261109,0.178942949,-0.643926233,0.670768238,-0.321571765
1497534927447050000,88023,0.514496208,-2.463003924,1.064347652,0.180172247,-0.641419115,0.670743331,-0.325918494
1497534927456970000,88024,0.521519924,-2.461998527,1.065406011,0.182834832,-0.638937843,0.669954205,-0.330894576
1497534927467030000,88025,0.528083242,-2.460922736,1.066159909,0.185034087,-0.636203851,0.669499035,-0.335824491
1497534927477170000,88026,0.534926458,-2.459927311,1.066884038,0.187664465,-0.633590398,0.668806098,-0.340651815
1497534927487110000,88027,0.541515684,-2.459143341,1.06734677,0.190305809,-0.631589744,0.667725001,-0.344994807
1497534927497210000,88028,0.548111329,-2.458368801,1.067727048,0.19282199,-0.629405081,0.666711899,-0.349519911
1497534927507090000,88029,0.554684481,-2.457517642,1.068054907,0.195957122,-0.627186185,0.66583576,-0.353413406
1497534927517080000,88030,0.561409245,-2.456700244,1.068549349,0.198663866,-0.625045083,0.664806706,-0.357607826
1497534927527070000,88031,0.567814598,-2.455977418,1.068787732,0.201698002,-0.622720872,0.664225995,-0.361026951
1497534927537200000,88032,0.574386677,-2.455278832,1.069044079,0.205624035,-0.620575292,0.663125444,-0.364512976
1497534927547080000,88033,0.580947109,-2.45447716,1.069420603,0.208740311,-0.618637915,0.662074586,-0.367929144
1497534927557120000,88034,0.587469473,-2.453809776,1.069680441,0.212792762,-0.616694463,0.661108462,-0.37059787
1497534927567020000,88035,0.594028439,-2.453043045,1.069927957,0.215727239,-0.614752429,0.660434803,-0.373319008
1497534927577180000,88036,0.600544845,-2.452206034,1.070241819,0.218393661,-0.613030802,0.658916032,-0.377262651
1497534927587070000,88037,0.607097672,-2.451651568,1.070383428,0.222427386,-0.611484504,0.657334938,-0.380162518
1497534927597100000,88038,0.613871509,-2.450909952,1.070671046,0.225180336,-0.609840452,0.656025512,-0.383430524
1497534927607090000,88039,0.62045782,-2.450164998,1.070760724,0.228562288,-0.607964278,0.655057637,-0.386054672
1497534927617150000,88040,0.627244433,-2.449533963,1.070641569,0.233138632,-0.60676404,0.652821336,-0.388983394
1497534927627070000,88041,0.634640155,-2.448708929,1.071049486,0.236139581,-0.605460112,0.651322407,-0.391708148
1497534927637160000,88042,0.641616606,-2.448062883,1.070892271,0.241772631,-0.604505455,0.64809455,-0.395085565
1497534927647090000,88043,0.648852575,-2.447262926,1.070724073,0.246038279,-0.603257914,0.646465581,-0.397023056
1497534927657150000,88044,0.655831177,-2.44643775,1.070391445,0.250515911,-0.601616202,0.643894634,-0.400873327
1497534927667090000,88045,0.663189797,-2.445613007,1.069976779,0.255277131,-0.599929068,0.642131933,-0.40321865
1497534927677150000,88046,0.670977831,-2.444793489,1.069699096,0.260686497,-0.599307543,0.638361058,-0.406654866
1497534927687080000,88047,0.678513391,-2.443837799,1.069102129,0.26559074,-0.597060224,0.636693051,-0.409392972
1497534927697130000,88048,0.686146826,-2.442920738,1.068392855,0.270111102,-0.595243371,0.634259439,-0.412844142
1497534927707090000,88049,0.694202771,-2.441996426,1.067859651,0.275614908,-0.593626585,0.630960251,-0.416572997
1497534927717090000,88050,0.702266388,-2.441093791,1.066980913,0.280317546,-0.591988737,0.628302584,-0.419770499
1497534927727110000,88051,0.709843347,-2.440058323,1.065745515,0.284697229,-0.589266559,0.626189487,-0.423791384
1497534927737060000,88052,0.717881,-2.439011391,1.064820062,0.289179927,-0.587192625,0.62311592,-0.428142898
1497534927747090000,88053,0.726054612,-2.437973318,1.063917412,0.293911368,-0.585170582,0.619961041,-0.432249703
1497534927757130000,88054,0.73440111,-2.436851131,1.06311005,0.29903588,-0.583758739,0.616308541,-0.435852107
1497534927767100000,88055,0.742692612,-2.435920922,1.06213262,0.304330586,-0.580753461,0.613690186,-0.439878014
1497534927777110000,88056,0.750986588,-2.434760521,1.061294156,0.310082737,-0.579359149,0.609024313,-0.444163325
1497534927787080000,88057,0.759442941,-2.433686152,1.060379683,0.313696656,-0.577054364,0.60648796,-0.44807926
1497534927797100000,88058,0.767626812,-2.432493,1.059604534,0.317914439,-0.574409845,0.603601122,-0.452381945
1497534927807090000,88059,0.775749101,-2.431377565,1.058652787,0.320106688,-0.571559012,0.602417187,-0.456010458
1497534927817090000,88060,0.784199388,-2.430184317,1.057805811,0.320306029,-0.569011612,0.601079476,-0.460796372
1497534927827110000,88061,0.792680927,-2.429109489,1.057022144,0.321197645,-0.56610397,0.600274345,-0.464789284
1497534927837080000,88062,0.801442404,-2.428022155,1.05624921,0.322174775,-0.564264762,0.597483624,-0.469917026
1497534927847100000,88063,0.810406761,-2.426999678,1.055431896,0.323935407,-0.563776939,0.593908866,-0.473807634
1497534927857090000,88064,0.820008891,-2.425800214,1.054971824,0.324068388,-0.561970491,0.591636068,-0.478681115
1497534927867080000,88065,0.829399429,-2.424741766,1.054100752,0.326377258,-0.559654115,0.587744402,-0.484584023
1497534927877150000,88066,0.838922926,-2.423612117,1.053113984,0.327963613,-0.557937095,0.584853246,-0.488971111
1497534927887040000,88067,0.849063441,-2.422394294,1.052641616,0.330605929,-0.556067594,0.581551911,-0.493240231
1497534927897130000,88068,0.859041731,-2.421048689,1.052078866,0.332943099,-0.554773701,0.577933693,-0.497360714
1497534927907080000,88069,0.869162141,-2.419605589,1.051598244,-0.33322794,0.55273583,-0.576120491,0.501525097
1497534927917090000,88070,0.879019894,-2.41836577,1.051136212,-0.335364332,0.550237511,-0.574164592,0.505078674
1497534927927080000,88071,0.888972587,-2.417065972,1.051473429,-0.339032832,0.54843391,-0.571998673,0.507044872
1497534927937090000,88072,0.898170305,-2.415909502,1.051874754,-0.343100815,0.545276062,-0.570244068,0.509683775
1497534927947060000,88073,0.907355237,-2.414872886,1.053083482,-0.345652922,0.543427743,-0.569920054,0.510295481
1497534927957090000,88074,0.916236466,-2.413822598,1.055080721,-0.350373858,0.541516442,-0.568649274,0.510525324
1497534927967090000,88075,0.924839763,-2.4129744,1.057176568,-0.352331136,0.539319301,-0.569439615,0.510623136
1497534927977170000,88076,0.933336998,-2.412137899,1.059496515,-0.354010233,0.53731239,-0.569913076,0.511049152
1497534927987060000,88077,0.941796767,-2.411539811,1.061693099,-0.355592656,0.535779875,-0.570423378,0.510990174
1497534927997100000,88078,0.950169738,-2.411160718,1.063460654,-0.356422671,0.53472855,-0.570372822,0.511569254
1497534928007130000,88079,0.959095941,-2.410756975,1.065294214,-0.3569221,0.534617883,-0.570154819,0.511579727
1497534928017030000,88080,0.967807659,-2.410390206,1.066808238,-0.358411394,0.534728841,-0.569007739,0.511699651
1497534928027100000,88081,0.976333365,-2.409982514,1.068207357,-0.359452145,0.534864311,-0.568842976,0.511010757
1497534928037090000,88082,0.984724269,-2.409583762,1.069626675,-0.361726658,0.534601037,-0.568258455,0.510331151
1497534928047110000,88083,0.99317523,-2.40923372,1.071191948,-0.363927476,0.535061125,-0.567389828,0.509249612
1497534928057110000,88084,1.001164687,-2.408934475,1.07250152,-0.365681028,0.534792725,-0.567092283,0.5086064
1497534928067110000,88085,1.009213783,-2.408626933,1.073916985,-0.368565527,0.536063496,-0.565583714,0.506863337
1497534928077080000,88086,1.016956204,-2.408246577,1.075141386,-0.3724511,0.537453448,-0.563314558,0.505074924
1497534928087160000,88087,1.024180579,-2.407843701,1.075952557,-0.375673491,0.537869471,-0.561802522,0.503928354
1497534928097110000,88088,1.031554967,-2.407199435,1.076997922,-0.378455341,0.538623979,-0.560257842,0.502759301
1497534928107100000,88089,1.03833272,-2.406468068,1.077466416,-0.383197666,0.539439313,-0.556970681,0.501944655
1497534928117110000,88090,1.045127414,-2.405480844,1.07811854,-0.387831885,0.538806026,-0.554178272,0.502156289
1497534928127070000,88091,1.051913122,-2.404267007,1.078944426,-0.391983082,0.538657135,-0.551408102,0.502142271
1497534928137070000,88092,1.058306698,-2.402851786,1.079590985,-0.395094917,0.537202773,-0.549682716,0.503152163
1497534928147100000,88093,1.063895113,-2.401696341,1.079337109,-0.399578336,0.536774572,-0.54641403,0.503628752
1497534928157090000,88094,1.069736865,-2.400229569,1.079543769,-0.404228164,0.536066266,-0.542749675,0.504633867
1497534928167050000,88095,1.075826241,-2.398594396,1.080253668,-0.406704506,0.535270752,-0.540419917,0.505987134
1497534928177030000,88096,1.079382652,-2.397642621,1.078082516,-0.409221613,0.534427466,-0.537907001,0.507524397
1497534928187100000,88097,1.086595237,-2.395534842,1.080485989,-0.41326882,0.534604046,-0.533495584,0.508713926
1497534928197040000,88098,1.090328439,-2.394446366,1.078742203,-0.415103384,0.533750935,-0.531364829,0.510343549
1497534928207010000,88099,1.09711905,-2.392425963,1.080649906,-0.418031683,0.534273871,-0.527930771,0.510969708
1497534928217110000,88100,1.100720864,-2.3912856,1.079059281,-0.419486976,0.534838536,-0.525251864,0.511946185
1497534928227070000,88101,1.105327425,-2.389817192,1.078570825,-0.421214315,0.535040183,-0.523048378,0.512572821
1497534928237140000,88102,1.111983263,-2.387707799,1.080750517,-0.421978782,0.535830035,-0.520671337,0.513538158
1497534928247160000,88103,1.117424918,-2.385855694,1.081325296,-0.423789195,0.537125316,-0.518065715,0.513329355
1497534928257190000,88104,1.121739358,-2.384121968,1.080757072,-0.425771661,0.537126183,-0.515902868,0.513865922
1497534928267110000,88105,1.125846899,-2.382282704,1.079957648,-0.427347615,0.537878171,-0.513331923,0.514345628
1497534928277160000,88106,1.130930199,-2.379970881,1.080373856,-0.429064158,0.538362775,-0.511082979,0.514649064
1497534928287150000,88107,1.135605885,-2.377551681,1.080123559,-0.43214779,0.537861284,-0.508661522,0.514992216
1497534928297160000,88108,1.140347622,-2.374871766,1.079896814,-0.434792505,0.537499458,-0.506342638,0.515428892
1497534928307120000,88109,1.144995661,-2.372060697,1.079582033,-0.437743878,0.536870728,-0.504055876,0.515827289
1497534928317160000,88110,1.149163429,-2.36922236,1.078517093,-0.441788001,0.535906392,-0.501239573,0.516126527
1497534928327090000,88111,1.153854537,-2.36611819,1.07820276,-0.445567451,0.53443213,-0.498926017,0.516647631
1497534928337110000,88112,1.159182428,-2.362764673,1.078438603,-0.449500808,0.534664858,-0.495668883,0.516134549
1497534928347110000,88113,1.164196241,-2.35928223,1.078660007,-0.454561332,0.533424874,-0.491972883,0.516521618
1497534928357110000,88114,1.166436659,-2.356415232,1.07556579,-0.458863859,0.531619747,-0.489416826,0.517006358
1497534928367100000,88115,1.17011215,-2.353130183,1.074398033,-0.461990401,0.52953817,-0.487298696,0.518357191
1497534928377150000,88116,1.174797444,-2.349534075,1.074294987,-0.46675452,0.528748544,-0.483761638,0.51820833
1497534928387110000,88117,1.180022882,-2.345778408,1.075088548,-0.471188604,0.527713191,-0.480672549,0.518125456
1497534928397120000,88118,1.184160354,-2.342224276,1.074495763,-0.475346872,0.52592937,-0.477676736,0.518910961
1497534928407110000,88119,1.188887192,-2.338538195,1.074530303,-0.478212833,0.525561371,-0.475051281,0.519060702
1497534928417100000,88120,1.192301634,-2.335161557,1.072905759,-0.482145931,0.525178517,-0.471997613,0.518595295
1497534928427100000,88121,1.197118906,-2.331462586,1.072951858,-0.48429403,0.524173176,-0.470594628,0.518885797
1497534928437170000,88122,1.202220828,-2.327671005,1.073167332,-0.489084392,0.524382844,-0.46657023,0.517813973
1497534928447110000,88123,1.20593429,-2.324149457,1.07172582,-0.492054547,0.524199752,-0.464646244,0.516914704
1497534928457110000,88124,1.210714512,-2.320280861,1.071277538,-0.494109303,0.524178996,-0.462535651,0.516868598
1497534928467070000,88125,1.213939336,-2.316795459,1.068892986,-0.497089651,0.523802504,-0.460519618,0.516192306
1497534928477150000,88126,1.220151501,-2.312378869,1.070482775,-0.499974575,0.523929567,-0.457965526,0.515549038
1497534928487110000,88127,1.223860879,-2.308554752,1.068641217,-0.501896396,0.523447925,-0.456273352,0.515671315
1497534928497190000,88128,1.228923877,-2.304214074,1.068505905,-0.506166792,0.523289695,-0.452727033,0.514782776
1497534928507120000,88129,1.233236447,-2.299892828,1.067254082,-0.507941259,0.522442173,-0.451094056,0.515329027
1497534928517050000,88130,1.23799952,-2.295460968,1.066537714,-0.511001359,0.521962257,-0.44822964,0.515289436
1497534928527090000,88131,1.24450708,-2.290471706,1.067920299,-0.514421316,0.521219165,-0.445439876,0.51505787
1497534928537170000,88132,1.24822098,-2.285907171,1.065423493,-0.517810561,0.520367205,-0.442234633,0.51528509
1497534928547120000,88133,1.253840056,-2.280806508,1.065160804,-0.520667786,0.520344177,-0.439607304,0.514676998
1497534928557190000,88134,1.258634195,-2.27571424,1.063857372,-0.524257796,0.519394314,-0.436259317,0.514840867
1497534928567110000,88135,1.263443571,-2.270422825,1.062278412,-0.527219884,0.518385146,-0.433907101,0.514821
1497534928577110000,88136,1.269166124,-2.264660724,1.06186923,-0.531051154,0.518066877,-0.43049451,0.514067953
1497534928587130000,88137,1.275386325,-2.258617338,1.061986696,-0.534789411,0.517183868,-0.427198545,0.513831233
1497534928597170000,88138,1.279568767,-2.252633917,1.059425106,-0.539779447,0.515014694,-0.423201459,0.514099737
1497534928607120000,88139,1.28436219,-2.246283378,1.057692051,-0.543822681,0.513252228,-0.419908245,0.514301573
1497534928617180000,88140,1.289882977,-2.239497561,1.057203054,-0.549107521,0.511143546,-0.415650059,0.514245305
1497534928627100000,88141,1.294094864,-2.232779786,1.054879651,-0.553262123,0.508425149,-0.412408055,0.515096581
1497534928637180000,88142,1.299122661,-2.225787628,1.053804492,-0.558157176,0.505808312,-0.408929379,0.515165295
1497534928647130000,88143,1.305257381,-2.218444555,1.054480138,-0.561656188,0.503594917,-0.406056737,0.515802687
1497534928657170000,88144,1.308593561,-2.211531051,1.051430277,-0.565021431,0.501248954,-0.403621164,0.516323759
1497534928667120000,88145,1.313482422,-2.204255888,1.050719948,-0.568078072,0.499779737,-0.401646721,0.515933552
1497534928677180000,88146,1.318415908,-2.196868729,1.050054359,-0.570885757,0.498145347,-0.399675831,0.515945632
1497534928687120000,88147,1.322326679,-2.189489605,1.048105351,-0.573662313,0.497090856,-0.397612268,0.515477172
1497534928697130000,88148,1.326488356,-2.181894451,1.046207394,-0.575535176,0.496034711,-0.396670255,0.515132542
1497534928707140000,88149,1.331283961,-2.174007458,1.045609807,-0.577609819,0.495136566,-0.395239966,0.514773782
1497534928717120000,88150,1.335398868,-2.165937457,1.044176576,-0.579882773,0.494102073,-0.393572796,0.514489615
1497534928727080000,88151,1.340353649,-2.157578233,1.044164117,-0.58218085,0.49295759,-0.392024594,0.514174086
1497534928737140000,88152,1.344462937,-2.149026358,1.043124818,-0.583995958,0.492013116,-0.390745703,0.513993784
1497534928747140000,88153,1.349252685,-2.14014767,1.043645204,-0.585397859,0.490707615,-0.389434021,0.514642135
1497534928757210000,88154,1.353002926,-2.131197915,1.043085101,-0.586761426,0.488628913,-0.388391342,0.515853641
1497534928767130000,88155,1.357281325,-2.121819571,1.037514728,-0.570505622,0.494006708,-0.409701563,0.512469841
1497534928777110000,88156,1.360310533,-2.11265182,1.043007667,-0.588245663,0.485329346,-0.385230464,0.519634445
1497534928787130000,88157,1.363646992,-2.103104836,1.043165874,-0.588968069,0.483230308,-0.383316989,0.522181165
1497534928797130000,88158,1.36680895,-2.093324776,1.043469979,-0.589506218,0.481318227,-0.380727203,0.525225646
1497534928807130000,88159,1.370397082,-2.083352371,1.044881922,-0.590503225,0.479106927,-0.377828758,0.528212006
1497534928817180000,88160,1.372920061,-2.073377315,1.045518737,-0.591150723,0.475644935,-0.375205248,0.532469474
1497534928827100000,88161,1.376224263,-2.06320731,1.047577657,-0.591674582,0.472936575,-0.372115405,0.536453455
1497534928837190000,88162,1.378307252,-2.053058963,1.048157958,-0.59252299,0.469009367,-0.369185408,0.54097029
1497534928847130000,88163,1.38027915,-2.04302549,1.04900191,-0.592178485,0.465504416,-0.366702111,0.546040147
1497534928857070000,88164,1.384918033,-2.0331465,1.053907385,-0.593042769,0.461669302,-0.363782073,0.55029477
1497534928867120000,88165,1.384604033,-2.023399822,1.051394969,-0.592542437,0.457007764,-0.361929832,0.555917405
1497534928877100000,88166,1.38673682,-2.013918841,1.052862879,-0.592591231,0.452231733,-0.359723528,0.561178292
1497534928887120000,88167,1.389602056,-2.004783343,1.05531948,-0.592591878,0.446930118,-0.357355402,0.566908681
1497534928897130000,88168,1.390613507,-1.995886532,1.054958167,-0.592095863,0.441311902,-0.355473941,0.572978683
1497534928907130000,88169,1.392645465,-1.987307647,1.056123918,-0.591377938,0.436020234,-0.353672873,0.578855758
1497534928917120000,88170,1.394497659,-1.979109161,1.056888894,-0.590313769,0.431008909,-0.351982382,0.58469597
1497534928927070000,88171,1.396209718,-1.971138683,1.0573277,-0.588351084,0.426601748,-0.350780369,0.590598919
1497534928937050000,88172,1.397878489,-1.963434934,1.057688432,-0.585450942,0.422822588,-0.349787564,0.596755322
1497534928947140000,88173,1.399876431,-1.955966054,1.058620289,-0.582103121,0.419725647,-0.348321489,0.603041025
1497534928957060000,88174,1.39969074,-1.947947699,1.055241618,-0.572691021,0.401767728,-0.342383905,0.627200884
1497534928967060000,88175,1.403995034,-1.94129477,1.06022109,-0.57630729,0.415709779,-0.343397838,0.614111726
1497534928977190000,88176,1.405972429,-1.934074995,1.061178999,-0.573208234,0.414206909,-0.340562991,0.619581961
1497534928987130000,88177,1.407560171,-1.926929501,1.061606008,-0.571061469,0.412103466,-0.336596599,0.625109799
1497534928997130000,88178,1.410158191,-1.919917384,1.063766865,-0.568552009,0.410245194,-0.333520059,0.630247463
1497534929007130000,88179,1.411114792,-1.912805338,1.063878981,-0.56603277,0.40777795,-0.330662708,0.635599104
1497534929016970000,88180,1.412638388,-1.905888813,1.065355956,-0.563666059,0.404780059,-0.327999598,0.640975773
1497534929026880000,88181,1.41475754,-1.899124268,1.068028632,-0.56198503,0.401484693,-0.325503172,0.645779027
1497534929037140000,88182,1.415430024,-1.892210611,1.068603622,-0.560288803,0.397520032,-0.323353002,0.650766561
1497534929047120000,88183,1.417109218,-1.885613273,1.07095145,-0.558862426,0.393276129,-0.321370639,0.655536107
1497534929057150000,88184,1.417902742,-1.878806653,1.071688683,-0.557349949,0.389407964,-0.319235557,0.660159929
1497534929067140000,88185,1.420020794,-1.872369607,1.074380343,-0.55657712,0.385529848,-0.316505775,0.664388998
1497534929077100000,88186,1.421583655,-1.86579609,1.075855882,-0.555698153,0.381969481,-0.313842517,0.66843231
1497534929087090000,88187,1.423329382,-1.859282179,1.07737553,-0.554721807,0.378817505,-0.311355805,0.672189391
1497534929097120000,88188,1.425269592,-1.852827522,1.079103659,-0.554136194,0.375387477,-0.308599834,0.675857576
1497534929107120000,88189,1.426938366,-1.846341703,1.080386141,-0.553746532,0.372387562,-0.305494639,0.679238771
1497534929117070000,88190,1.428174909,-1.839816986,1.080964241,-0.552812182,0.368905032,-0.302547144,0.683207871
1497534929127090000,88191,1.430211127,-1.833459958,1.082794723,-0.552468397,0.365540906,-0.299610478,0.686579986
1497534929137100000,88192,1.431458535,-1.82701901,1.083425687,-0.552271968,0.361563869,-0.296428778,0.690215344
1497534929147110000,88193,1.433378418,-1.820721662,1.085087338,-0.552550671,0.357109094,-0.293387668,0.693602572
1497534929157150000,88194,1.434767907,-1.814168887,1.085825842,-0.552903407,0.352887416,-0.290662054,0.696623187
1497534929167110000,88195,1.435959483,-1.807557822,1.086101932,-0.553640916,0.347542466,-0.287895674,0.699865738
1497534929177100000,88196,1.437544973,-1.800940663,1.086881059,-0.55535795,0.342539144,-0.284893503,0.702196677
1497534929187140000,88197,1.438945181,-1.79418899,1.087112801,-0.557043416,0.337394479,-0.282231249,0.704423963
1497534929197110000,88198,1.440308716,-1.787407512,1.087075584,-0.558931524,0.332740443,-0.279318545,0.706300573
1497534929207130000,88199,1.44239117,-1.780808207,1.088048805,-0.561224075,0.328064398,-0.27638417,0.707822774
1497534929217120000,88200,1.443521327,-1.773910928,1.087359327,-0.562336657,0.323725902,-0.273886992,0.709904881
1497534929227080000,88201,1.445140702,-1.767090545,1.08724013,-0.563744054,0.320421513,-0.271038152,0.711379657
1497534929237120000,88202,1.446833297,-1.760194149,1.0868952,-0.565758742,0.317037883,-0.268002541,0.712445552
1497534929247110000,88203,1.448669132,-1.753308438,1.086732171,-0.567899876,0.314402121,-0.265307772,0.712918525
1497534929257140000,88204,1.45066691,-1.746389469,1.086641173,-0.56996092,0.312112671,-0.262292713,0.713395236
1497534929267110000,88205,1.452096897,-1.73900622,1.085414079,-0.572102255,0.309662548,-0.259449658,0.713788478
1497534929277100000,88206,1.454030549,-1.731589655,1.08494146,-0.574408729,0.306461045,-0.256543496,0.714368025
1497534929287140000,88207,1.456195221,-1.723882818,1.084461788,-0.577763481,0.30368327,-0.253659851,0.713878499
1497534929297120000,88208,1.458081013,-1.715752454,1.083466783,-0.581349201,0.300548252,-0.250554692,0.713390637
1497534929307110000,88209,1.459825236,-1.707640902,1.082343305,-0.58377669,0.297380988,-0.247842265,0.713683078
1497534929317100000,88210,1.461368755,-1.699106822,1.080657684,-0.587161568,0.294660655,-0.244122405,0.71331665
1497534929327090000,88211,1.463325966,-1.69071555,1.079721149,-0.590815943,0.290823783,-0.240538016,0.713091517
1497534929337120000,88212,1.464664298,-1.682213942,1.078000488,-0.59289804,0.287573997,-0.23722004,0.713792521
1497534929347070000,88213,1.466248002,-1.673622622,1.076283899,-0.595829314,0.285279162,-0.233026644,0.713653846
1497534929357140000,88214,1.46773642,-1.665132911,1.074776659,-0.597903944,0.281109584,-0.230496282,0.714394666
1497534929367100000,88215,1.468718891,-1.656588332,1.072383362,-0.59955589,0.279190884,-0.226535331,0.71502932
1497534929377090000,88216,1.470406698,-1.648352894,1.070932335,-0.601108729,0.276656935,-0.223811773,0.715567974
1497534929387150000,88217,1.47224702,-1.640159933,1.06985538,-0.603266803,0.273693568,-0.221554447,0.715593895
1497534929397110000,88218,1.474283477,-1.632234356,1.068719341,-0.603099106,0.272407387,-0.219472243,0.716866528
1497534929407110000,88219,1.476182977,-1.62426623,1.06790636,-0.603462374,0.27035299,-0.218204813,0.717724936
1497534929417070000,88220,1.478445953,-1.616430168,1.067023378,-0.601842948,0.269734872,-0.216709329,0.719767484
1497534929427100000,88221,1.480412947,-1.60862608,1.06598909,-0.59914375,0.269588671,-0.215406344,0.722460257
1497534929437190000,88222,1.482473318,-1.600364094,1.064998778,-0.597043016,0.268151102,-0.21500909,0.724848753
1497534929447110000,88223,1.484649897,-1.592120233,1.063985308,-0.59419795,0.26854212,-0.213420449,0.727506452
1497534929457120000,88224,1.486929627,-1.583724645,1.063035841,-0.590316155,0.269145107,-0.212780155,0.730624633
1497534929467070000,88225,1.489498099,-1.574824441,1.062132102,-0.588162915,0.269355462,-0.21113796,0.732756974
1497534929477100000,88226,1.491944558,-1.565500461,1.061062927,-0.586040996,0.269463288,-0.209378967,0.734919
1497534929487140000,88227,1.494568414,-1.555854881,1.05990647,-0.584751282,0.268320715,-0.207025126,0.737028174
1497534929497120000,88228,1.497147036,-1.545975635,1.058913478,-0.583214549,0.268516389,-0.205395276,0.73862881
1497534929507050000,88229,1.499612305,-1.536050647,1.057835529,-0.581908389,0.266956776,-0.204400937,0.740497781
1497534929517100000,88230,1.502061825,-1.526028012,1.056585321,-0.581091929,0.265700037,-0.201748504,0.742316106
1497534929527100000,88231,1.504853288,-1.515884203,1.056229599,-0.581581701,0.264184468,-0.200992111,0.742678573
1497534929537120000,88232,1.507456144,-1.506233765,1.055826477,-0.580868165,0.261930488,-0.19808542,0.744813239
1497534929547140000,88233,1.509101877,-1.496963021,1.055371611,-0.580031182,0.25918033,-0.19435605,0.747405586
1497534929557130000,88234,1.511763784,-1.487742131,1.05622072,-0.580262919,0.259953628,-0.194274815,0.746978147
1497534929567110000,88235,1.515015276,-1.478701876,1.058156254,-0.583299431,0.261810481,-0.192580037,0.74439907
1497534929577100000,88236,1.5180104,-1.469846877,1.060441541,-0.58467117,0.263299962,-0.192736491,0.742755274
1497534929587130000,88237,1.521007355,-1.46118384,1.062770546,-0.586051496,0.264369069,-0.192758431,0.741280532
1497534929597120000,88238,1.524229118,-1.452071812,1.065090117,-0.588481826,0.265583746,-0.192915439,0.738876206
1497534929607070000,88239,1.527377702,-1.443818905,1.066580273,-0.585170422,0.268470335,-0.194840064,0.739957165
1497534929617120000,88240,1.530805213,-1.434724879,1.068578645,-0.586671803,0.271008847,-0.196580424,0.73737815
1497534929627090000,88241,1.533395059,-1.426124212,1.070019475,-0.583200575,0.270827623,-0.202320766,0.738644566
1497534929637110000,88242,1.537463515,-1.416662814,1.07216833,-0.588697882,0.273186984,-0.203205236,0.733151626
1497534929647090000,88243,1.540746406,-1.408093292,1.073644432,-0.587935806,0.274893677,-0.207442642,0.731937501
1497534929657110000,88244,1.543945287,-1.399777843,1.075030106,-0.58728618,0.27655025,-0.211970981,0.730536245
1497534929667110000,88245,1.5471926,-1.391628439,1.075987815,-0.589144434,0.278030626,-0.215756498,0.727363005
1497534929677040000,88246,1.549865908,-1.383735615,1.076907698,-0.590992565,0.279446046,-0.218521334,0.72449025
1497534929687040000,88247,1.552507177,-1.376034708,1.077746942,-0.593747788,0.279238316,-0.220085265,0.721839319
1497534929697100000,88248,1.55492114,-1.368548218,1.078586662,-0.597256286,0.278371605,-0.220381404,0.71918441
1497534929707060000,88249,1.557193304,-1.361099718,1.079395949,-0.600394292,0.277465136,-0.221036885,0.716716463
1497534929717090000,88250,1.559718302,-1.353768579,1.080359787,-0.60515965,0.278212296,-0.220048041,0.712712127
1497534929727130000,88251,1.562018246,-1.346758486,1.081258201,-0.608599491,0.278558145,-0.21923114,0.709894166
1497534929737150000,88252,1.564140118,-1.339967071,1.082012278,-0.611343157,0.27882329,-0.218010625,0.7078054
1497534929747160000,88253,1.566100879,-1.333532442,1.082777612,-0.613300364,0.279100858,-0.216676967,0.706410975
1497534929757150000,88254,1.56796115,-1.327147593,1.083286257,-0.614980009,0.280367574,-0.214597451,0.705082652
1497534929767120000,88255,1.569677829,-1.321179185,1.083608169,-0.615505329,0.281559467,-0.212927208,0.704655562
1497534929777130000,88256,1.571569475,-1.315081856,1.084018409,-0.616477896,0.283175781,-0.212030472,0.70342701
1497534929787150000,88257,1.573436836,-1.309122423,1.084228519,-0.617257477,0.285533381,-0.210363614,0.702289858
1497534929797150000,88258,1.575399118,-1.303111419,1.084534112,-0.618565692,0.287376142,-0.209113269,0.700758931
1497534929807210000,88259,1.577223955,-1.297222184,1.084718109,-0.619862468,0.288920907,-0.209359917,0.698901749
1497534929817140000,88260,1.579118058,-1.291364687,1.084893232,-0.621749469,0.291152685,-0.208884212,0.696437433
1497534929827130000,88261,1.580971322,-1.285552589,1.085124034,-0.623613755,0.292800728,-0.208958242,0.694053364
1497534929837150000,88262,1.582570781,-1.279978015,1.085198945,-0.624678931,0.294001238,-0.210485612,0.692123769
1497534929847150000,88263,1.584124885,-1.274415286,1.08525199,-0.624909173,0.295899522,-0.211971991,0.690651774
1497534929857090000,88264,1.585725895,-1.269019298,1.085255039,-0.625584348,0.297942463,-0.212672637,0.688944745
1497534929867120000,88265,1.587294895,-1.263437381,1.085181022,-0.626383127,0.300624083,-0.213347065,0.686842318
1497534929877110000,88266,1.588902055,-1.25775741,1.085134956,-0.627767256,0.30277071,-0.214460412,0.684284225
1497534929887140000,88267,1.590142485,-1.25228967,1.084892081,-0.628378835,0.304252414,-0.215290497,0.68280342
1497534929897040000,88268,1.5913595,-1.246748925,1.084512856,-0.630293857,0.305624222,-0.215030077,0.680503898
1497534929907150000,88269,1.592632845,-1.241028083,1.084101714,-0.63178818,0.307034355,-0.216167187,0.678118978
1497534929917130000,88270,1.593820483,-1.235286287,1.083613,-0.633408986,0.30894736,-0.216615573,0.675590318
1497534929927090000,88271,1.594613275,-1.229751572,1.082950425,-0.636149393,0.30800657,-0.216355815,0.673525102
1497534929937130000,88272,1.595866161,-1.223739859,1.082448295,-0.637077656,0.310096491,-0.217892982,0.67118915
1497534929947140000,88273,1.596795996,-1.217855918,1.081789747,-0.638458245,0.311045407,-0.218951716,0.669090405
1497534929957120000,88274,1.597773838,-1.211915814,1.081221343,-0.640264145,0.312444921,-0.219302176,0.666593242
1497534929967090000,88275,1.598691256,-1.205901238,1.080548314,-0.641946559,0.312713598,-0.219888331,0.66465325
1497534929977160000,88276,1.599749995,-1.199487405,1.079956279,-0.642441867,0.31470058,-0.221246858,0.662783388
1497534929987080000,88277,1.600748481,-1.193058886,1.079319634,-0.644125639,0.315681141,-0.221587803,0.66056523
1497534929997100000,88278,1.601519173,-1.186569784,1.078450513,-0.646300519,0.31558139,-0.22188305,0.658385857
1497534930007060000,88279,1.602201709,-1.179966257,1.077620293,-0.647924625,0.316177921,-0.221881785,0.656501086
1497534930017170000,88280,1.603153381,-1.173099572,1.076865685,-0.649661928,0.316655682,-0.221984857,0.654516066
1497534930027100000,88281,1.603943024,-1.166037294,1.076040527,-0.651022399,0.317338698,-0.222187995,0.652762194
1497534930037170000,88282,1.604513432,-1.159021291,1.07504992,-0.652560862,0.317218052,-0.222761832,0.651086934
1497534930047110000,88283,1.605228333,-1.1518502,1.074101319,-0.654400493,0.316935754,-0.22275203,0.649379131
1497534930057160000,88284,1.605979601,-1.144536047,1.073156326,-0.655474863,0.317527826,-0.223336262,0.647803749
1497534930067140000,88285,1.606460948,-1.13733896,1.07212,-0.65684803,0.316966727,-0.223723708,0.646552752
1497534930077140000,88286,1.607001242,-1.130062552,1.070978855,-0.658943712,0.316574297,-0.22262581,0.644989649
1497534930087160000,88287,1.607726439,-1.122625019,1.069975163,-0.660706079,0.317116639,-0.222430751,0.642984506
1497534930097150000,88288,1.60836849,-1.115263036,1.068878685,-0.660653527,0.317805991,-0.223440131,0.642347863
1497534930107140000,88289,1.608983248,-1.107792284,1.067571128,-0.662402383,0.31821498,-0.222931615,0.640518387
1497534930117140000,88290,1.60964794,-1.100230751,1.066548381,-0.66317708,0.319289527,-0.222427136,0.639356339
1497534930127120000,88291,1.610096473,-1.09279697,1.065146656,-0.66352499,0.319545939,-0.222399138,0.63887683
1497534930137130000,88292,1.610536944,-1.085202085,1.063832638,-0.664541612,0.32011091,-0.221617423,0.637808097
1497534930147060000,88293,1.611043157,-1.077466037,1.062605342,-0.664697773,0.321242005,-0.220906389,0.637323162
1497534930157150000,88294,1.611462186,-1.069605267,1.061105555,-0.664656167,0.322275083,-0.220968832,0.636823151
1497534930167130000,88295,1.611751041,-1.061519533,1.059544482,-0.665524478,0.32311383,-0.219906881,0.635858149
1497534930177130000,88296,1.612003303,-1.05335742,1.057783898,-0.667076713,0.32368826,-0.218945986,0.634269047
1497534930187160000,88297,1.61221614,-1.044866696,1.05604656,-0.668046464,0.324683058,-0.218312296,0.632957009
1497534930197150000,88298,1.612398122,-1.036099685,1.054346082,-0.669452206,0.325375479,-0.217422445,0.631420638
1497534930207150000,88299,1.612286437,-1.02734561,1.05261459,-0.670295292,0.325629822,-0.217989594,0.630198363
1497534930217140000,88300,1.612182405,-1.018329331,1.051007775,-0.670611425,0.326880872,-0.218573865,0.629010872
1497534930227120000,88301,1.611899633,-1.009214539,1.04936529,-0.671739127,0.327098912,-0.218988213,0.627548413
1497534930237120000,88302,1.611643478,-0.999852646,1.047953263,-0.671872888,0.328563697,-0.221288036,0.625830907
1497534930247040000,88303,1.611423812,-0.990420572,1.046451122,-0.672479004,0.329455043,-0.223212514,0.62402527
1497534930257150000,88304,1.61087595,-0.980861908,1.044921034,-0.672246758,0.330461767,-0.225781585,0.622817785
1497534930267130000,88305,1.610507562,-0.970818891,1.043704798,-0.672615766,0.333009847,-0.227309418,0.620502137
1497534930277130000,88306,1.609871657,-0.960841585,1.042389789,-0.67206786,0.334585586,-0.229756906,0.619345656
1497534930287090000,88307,1.608959546,-0.950713631,1.04128589,-0.671835968,0.335674871,-0.230387719,0.618773231
1497534930297160000,88308,1.608115631,-0.940075119,1.040679208,-0.671231187,0.337195729,-0.229863169,0.618797751
1497534930307140000,88309,1.607017718,-0.929352654,1.039927571,-0.671384635,0.337408759,-0.228504194,0.619018444
1497534930317140000,88310,1.605780637,-0.91833843,1.03936672,-0.671387145,0.337037717,-0.226607798,0.619914337
1497534930327120000,88311,1.604347602,-0.907093324,1.039092161,-0.672107559,0.336095476,-0.223046818,0.620935889
1497534930337110000,88312,1.602734871,-0.895704474,1.039059528,-0.672942827,0.334916784,-0.219529678,0.62192075
1497534930347150000,88313,1.600489744,-0.884726337,1.038873476,-0.673745973,0.331571863,-0.215971034,0.624085712
1497534930357140000,88314,1.598292096,-0.8737369,1.03953388,-0.673185906,0.328220201,-0.212666192,0.627586908
1497534930367100000,88315,1.595923582,-0.862926073,1.040035178,-0.67396409,0.324092358,-0.208583734,0.630261354
1497534930377080000,88316,1.59349611,-0.852423626,1.041153667,-0.672685994,0.319705684,-0.20564431,0.634816703
1497534930387050000,88317,1.591080002,-0.842331237,1.042513526,-0.671441798,0.31552124,-0.20256238,0.639203208
1497534930397100000,88318,1.588595546,-0.832612147,1.04401857,-0.669566685,0.311488164,-0.200366288,0.643823679
1497534930407180000,88319,1.586231004,-0.823422343,1.045572887,-0.666599955,0.307093957,-0.199036822,0.649401374
1497534930417130000,88320,1.584163948,-0.814526052,1.047334914,-0.663161846,0.304524488,-0.198209399,0.654365522
1497534930427170000,88321,1.58224807,-0.805929132,1.048835577,-0.659328326,0.301516213,-0.19864241,0.659481103
1497534930437170000,88322,1.580462449,-0.797570417,1.050871549,-0.654553586,0.300802013,-0.199220427,0.664371111
1497534930447160000,88323,1.579546545,-0.789257119,1.052717392,-0.650359139,0.299798421,-0.198939834,0.669011838
1497534930457150000,88324,1.577835274,-0.781596208,1.054011613,-0.645477323,0.298642805,-0.19932466,0.674122526
1497534930467100000,88325,1.576881299,-0.77376036,1.055632249,-0.641197865,0.298982986,-0.198680914,0.678233268
1497534930477000000,88326,1.576023611,-0.766149607,1.057268335,-0.637453589,0.299135161,-0.195967989,0.682471703
1497534930487150000,88327,1.575465953,-0.758590094,1.059159853,-0.632792077,0.300335343,-0.194882902,0.686581039
1497534930497160000,88328,1.57475982,-0.751185869,1.060877717,-0.629886195,0.30129246,-0.191627454,0.689742817
1497534930507170000,88329,1.574342047,-0.743901089,1.062408913,-0.62644285,0.301295883,-0.189339576,0.693498862
1497534930517180000,88330,1.573748702,-0.736824799,1.064384571,-0.623181667,0.301946463,-0.186749767,0.696848239
1497534930527140000,88331,1.57319533,-0.729804537,1.066329816,-0.618852045,0.302281326,-0.185379928,0.700915422
1497534930537100000,88332,1.572346698,-0.723013602,1.068031773,-0.616162806,0.300319711,-0.183448838,0.704626136
1497534930547130000,88333,1.571496436,-0.716163443,1.07025092,-0.612459947,0.299088768,-0.182897904,0.708510465
1497534930557150000,88334,1.5705019,-0.709421212,1.072094302,-0.609900923,0.296505605,-0.181683819,0.71210693
1497534930567050000,88335,1.56949509,-0.702590197,1.074035681,-0.607284946,0.292965764,-0.18095323,0.715983228
1497534930577130000,88336,1.568515592,-0.695716949,1.075852125,-0.605698989,0.289471716,-0.179602642,0.719081185
1497534930587090000,88337,1.567689716,-0.688794629,1.077690265,-0.60382063,0.286432427,-0.178775821,0.722077777
1497534930597150000,88338,1.566975233,-0.681837802,1.079094054,-0.60270567,0.282855432,-0.177255664,0.724789011
1497534930607160000,88339,1.56631127,-0.674983101,1.080459926,-0.601555541,0.279405549,-0.175839578,0.727422788
1497534930617150000,88340,1.565707606,-0.668034406,1.081716247,-0.600590881,0.278267549,-0.174494059,0.728978455
1497534930627120000,88341,1.565243087,-0.661118826,1.082508905,-0.599523503,0.274865569,-0.172805051,0.731545557
1497534930637160000,88342,1.56465128,-0.654249283,1.083268501,-0.598994145,0.271809135,-0.171234719,0.733487886
1497534930647160000,88343,1.564121988,-0.647299357,1.083944306,-0.598210775,0.270062676,-0.169854646,0.735091436
1497534930657150000,88344,1.563533945,-0.64045794,1.084282182,-0.597992558,0.266137172,-0.168065622,0.737109119
1497534930667160000,88345,1.562956628,-0.633439645,1.084412191,-0.597832278,0.262834137,-0.167142365,0.738632665
1497534930677110000,88346,1.562032022,-0.626562247,1.083887347,-0.59702903,0.257457099,-0.167368531,0.741120742
1497534930687160000,88347,1.561643298,-0.619224863,1.083992965,-0.59762338,0.256425824,-0.166039786,0.741298106
1497534930697160000,88348,1.561368005,-0.611883175,1.083705308,-0.598918472,0.253038159,-0.164654498,0.741725859
1497534930707150000,88349,1.561145929,-0.604408242,1.083343738,-0.600282836,0.250451718,-0.163171447,0.741828506
1497534930717150000,88350,1.560994134,-0.596731956,1.083057827,-0.602261687,0.249519073,-0.161845577,0.740828659
1497534930727140000,88351,1.560966818,-0.58902462,1.082454692,-0.603920552,0.246529498,-0.160823805,0.740701611
1497534930737240000,88352,1.560954264,-0.581255655,1.081846298,-0.605256977,0.24509415,-0.16011653,0.740240195
1497534930747170000,88353,1.560779165,-0.573555548,1.080941103,-0.607400631,0.243266785,-0.158689947,0.739393836
1497534930757170000,88354,1.56081562,-0.565610449,1.080069381,-0.609151901,0.241712812,-0.158006325,0.738608746
1497534930767150000,88355,1.560991887,-0.557423739,1.07922197,-0.610981013,0.240403345,-0.157203957,0.737695973
1497534930777150000,88356,1.561073005,-0.549133786,1.078009362,-0.61295541,0.238888071,-0.156244815,0.736753496
1497534930787170000,88357,1.561096257,-0.540614646,1.076762908,-0.615428093,0.238910657,-0.155345855,0.734872524
1497534930797090000,88358,1.561433931,-0.531698338,1.075556255,-0.618619239,0.235266778,-0.153584102,0.733738171
1497534930807160000,88359,1.561618338,-0.522664356,1.074314718,-0.621348729,0.234394831,-0.152147415,0.732008186
1497534930817140000,88360,1.561447565,-0.513654837,1.072414311,-0.623758138,0.232985657,-0.150553955,0.730737282
1497534930827160000,88361,1.561641153,-0.504253857,1.071120078,-0.627244798,0.231738192,-0.148687244,0.728528295
1497534930837180000,88362,1.561567896,-0.494994029,1.06963954,-0.629001484,0.228811903,-0.146370697,0.72840776
1497534930847170000,88363,1.561475485,-0.485847207,1.068108992,-0.63096127,0.226192366,-0.1435147,0.728099183
1497534930857080000,88364,1.561313278,-0.476719068,1.066618669,-0.631903884,0.224306548,-0.140956184,0.728364887
1497534930867120000,88365,1.560792291,-0.468061812,1.064776003,-0.632111478,0.222073568,-0.138314058,0.729374822
1497534930877150000,88366,1.560848657,-0.459277041,1.063707476,-0.631113481,0.220209564,-0.136600994,0.731124948
1497534930887170000,88367,1.560800798,-0.450714674,1.06244131,-0.629587195,0.217750069,-0.135424094,0.733392928
1497534930897180000,88368,1.560911855,-0.442159482,1.061537316,-0.62696469,0.215663786,-0.134438786,0.736431002
1497534930907170000,88369,1.561100458,-0.433490795,1.060474067,-0.623779712,0.215036533,-0.134815208,0.739244898
1497534930917170000,88370,1.56157531,-0.424551998,1.059389181,-0.620847237,0.214727015,-0.135077325,0.741751396
1497534930927150000,88371,1.562504223,-0.415400595,1.058719452,-0.617748981,0.214572548,-0.135547022,0.744292834
1497534930937170000,88372,1.56335701,-0.406047188,1.057712306,-0.614551834,0.21529269,-0.135423916,0.746749934
1497534930947170000,88373,1.564642363,-0.396270049,1.056942629,-0.612106326,0.216068162,-0.135185862,0.748575432
1497534930957180000,88374,1.564333354,-0.386926773,1.053331267,-0.609660406,0.219060823,-0.134683133,0.749791304
1497534930967180000,88375,1.565643527,-0.376648027,1.052538693,-0.606901585,0.21865708,-0.13438056,0.752197721
1497534930977150000,88376,1.566993471,-0.366180379,1.051875649,-0.605257899,0.218191673,-0.133810121,0.753757335
1497534930987180000,88377,1.568349771,-0.355650205,1.051485009,-0.604950252,0.216709117,-0.133074703,0.754561777
1497534930997180000,88378,1.569713047,-0.345250302,1.051275421,-0.604486462,0.215056967,-0.133223408,0.755379469
1497534931007160000,88379,1.57114563,-0.334982395,1.051531641,-0.603831012,0.214950322,-0.134343122,0.755735664
1497534931017180000,88380,1.572602146,-0.324940194,1.051922883,-0.604234032,0.215487399,-0.135357231,0.755079357
1497534931027120000,88381,1.574348722,-0.315229128,1.053064325,-0.604855182,0.216970954,-0.137279345,0.753809124
1497534931036990000,88382,1.576373745,-0.305479331,1.054467211,-0.605856511,0.220152006,-0.139365462,0.751696914
1497534931047030000,88383,1.578413862,-0.296000387,1.055600175,-0.608516055,0.22170567,-0.140789289,0.748821196
1497534931057180000,88384,1.580813961,-0.286494505,1.05723308,-0.609891521,0.222759372,-0.143035431,0.746961485
1497534931067060000,88385,1.583236938,-0.277156582,1.058831548,-0.610490101,0.224737241,-0.146140783,0.74527705
1497534931077080000,88386,1.585819443,-0.267911409,1.060506867,-0.610876932,0.227192054,-0.14935889,0.743575865
1497534931087110000,88387,1.588591668,-0.258805618,1.062138129,-0.610581737,0.230367658,-0.15319111,0.742060084
1497534931097110000,88388,1.591504407,-0.249779165,1.063781167,-0.610291877,0.23404791,-0.15715893,0.740315117
1497534931107190000,88389,1.594283743,-0.241040726,1.065199865,-0.609770523,0.237925407,-0.161413686,0.738591248
1497534931117180000,88390,1.59717074,-0.232389845,1.066505184,-0.609631108,0.242565133,-0.166072745,0.736160249
1497534931127160000,88391,1.599966915,-0.223979219,1.067870138,-0.610670115,0.246217152,-0.169844804,0.733220204
1497534931137180000,88392,1.602458433,-0.215768119,1.068829644,-0.611120415,0.250120081,-0.173938615,0.730559472
1497534931147110000,88393,1.604693895,-0.207735295,1.069613284,-0.613342966,0.25197307,-0.175784535,0.72761238
1497534931157170000,88394,1.606838686,-0.199740066,1.070319031,-0.616579813,0.253123688,-0.176875149,0.724205023
1497534931167130000,88395,1.608864378,-0.191914045,1.071072276,-0.620003349,0.254046586,-0.177121573,0.720891204
1497534931177190000,88396,1.610855216,-0.184119644,1.071802616,-0.623087548,0.254685371,-0.177182968,0.7179857
1497534931187160000,88397,1.612673266,-0.176488876,1.072436952,-0.626454115,0.255350399,-0.176623002,0.714951558
1497534931197170000,88398,1.614558785,-0.168997876,1.073152522,-0.629774286,0.255704102,-0.175724226,0.712124117
1497534931207110000,88399,1.616249433,-0.161867983,1.073762001,-0.63190082,0.256112076,-0.174637385,0.710358883
1497534931217130000,88400,1.617910657,-0.154872473,1.074161122,-0.633349286,0.257358892,-0.173786174,0.708825401
1497534931227120000,88401,1.61954759,-0.148051387,1.074472677,-0.634949836,0.258317123,-0.171930901,0.707496103
1497534931237170000,88402,1.62119134,-0.141262892,1.074634061,-0.636020115,0.259933584,-0.170933053,0.706183288
1497534931247110000,88403,1.622812917,-0.134594494,1.074921062,-0.63657093,0.261670783,-0.169971307,0.705276972
1497534931257180000,88404,1.624406976,-0.128029202,1.074987188,-0.637293063,0.26410976,-0.169805001,0.703754111
1497534931267100000,88405,1.626073046,-0.121464943,1.075104905,-0.638798229,0.266738944,-0.169043665,0.701577792
1497534931277140000,88406,1.627690755,-0.11504195,1.075141412,-0.640079438,0.269325372,-0.169035622,0.699420558
1497534931287160000,88407,1.629214821,-0.108683495,1.0753193,-0.640972509,0.271537278,-0.168873095,0.6977848
1497534931297170000,88408,1.630566773,-0.102190602,1.075291656,-0.643039133,0.272524395,-0.169297117,0.695391698
1497534931307140000,88409,1.632358341,-0.095396413,1.075155241,-0.651013029,0.274581657,-0.164304574,0.688324746
1497534931317140000,88410,1.633544901,-0.089235393,1.075127899,-0.651920947,0.275967501,-0.164976106,0.686748791
1497534931327180000,88411,1.634588841,-0.083082902,1.074958086,-0.652575888,0.278140764,-0.165481276,0.685126538
1497534931337160000,88412,1.635663108,-0.076799168,1.074995578,-0.654635794,0.278334621,-0.166549474,0.682819954
1497534931347210000,88413,1.63687316,-0.070407209,1.074472187,-0.657021929,0.280926731,-0.165349387,0.679751379
1497534931357140000,88414,1.63764451,-0.064282609,1.074193042,-0.656651613,0.28229816,-0.168539989,0.678756717
1497534931367200000,88415,1.638894053,-0.057776171,1.07368531,-0.658762242,0.285115716,-0.167967896,0.675668649
1497534931377130000,88416,1.639760217,-0.051424088,1.073032054,-0.660109494,0.286672323,-0.169870019,0.67321513
1497534931387160000,88417,1.64085737,-0.044927425,1.072422931,-0.662225461,0.289318366,-0.170287581,0.669891381
1497534931397180000,88418,1.641953114,-0.038432804,1.071557755,-0.663798505,0.291974548,-0.171288191,0.666920358
1497534931407110000,88419,1.642938477,-0.031834847,1.070899849,-0.665198318,0.294127278,-0.17333322,0.664045131
1497534931417250000,88420,1.643854856,-0.025226423,1.069947751,-0.665970049,0.296673044,-0.175265296,0.661627596
1497534931427130000,88421,1.644770674,-0.018606929,1.069170108,-0.667006518,0.298966791,-0.177982512,0.658819694
1497534931437230000,88422,1.645946102,-0.011789586,1.068141037,-0.668839256,0.302551271,-0.177658844,0.655403779
1497534931447130000,88423,1.646740434,-0.00488174,1.066951907,-0.670214758,0.304363598,-0.180129154,0.652478709
1497534931457120000,88424,1.647618968,0.002114974,1.065679033,-0.671839659,0.306917116,-0.180827811,0.64941101
1497534931467210000,88425,1.648477174,0.00925794,1.064771683,-0.673232747,0.308740666,-0.182415338,0.646654091
1497534931477150000,88426,1.6493261,0.016501693,1.063416099,-0.675138411,0.311067577,-0.183138307,0.643339295
1497534931487130000,88427,1.649989926,0.023884029,1.062092474,-0.677243179,0.312487331,-0.183977792,0.640191782
1497534931497180000,88428,1.650833279,0.03124994,1.061022095,-0.678550349,0.315236182,-0.184043806,0.637435057
1497534931507140000,88429,1.651051027,0.03892218,1.059585024,-0.680521691,0.314990561,-0.18614924,0.634838274
1497534931517180000,88430,1.651405119,0.04655163,1.05813562,-0.681862475,0.316324592,-0.1864097,0.632656101
1497534931527220000,88431,1.651875477,0.054219465,1.056984869,-0.682744737,0.317796778,-0.187073472,0.630768062
1497534931537240000,88432,1.651939728,0.062024269,1.055619059,-0.684095498,0.317703722,-0.188089147,0.629047031
1497534931547120000,88433,1.652242462,0.069775368,1.054525371,-0.684926089,0.318869121,-0.18838484,0.627463058
1497534931557170000,88434,1.652314103,0.077655206,1.053274516,-0.686265308,0.318275182,-0.189817768,0.625867439
1497534931567130000,88435,1.652265032,0.085508948,1.051790164,-0.687215481,0.318941988,-0.190525434,0.624268331
1497534931577180000,88436,1.652167397,0.093436905,1.050516335,-0.68805645,0.319480988,-0.191581903,0.622741194
1497534931587160000,88437,1.652079169,0.101347061,1.049106625,-0.688098568,0.320533661,-0.192486289,0.621874233
1497534931597180000,88438,1.65196871,0.109498612,1.047920657,-0.689112284,0.320587028,-0.193769791,0.620323695
1497534931607210000,88439,1.651861338,0.117449716,1.046407849,-0.689123644,0.322067594,-0.193710632,0.61956215
1497534931617190000,88440,1.651663266,0.125787034,1.045227828,-0.69015007,0.321706126,-0.195417943,0.618069476
1497534931627160000,88441,1.651313926,0.134078386,1.04354046,-0.691150786,0.321906073,-0.196485199,0.616506803
1497534931637180000,88442,1.651120066,0.142527557,1.042256227,-0.691660205,0.322522616,-0.198062267,0.615107033
1497534931647160000,88443,1.650755534,0.151033496,1.040769905,-0.691620999,0.322784895,-0.200769708,0.614135025
1497534931657260000,88444,1.650523365,0.159532599,1.039360229,-0.691186826,0.323870308,-0.203397758,0.613186878
1497534931667180000,88445,1.650255865,0.168436993,1.037712319,-0.691686848,0.325031193,-0.205582428,0.611277263
1497534931677160000,88446,1.650073979,0.177505921,1.03632783,-0.691383167,0.327318015,-0.207986828,0.609584869
1497534931687120000,88447,1.649766962,0.186693753,1.03513669,-0.69042299,0.328692667,-0.211093083,0.608865285
1497534931697180000,88448,1.649371466,0.196061264,1.034019043,-0.690309412,0.330243015,-0.214229274,0.607057069
1497534931707190000,88449,1.648799549,0.205668908,1.032937699,-0.68975021,0.331243922,-0.217442395,0.606004057
1497534931717180000,88450,1.648351607,0.215372485,1.032111401,-0.688803502,0.332938912,-0.219534731,0.605397323
1497534931727150000,88451,1.646454011,0.226782462,1.030745622,-0.693017655,0.327136412,-0.226384553,0.601214048
1497534931737220000,88452,1.645855036,0.237060527,1.030437755,-0.692916997,0.328450978,-0.226995591,0.600382371
1497534931747200000,88453,1.645303154,0.247299897,1.029919946,-0.691490893,0.331228742,-0.226686946,0.600617095
1497534931757240000,88454,1.644437244,0.257617671,1.030175383,-0.689282427,0.332099203,-0.227641373,0.602311597
1497534931767170000,88455,1.643555536,0.268122652,1.030621647,-0.687858959,0.333556646,-0.227413503,0.603218961
1497534931777140000,88456,1.642538992,0.278804705,1.03113529,-0.686853698,0.333605542,-0.225795836,0.604942626
1497534931787170000,88457,1.641063894,0.289537059,1.031775946,-0.685596629,0.333665251,-0.22294718,0.607387288
1497534931797140000,88458,1.639459145,0.300176955,1.032603725,-0.684700912,0.332808998,-0.21904213,0.610281392
1497534931807130000,88459,1.637480004,0.310400363,1.034213902,-0.681818711,0.329715866,-0.217789858,0.615612111
1497534931817130000,88460,1.635487759,0.320607468,1.035754305,-0.679968672,0.326844747,-0.214867317,0.620199284
1497534931827100000,88461,1.633204329,0.330405721,1.037418573,-0.677124133,0.323389318,-0.212613363,0.625873642
1497534931837250000,88462,1.631083385,0.339972904,1.039256207,-0.674372185,0.319149741,-0.210683799,0.631647002
1497534931847220000,88463,1.629075453,0.349167433,1.041025922,-0.670519743,0.315419081,-0.208831112,0.638203451
1497534931857200000,88464,1.626990797,0.358152272,1.042753238,-0.667155676,0.311481859,-0.207764604,0.643984647
1497534931867210000,88465,1.625226298,0.367042682,1.044367498,-0.6644609,0.308526873,-0.206577112,0.648559001
1497534931877200000,88466,1.623597243,0.375688385,1.046161853,-0.660752032,0.305350395,-0.205832777,0.654064795
1497534931887130000,88467,1.62171041,0.384313188,1.047457876,-0.657112123,0.30238912,-0.205529796,0.659182813
1497534931897210000,88468,1.619887087,0.392072602,1.048053224,-0.647786913,0.306179034,-0.203946224,0.667107527
1497534931907200000,88469,1.618970205,0.400039553,1.050034264,-0.643648321,0.30474497,-0.203076739,0.672017247
1497534931917220000,88470,1.617908377,0.407721337,1.051863222,-0.638801093,0.304548529,-0.202921892,0.676761451
1497534931927190000,88471,1.61702889,0.415149611,1.053464627,-0.63372065,0.30599367,-0.201466476,0.681305563
1497534931937210000,88472,1.616431061,0.422433108,1.055361243,-0.629413962,0.305633169,-0.200629735,0.685692453
1497534931947200000,88473,1.615728664,0.429460202,1.057023988,-0.62367172,0.30627893,-0.200275515,0.690736216
1497534931957200000,88474,1.615189443,0.436304243,1.058579236,-0.619357131,0.306844771,-0.199094561,0.694697334
1497534931967200000,88475,1.614633118,0.443011022,1.060584134,-0.614948145,0.30637423,-0.200436915,0.69842584
1497534931977170000,88476,1.614214069,0.449523925,1.062170787,-0.609296792,0.307829433,-0.200005401,0.702848703
1497534931987100000,88477,1.613772512,0.45590971,1.063925117,-0.604966266,0.308196395,-0.199832368,0.706468559
1497534931997200000,88478,1.613512989,0.462343013,1.065974255,-0.601487071,0.307333297,-0.199540121,0.709889631
1497534932007200000,88479,1.613004034,0.46884459,1.067586461,-0.597821658,0.307297271,-0.198535868,0.713274955
1497534932017210000,88480,1.612609665,0.475567144,1.069468717,-0.595470713,0.30497045,-0.198660114,0.716199562
1497534932027140000,88481,1.612179618,0.482296531,1.07123431,-0.592427784,0.303045571,-0.198062663,0.719697078
1497534932037210000,88482,1.611717389,0.489259521,1.072882992,-0.590198452,0.300330686,-0.198195904,0.722624141
1497534932047200000,88483,1.611424519,0.49629761,1.074452446,-0.589701773,0.298210671,-0.196472703,0.72437607
1497534932057190000,88484,1.61072106,0.503377322,1.075697184,-0.587094001,0.295649686,-0.196023953,0.727658235
1497534932067240000,88485,1.609904096,0.510109848,1.0765895,-0.58393359,0.290824104,-0.195219584,0.73234706
1497534932077140000,88486,1.609487045,0.517396891,1.077564092,-0.583326203,0.28796085,-0.194085266,0.734261533
1497534932087200000,88487,1.608958038,0.524848015,1.078489051,-0.582871424,0.285128904,-0.192722366,0.736084574
1497534932097070000,88488,1.608352467,0.532402811,1.079273618,-0.582645432,0.281351387,-0.191665529,0.737990531
1497534932107190000,88489,1.607807095,0.540124532,1.07993865,-0.58335883,0.277540597,-0.189894908,0.739326461
1497534932117170000,88490,1.607335025,0.547997523,1.080426866,-0.584581093,0.274357427,-0.188209868,0.739979725
1497534932127160000,88491,1.606789029,0.555919606,1.080488473,-0.586381034,0.271211836,-0.185245675,0.740463005
1497534932137190000,88492,1.606292472,0.563946358,1.080478212,-0.587774251,0.267810508,-0.18319478,0.741106358
1497534932147190000,88493,1.605731644,0.571913028,1.080028923,-0.589370756,0.264259467,-0.180779995,0.741705898
1497534932157150000,88494,1.605371951,0.580044059,1.079525072,-0.591648586,0.261282366,-0.178549759,0.74148733
1497534932167180000,88495,1.605086237,0.588136441,1.078571968,-0.593334752,0.259099093,-0.17731646,0.741202001
1497534932177160000,88496,1.604897539,0.59632708,1.077562832,-0.596398974,0.256810051,-0.17540508,0.739993189
1497534932187180000,88497,1.604744201,0.604527149,1.076336112,-0.598403908,0.255076287,-0.174469274,0.739195051
1497534932197240000,88498,1.604622467,0.612755222,1.074916494,-0.600786502,0.252865463,-0.174038577,0.738122761
1497534932207280000,88499,1.604761111,0.621385486,1.073616012,-0.60349097,0.252361953,-0.173164199,0.736292234
1497534932217190000,88500,1.604972062,0.629894194,1.071962974,-0.605775708,0.251572948,-0.173041843,0.734713117
1497534932227160000,88501,1.605206128,0.638794914,1.070294591,-0.609113269,0.250942586,-0.172060901,0.732395993
1497534932237140000,88502,1.605278448,0.647429889,1.068376893,-0.611701848,0.248480421,-0.170750631,0.731383998
1497534932247200000,88503,1.605695678,0.656860034,1.066857521,-0.616646969,0.246971106,-0.169137316,0.728110127
1497534932257130000,88504,1.605703856,0.665799403,1.064759733,-0.617643967,0.245476201,-0.169148072,0.727768022
1497534932267220000,88505,1.605604711,0.674536587,1.062737912,-0.619892048,0.243382609,-0.166906854,0.727076926
1497534932277160000,88506,1.605475462,0.683469131,1.060969896,-0.620498502,0.242363671,-0.165292514,0.727268757
1497534932287230000,88507,1.60508133,0.691964146,1.059193175,-0.621219119,0.239195946,-0.161895541,0.728465469
1497534932297180000,88508,1.604794718,0.700193791,1.057657384,-0.619890563,0.237585896,-0.159013268,0.730755371
1497534932307190000,88509,1.60465482,0.708532503,1.056343854,-0.616828209,0.237753907,-0.157982274,0.733510492
1497534932317190000,88510,1.604328359,0.716720448,1.05498029,-0.614116693,0.236479865,-0.15563918,0.736691527
1497534932327000000,88511,1.604282226,0.725163191,1.054074069,-0.611646472,0.23681013,-0.154050805,0.738970842
1497534932337190000,88512,1.604206382,0.73396464,1.052550773,-0.608007911,0.237170814,-0.154583842,0.741741343
1497534932347180000,88513,1.604166465,0.742815674,1.051281901,-0.605374042,0.236633123,-0.152359537,0.744522401
1497534932357170000,88514,1.604411527,0.752407319,1.049995971,-0.60168767,0.237565503,-0.152023317,0.747277385
1497534932367180000,88515,1.604863236,0.762569545,1.048913592,-0.601525436,0.237783018,-0.149480757,0.747851516
1497534932377170000,88516,1.605163961,0.772850418,1.047515812,-0.598240789,0.238368034,-0.148666362,0.750457828
1497534932387190000,88517,1.605188705,0.783107723,1.045836695,-0.594869654,0.236685909,-0.14631116,0.754123942
1497534932397180000,88518,1.605633882,0.794326179,1.044766122,-0.593410652,0.234680022,-0.144109449,0.756321065
1497534932407190000,88519,1.605859161,0.805475371,1.043730972,-0.58979003,0.233047928,-0.143358841,0.759792489
1497534932417190000,88520,1.606022863,0.81673552,1.042928544,-0.588463712,0.229386205,-0.142764405,0.7620438
1497534932427160000,88521,1.606529963,0.828167097,1.042785364,-0.587200882,0.226891759,-0.141699651,0.763961035
1497534932437180000,88522,1.606979652,0.839243973,1.04320694,-0.586334545,0.223843653,-0.141697401,0.765524439
1497534932447180000,88523,1.607878012,0.850536211,1.044055615,-0.587274787,0.222653994,-0.14265771,0.764972092
1497534932457240000,88524,1.608910353,0.86148724,1.045309449,-0.587246529,0.22203295,-0.143543741,0.765008548
1497534932467260000,88525,1.610221561,0.872609223,1.046832531,-0.589563824,0.221380796,-0.143452705,0.763430653
1497534932477160000,88526,1.611820369,0.883526597,1.048316943,-0.591205417,0.221818526,-0.144710251,0.761795011
1497534932487170000,88527,1.61331806,0.894283706,1.050174247,-0.593217091,0.221499869,-0.145148301,0.76023895
1497534932497180000,88528,1.615246297,0.905095934,1.052488416,-0.59402679,0.221683567,-0.146999364,0.759196783
1497534932507150000,88529,1.617032033,0.915349832,1.054638353,-0.59494187,0.222613499,-0.148687137,0.757878313
1497534932517160000,88530,1.618941068,0.925765741,1.057143286,-0.59518482,0.223858082,-0.151455415,0.756771991
1497534932527110000,88531,1.620915645,0.935930907,1.059287195,-0.596276985,0.225267192,-0.153964282,0.754985728
1497534932537230000,88532,1.622906365,0.946048545,1.061750012,-0.596854705,0.226080754,-0.15618923,0.753828149
1497534932547240000,88533,1.625113783,0.956248552,1.063909348,-0.59951157,0.227205141,-0.158082733,0.750981725
1497534932557230000,88534,1.627170475,0.966130937,1.065714102,-0.601891185,0.22829341,-0.160082228,0.748319985
1497534932567140000,88535,1.629113762,0.975908192,1.06734314,-0.604857431,0.22992682,-0.16187556,0.745035199
1497534932577160000,88536,1.630789874,0.985476983,1.068410449,-0.610216603,0.231355128,-0.162381812,0.740096378
1497534932587200000,88537,1.632526679,0.994915163,1.069375967,-0.614490198,0.232324688,-0.162497279,0.73622121
1497534932597150000,88538,1.633899575,1.003975941,1.070151695,-0.619869471,0.233231605,-0.161914785,0.731538419
1497534932607200000,88539,1.635133614,1.012741059,1.070949706,-0.624192276,0.231952579,-0.160457114,0.728584599
1497534932617240000,88540,1.63596518,1.020907396,1.071495036,-0.628624906,0.231582078,-0.158978654,0.725207734
1497534932627150000,88541,1.636788559,1.028862531,1.072241919,-0.631327217,0.229984063,-0.157553381,0.723678249
1497534932637280000,88542,1.637340034,1.036211991,1.072786767,-0.634082053,0.228279262,-0.156147292,0.722112561
1497534932647200000,88543,1.638108145,1.043408247,1.073258923,-0.636719636,0.227132427,-0.155139421,0.720368465
1497534932657190000,88544,1.638921999,1.050244684,1.073827177,-0.63819081,0.226106105,-0.15405281,0.719622298
1497534932667200000,88545,1.639978641,1.056706493,1.074122692,-0.639360439,0.226922972,-0.15434968,0.718262048
1497534932677160000,88546,1.641124217,1.062803191,1.074367858,-0.640442999,0.228083788,-0.153915768,0.717021957
1497534932687200000,88547,1.642615907,1.068824483,1.074722841,-0.641181584,0.230202379,-0.15457606,0.715541251
1497534932697190000,88548,1.644057234,1.074441962,1.074609898,-0.643159046,0.232756629,-0.155101198,0.712821444
1497534932707190000,88549,1.645722038,1.079946901,1.074716518,-0.643154596,0.236588592,-0.157374688,0.711063437
1497534932717180000,88550,1.647471864,1.085299596,1.07464588,-0.643513642,0.240323905,-0.159433237,0.70902444
1497534932727160000,88551,1.649224445,1.090336917,1.074699287,-0.643673708,0.243686908,-0.161001098,0.707375074
1497534932737140000,88552,1.651013049,1.095340427,1.074523817,-0.642733157,0.249106872,-0.163317559,0.705809627
1497534932747190000,88553,1.652811022,1.100193817,1.074257196,-0.643065194,0.253953997,-0.164534297,0.703493417
1497534932757180000,88554,1.654525145,1.105054776,1.074001278,-0.643190854,0.25926234,-0.166088498,0.701072875
1497534932767190000,88555,1.65629418,1.110083772,1.073894629,-0.642700118,0.26322543,-0.166908261,0.699850386
1497534932777160000,88556,1.657622764,1.114948121,1.073520751,-0.642368311,0.268016991,-0.168576217,0.697934026
1497534932787190000,88557,1.658922565,1.120217696,1.073279942,-0.643594587,0.271812796,-0.169557236,0.695092911
1497534932797150000,88558,1.659908978,1.125419813,1.072885155,-0.643917319,0.274836296,-0.171010011,0.693246762
1497534932807190000,88559,1.660818755,1.130827205,1.072548134,-0.644243956,0.277059135,-0.172865256,0.691596388
1497534932817180000,88560,1.661565282,1.136482373,1.072393782,-0.64598896,0.277251417,-0.173484045,0.689734152
1497534932827170000,88561,1.662082942,1.14192611,1.071925747,-0.646877207,0.279795109,-0.175235597,0.687427859
1497534932837200000,88562,1.662665282,1.147755925,1.071578787,-0.648695464,0.279967547,-0.175977527,0.685451879
1497534932847100000,88563,1.663100483,1.153493361,1.071176521,-0.650052186,0.281288911,-0.177492954,0.68323126
1497534932857180000,88564,1.663489903,1.159248899,1.070732178,-0.651656576,0.282012294,-0.17806696,0.681252472
1497534932867180000,88565,1.663950158,1.165031964,1.070169901,-0.653237342,0.282939624,-0.179402607,0.678999889
1497534932877170000,88566,1.664479275,1.170950471,1.069685188,-0.654967254,0.284019478,-0.180326306,0.676633767
1497534932887190000,88567,1.66493371,1.176648907,1.069040903,-0.656162974,0.285942333,-0.181809188,0.674264453
1497534932897220000,88568,1.665602849,1.182633391,1.068409388,-0.657456138,0.286985854,-0.182461286,0.672382648
1497534932907200000,88569,1.666261503,1.188503176,1.067805842,-0.65781152,0.288931684,-0.184061944,0.67076351
1497534932917190000,88570,1.666929315,1.194396588,1.067273716,-0.658721316,0.290463286,-0.185457731,0.668821903
1497534932927170000,88571,1.66757937,1.200256756,1.066301031,-0.660566329,0.293207315,-0.186668464,0.6654596
1497534932937200000,88572,1.668293325,1.206218602,1.065621162,-0.661314845,0.295916667,-0.188608764,0.662965109
1497534932947200000,88573,1.668991433,1.212190605,1.064777665,-0.66233867,0.298169773,-0.190104026,0.660501879
1497534932957170000,88574,1.66972539,1.218317119,1.063988547,-0.663666903,0.30064681,-0.191851557,0.657533815
1497534932967180000,88575,1.670448805,1.224493196,1.063241096,-0.66393076,0.302829623,-0.194392126,0.655516488
1497534932977170000,88576,1.671213777,1.230829775,1.062417502,-0.665246472,0.304886493,-0.196404145,0.652622992
1497534932987190000,88577,1.671720847,1.237041197,1.06153634,-0.66603221,0.307351549,-0.198823966,0.649927035
1497534932997180000,88578,1.672411852,1.243511005,1.060633694,-0.667714165,0.310034705,-0.201991344,0.645937902
1497534933007180000,88579,1.672989774,1.249941466,1.059594704,-0.668725853,0.312269903,-0.204720346,0.642948537
1497534933017130000,88580,1.673531033,1.256519785,1.058559448,-0.669898835,0.314689807,-0.207127759,0.639768683
1497534933027160000,88581,1.674131685,1.263332856,1.05748499,-0.67128426,0.317058837,-0.209553224,0.636347848
1497534933037200000,88582,1.674491234,1.269971446,1.056381645,-0.671700151,0.318592888,-0.212693358,0.634097007
1497534933047200000,88583,1.674917706,1.276804932,1.055138814,-0.672991056,0.320491747,-0.214718976,0.631081484
1497534933057150000,88584,1.675240989,1.283707585,1.053823887,-0.67399618,0.322869354,-0.217876479,0.627705639
1497534933067210000,88585,1.675628731,1.290844647,1.052423173,-0.674719544,0.323978,-0.220155563,0.625558407
1497534933077170000,88586,1.675878301,1.298011648,1.050968737,-0.676246657,0.325552259,-0.221862733,0.622481416
1497534933087190000,88587,1.67609786,1.305202238,1.049530339,-0.677166145,0.327366092,-0.224018018,0.619752678
1497534933097220000,88588,1.676302436,1.312440139,1.048018728,-0.677702113,0.327999696,-0.226194117,0.61803905
1497534933107220000,88589,1.67638383,1.319711809,1.046416746,-0.677987149,0.329968558,-0.228590879,0.615792487
1497534933117060000,88590,1.676503956,1.327104205,1.044833126,-0.679236569,0.332207782,-0.230425414,0.612519225
1497534933127190000,88591,1.676493302,1.334518407,1.043408817,-0.678750973,0.333750947,-0.233077646,0.611213738
1497534933137190000,88592,1.676510012,1.34212558,1.041955973,-0.678652729,0.335047593,-0.234743635,0.609974597
1497534933147140000,88593,1.676265992,1.349768592,1.040515367,-0.67807455,0.337325192,-0.237618612,0.608246672
1497534933157190000,88594,1.676076921,1.357714818,1.039231254,-0.677855864,0.338829401,-0.239848492,0.606777361
1497534933167160000,88595,1.675746192,1.365903405,1.03779669,-0.677319953,0.341068857,-0.242364337,0.605119199
1497534933177180000,88596,1.675398937,1.374349407,1.036427923,-0.677043413,0.342857613,-0.244661966,0.603491008
1497534933187200000,88597,1.674934838,1.382946699,1.035199611,-0.67660418,0.344740566,-0.246378059,0.602211406
1497534933197180000,88598,1.674445245,1.39183157,1.034093138,-0.67646381,0.34644732,-0.24811108,0.60067617
1497534933207240000,88599,1.674017625,1.401098049,1.032992389,-0.676103497,0.348326181,-0.249760673,0.599310053
1497534933217250000,88600,1.673218472,1.410449527,1.032300659,-0.675189929,0.349516866,-0.251449473,0.598940467
1497534933227170000,88601,1.672473423,1.420003368,1.031642438,-0.675008943,0.350772185,-0.25133284,0.598459359
1497534933237190000,88602,1.671636998,1.429801613,1.031293917,-0.67444147,0.351728664,-0.251761282,0.598357674
1497534933247140000,88603,1.670535585,1.439615346,1.030991833,-0.673522453,0.352363764,-0.251870923,0.598972722
1497534933257160000,88604,1.669469762,1.449602817,1.030967987,-0.672596631,0.353169811,-0.251354132,0.599754914
1497534933267090000,88605,1.668165089,1.460000993,1.031169909,-0.673048053,0.35227022,-0.249555155,0.600528297
1497534933277170000,88606,1.666505541,1.470162791,1.031594925,-0.672500756,0.351421663,-0.247798464,0.602363237
1497534933287240000,88607,1.664414106,1.480367861,1.032400592,-0.670403562,0.349909123,-0.247174173,0.605828026
1497534933297240000,88608,1.662210659,1.490624513,1.033237386,-0.66958527,0.347118946,-0.245089617,0.609175741
1497534933307210000,88609,1.659989822,1.500903479,1.034112907,-0.670225697,0.344155567,-0.240504746,0.611973797
1497534933317210000,88610,1.657120495,1.510623474,1.03573996,-0.666860916,0.340222775,-0.240499063,0.617822938
1497534933327180000,88611,1.654893753,1.520350542,1.036886405,-0.667045228,0.336221831,-0.235849879,0.621595028
1497534933337210000,88612,1.652295021,1.529551426,1.038525194,-0.665435435,0.331490598,-0.234858722,0.626219647
1497534933347210000,88613,1.649837704,1.538557298,1.040150561,-0.663715826,0.326926297,-0.23260725,0.631264101
1497534933357200000,88614,1.647512102,1.546958649,1.041772062,-0.660341058,0.323433063,-0.232457357,0.636635153
1497534933367200000,88615,1.645330103,1.555124039,1.043432273,-0.65748713,0.320082539,-0.233021866,0.641060568
1497534933377180000,88616,1.643422922,1.563023402,1.044962424,-0.653282216,0.317478715,-0.232998927,0.646638317
1497534933387210000,88617,1.641833837,1.570645543,1.046473262,-0.649266773,0.316344521,-0.233543581,0.651027032
1497534933397210000,88618,1.640429055,1.577958476,1.048032384,-0.644526185,0.316620978,-0.23453898,0.65523173
1497534933407280000,88619,1.639199239,1.585168561,1.049570361,-0.639156324,0.316912187,-0.234127094,0.660477375
1497534933417200000,88620,1.637963612,1.591947785,1.051244998,-0.633413477,0.31728112,-0.234837609,0.665560933
1497534933427180000,88621,1.636893522,1.598602506,1.053015071,-0.628534645,0.318595037,-0.234626657,0.669620589
1497534933437210000,88622,1.635666612,1.605052729,1.054747109,-0.623942769,0.319053469,-0.234004916,0.673900589
1497534933447210000,88623,1.634623626,1.611487294,1.056582841,-0.619021581,0.319167268,-0.234569593,0.678175231
1497534933457210000,88624,1.633506637,1.617881005,1.058380879,-0.614506549,0.319403097,-0.235097245,0.681977015
1497534933467180000,88625,1.632316249,1.624324418,1.060249199,-0.610461124,0.319089299,-0.23478402,0.685853992
1497534933477220000,88626,1.631014191,1.630792762,1.062199192,-0.606930375,0.317356442,-0.234316377,0.689939304
1497534933487210000,88627,1.629583484,1.637305009,1.064123354,-0.603978213,0.315119707,-0.234402907,0.693516522
1497534933497250000,88628,1.628106212,1.643948385,1.066002142,-0.601236955,0.312070581,-0.234189755,0.697338681
1497534933507190000,88629,1.626469265,1.650502235,1.067985449,-0.599117569,0.308173121,-0.233214955,0.701211987
1497534933517200000,88630,1.624894256,1.657196326,1.069722261,-0.597292553,0.304373689,-0.231597528,0.704954501
1497534933527190000,88631,1.623426432,1.663898933,1.071399253,-0.595085523,0.300666952,-0.231009651,0.708595192
1497534933537270000,88632,1.621992402,1.670562435,1.073026214,-0.593021612,0.297148683,-0.229447578,0.712307404
1497534933547220000,88633,1.62065177,1.677222418,1.074457357,-0.591135161,0.294409406,-0.227227771,0.715716329
1497534933557250000,88634,1.619505651,1.683933413,1.075591757,-0.589641439,0.291817371,-0.224862314,0.718750676
1497534933567190000,88635,1.618233845,1.690435903,1.076691571,-0.587721816,0.289286099,-0.222461293,0.722085586
1497534933577210000,88636,1.617102226,1.697048181,1.077552079,-0.586945153,0.28716109,-0.219499497,0.724467989
1497534933587210000,88637,1.61592946,1.703612801,1.078367625,-0.586158392,0.284519826,-0.216826023,0.726947924
1497534933597210000,88638,1.614945294,1.71035739,1.079071539,-0.585034896,0.281983612,-0.21502847,0.729371078
1497534933607210000,88639,1.614002954,1.717239222,1.079492959,-0.584762664,0.279451676,-0.212281525,0.731365806
1497534933617290000,88640,1.612983986,1.724067744,1.079817664,-0.584829714,0.27645778,-0.209812047,0.733160423
1497534933627170000,88641,1.612018349,1.731024603,1.080074503,-0.586070439,0.273407437,-0.2068885,0.734143693
1497534933637210000,88642,1.611127593,1.7382096,1.080019175,-0.587642034,0.270062911,-0.203488759,0.735074954
1497534933647210000,88643,1.610253176,1.74546665,1.080027196,-0.589354656,0.266777361,-0.20058508,0.735701403
1497534933657250000,88644,1.609240329,1.752719573,1.079638995,-0.592194773,0.263342016,-0.196849527,0.735667451
1497534933667170000,88645,1.608306927,1.760134643,1.07928077,-0.593986052,0.259589943,-0.19380906,0.736363823
1497534933677170000,88646,1.607262485,1.767541109,1.078726325,-0.596132045,0.256259896,-0.190323784,0.736705034
1497534933687210000,88647,1.606209936,1.774990929,1.078156146,-0.598019588,0.25341748,-0.187590971,0.736859404
1497534933697190000,88648,1.605126571,1.782612534,1.077413525,-0.601373565,0.249956828,-0.183062503,0.736450636
1497534933707210000,88649,1.604104895,1.790257315,1.07663536,-0.603108728,0.247320136,-0.18010415,0.736651279
1497534933717210000,88650,1.602982905,1.798033407,1.075717942,-0.606314524,0.244427311,-0.176057412,0.735963161
1497534933727000000,88651,1.601854257,1.806089577,1.075047898,-0.608555268,0.240072602,-0.172042057,0.736496546
1497534933737210000,88652,1.600661577,1.81436482,1.07420318,-0.61178925,0.234923369,-0.167365898,0.736555212
1497534933747210000,88653,1.599409621,1.822740692,1.073443907,-0.615615478,0.230981202,-0.162768537,0.735643712
1497534933757180000,88654,1.598118824,1.831255308,1.072650145,-0.617805568,0.226456943,-0.158969475,0.736044998
1497534933767210000,88655,1.596634195,1.839914043,1.071882487,-0.620710161,0.222042043,-0.15415948,0.735969485
1497534933777170000,88656,1.595116784,1.848851713,1.071049237,-0.623134265,0.216987826,-0.149568807,0.736375681
1497534933787200000,88657,1.593389229,1.857676313,1.070222936,-0.625388855,0.212950957,-0.144732242,0.736609292
1497534933797160000,88658,1.591523015,1.866615413,1.069373219,-0.626313339,0.207884225,-0.139514192,0.738276059
1497534933807210000,88659,1.589680308,1.875507413,1.068466799,-0.628472166,0.203350516,-0.133503813,0.738815293
1497534933817210000,88660,1.587684255,1.884178366,1.067580761,-0.629259097,0.198980022,-0.129011417,0.740132417
1497534933827180000,88661,1.585890753,1.892869398,1.066768105,-0.628455156,0.194603983,-0.124446398,0.742756017
1497534933837210000,88662,1.584376858,1.901527236,1.065842128,-0.628533057,0.191482412,-0.118797639,0.744424478
1497534933847210000,88663,1.582743965,1.910201483,1.065392141,-0.628930518,0.187913138,-0.114724237,0.745636242
1497534933857210000,88664,1.58146129,1.919096423,1.064785955,-0.628175071,0.184649756,-0.110528827,0.747719149
1497534933867210000,88665,1.579690689,1.927796554,1.064529553,-0.626423807,0.181337355,-0.108598745,0.750277476
1497534933877130000,88666,1.578474132,1.936869171,1.064002416,-0.625042841,0.179615072,-0.105678336,0.752257909
1497534933887200000,88667,1.577100735,1.946221273,1.063274332,-0.623105359,0.176995757,-0.101515646,0.755054162
1497534933897210000,88668,1.575703759,1.955669379,1.062592208,-0.62256086,0.175269255,-0.097348772,0.756453488
1497534933907200000,88669,1.57429472,1.965667918,1.061856755,-0.621956949,0.172853217,-0.092365011,0.758129292
1497534933917210000,88670,1.57285618,1.975943983,1.060802978,-0.622716028,0.170289047,-0.086277201,0.758803422
1497534933927180000,88671,1.571190697,1.986212997,1.059954745,-0.624061091,0.167050035,-0.081045745,0.758995143
1497534933937200000,88672,1.569383572,1.996703149,1.05893982,-0.624790934,0.164922217,-0.075827103,0.759399237
1497534933947200000,88673,1.567428529,2.007205021,1.058321306,-0.626200339,0.161561115,-0.070841098,0.759442348
1497534933957260000,88674,1.565142836,2.017489702,1.057923034,-0.629352983,0.158275276,-0.065185413,0.758033391
1497534933967220000,88675,1.562553364,2.02719621,1.057945549,-0.629853572,0.154342124,-0.061371558,0.758746676
1497534933977130000,88676,1.559812623,2.036889209,1.05871429,-0.633641901,0.147842789,-0.057933649,0.757155297
1497534933987160000,88677,1.556702304,2.045749503,1.060050316,-0.635350062,0.13818959,-0.053597712,0.757866229
1497534933997170000,88678,1.553414924,2.053988255,1.062022341,-0.637633967,0.128950765,-0.05036191,0.757798326
1497534934007220000,88679,1.550705317,2.062386173,1.064229723,-0.639153498,0.119928441,-0.049046379,0.75808603
1497534934017220000,88680,1.548037988,2.070968313,1.066522455,-0.641990423,0.113512597,-0.046581373,0.756831132
1497534934027200000,88681,1.545666843,2.079386611,1.068505204,-0.643531057,0.10892183,-0.044701187,0.75631053
1497534934037330000,88682,1.543368635,2.087648251,1.070130218,-0.644034949,0.106566193,-0.041735102,0.756386681
1497534934047100000,88683,1.541321086,2.095670561,1.071369797,-0.645463305,0.102831187,-0.038151419,0.755875213
1497534934057210000,88684,1.539216612,2.103583745,1.072410345,-0.645612798,0.100298171,-0.034978845,0.75624128
1497534934067210000,88685,1.537065444,2.111836961,1.073350082,-0.649085568,0.09649669,-0.031043147,0.753931454
1497534934077160000,88686,1.534910513,2.119736581,1.073893835,-0.653603965,0.090644138,-0.025894341,0.750942727
1497534934087200000,88687,1.532528311,2.127631055,1.074248366,-0.657359676,0.085916651,-0.022628289,0.748321152
1497534934097250000,88688,1.53013919,2.135405962,1.074519855,-0.663380944,0.077252844,-0.018293005,0.744058524
1497534934107210000,88689,1.527431389,2.143252083,1.074926726,-0.669105336,0.072388566,-0.014145709,0.739498373
1497534934117270000,88690,1.524473915,2.150293657,1.07497717,-0.67283201,0.067565398,-0.009934157,0.736636488
1497534934127190000,88691,1.52167353,2.157054326,1.074718481,-0.677216557,0.059151552,-0.003590841,0.733393438
1497534934137220000,88692,1.518390508,2.163580818,1.074653533,-0.679671961,0.053518685,0.00042466,0.731561068
1497534934147220000,88693,1.514990208,2.169722985,1.074330206,-0.682734942,0.046531944,0.006422311,0.729154669
1497534934157220000,88694,1.511305069,2.175600195,1.074163167,-0.684538317,0.040053232,0.011753609,0.727780794
1497534934167220000,88695,1.507851482,2.181169851,1.073565264,-0.686636165,0.032064314,0.018259082,0.726064228
1497534934177190000,88696,1.504327762,2.186745191,1.073163868,-0.689875557,0.024621095,0.023466096,0.723128523
1497534934187180000,88697,1.500390854,2.19247702,1.073358486,-0.692457532,0.020443098,0.028396912,0.720609646
1497534934197200000,88698,1.497071233,2.19754152,1.072712833,-0.694620119,0.012814104,0.036093405,0.718356426
1497534934207180000,88699,1.493304775,2.202869511,1.072726338,-0.696407329,0.01047808,0.041065746,0.716394198
1497534934217200000,88700,1.489835307,2.20809705,1.072512976,-0.697805214,0.006623037,0.046748039,0.714729767
1497534934227210000,88701,1.486585419,2.212714388,1.071989944,-0.698307248,0.001357364,0.052925146,0.713837569
1497534934237190000,88702,1.482983668,2.21787842,1.071996095,-0.699988463,-0.001180451,0.057869081,0.711804698
1497534934247290000,88703,1.479233901,2.223063476,1.072059838,-0.701659265,-0.003019509,0.062553998,0.709754997
1497534934257220000,88704,1.475534267,2.227934937,1.071738431,-0.702550293,-0.005502698,0.068394066,0.708318472
1497534934267220000,88705,1.471813308,2.232880563,1.071391486,-0.704156636,-0.009909018,0.073522745,0.706158374
1497534934277230000,88706,1.467692806,2.238130317,1.071138527,-0.706410242,-0.012256893,0.077960781,0.703389262
1497534934287230000,88707,1.463646114,2.243046906,1.070701096,-0.708765415,-0.018658566,0.083580964,0.700226869
1497534934297220000,88708,1.459447978,2.247864982,1.070157349,-0.709763242,-0.024466183,0.088399349,0.698443341
1497534934307230000,88709,1.455105513,2.252595711,1.069458865,-0.711611492,-0.031274044,0.092979944,0.695690843
1497534934317220000,88710,1.450457586,2.257581189,1.0689768,-0.713377193,-0.035864457,0.09623025,0.693214584
1497534934327200000,88711,1.44558117,2.261948493,1.068461984,-0.716574732,-0.039096032,0.099274356,0.689301644
1497534934337230000,88712,1.440917717,2.266489531,1.067829958,-0.718320183,-0.044524818,0.102955668,0.68661036
1497534934347180000,88713,1.436264198,2.270876307,1.067117599,-0.720183971,-0.050089405,0.106433336,0.683738287
1497534934357190000,88714,1.431478402,2.275427222,1.066501085,-0.721475157,-0.055882568,0.110398103,0.681295087
1497534934367220000,88715,1.426808013,2.279436395,1.065360061,-0.721788174,-0.059463117,0.112166349,0.680370987
1497534934377200000,88716,1.421952026,2.283728234,1.064642225,-0.723315335,-0.064509451,0.11498688,0.677813747
1497534934387230000,88717,1.417105881,2.287810757,1.06393891,-0.725857615,-0.069864558,0.118242714,0.673994307
1497534934397240000,88718,1.412093415,2.291932093,1.063276254,-0.727392073,-0.073313691,0.119897313,0.671677385
1497534934407230000,88719,1.40721442,2.295711542,1.062305911,-0.729223405,-0.07670264,0.12161477,0.668999087
1497534934417230000,88720,1.402190511,2.299663218,1.061233389,-0.731155552,-0.080997791,0.123114881,0.666103328
1497534934427210000,88721,1.397019634,2.303561783,1.060476404,-0.732613298,-0.084414495,0.125011782,0.663719822
1497534934437230000,88722,1.391885643,2.30731272,1.059461331,-0.733818642,-0.088244923,0.126434959,0.661617137
1497534934447230000,88723,1.386532293,2.311300946,1.058427028,-0.736206009,-0.091506339,0.127722891,0.658266029
1497534934457210000,88724,1.381120773,2.315131278,1.057402027,-0.736142015,-0.094037694,0.12899543,0.657732488
1497534934467210000,88725,1.375588301,2.318842265,1.056092706,-0.73762689,-0.09700357,0.129510739,0.655533254
1497534934477200000,88726,1.369942469,2.322607462,1.054821898,-0.739687165,-0.100484409,0.130843664,0.652415295
1497534934487190000,88727,1.364136522,2.326403014,1.053633404,-0.740991823,-0.104608048,0.132424129,0.649963172
1497534934497230000,88728,1.358116086,2.330366467,1.052607465,-0.742678051,-0.107765998,0.133932807,0.647207699
1497534934507240000,88729,1.351989889,2.334475807,1.05137047,-0.74494403,-0.111432973,0.135924866,0.643556924
1497534934517230000,88730,1.345719591,2.338438397,1.050004331,-0.746983752,-0.113563663,0.136446121,0.640703539
1497534934527200000,88731,1.339444018,2.341939533,1.048501904,-0.748720991,-0.116456856,0.137536831,0.637917156
1497534934537220000,88732,1.332950521,2.345644331,1.047084678,-0.749423866,-0.11911225,0.139157082,0.636247945
1497534934547220000,88733,1.326427296,2.348787713,1.045508045,-0.748660601,-0.122131565,0.140024593,0.636383767
1497534934557210000,88734,1.319581274,2.352037761,1.043882823,-0.749552134,-0.125205464,0.141177051,0.634479495
1497534934567220000,88735,1.312528338,2.355093885,1.042634132,-0.750175215,-0.127956258,0.143529691,0.632663868
1497534934577190000,88736,1.305322883,2.35810079,1.041117479,-0.749943612,-0.132428159,0.145779912,0.631502636
1497534934587220000,88737,1.297910844,2.36118701,1.039845448,-0.751444891,-0.135371651,0.147086621,0.628785033
1497534934597230000,88738,1.290480049,2.363893469,1.038324504,-0.751975518,-0.138472137,0.147668396,0.627337495
1497534934607230000,88739,1.283117835,2.366381911,1.036827102,-0.752201243,-0.141866285,0.148140925,0.626196066
1497534934617220000,88740,1.275542102,2.368935014,1.035681398,-0.750912916,-0.143081226,0.149344182,0.627179298
1497534934627200000,88741,1.267985531,2.371448436,1.034622162,-0.751454587,-0.144780166,0.150091714,0.625961009
1497534934637230000,88742,1.260243465,2.374057283,1.033548047,-0.751035012,-0.146898903,0.151421704,0.625650534
1497534934647170000,88743,1.252367738,2.376602082,1.032407078,-0.750589265,-0.146526871,0.15064096,0.626460639
1497534934657160000,88744,1.24429597,2.378965668,1.03146047,-0.751541313,-0.146142515,0.149612152,0.625655036
1497534934667230000,88745,1.235817688,2.382191765,1.031384098,-0.749843313,-0.149558041,0.150517013,0.626667398
1497534934677200000,88746,1.227110255,2.38434172,1.030913566,-0.751287343,-0.147025661,0.150390765,0.625566464
1497534934687200000,88747,1.218172431,2.386519794,1.030420356,-0.751831387,-0.146998084,0.148927409,0.625269347
1497534934697220000,88748,1.208934577,2.388961102,1.030749932,-0.75050294,-0.148743324,0.150202435,0.626146939
1497534934707220000,88749,1.199375092,2.390894901,1.030751459,-0.748962309,-0.14971964,0.152464393,0.627211366
1497534934717220000,88750,1.18965897,2.392524214,1.031013612,-0.749283321,-0.149244002,0.153331802,0.62672968
1497534934727180000,88751,1.179575717,2.393914384,1.031159875,-0.749005315,-0.147805375,0.155745423,0.626807763
1497534934737200000,88752,1.169240115,2.395181208,1.031429053,-0.747166569,-0.149705028,0.15822658,0.627929034
1497534934747120000,88753,1.158802719,2.396313791,1.031889181,-0.746989603,-0.152047757,0.161315595,0.626789671
1497534934757240000,88754,1.148189694,2.397181103,1.032317684,-0.744586948,-0.153815011,0.165725987,0.628065376
1497534934767260000,88755,1.137657739,2.397986887,1.033381292,-0.742329438,-0.15687065,0.169520071,0.62896864
1497534934777290000,88756,1.127304469,2.398462407,1.033972646,-0.739776581,-0.158783633,0.174086759,0.630247704
1497534934787270000,88757,1.117138411,2.398816123,1.034846594,-0.736887976,-0.160727762,0.178104468,0.632013842
1497534934797230000,88758,1.107207106,2.399118602,1.035782275,-0.735345658,-0.162208173,0.182934004,0.632052547
1497534934807240000,88759,1.09742473,2.399443295,1.036707436,-0.731576593,-0.162957796,0.186922655,0.63505934
1497534934817240000,88760,1.087937057,2.39962878,1.037465905,-0.728400507,-0.164967911,0.190695694,0.637066277
1497534934827210000,88761,1.078787846,2.399741009,1.038143068,-0.724131509,-0.166011271,0.195125266,0.640312382
1497534934837240000,88762,1.069829012,2.400539591,1.03933789,-0.719316321,-0.167996119,0.199535498,0.643853182
1497534934847240000,88763,1.061363625,2.400593359,1.039843616,-0.714258187,-0.168422269,0.204827609,0.647699647
1497534934857220000,88764,1.053180418,2.401024295,1.040276084,-0.711487703,-0.16636246,0.207918889,0.650291101
1497534934867240000,88765,1.045156554,2.401893577,1.041078329,-0.706777909,-0.166144589,0.213237491,0.653751279
1497534934877200000,88766,1.037518299,2.402365837,1.041499993,-0.703947835,-0.162757353,0.217832091,0.656137691
1497534934887240000,88767,1.029829722,2.403551712,1.042423638,-0.699902333,-0.160542144,0.2221172,0.659565686
1497534934897220000,88768,1.022443359,2.404442109,1.043400873,-0.696293227,-0.158348471,0.227399364,0.662111043
1497534934907230000,88769,1.015145005,2.405138476,1.044078047,-0.693992918,-0.153507631,0.231651091,0.664188987
1497534934917230000,88770,1.007931216,2.406146052,1.045313115,-0.690399971,-0.151502604,0.237165896,0.66644368
1497534934927210000,88771,1.000764953,2.407184382,1.046604207,-0.686506746,-0.149511335,0.24174288,0.669264693
1497534934937220000,88772,0.993710645,2.407734026,1.047624928,-0.684584431,-0.14715038,0.245690939,0.670318495
1497534934947210000,88773,0.986567009,2.408578319,1.049170456,-0.679866017,-0.146834732,0.250518372,0.673396099
1497534934957170000,88774,0.979550177,2.409269897,1.050932256,-0.676094828,-0.14783316,0.255577374,0.675071364
1497534934967240000,88775,0.972554487,2.409586048,1.052212075,-0.672355965,-0.147244759,0.259013159,0.67761982
1497534934977210000,88776,0.965534788,2.410049126,1.053809226,-0.668233697,-0.148626145,0.262789886,0.679937844
1497534934987240000,88777,0.958488355,2.410807833,1.055734891,-0.664347181,-0.149851236,0.266606004,0.68198876
1497534934997200000,88778,0.951489942,2.411559151,1.057455604,-0.660828166,-0.152066608,0.27024175,0.683484658
1497534935007240000,88779,0.944502645,2.412195974,1.058855261,-0.658049716,-0.15381955,0.273803113,0.684355151
1497534935017240000,88780,0.937573924,2.413074443,1.060409857,-0.656258056,-0.15392565,0.277546112,0.684543946
1497534935027210000,88781,0.930668194,2.414253992,1.062001465,-0.653348062,-0.156132329,0.281442395,0.68523659
1497534935037220000,88782,0.923738442,2.415380474,1.063389847,-0.650830468,-0.157384776,0.284860212,0.685933228
1497534935047230000,88783,0.916927457,2.416583714,1.064699894,-0.647779112,-0.160133147,0.288598503,0.686622532
1497534935057270000,88784,0.910227066,2.417532622,1.065689692,-0.645654819,-0.160630435,0.291665736,0.687210896
1497534935067260000,88785,0.903582226,2.418342012,1.066518056,-0.643812233,-0.161405944,0.294820263,0.68741177
1497534935077210000,88786,0.896764687,2.419570091,1.067298906,-0.640937719,-0.163437357,0.297389711,0.688510298
1497534935087210000,88787,0.88998022,2.420668626,1.067898255,-0.638334156,-0.166093395,0.300098296,0.689117916
1497534935097250000,88788,0.883026795,2.421838108,1.068390442,-0.635539238,-0.170394231,0.30282271,0.689459273
1497534935107240000,88789,0.875946287,2.423080953,1.06863951,-0.634506343,-0.172988695,0.304585642,0.688987808
1497534935117210000,88790,0.868747474,2.424140666,1.068342735,-0.634556001,-0.17493814,0.305766998,0.687925775
1497534935127210000,88791,0.861410982,2.425689379,1.068302902,-0.632704488,-0.178575435,0.308080985,0.687664127
1497534935137240000,88792,0.853985432,2.426933763,1.067625677,-0.6325635,-0.181962281,0.309601091,0.686221765
1497534935147240000,88793,0.846433219,2.428594449,1.06722487,-0.632016385,-0.185140901,0.311496856,0.685016675
1497534935157230000,88794,0.838802289,2.42988499,1.066089468,-0.63380283,-0.186901872,0.31300866,0.682192966
1497534935167240000,88795,0.831114758,2.431393384,1.065064581,-0.633873448,-0.190292707,0.315607168,0.679989156
1497534935177220000,88796,0.823162265,2.433223472,1.063907168,-0.634635753,-0.192611736,0.316874429,0.67803302
1497534935187240000,88797,0.815202982,2.435061261,1.062623806,-0.635697674,-0.195714721,0.318517251,0.675374694
1497534935197250000,88798,0.807054623,2.436898899,1.060980452,-0.63680585,-0.198486596,0.320002611,0.672814766
1497534935207250000,88799,0.798710435,2.438788266,1.059344216,-0.637876911,-0.202323562,0.32152634,0.669924649
1497534935217250000,88800,0.790120306,2.440897209,1.057689821,-0.638840702,-0.205924695,0.322935187,0.667225931
1497534935227210000,88801,0.781375831,2.442844938,1.055898983,-0.639846586,-0.210791993,0.324833904,0.663811733
1497534935237230000,88802,0.7723557,2.444836316,1.054127872,-0.64044663,-0.214755131,0.326073014,0.661350692
1497534935247210000,88803,0.763248802,2.446618616,1.052369093,-0.641197659,-0.21929209,0.327551934,0.658396743
1497534935257220000,88804,0.754140908,2.448176894,1.050555878,-0.641099155,-0.222880331,0.329467855,0.656328549
1497534935267250000,88805,0.745017743,2.449716415,1.04885527,-0.64087889,-0.226139721,0.332048559,0.654124475
1497534935277170000,88806,0.73616382,2.451060455,1.047043175,-0.6395025,-0.228923455,0.335767207,0.652603239
1497534935287330000,88807,0.727377938,2.452577415,1.045349752,-0.638280912,-0.231735107,0.339710664,0.650763384
1497534935297240000,88808,0.718644012,2.454208703,1.043827399,-0.636867947,-0.233746463,0.343496148,0.649439916
1497534935307130000,88809,0.709930673,2.455949301,1.04249193,-0.635421312,-0.235060031,0.346898348,0.648573877
1497534935317210000,88810,0.701339221,2.457910662,1.041466763,-0.633341886,-0.235777928,0.35005022,0.648653734
1497534935327220000,88811,0.692836151,2.459846244,1.040386386,-0.630413781,-0.23541066,0.353262529,0.649896816
1497534935337240000,88812,0.68433273,2.461861334,1.039313218,-0.627156386,-0.234819844,0.356273317,0.651616323
1497534935347190000,88813,0.675460874,2.46435794,1.038493881,-0.624987731,-0.232590803,0.358080391,0.65350615
1497534935357240000,88814,0.666471448,2.466966031,1.037590562,-0.622518628,-0.230459837,0.360231766,0.655432602
1497534935367230000,88815,0.657177421,2.46978931,1.036770957,-0.62033575,-0.227654139,0.362432551,0.657266914
1497534935377220000,88816,0.64764932,2.472705206,1.036296093,-0.618331459,-0.225706954,0.364540318,0.658659953
1497534935387250000,88817,0.638029477,2.475608686,1.036141908,-0.616688152,-0.224362955,0.366553939,0.659541658
1497534935397240000,88818,0.62813841,2.478571611,1.036400995,-0.6152789,-0.223344606,0.368484367,0.660127513
1497534935407240000,88819,0.618215866,2.481268516,1.036941695,-0.61467357,-0.22376654,0.369981563,0.659710983
1497534935417240000,88820,0.608314527,2.48374565,1.03772635,-0.614462487,-0.224633872,0.371214238,0.658919923
1497534935427200000,88821,0.598477228,2.486322936,1.038966305,-0.614454377,-0.224837429,0.371624832,0.658626551
1497534935437230000,88822,0.588704289,2.489030567,1.040391557,-0.615991426,-0.226859696,0.370783762,0.656969287
1497534935447230000,88823,0.579043307,2.491939725,1.042101264,-0.617931238,-0.228804782,0.369631879,0.655119555
1497534935457200000,88824,0.56963236,2.494846669,1.04372609,-0.618880834,-0.231917145,0.368920702,0.65352771
1497534935467180000,88825,0.560328583,2.497897211,1.045626759,-0.619261388,-0.234295526,0.367499908,0.653119252
1497534935477130000,88826,0.551164884,2.500866421,1.04732927,-0.619697522,-0.235388381,0.366488804,0.65288073
1497534935487290000,88827,0.542092865,2.503867332,1.048734213,-0.619921596,-0.234894702,0.365112471,0.653616537
1497534935497320000,88828,0.533241739,2.50686278,1.050039562,-0.621330456,-0.233796205,0.363648241,0.65348891
1497534935507280000,88829,0.52448967,2.509951799,1.051305989,-0.622887055,-0.231953004,0.362044261,0.653554492
1497534935517230000,88830,0.515832835,2.51271516,1.052255627,-0.624274715,-0.231723622,0.361029095,0.652873062
1497534935527230000,88831,0.507336268,2.515345753,1.053171691,-0.625164515,-0.232507386,0.359474956,0.652600491
1497534935537260000,88832,0.498745827,2.517674457,1.053889704,-0.626426011,-0.235313892,0.358130486,0.6511224
1497534935547170000,88833,0.49024362,2.519679798,1.054434102,-0.627656618,-0.239799244,0.356768216,0.6490454
1497534935557240000,88834,0.481843519,2.52159572,1.054867423,-0.628982632,-0.245086036,0.355568104,0.646440258
1497534935567240000,88835,0.473582859,2.523438682,1.055243637,-0.630743274,-0.251357308,0.355188217,0.642513623
1497534935577240000,88836,0.465503905,2.525267416,1.055556019,-0.632738185,-0.256254675,0.354637192,0.638911881
1497534935587260000,88837,0.457694171,2.527024694,1.055829906,-0.63485747,-0.26156664,0.354680259,0.634618625
1497534935597270000,88838,0.450005511,2.528755705,1.056146151,-0.636361904,-0.264756551,0.354866807,0.63167796
1497534935607270000,88839,0.442702838,2.53040709,1.056425615,-0.638153996,-0.268633292,0.354694657,0.628321042
1497534935617190000,88840,0.435600669,2.531853232,1.056493332,-0.638916408,-0.270757024,0.355626197,0.626104197
1497534935627240000,88841,0.428816784,2.533234558,1.056546829,-0.639275496,-0.272057373,0.356418606,0.624721861
1497534935637260000,88842,0.422327353,2.534512212,1.056414563,-0.639346241,-0.274863755,0.357711084,0.622678955
1497534935647210000,88843,0.415708986,2.535874066,1.056222045,-0.640393614,-0.275076981,0.358734962,0.620916984
1497534935657260000,88844,0.409306225,2.537693254,1.056356394,-0.642238653,-0.275681964,0.358438497,0.618910989
1497534935667250000,88845,0.40307585,2.539206725,1.055821133,-0.645591052,-0.273705778,0.357653032,0.616750881
1497534935677230000,88846,0.39671327,2.540982106,1.055972072,-0.647806263,-0.273430907,0.357008834,0.614920545
1497534935687260000,88847,0.390403079,2.54279793,1.05563053,-0.651061922,-0.272536455,0.355958656,0.612483215
1497534935697260000,88848,0.384352043,2.544476301,1.055411052,-0.653731589,-0.271537648,0.354704934,0.610808256
1497534935707260000,88849,0.378194124,2.546072463,1.055158064,-0.656075725,-0.270663395,0.353885323,0.609156095
1497534935717250000,88850,0.3720291,2.547571754,1.05479796,-0.658828701,-0.269972866,0.35282607,0.607102264
1497534935727240000,88851,0.365879647,2.548950155,1.054275117,-0.661066865,-0.269642769,0.351936359,0.605329807
1497534935737260000,88852,0.359635468,2.550120846,1.053685672,-0.662874658,-0.269884554,0.351314771,0.603603717
1497534935747290000,88853,0.353191472,2.551174282,1.0530969,-0.664689772,-0.271301522,0.350125038,0.601660577
1497534935757260000,88854,0.3467095,2.552224585,1.052348757,-0.666660184,-0.272792174,0.348756781,0.599597645
1497534935767250000,88855,0.340232882,2.553031237,1.051794748,-0.668161088,-0.274348687,0.348101009,0.59759455
1497534935777240000,88856,0.333601024,2.553638162,1.050735168,-0.669070017,-0.276202082,0.346996244,0.596365097
1497534935787280000,88857,0.32700539,2.554376282,1.05002406,-0.670490201,-0.277961087,0.345823906,0.594631272
1497534935797260000,88858,0.320434451,2.55496597,1.049218767,-0.671525606,-0.279605824,0.344941929,0.593202334
1497534935807270000,88859,0.313817583,2.555483165,1.048198369,-0.673275096,-0.280794375,0.342979019,0.591794353
1497534935817280000,88860,0.307192946,2.556092564,1.047580157,-0.673854511,-0.281998045,0.342325711,0.59094019
1497534935827250000,88861,0.300610138,2.55658266,1.04651774,-0.675436253,-0.282921975,0.340455942,0.589771799
1497534935837260000,88862,0.293970018,2.557017137,1.045666495,-0.676351343,-0.283900503,0.339182886,0.588985853
1497534935847290000,88863,0.287170961,2.557649813,1.045028473,-0.677641393,-0.28509583,0.337637383,0.587812476
1497534935857250000,88864,0.280353606,2.557977849,1.043983673,-0.678774086,-0.285927693,0.336551906,0.586723026
1497534935867170000,88865,0.273456581,2.558346305,1.043012021,-0.679782611,-0.286880409,0.335027741,0.585962154
1497534935877230000,88866,0.266308856,2.558643967,1.041941309,-0.68124549,-0.287705631,0.333599473,0.584672083
1497534935887290000,88867,0.259180121,2.559073109,1.040934471,-0.682296552,-0.288995545,0.332059111,0.583686334
1497534935897270000,88868,0.251826366,2.55938931,1.03996631,-0.683816204,-0.289735142,0.330906654,0.582193896
1497534935907260000,88869,0.244336903,2.559863985,1.038765301,-0.686305598,-0.290616269,0.328371245,0.580257818
1497534935917260000,88870,0.236832087,2.560172951,1.037678604,-0.687961706,-0.291392982,0.326565807,0.578924516
1497534935927240000,88871,0.229416744,2.560319314,1.036391761,-0.6884928,-0.293314118,0.325157844,0.578114928
1497534935937270000,88872,0.221682433,2.560630824,1.035070449,-0.690577795,-0.293787958,0.322621923,0.576806761
1497534935947280000,88873,0.214003667,2.560782011,1.033625521,-0.692173965,-0.294526946,0.320062529,0.575941887
1497534935957270000,88874,0.206431183,2.56094122,1.032417762,-0.6937516,-0.296625529,0.317633039,0.574309382
1497534935967280000,88875,0.198631388,2.56099476,1.030767528,-0.695079332,-0.296154516,0.315525425,0.574108815
1497534935977230000,88876,0.19097341,2.560841489,1.029105783,-0.696622149,-0.297802353,0.312455119,0.57306469
1497534935987260000,88877,0.183178304,2.560907269,1.027597939,-0.698395515,-0.298567188,0.310189069,0.571737772
1497534935997220000,88878,0.175454073,2.560810146,1.025985741,-0.699970173,-0.299937927,0.307468362,0.570563058
1497534936007250000,88879,0.167593746,2.560639214,1.024433509,-0.701251038,-0.30074386,0.304697839,0.570052049
1497534936017270000,88880,0.159849025,2.560358974,1.022893037,-0.702840481,-0.300268141,0.301846535,0.569862239
1497534936027250000,88881,0.152146015,2.560028098,1.021335013,-0.704199421,-0.300220392,0.298791062,0.569819965
1497534936037220000,88882,0.144210042,2.559724141,1.01990319,-0.705412679,-0.299693125,0.296393715,0.569848883
1497534936047260000,88883,0.1362865,2.559242286,1.018270303,-0.706073698,-0.299249411,0.293564245,0.570727394
1497534936057260000,88884,0.128316593,2.558596163,1.016621397,-0.708006877,-0.298139504,0.290295393,0.570585386
1497534936067260000,88885,0.119960872,2.55799609,1.015119541,-0.708595753,-0.297597525,0.287265614,0.571669694
1497534936077220000,88886,0.111433099,2.557220669,1.013406231,-0.710061172,-0.296193219,0.284146061,0.572139602
1497534936087250000,88887,0.102664065,2.556320737,1.011974125,-0.711058841,-0.2947395,0.28074271,0.573330169
1497534936097120000,88888,0.09367859,2.555321947,1.0105263,-0.712105627,-0.293595102,0.277579215,0.57415788
1497534936107250000,88889,0.084411178,2.554042604,1.009209543,-0.712875088,-0.291960199,0.274895199,0.575326847
1497534936117200000,88890,0.074838383,2.552732788,1.00811793,-0.712770893,-0.291061387,0.272285586,0.577149446
1497534936127220000,88891,0.065215588,2.55126835,1.007380394,-0.713206396,-0.289313421,0.270387825,0.578381194
1497534936137250000,88892,0.055379295,2.549541435,1.006435536,-0.713240342,-0.288250595,0.268680495,0.579664214
1497534936147250000,88893,0.045308232,2.547992584,1.006119246,-0.712795164,-0.28648354,0.268032105,0.581385436
1497534936157250000,88894,0.035143479,2.545914465,1.005575248,-0.713011687,-0.285704129,0.267879646,0.58157371
1497534936167250000,88895,0.024918927,2.543714389,1.005370181,-0.712685322,-0.284566501,0.268789832,0.582111299
1497534936177210000,88896,0.0145212,2.54144056,1.005433183,-0.711728638,-0.28344224,0.27052532,0.583025637
1497534936187250000,88897,0.003905071,2.539041589,1.005697995,-0.711116112,-0.2833205,0.273580901,0.582406095
1497534936197220000,88898,-0.006718354,2.536416709,1.006000975,-0.71052795,-0.284132518,0.276896096,0.581160302
1497534936207200000,88899,-0.017266877,2.533281958,1.006549309,-0.708930305,-0.284613135,0.281046503,0.580883852
1497534936217150000,88900,-0.027782361,2.530147172,1.007556573,-0.706554367,-0.285988846,0.286820394,0.580280422
1497534936227200000,88901,-0.037986533,2.526905665,1.008821842,-0.703480878,-0.287222142,0.292420043,0.580610553
1497534936237290000,88902,-0.047806811,2.523299388,1.010017705,-0.700059186,-0.288253096,0.298194341,0.581298051
1497534936247280000,88903,-0.057378718,2.519769238,1.011609695,-0.69636401,-0.288854349,0.303144497,0.582875411
1497534936257300000,88904,-0.066554788,2.516307745,1.013300149,-0.692113966,-0.289487549,0.307423757,0.585376674
1497534936267270000,88905,-0.075461017,2.513020385,1.015030805,-0.687384329,-0.288672247,0.311938739,0.588952749
1497534936277180000,88906,-0.084047233,2.509946064,1.016804472,-0.682756722,-0.288128099,0.316086228,0.59238075
1497534936287200000,88907,-0.092425606,2.506970997,1.018356469,-0.6787175,-0.287012834,0.319983866,0.595463277
1497534936297160000,88908,-0.100679184,2.504378745,1.01987576,-0.673903838,-0.285708824,0.324067474,0.599336598
1497534936307210000,88909,-0.108565818,2.501670979,1.02100364,-0.669688165,-0.284907982,0.328119057,0.602231757
1497534936317270000,88910,-0.116353515,2.499410189,1.022151699,-0.666782491,-0.282670556,0.332025553,0.604365368
1497534936327230000,88911,-0.124013624,2.49753594,1.023544007,-0.663981094,-0.278652186,0.336158501,0.607025146
1497534936337230000,88912,-0.131340956,2.495534173,1.02458438,-0.661835664,-0.273952771,0.34070762,0.608967775
1497534936347260000,88913,-0.138719682,2.493906123,1.025895848,-0.65955467,-0.269157459,0.34513608,0.611083452
1497534936357250000,88914,-0.146033626,2.49249549,1.027316544,-0.657823078,-0.264303305,0.349651369,0.612500188
1497534936367240000,88915,-0.153115403,2.490839205,1.028459696,-0.655790642,-0.260793872,0.354438978,0.613431497
1497534936377190000,88916,-0.160137239,2.489176889,1.029484431,-0.653588891,-0.257516704,0.358748164,0.614659632
1497534936387270000,88917,-0.16728149,2.487770268,1.03097793,-0.651452359,-0.254401903,0.36282293,0.615831972
1497534936397270000,88918,-0.174342041,2.486238744,1.03261042,-0.649866271,-0.251695514,0.366407019,0.61649744
1497534936407260000,88919,-0.181307707,2.48441808,1.034066202,-0.64687731,-0.250527255,0.369940844,0.618004541
1497534936417260000,88920,-0.188393149,2.482545754,1.035947276,-0.644029657,-0.250089471,0.373414156,0.619066172
1497534936427240000,88921,-0.195457722,2.480509182,1.037844714,-0.640292052,-0.249724415,0.377381253,0.620682845
1497534936437250000,88922,-0.202760475,2.478308577,1.039593658,-0.635962449,-0.25128238,0.381251436,0.622138467
1497534936447260000,88923,-0.209996073,2.475881354,1.041140686,-0.63196769,-0.252388428,0.385432291,0.623184459
1497534936457270000,88924,-0.217314506,2.473628664,1.042703174,-0.627289688,-0.254596482,0.390082086,0.624118774
1497534936467260000,88925,-0.224804818,2.471608045,1.044223431,-0.624056837,-0.255461295,0.394251147,0.624386598
1497534936477140000,88926,-0.232275724,2.469493058,1.045358688,-0.620987386,-0.257333494,0.398571597,0.62393495
1497534936487260000,88927,-0.239764102,2.467560418,1.046650554,-0.617537953,-0.259810943,0.402870794,0.623570585
1497534936497260000,88928,-0.247175754,2.465594036,1.047628392,-0.614368448,-0.261624625,0.407125071,0.623179864
1497534936507220000,88929,-0.254506975,2.463244452,1.048102405,-0.610580373,-0.264485486,0.411231704,0.622998814
1497534936517250000,88930,-0.261925517,2.461289088,1.048690493,-0.607517835,-0.266663812,0.41473748,0.622740166
1497534936527220000,88931,-0.269460914,2.459349322,1.049221363,-0.605084003,-0.270395405,0.418045847,0.621286845
1497534936537260000,88932,-0.276934316,2.457469786,1.049438291,-0.602647242,-0.272740284,0.420432887,0.621019506
1497534936547260000,88933,-0.284534529,2.455596864,1.049389915,-0.600464209,-0.275864081,0.422762154,0.62017248
1497534936557250000,88934,-0.292188108,2.45392875,1.049247634,-0.599070223,-0.278556405,0.425181342,0.618661477
1497534936567250000,88935,-0.299954327,2.452156855,1.048848056,-0.597615418,-0.282376838,0.427319295,0.616860886
1497534936577240000,88936,-0.30783753,2.450427853,1.048327676,-0.596714136,-0.286067595,0.429480778,0.614527324
1497534936587270000,88937,-0.315778255,2.448678043,1.047707235,-0.595892515,-0.288180709,0.431068513,0.613224206
1497534936597270000,88938,-0.323700698,2.446894944,1.046774933,-0.595329243,-0.291492887,0.43313849,0.610742202
1497534936607260000,88939,-0.331764222,2.445426159,1.046066156,-0.595298606,-0.294090414,0.434130897,0.608819155
1497534936617200000,88940,-0.339790699,2.443957376,1.045233283,-0.595228241,-0.296036655,0.435342474,0.607077071
1497534936627220000,88941,-0.347974415,2.441886369,1.043616589,-0.594810865,-0.299332617,0.436207466,0.605246286
1497534936637250000,88942,-0.356321889,2.440238937,1.042460975,-0.594650524,-0.302047327,0.437100096,0.603408379
1497534936647250000,88943,-0.364975832,2.43851637,1.040976457,-0.593973271,-0.306017131,0.437911057,0.601484144
1497534936657270000,88944,-0.373872307,2.436633109,1.039344699,-0.593416636,-0.311405287,0.438474578,0.598851808
1497534936667270000,88945,-0.38294398,2.434890779,1.037933218,-0.592882949,-0.315086663,0.439872496,0.596424674
1497534936677220000,88946,-0.392181616,2.432789782,1.036085009,-0.591630977,-0.319279186,0.441229151,0.59443286
1497534936687270000,88947,-0.401663291,2.430854037,1.034792862,-0.590472962,-0.323516364,0.442896356,0.592048698
1497534936697270000,88948,-0.411189859,2.428387274,1.032932659,-0.588556585,-0.327407727,0.444902371,0.590311111
1497534936707200000,88949,-0.420761351,2.425833497,1.031204756,-0.586320103,-0.330101787,0.447558579,0.58902705
1497534936717270000,88950,-0.430406902,2.423342735,1.029762972,-0.584112383,-0.332602278,0.450965024,0.587212904
1497534936727230000,88951,-0.440066239,2.420713362,1.028320758,-0.581896975,-0.334553944,0.455053734,0.585145852
1497534936737280000,88952,-0.449687825,2.41818992,1.026868,-0.579226155,-0.337167758,0.459352789,0.582932226
1497534936747270000,88953,-0.459400848,2.415646591,1.025457906,-0.577262282,-0.339450394,0.463292706,0.580432215
1497534936757270000,88954,-0.469185014,2.413122717,1.024056144,-0.574756663,-0.341802213,0.466694789,0.57881085
1497534936767260000,88955,-0.479071123,2.410847874,1.022969939,-0.57222998,-0.343454181,0.470445705,0.577297943
1497534936777220000,88956,-0.489068355,2.408649486,1.021952338,-0.569669533,-0.344065753,0.473774154,0.576743818
1497534936787270000,88957,-0.499058977,2.406492906,1.020863005,-0.566834382,-0.344272252,0.477472052,0.576364328
1497534936797290000,88958,-0.509281131,2.40452441,1.019969261,-0.564923459,-0.343323988,0.480361872,0.576404889
1497534936807260000,88959,-0.519587138,2.402589741,1.019120942,-0.562358177,-0.342501485,0.483546436,0.576739853
1497534936817270000,88960,-0.53000035,2.40091053,1.01880676,-0.559728474,-0.341569488,0.486935279,0.576999441
1497534936827160000,88961,-0.540506378,2.399216548,1.018830263,-0.558169391,-0.340948585,0.490047981,0.576241243
1497534936837280000,88962,-0.550925142,2.397275655,1.018978401,-0.557817075,-0.34004649,0.492744352,0.574814317
1497534936847270000,88963,-0.561282116,2.395379633,1.019601775,-0.557256544,-0.339394721,0.494381606,0.574337179
1497534936857270000,88964,-0.571671299,2.393532841,1.020757559,-0.557998218,-0.339691349,0.49518346,0.572748738
1497534936867250000,88965,-0.582122562,2.391741945,1.021907667,-0.558388949,-0.342973089,0.495123559,0.570459379
1497534936877230000,88966,-0.592313186,2.389901904,1.023321504,-0.558008843,-0.345883188,0.494432688,0.569672949
1497534936887250000,88967,-0.602288714,2.388318401,1.024895753,-0.55752183,-0.349463443,0.49275927,0.569414624
1497534936897270000,88968,-0.611970099,2.387086172,1.026951274,-0.555073599,-0.352549329,0.491879354,0.570663623
1497534936907270000,88969,-0.621505153,2.385749298,1.028796792,-0.554019226,-0.353873358,0.490951656,0.571666699
1497534936917270000,88970,-0.630897805,2.384444567,1.03018747,-0.553091647,-0.353013149,0.490082346,0.573838515
1497534936927240000,88971,-0.640239116,2.383725615,1.031977181,-0.554253196,-0.351709393,0.488475856,0.57488715
1497534936937260000,88972,-0.649713953,2.382983078,1.033512095,-0.55735753,-0.350982625,0.48662921,0.57389528
1497534936947240000,88973,-0.658888737,2.381912347,1.034523232,-0.559494859,-0.349823634,0.485626097,0.573372673
1497534936957270000,88974,-0.667962275,2.380833459,1.035616781,-0.561433484,-0.350956695,0.484453071,0.57177536
1497534936967290000,88975,-0.676903289,2.379193386,1.036310868,-0.56268401,-0.354024792,0.483027597,0.569857432
1497534936977260000,88976,-0.684554867,2.375680175,1.036481905,-0.556620308,-0.361776186,0.491429871,0.563727334
1497534936987340000,88977,-0.694449465,2.376065155,1.038456687,-0.562357205,-0.366552778,0.481609857,0.563422915
1497534936997270000,88978,-0.70293801,2.374105444,1.039163311,-0.561795091,-0.372808683,0.480602813,0.560732466
1497534937007220000,88979,-0.711080737,2.371817876,1.039557835,-0.561567428,-0.379412997,0.480147626,0.556907585
1497534937017280000,88980,-0.718578565,2.367801752,1.038816325,-0.559283893,-0.385176749,0.484455471,0.551491881
1497534937027250000,88981,-0.72517929,2.364667768,1.039093798,-0.55770592,-0.392970037,0.491335694,0.541412867
1497534937037270000,88982,-0.732595922,2.362692306,1.039190812,-0.556679432,-0.397225822,0.490916982,0.539740839
1497534937047280000,88983,-0.737560736,2.359495455,1.040393671,-0.578038028,-0.404043221,0.473154138,0.527964276
1497534937057280000,88984,-0.744289158,2.35730961,1.0404496,-0.576807714,-0.407700761,0.474570274,0.525219959
1497534937067270000,88985,-0.751126199,2.355529681,1.040438328,-0.577168341,-0.410093812,0.475991785,0.521662336
1497534937077230000,88986,-0.757819452,2.353635679,1.040349496,-0.577441754,-0.41186654,0.477263848,0.518793016
1497534937087270000,88987,-0.76435734,2.352039443,1.04013938,-0.579549096,-0.412815333,0.476550212,0.51633927
1497534937097290000,88988,-0.774139084,2.356366638,1.042698741,-0.562560065,-0.408193363,0.486629032,0.529241473
1497534937107260000,88989,-0.780436263,2.354959653,1.042760366,-0.564867454,-0.408997307,0.486379606,0.526384691
1497534937117160000,88990,-0.786747907,2.352813958,1.041908333,-0.566662603,-0.409663944,0.486233654,0.524066581
1497534937127250000,88991,-0.793021333,2.351087972,1.041601837,-0.568714395,-0.410170585,0.485352914,0.522261024
1497534937137260000,88992,-0.799153884,2.349052875,1.041001336,-0.57005319,-0.410845869,0.485141207,0.520464256
1497534937147280000,88993,-0.799849256,2.339891385,1.040222557,-0.573687135,-0.409240371,0.485127914,0.517741535
1497534937157270000,88994,-0.806182418,2.337748151,1.039929594,-0.574963451,-0.409121082,0.484895872,0.516636199
1497534937167360000,88995,-0.812218005,2.335482003,1.039531032,-0.576463482,-0.411456872,0.483590215,0.5143283
1497534937177160000,88996,-0.820473386,2.333913323,1.039940343,-0.564034583,-0.416403686,0.488220817,0.519724344
1497534937187270000,88997,-0.826733285,2.331371615,1.039438834,-0.564787354,-0.41874083,0.487387533,0.517807643
1497534937197280000,88998,-0.831044794,2.327737105,1.038202283,-0.578955056,-0.418991397,0.481558728,0.507305079
1497534937207230000,88999,-0.837319231,2.324916246,1.037520785,-0.579238548,-0.421450848,0.480615327,0.505836727
1497534937217280000,89000,-0.845666604,2.323026821,1.037757696,-0.564803414,-0.428263657,0.484940646,0.512269377
1497534937227260000,89001,-0.852011324,2.32029851,1.036740992,-0.561960308,-0.430228209,0.485872857,0.512866326
1497534937237280000,89002,-0.857846281,2.317209813,1.035896494,-0.56538065,-0.432279099,0.483156886,0.509940119
1497534937247280000,89003,-0.864177871,2.31428687,1.035175721,-0.565270184,-0.434429818,0.482415459,0.508935828
1497534937257280000,89004,-0.870432872,2.311316173,1.034346411,-0.565205864,-0.436721167,0.481592628,0.507824274
1497534937267250000,89005,-0.874211514,2.308384118,1.029655795,-0.564609,-0.425818204,0.491219172,0.508526557
1497534937277220000,89006,-0.880770541,2.305346446,1.029275063,-0.565881398,-0.427878595,0.488785642,0.50772704
1497534937287280000,89007,-0.886157483,2.302056422,1.025461925,-0.562636343,-0.416411799,0.49307359,0.516643004
1497534937297290000,89008,-0.892498567,2.298672412,1.02444183,-0.56395033,-0.417674854,0.492154399,0.51506484
1497534937307180000,89009,-0.901737389,2.295173603,1.030276536,-0.570644693,-0.445983405,0.473716186,0.501055298
1497534937317290000,89010,-0.905609987,2.291783596,1.024853532,-0.568859587,-0.433327849,0.484972942,0.503415326
1497534937327230000,89011,-0.912647644,2.2881674,1.024641672,-0.570856457,-0.437815577,0.480556714,0.50150341
1497534937337270000,89012,-0.919088231,2.284487114,1.023396176,0.571932477,0.440004711,-0.479638319,-0.499235595
1497534937347260000,89013,-0.928544092,2.280678063,1.026594908,0.575000664,0.453715057,-0.466534759,-0.495844938
1497534937357240000,89014,-0.933118492,2.275983768,1.024243743,0.589821079,0.452783615,-0.459461051,-0.485791762
1497534937367310000,89015,-0.939727868,2.272012882,1.022824349,0.590697091,0.454852436,-0.457596656,-0.484552895
1497534937377280000,89016,-0.946253513,2.267963809,1.021242244,0.591443191,0.456547674,-0.455653413,-0.483879263
1497534937387280000,89017,-0.95296738,2.263881211,1.019819387,0.591727599,0.459541093,-0.453440543,-0.482775421
1497534937397360000,89018,-0.959844445,2.259599828,1.018573963,0.59284499,0.461537109,-0.451095199,-0.481696414
1497534937407300000,89019,-0.966534483,2.25525912,1.017387369,0.59267673,0.464103166,-0.449623114,-0.480813478
1497534937417250000,89020,-0.973006898,2.250902174,1.015669827,0.593580507,0.465558328,-0.447897696,-0.479901322
1497534937427260000,89021,-0.97958392,2.246467551,1.014306902,0.593959472,0.468116286,-0.445855918,-0.478844222
1497534937437290000,89022,-0.98579422,2.242455513,1.011672097,0.598794272,0.471563005,-0.443029763,-0.472015234
1497534937447270000,89023,-0.992320723,2.237328336,1.011206726,0.594892913,0.470502303,-0.443241099,-0.477773307
1497534937457290000,89024,-0.99870673,2.232602777,1.009729766,0.595380075,0.472126347,-0.441621191,-0.477063939
1497534937467310000,89025,-1.005671514,2.227715286,1.00892496,0.595827156,0.472781522,-0.440015262,-0.47734076
1497534937477250000,89026,-1.011750724,2.222753632,1.007005872,0.596319202,0.473668457,-0.438980407,-0.476799544
1497534937487260000,89027,-1.018563054,2.217559473,1.005893492,0.59713994,0.474624625,-0.437143734,-0.47650888
1497534937497280000,89028,-1.025580877,2.212142193,1.0050012,0.597943188,0.47453604,-0.435248227,-0.477324282
1497534937507220000,89029,-1.03222587,2.206598061,1.003634514,0.598998058,0.474811607,-0.43326168,-0.477534899
1497534937517320000,89030,-1.039141057,2.200786332,1.002553344,0.599595098,0.474559084,-0.431231131,-0.478872744
1497534937527180000,89031,-1.046651335,2.196836691,0.99777105,0.591818393,0.474749262,-0.434562432,-0.485303638
1497534937537290000,89032,-1.052794033,2.189198779,0.994441604,0.589607378,0.45299444,-0.44473679,-0.499367966
1497534937547270000,89033,-1.05979229,2.182544011,0.993578383,0.589999303,0.452316736,-0.444759543,-0.49949909
1497534937557280000,89034,-1.067037754,2.176026039,0.993260832,-0.590291728,-0.452064741,0.442739758,0.501173276
1497534937567270000,89035,-1.072024685,2.168733435,0.996336503,0.614920869,0.477895759,-0.411907954,-0.473095979
1497534937577250000,89036,-1.078989441,2.161313834,0.996272193,0.614227899,0.477285358,-0.412701725,-0.473919889
1497534937587250000,89037,-1.085954477,2.153775053,0.996413007,0.613628728,0.477167441,-0.412594977,-0.474906729
1497534937597280000,89038,-1.094148609,2.14539478,0.997867231,0.600046725,0.474615984,-0.428979103,-0.480271303
1497534937607250000,89039,-1.102894924,2.138888648,0.996722653,0.591369857,0.475495911,-0.435149541,-0.484592826
1497534937617300000,89040,-1.109576548,2.129649958,0.995291916,0.586101096,0.457466312,-0.447738695,-0.496729444
1497534937627230000,89041,-1.115779113,2.121008328,0.996729275,0.583461928,0.465369071,-0.448696121,-0.491605123
1497534937637290000,89042,-1.121631856,2.11163913,1.000814516,0.59543512,0.478280668,-0.440896172,-0.471503113
1497534937647230000,89043,-1.128063464,2.102850429,1.002282991,0.592935716,0.478561453,-0.445661903,-0.469884711
1497534937657250000,89044,-1.134080783,2.094012953,1.003899405,0.589677213,0.47827235,-0.450586125,-0.469583313
1497534937667200000,89045,-1.141977632,2.085103808,1.009317101,0.582297363,0.47754336,-0.45653007,-0.473774646
1497534937677200000,89046,-1.147241802,2.076574942,1.010557162,0.578735627,0.476779171,-0.461579219,-0.474016161
1497534937687270000,89047,-1.153117698,2.068159709,1.01314523,0.57452214,0.476820294,-0.466666556,-0.474119229
1497534937697320000,89048,-1.158190571,2.059910982,1.014391974,0.569144667,0.476488928,-0.472447591,-0.475211451
1497534937707280000,89049,-1.163671344,2.052074507,1.016179143,0.564657807,0.476289225,-0.478067964,-0.475143301
1497534937717280000,89050,-1.168441594,2.044339464,1.016945339,0.559628484,0.475932622,-0.483898835,-0.475548122
1497534937727260000,89051,-1.173656938,2.036937236,1.018158016,0.555378052,0.4753269,-0.48935795,-0.475550579
1497534937737310000,89052,-1.178052242,2.029693471,1.018102103,0.551744549,0.473440897,-0.495130983,-0.475685799
1497534937747280000,89053,-1.181491874,2.022738913,1.015969931,0.551688669,0.471611629,-0.500414667,-0.472024624
1497534937757280000,89054,-1.186299522,2.015914694,1.016681795,0.548902781,0.469015409,-0.506383009,-0.471493936
1497534937767250000,89055,-1.1911471,2.009200902,1.017444951,0.546977922,0.466385665,-0.512050204,-0.470217133
1497534937777240000,89056,-1.196004718,2.002434089,1.018372216,0.544250759,0.463584576,-0.51772684,-0.469935496
1497534937787270000,89057,-1.200832283,1.995950212,1.019436147,0.541556159,0.46065918,-0.524037083,-0.468929827
1497534937797250000,89058,-1.205398038,1.989328514,1.020571526,0.538526515,0.458141122,-0.530034478,-0.46814459
1497534937807240000,89059,-1.209831773,1.982758258,1.021516429,0.537284824,0.456756245,-0.535024669,-0.465239029
1497534937817320000,89060,-1.21431176,1.976236739,1.022752287,-0.534277269,-0.456010612,0.540684851,0.462884449
1497534937827290000,89061,-1.218618343,1.969438653,1.02438747,-0.529824434,-0.454839694,0.546055218,0.462850538
1497534937837280000,89062,-1.222736276,1.962803502,1.025856841,-0.525502007,-0.45516237,0.551487575,0.461016607
1497534937847270000,89063,-1.226809787,1.956076668,1.027384445,-0.521888082,-0.454706448,0.556646905,0.459368152
1497534937857330000,89064,-1.230737514,1.949261706,1.028883988,-0.516462711,-0.45561534,0.562070479,0.457993129
1497534937867270000,89065,-1.234819641,1.942500126,1.030306733,-0.512309609,-0.455708712,0.567472732,0.455898161
1497534937877280000,89066,-1.238767151,1.935682526,1.031490971,-0.507161039,-0.457513964,0.572732209,0.453262031
1497534937887260000,89067,-1.243006194,1.929032751,1.032456248,-0.504405711,-0.458595215,0.577791562,0.448800867
1497534937897220000,89068,-1.24716804,1.922156823,1.033894857,-0.498805328,-0.460190226,0.582832548,0.446905383
1497534937907300000,89069,-1.253405925,1.915680057,1.038638585,-0.490604787,-0.463225447,0.588292095,0.445692202
1497534937917260000,89070,-1.257718267,1.908958703,1.039891311,-0.486370567,-0.465075129,0.593711221,0.441198122
1497534937927270000,89071,-1.261512359,1.902136755,1.040084221,-0.482283729,-0.466380078,0.5987601,0.437468137
1497534937937220000,89072,-1.265695712,1.895413499,1.041162281,-0.477701696,-0.469081415,0.603756611,0.432714306
1497534937947290000,89073,-1.269146146,1.888415838,1.040840422,-0.472244387,-0.470981162,0.609438858,0.428656346
1497534937957280000,89074,-1.27337797,1.881616147,1.041628296,-0.46722532,-0.47431782,0.613891094,0.424100024
1497534937967200000,89075,-1.277223138,1.874574955,1.041816202,-0.461701955,-0.476901393,0.618649134,0.420320847
1497534937977250000,89076,-1.2811338,1.867537865,1.042029874,-0.455480834,-0.479923777,0.62337986,0.416662846
1497534937987250000,89077,-1.285078001,1.860489111,1.042278288,-0.449120122,-0.483353084,0.627801232,0.412948575
1497534937997330000,89078,-1.288956356,1.853421633,1.042542794,-0.4430632,-0.487596499,0.631719524,0.408503486
1497534938007250000,89079,-1.292791211,1.846408818,1.042609574,-0.436973015,-0.491024216,0.63572543,0.40472581
1497534938017280000,89080,-1.296775862,1.83935114,1.042660516,-0.431424508,-0.495183098,0.63930431,0.399945737
1497534938027270000,89081,-1.300729574,1.832342865,1.042552095,-0.427148487,-0.498624818,0.642119161,0.39572774
1497534938037290000,89082,-1.30491902,1.825301694,1.042340807,-0.422755935,-0.502259713,0.644801745,0.391463038
1497534938047280000,89083,-1.309201621,1.81828709,1.042041724,-0.419009314,-0.505306601,0.647156211,0.387666445
1497534938057280000,89084,-1.313515851,1.811244411,1.041644957,-0.415981044,-0.509180006,0.648683696,0.383281823
1497534938067270000,89085,-1.317790535,1.804171697,1.041081007,-0.41248841,-0.512303002,0.650657897,0.379530297
1497534938077270000,89086,-1.322177378,1.797072919,1.040551031,-0.409563608,-0.516605283,0.65184912,0.374792419
1497534938087210000,89087,-1.326560741,1.789882522,1.039689649,-0.407123431,-0.519833916,0.653129276,0.370736241
1497534938097280000,89088,-1.330990744,1.782617258,1.038669123,-0.404205179,-0.523073215,0.65416759,0.367528705
1497534938107370000,89089,-1.335489705,1.775204636,1.037491313,-0.401297485,-0.526756146,0.65518943,0.363613945
1497534938117220000,89090,-1.340210419,1.767602722,1.036316663,-0.398109834,-0.5313512,0.65582699,0.359256763
1497534938127270000,89091,-1.344894562,1.759684757,1.034941844,-0.394707849,-0.535809803,0.656768648,0.354638565
1497534938137300000,89092,-1.34967202,1.75156062,1.033505253,-0.391022209,-0.54009951,0.657803562,0.350269361
1497534938147300000,89093,-1.354476034,1.743288022,1.032049707,-0.386365913,-0.544964902,0.658809389,0.345983852
1497534938157290000,89094,-1.359037428,1.734923873,1.030647805,-0.381769614,-0.54939833,0.660090357,0.341605265
1497534938167280000,89095,-1.363855722,1.726129814,1.029645001,-0.375609666,-0.557694165,0.659294059,0.336490626
1497534938177260000,89096,-1.367992385,1.718281413,1.027664652,-0.374139582,-0.555375993,0.66408423,0.332519497
1497534938187290000,89097,-1.372531837,1.710018843,1.026127166,-0.37057459,-0.557561313,0.666488832,0.328012945
1497534938197240000,89098,-1.376984039,1.701908044,1.024763665,-0.367128239,-0.558168054,0.669418487,0.324875622
1497534938207280000,89099,-1.381444135,1.693736739,1.023535067,-0.363597587,-0.559662582,0.671945926,0.321034673
1497534938217290000,89100,-1.385924465,1.685659929,1.022277947,-0.360784848,-0.560574456,0.674592764,0.317041284
1497534938227270000,89101,-1.390587072,1.677676737,1.020993949,-0.358496686,-0.559114563,0.678240823,0.314420767
1497534938237300000,89102,-1.395207474,1.669491422,1.020017413,-0.355739888,-0.558935648,0.681105419,0.311665655
1497534938247280000,89103,-1.400210899,1.661083777,1.019003092,-0.353295529,-0.558261069,0.684052029,0.309191963
1497534938257280000,89104,-1.405354224,1.652606882,1.017969569,-0.351494596,-0.555892259,0.687972201,0.306805469
1497534938267280000,89105,-1.410695099,1.643920091,1.016875691,-0.349821644,-0.554618535,0.691026471,0.304147191
1497534938277260000,89106,-1.416274932,1.635109762,1.015800306,-0.348120672,-0.552822489,0.694238528,0.30204662
1497534938287310000,89107,-1.421962514,1.626082798,1.014727032,-0.346647536,-0.551380941,0.697274883,0.299369806
1497534938297270000,89108,-1.427900704,1.616807623,1.013779838,-0.344141614,-0.550361103,0.700216587,0.297264088
1497534938307290000,89109,-1.433597734,1.607460522,1.012773782,-0.342090584,-0.54909132,0.703176605,0.294983756
1497534938317270000,89110,-1.439690723,1.598065847,1.01195614,-0.340756493,-0.548666492,0.70528098,0.292282109
1497534938327260000,89111,-1.44552027,1.588705195,1.011710406,-0.338056259,-0.548182372,0.707670072,0.290546248
1497534938337290000,89112,-1.451929959,1.578903809,1.012615647,-0.333831272,-0.556270971,0.704826396,0.286947801
1497534938347310000,89113,-1.457753625,1.569708016,1.012989232,-0.334841515,-0.558171331,0.70459785,0.282608908
1497534938357300000,89114,-1.463404898,1.560748143,1.014298292,-0.334527166,-0.560752009,0.703173746,0.28141685
1497534938367310000,89115,-1.468959848,1.551936902,1.015792063,-0.334479603,-0.564338676,0.700939423,0.279873506
1497534938377230000,89116,-1.474267561,1.543427248,1.017589641,-0.332694215,-0.56666103,0.699916776,0.279868439
1497534938387260000,89117,-1.479393256,1.535127158,1.019600585,-0.330075303,-0.568434495,0.699559425,0.280266177
1497534938397270000,89118,-1.484526806,1.527180503,1.021595005,-0.327431466,-0.568499522,0.699887061,0.282409331
1497534938407200000,89119,-1.489940711,1.519438217,1.023801461,-0.326217068,-0.567145817,0.700378252,0.285303962
1497534938417290000,89120,-1.495798915,1.511623181,1.025403274,-0.327991624,-0.56675277,0.699994796,0.284991363
1497534938427310000,89121,-1.5016093,1.5039641,1.027425297,-0.328579379,-0.566772466,0.699045006,0.286601888
1497534938437360000,89122,-1.507293323,1.496429094,1.029330989,-0.329230712,-0.566550227,0.697861888,0.289165634
1497534938447280000,89123,-1.513007259,1.489335105,1.030658983,-0.332600021,-0.565256611,0.696896644,0.290167636
1497534938457300000,89124,-1.518378679,1.482020114,1.031889098,-0.332999064,-0.566613041,0.69542022,0.290606267
1497534938467240000,89125,-1.523657254,1.474741007,1.033134559,-0.33275861,-0.569264261,0.693006257,0.29146567
1497534938477260000,89126,-1.528634859,1.467508401,1.033653738,-0.333844749,-0.571660979,0.691025722,0.290232424
1497534938487280000,89127,-1.532864003,1.460382634,1.034817063,-0.330960556,-0.569334577,0.691161555,0.297689359
1497534938497290000,89128,-1.538209182,1.452841712,1.034825559,-0.337506592,-0.568645657,0.68905441,0.2965391
1497534938507260000,89129,-1.543405966,1.444960575,1.035623216,-0.339376359,-0.579407216,0.681567405,0.290820972
1497534938517380000,89130,-1.548297327,1.437056249,1.036947278,-0.341674612,-0.589985581,0.673776339,0.284957749
1497534938527290000,89131,-1.551795541,1.430528544,1.037434269,-0.34030994,-0.594623642,0.671850732,0.28147551
1497534938537370000,89132,-1.55488896,1.424416503,1.0377662,-0.338597013,-0.596955703,0.671609444,0.279171463
1497534938547310000,89133,-1.55784311,1.418502432,1.038089637,-0.336384703,-0.598825508,0.671908295,0.277114752
1497534938557360000,89134,-1.560828887,1.412591148,1.038171155,-0.33622286,-0.600738157,0.671427884,0.274321803
1497534938567170000,89135,-1.563715521,1.406930058,1.038330774,-0.335399932,-0.602313894,0.671039125,0.272821098
1497534938577370000,89136,-1.566965454,1.401387131,1.038382242,-0.335683263,-0.606114883,0.668550531,0.270151225
1497534938587260000,89137,-1.57021413,1.395904423,1.03847417,-0.337824034,-0.608600447,0.666040426,0.26808687
1497534938597190000,89138,-1.573200016,1.390872718,1.038397141,-0.339882293,-0.608441537,0.665244471,0.267822174
1497534938607290000,89139,-1.576431804,1.385792503,1.038270382,-0.342932758,-0.61028493,0.66273793,0.265947106
1497534938617380000,89140,-1.579360086,1.381010702,1.038133852,-0.345790868,-0.610326496,0.66132706,0.265662875
1497534938627270000,89141,-1.582379604,1.37612115,1.037892061,-0.348907717,-0.610662102,0.659500441,0.265357061
1497534938637310000,89142,-1.585428025,1.371102727,1.037803227,-0.351653571,-0.612987232,0.656329006,0.264232199
1497534938647300000,89143,-1.588327883,1.366053554,1.037532796,-0.354049265,-0.61521275,0.653328826,0.2632942
1497534938657290000,89144,-1.591079681,1.360933496,1.037222892,-0.356198438,-0.616714684,0.65090662,0.262880661
1497534938667290000,89145,-1.594919226,1.355637183,1.035217827,-0.357080695,-0.626305642,0.645596062,0.251873669
1497534938677300000,89146,-1.596885619,1.352651648,1.031770902,-0.348722693,-0.625272788,0.651543834,0.250832724
1497534938687280000,89147,-1.599398125,1.346612442,1.032189617,-0.350311928,-0.622294724,0.652340119,0.253935424
1497534938697300000,89148,-1.601873486,1.340741766,1.031753361,-0.351438293,-0.624014448,0.650139784,0.253801803
1497534938707300000,89149,-1.604174155,1.334698327,1.031106277,-0.352125937,-0.626918876,0.647187487,0.253235865
1497534938717300000,89150,-1.606617649,1.326649226,1.0333366,0.363860071,0.635827418,-0.631606206,-0.253777351
1497534938727280000,89151,-1.610125811,1.320821676,1.03084094,-0.338660491,-0.609529153,0.663785295,0.270503912
1497534938737300000,89152,-1.611914367,1.315013234,1.029437391,-0.340689744,-0.615307713,0.658441128,0.267922
1497534938747210000,89153,-1.616992928,1.305355353,1.029331778,-0.389536102,-0.605316001,0.630388724,0.290627289
1497534938757370000,89154,-1.616539962,1.299549382,1.027540615,-0.379480347,-0.615534062,0.629480291,0.28437132
1497534938767300000,89155,-1.621773272,1.292279796,1.026864402,-0.390944413,-0.610054157,0.623850625,0.292927959
1497534938777290000,89156,-1.623958509,1.285418313,1.025734081,-0.391001886,-0.610414004,0.621248848,0.297593915
1497534938787320000,89157,-1.624924729,1.27968103,1.023807717,-0.381339302,-0.620778162,0.621578619,0.287845151
1497534938797280000,89158,-1.628320544,1.27220075,1.023259704,0.390281744,0.618444515,-0.615039942,-0.294843029
1497534938807310000,89159,-1.624857591,1.270351027,1.021348322,-0.321519034,-0.643218447,0.65277281,0.238292256
1497534938817320000,89160,-1.626671735,1.263671822,1.020418398,-0.325117081,-0.646579822,0.647835819,0.237785975
1497534938827290000,89161,-1.628725541,1.256962458,1.019519977,-0.323235087,-0.647883114,0.647970247,0.236434151
1497534938837310000,89162,-1.630573618,1.250481479,1.018401967,0.320783445,0.648848713,-0.648724092,-0.235053997
1497534938847300000,89163,-1.632233933,1.243958991,1.017673324,0.322768136,0.650451516,-0.645963445,-0.235509626
1497534938857220000,89164,-1.633938792,1.237306488,1.016963664,0.322252503,0.649963012,-0.646901773,-0.234988305
1497534938867330000,89165,-1.635500624,1.23084944,1.01615761,0.323150909,0.651301007,-0.644985588,-0.235316977
1497534938877300000,89166,-1.637148615,1.224233446,1.015377541,0.321881477,0.651250892,-0.645846142,-0.234834732
1497534938887300000,89167,-1.638615501,1.217599427,1.014626207,0.324599256,0.652427504,-0.643088178,-0.235395988
1497534938897350000,89168,-1.6403624,1.210921374,1.013739996,0.321479047,0.651892893,-0.645640341,-0.234169656
1497534938907310000,89169,-1.641777668,1.204115592,1.013152113,0.325837433,0.652718734,-0.642290763,-0.23505488
1497534938917310000,89170,-1.643183703,1.197255212,1.012389789,0.327288352,0.653470983,-0.640592273,-0.235583421
1497534938927290000,89171,-1.648810898,1.186827583,1.011427849,0.383889548,0.641069764,-0.603578876,-0.278120319
1497534938937340000,89172,-1.650205416,1.179838824,1.010447957,0.383865289,0.640761021,-0.603711705,-0.278576616
1497534938947320000,89173,-1.651732529,1.172508794,1.009525336,0.386103279,0.63944691,-0.602709242,-0.280666131
1497534938957340000,89174,-1.652886181,1.165115576,1.008664964,0.388416363,0.638550478,-0.601573705,-0.281948742
1497534938967310000,89175,-1.653322647,1.158255183,1.007540994,0.384758575,0.641447682,-0.60282744,-0.277677488
1497534938977260000,89176,-1.651549864,1.153170357,1.006452287,0.351448237,0.65273516,-0.622563143,-0.250671262
1497534938987330000,89177,-1.652695462,1.145496877,1.004984793,0.349779275,0.652994982,-0.623219192,-0.250698726
1497534938997340000,89178,-1.655906684,1.135191815,1.003779198,0.383136815,0.643811939,-0.601943559,-0.276362659
1497534939007240000,89179,-1.65460842,1.129342766,1.00212687,0.349322691,0.653829875,-0.622072716,-0.25200335
1497534939017320000,89180,-1.655588405,1.121024905,1.000577808,0.348913845,0.655074364,-0.620537865,-0.253119466
1497534939027290000,89181,-1.656150276,1.112231049,0.99940777,0.353844533,0.656387679,-0.616293783,-0.253241453
1497534939037380000,89182,-1.6572349,1.10362018,0.997557737,0.351168914,0.657313635,-0.616034948,-0.255186445
1497534939047310000,89183,-1.657924709,1.094820674,0.995936985,0.351322372,0.659791041,-0.612982804,-0.255930566
1497534939057280000,89184,-1.658668864,1.08562501,0.9944522,0.351220601,0.660116242,-0.611716125,-0.258251851
1497534939067320000,89185,-1.659023646,1.076302541,0.993142556,0.353382858,0.661902304,-0.60787285,-0.259800875
1497534939077290000,89186,-1.6596225,1.066867785,0.991707925,0.351866994,0.662311793,-0.607074751,-0.2626651
1497534939087290000,89187,-1.660145053,1.057205118,0.990473631,0.351566819,0.662796567,-0.605563102,-0.265320206
1497534939097280000,89188,-1.660298623,1.047150938,0.989707685,0.354570412,0.662263902,-0.603653025,-0.267000696
1497534939107280000,89189,-1.660528563,1.037490711,0.988685314,0.353795765,0.663475823,-0.601687798,-0.269444209
1497534939117230000,89190,-1.660883716,1.027381146,0.98803354,0.354724243,0.662685358,-0.601103249,-0.271465858
1497534939127210000,89191,-1.661074074,1.017279542,0.987584531,0.355761361,0.662389724,-0.600193102,-0.272840516
1497534939137390000,89192,-1.661286172,1.006943198,0.987377653,0.355626061,0.660792599,-0.601412585,-0.274200928
1497534939147320000,89193,-1.66121051,0.996520691,0.98735928,0.356287302,0.65991781,-0.601964456,-0.274238284
1497534939157370000,89194,-1.661019323,0.985829175,0.98761701,0.356950999,0.658820358,-0.603288576,-0.27310184
1497534939167230000,89195,-1.660618236,0.974949986,0.988160591,0.357640469,0.658120893,-0.604681894,-0.270795111
1497534939177330000,89196,-1.660004271,0.96404804,0.988817641,0.356572435,0.65771229,-0.607132468,-0.267695364
1497534939187320000,89197,-1.659153374,0.952961788,0.98972284,0.35502414,0.656024794,-0.611247361,-0.264510858
1497534939197310000,89198,-1.657958465,0.942085839,0.990845986,0.353088608,0.654661557,-0.615333978,-0.260980414
1497534939207310000,89199,-1.656477949,0.931335401,0.992268291,0.35145491,0.653654176,-0.619218692,-0.256483676
1497534939217320000,89200,-1.654988546,0.920999784,0.993697862,0.347229681,0.652047099,-0.624615487,-0.253222478
1497534939227290000,89201,-1.653369791,0.911071789,0.9952802,0.342687308,0.650332768,-0.629973533,-0.250531531
1497534939237320000,89202,-1.651712784,0.90138601,0.997000174,0.339107745,0.647632096,-0.635397394,-0.248694106
1497534939247290000,89203,-1.650057584,0.89188802,0.998738206,0.33563015,0.644404545,-0.641076442,-0.247216868
1497534939257300000,89204,-1.648561553,0.88270955,1.000354079,-0.331249438,-0.640752416,0.647207363,0.246643022
1497534939267320000,89205,-1.647089091,0.873705933,1.002058018,-0.329463159,-0.637558111,0.651559253,0.245854067
1497534939277290000,89206,-1.64587215,0.865162303,1.003406095,-0.325393119,-0.634554723,0.656493672,0.245918037
1497534939287300000,89207,-1.644951248,0.856663797,1.004833305,-0.324074812,-0.630467482,0.661282114,0.245341061
1497534939297310000,89208,-1.644216106,0.848235788,1.006315055,-0.323875238,-0.625550244,0.666376483,0.244405615
1497534939307320000,89209,-1.643657362,0.840286063,1.007727394,-0.323682951,-0.621282634,0.670868651,0.24325396
1497534939317300000,89210,-1.643130484,0.832568886,1.009150402,-0.324278778,-0.617207752,0.674876119,0.24174385
1497534939327290000,89211,-1.642826902,0.824836105,1.010739555,-0.324500662,-0.611129887,0.680753871,0.240403303
1497534939337310000,89212,-1.642542467,0.81739225,1.012288837,-0.324746516,-0.606246487,0.685518873,0.23889071
1497534939347320000,89213,-1.642217474,0.810130793,1.013978446,-0.325690576,-0.602553343,0.689015242,0.236882065
1497534939357310000,89214,-1.641980061,0.802995604,1.015694103,-0.326207518,-0.598972529,0.692468145,0.23517745
1497534939367310000,89215,-1.641763096,0.795954959,1.017578351,-0.326452781,-0.595599987,0.695770165,0.233651696
1497534939377290000,89216,-1.641472798,0.788998389,1.019599348,-0.32676046,-0.59223745,0.698816174,0.232676514
1497534939387320000,89217,-1.641110437,0.782207524,1.021566547,-0.32458541,-0.589620514,0.702248526,0.232032256
1497534939397320000,89218,-1.640598838,0.775320766,1.023649149,-0.322774183,-0.587224946,0.705346471,0.23123591
1497534939407290000,89219,-1.639906316,0.768407805,1.025670825,-0.320351919,-0.585698355,0.708083925,0.23010702
1497534939417330000,89220,-1.639148561,0.7611794,1.027650409,-0.31910518,-0.583614793,0.710790582,0.228784627
1497534939427300000,89221,-1.640742414,0.751992533,1.029885163,-0.345193862,-0.575557844,0.698367385,0.248711401
1497534939437280000,89222,-1.63987932,0.744886482,1.031532148,-0.340354031,-0.57577523,0.70187872,0.244965875
1497534939447290000,89223,-1.639630026,0.737232125,1.033041857,-0.338374756,-0.573705843,0.704664845,0.244564075
1497534939457290000,89224,-1.640115706,0.728908196,1.034334882,-0.340664165,-0.565608856,0.707980861,0.250594592
1497534939467300000,89225,-1.639664766,0.72139844,1.03543745,-0.337818533,-0.564958403,0.710734393,0.248107365
1497534939477300000,89226,-1.638492154,0.714482468,1.036069518,-0.33061519,-0.568114852,0.713992161,0.241152038
1497534939487300000,89227,-1.633003367,0.712588293,1.031986424,-0.303501237,-0.590526949,0.717083721,0.212027967
1497534939497320000,89228,-1.632694099,0.704803976,1.032417491,-0.300288773,-0.591106451,0.718571584,0.209939742
1497534939507260000,89229,-1.632336368,0.697013823,1.032445802,-0.296868346,-0.592330835,0.719511114,0.208127663
1497534939517140000,89230,-1.63207305,0.689023375,1.03258457,-0.293110548,-0.593710222,0.720481063,0.206158718
1497534939527290000,89231,-1.633144416,0.679133893,1.036054482,-0.288565413,-0.595332737,0.721498236,0.204326285
1497534939537320000,89232,-1.633069422,0.670986837,1.035858813,-0.285390509,-0.597308917,0.721647705,0.202481861
1497534939547330000,89233,-1.632978455,0.662820752,1.03531816,-0.283210698,-0.598797263,0.721769461,0.200704717
1497534939557320000,89234,-1.632895122,0.654626271,1.034430006,-0.279733545,-0.601401312,0.721547269,0.19858284
1497534939567280000,89235,-1.633057089,0.646170057,1.033797186,-0.278567594,-0.603221599,0.720980784,0.196749859
1497534939577240000,89236,-1.632967679,0.637861897,1.032534495,-0.275818745,-0.605678229,0.720582246,0.194522827
1497534939587300000,89237,-1.633215695,0.629222558,1.031598858,-0.274679679,-0.607851797,0.719731225,0.192494751
1497534939597320000,89238,-1.633383684,0.62050445,1.030438698,-0.273558386,-0.610143404,0.718718833,0.190614991
1497534939607300000,89239,-1.631785113,0.613967683,1.02422413,-0.274045111,-0.612195522,0.717184055,0.189110952
1497534939617320000,89240,-1.632000932,0.604932228,1.022798734,-0.272725089,-0.614450689,0.716283323,0.187108465
1497534939627300000,89241,-1.63225807,0.59580218,1.021097168,-0.27111119,-0.617328706,0.714986222,0.184928889
1497534939637340000,89242,-1.632504555,0.586518665,1.019328427,-0.269285279,-0.61954816,0.714284184,0.182875971
1497534939647310000,89243,-1.632682732,0.577108906,1.017398392,-0.267092532,-0.622253853,0.713344598,0.180558039
1497534939657320000,89244,-1.632866249,0.567506859,1.015565323,-0.264910793,-0.624537767,0.712700042,0.178419452
1497534939667310000,89245,-1.632872235,0.557893796,1.013597355,-0.262868806,-0.626359355,0.712439531,0.176079139
1497534939677300000,89246,-1.632805914,0.548217743,1.011783036,-0.260712743,-0.627499391,0.712897556,0.173350669
1497534939687300000,89247,-1.632723569,0.538600003,1.010112549,-0.258865591,-0.627903993,0.713981326,0.170164178
1497534939697310000,89248,-1.632628945,0.529176818,1.00842572,-0.257304261,-0.627579171,0.715623977,0.166796957
1497534939707330000,89249,-1.632490851,0.519913461,1.006863702,-0.256021202,-0.626159946,0.718026057,0.16375423
1497534939717310000,89250,-1.632299907,0.510718186,1.005381191,-0.254574246,-0.623964919,0.72102784,0.161178742
1497534939727290000,89251,-1.632146889,0.50145817,1.003828977,-0.253420933,-0.62157292,0.723907409,0.159320428
1497534939737330000,89252,-1.632148354,0.491941785,1.0024664,-0.252298551,-0.619114404,0.726826035,0.157374429
1497534939747320000,89253,-1.63224013,0.482227562,1.000642589,-0.25159049,-0.61638168,0.729722737,0.155822261
1497534939757260000,89254,-1.632500476,0.472151768,0.998978292,-0.251437831,-0.613425496,0.732560002,0.154415098
1497534939767300000,89255,-1.63295682,0.46164686,0.997473747,-0.25124129,-0.610814925,0.735174053,0.152650102
1497534939777250000,89256,-1.633561774,0.450781458,0.995910773,-0.250904119,-0.608201066,0.737867276,0.150633561
1497534939787320000,89257,-1.63415235,0.43965825,0.994242457,-0.250190216,-0.60525222,0.740972248,0.148441011
1497534939797320000,89258,-1.634866807,0.428259499,0.993024386,-0.248853653,-0.602872429,0.743849108,0.145963006
1497534939807290000,89259,-1.63563164,0.416702457,0.992102507,-0.247241208,-0.599795267,0.747240327,0.144046227
1497534939817320000,89260,-1.636411125,0.405202423,0.99162049,-0.245314756,-0.596974467,0.750504397,0.142075004
1497534939827280000,89261,-1.637354264,0.393706856,0.992267312,-0.243600638,-0.594618278,0.753161131,0.140840841
1497534939837300000,89262,-1.63839172,0.382574678,0.993513693,-0.242772486,-0.59302617,0.754730696,0.140581142
1497534939847260000,89263,-1.639605015,0.371669619,0.995328168,-0.243419417,-0.593863929,0.753862349,0.140585135
1497534939857230000,89264,-1.641132331,0.360751907,0.99764206,-0.24434242,-0.595399328,0.75239014,0.14037628
1497534939867330000,89265,-1.642783191,0.349954945,1.000053681,-0.244478553,-0.597211763,0.750865784,0.140601997
1497534939877310000,89266,-1.644321014,0.339302175,1.001714864,-0.243392681,-0.59807387,0.750433782,0.141126847
1497534939887330000,89267,-1.646331163,0.328431058,1.004170837,-0.242750358,-0.598094782,0.750324816,0.142714982
1497534939897320000,89268,-1.648442718,0.317666527,1.005920561,-0.243601749,-0.598541849,0.749389437,0.144295925
1497534939907380000,89269,-1.650744786,0.30691959,1.007822944,-0.245668466,-0.598898645,0.748158496,0.145692424
1497534939917330000,89270,-1.653080605,0.296289945,1.009525948,-0.247389736,-0.599508966,0.746806044,0.147200717
1497534939927310000,89271,-1.655422391,0.285862677,1.011307846,-0.249831227,-0.600625874,0.744779367,0.148783777
1497534939937330000,89272,-1.65746795,0.27571329,1.012892293,-0.251078536,-0.601195612,0.743535159,0.150595059
1497534939947310000,89273,-1.659400605,0.265739737,1.014519207,-0.252015818,-0.603117892,0.741312194,0.152292702
1497534939957240000,89274,-1.660975215,0.255931929,1.015799358,-0.251978734,-0.606490178,0.738404311,0.153086429
1497534939967310000,89275,-1.662475075,0.246237458,1.017334962,-0.250580607,-0.610851675,0.735143831,0.153730732
1497534939977300000,89276,-1.663749235,0.23668179,1.018443078,-0.249563274,-0.616540048,0.730883386,0.152990254
1497534939987300000,89277,-1.665051638,0.227351773,1.019689423,-0.24844519,-0.622537003,0.726393082,0.151907066
1497534939997320000,89278,-1.666226457,0.218211108,1.020675752,-0.246664569,-0.629022152,0.721867702,0.149648734
1497534940007330000,89279,-1.667455571,0.209407744,1.021639232,-0.245986938,-0.636695794,0.716139021,0.145786813
1497534940017330000,89280,-1.668375925,0.201248848,1.022383601,-0.244826206,-0.640075974,0.713985316,0.143484651
1497534940027300000,89281,-1.66921445,0.193481371,1.023181645,-0.243855374,-0.64219979,0.71275071,0.141775918
1497534940037320000,89282,-1.670098165,0.186001515,1.023827858,-0.243419765,-0.643590748,0.711896614,0.14050259
1497534940047310000,89283,-1.671216305,0.17849446,1.024077336,-0.244070211,-0.646897934,0.709189924,0.137849362
1497534940057320000,89284,-1.672127398,0.171497858,1.024361048,-0.244564712,-0.646724853,0.708949656,0.139016006
1497534940067340000,89285,-1.673521905,0.164397534,1.024372224,-0.246771283,-0.64948774,0.705990489,0.13728452
1497534940077300000,89286,-1.674910774,0.157687565,1.024544245,-0.249554968,-0.650071691,0.704334572,0.137992478
1497534940087300000,89287,-1.676484326,0.150912627,1.024425983,-0.252375194,-0.6525743,0.70115991,0.13721634
1497534940097330000,89288,-1.678070072,0.14448589,1.024343022,-0.256284424,-0.653189936,0.698967971,0.138220759
1497534940107340000,89289,-1.679803998,0.137393524,1.023814752,-0.257912357,-0.660352209,0.692071715,0.135841516
1497534940117330000,89290,-1.681373117,0.131055634,1.023716359,-0.26146524,-0.662074695,0.688947249,0.13654565
1497534940127290000,89291,-1.682817222,0.12490718,1.023451008,-0.265251049,-0.662533453,0.686788626,0.137886508
1497534940137330000,89292,-1.684112717,0.11871472,1.023089776,-0.268207314,-0.663896075,0.684008767,0.139423261
1497534940147300000,89293,-1.685318016,0.112545963,1.022714491,-0.270974894,-0.664550153,0.681968436,0.140942378
1497534940157330000,89294,-1.686420311,0.106232526,1.022233156,-0.273344272,-0.66611193,0.679230885,0.142208337
1497534940167310000,89295,-1.687315356,0.099896036,1.021679007,-0.275528836,-0.667177814,0.676957193,0.143828313
1497534940177300000,89296,-1.688115073,0.093537508,1.021341963,-0.277350742,-0.667417648,0.675455712,0.146252624
1497534940187340000,89297,-1.688803416,0.086875366,1.020668646,-0.278938555,-0.669281015,0.672663907,0.147578706
1497534940197290000,89298,-1.689388747,0.080134145,1.019929665,0.280078113,0.671007033,-0.670128693,-0.14910851
1497534940207310000,89299,-1.689894924,0.073218335,1.019168905,0.281103065,0.673170883,-0.667275737,-0.150216908
1497534940217330000,89300,-1.690393089,0.066323856,1.018436424,0.282325344,0.675165664,-0.664504386,-0.151253585
1497534940227300000,89301,-1.690768777,0.059350397,1.017459074,0.283457763,0.677070674,-0.661790127,-0.152515008
1497534940237330000,89302,-1.691086083,0.052370757,1.01656649,0.284572771,0.678602563,-0.659423608,-0.153874637
1497534940247310000,89303,-1.691436716,0.045338124,1.015868744,0.285645392,0.679915609,-0.657288754,-0.155219099
1497534940257330000,89304,-1.691774228,0.038243757,1.01507782,0.286724296,0.681194543,-0.655187677,-0.156500102
1497534940267340000,89305,-1.692119295,0.031011507,1.013943599,0.288216478,0.68272538,-0.652708626,-0.157444489
1497534940277310000,89306,-1.69241728,0.023752425,1.012947716,0.289690055,0.684004993,-0.650334614,-0.159002299
1497534940287310000,89307,-1.692780096,0.016333851,1.011819743,0.290948269,0.685407877,-0.647975303,-0.160290842
1497534940297320000,89308,-1.693041345,0.008828883,1.010515418,0.292724098,0.686952099,-0.645330484,-0.16111481
1497534940307340000,89309,-1.69309136,0.001204812,1.009693809,0.29319642,0.687825687,-0.643963411,-0.161996327
1497534940317340000,89310,-1.693512573,-0.00599512,1.007931087,0.29688476,0.68675919,-0.642518282,-0.165503811
1497534940327310000,89311,-1.693625418,-0.013725534,1.006732792,0.297595674,0.688877422,-0.639697652,-0.166347907
1497534940337310000,89312,-1.693650491,-0.021519693,1.005380255,0.298452414,0.690690346,-0.637132193,-0.167139376
1497534940347340000,89313,-1.693663326,-0.029355691,1.004100992,0.299211506,0.691752184,-0.635209455,-0.168701921
1497534940357330000,89314,-1.693670892,-0.037244929,1.002926468,0.300197134,0.692992731,-0.632967103,-0.170280364
1497534940367350000,89315,-1.69357875,-0.045188144,1.001499053,0.301044964,0.694189917,-0.630940407,-0.171424887
1497534940377360000,89316,-1.693482504,-0.053163062,1.000043805,0.302011458,0.695153854,-0.629014068,-0.172891586
1497534940387340000,89317,-1.693288609,-0.061138355,0.998608964,0.303111539,0.696188021,-0.627032111,-0.174001054
1497534940397290000,89318,-1.693097939,-0.069091432,0.997423798,0.303934092,0.697009408,-0.625380934,-0.175215982
1497534940407310000,89319,-1.692816962,-0.077068628,0.996100058,0.304977734,0.697746604,-0.623696043,-0.176469554
1497534940417340000,89320,-1.692432067,-0.084957512,0.99476413,0.306014426,0.698386722,-0.622139685,-0.177632684
1497534940427300000,89321,-1.691969168,-0.092871343,0.99339741,0.306935346,0.698188089,-0.621330929,-0.179643988
1497534940437300000,89322,-1.69146223,-0.100785768,0.99207164,0.307951345,0.697968848,-0.620376153,-0.182040889
1497534940447210000,89323,-1.690960568,-0.108840448,0.99050073,0.30962543,0.697644421,-0.619260145,-0.184231452
1497534940457330000,89324,-1.690494566,-0.1170628,0.988994018,0.311577277,0.697093043,-0.61803467,-0.187120379
1497534940467340000,89325,-1.690030397,-0.125473144,0.987568966,0.313797618,0.696858805,-0.616344897,-0.189836323
1497534940477290000,89326,-1.689544548,-0.134105365,0.986113568,0.316098278,0.696301904,-0.614878712,-0.192794468
1497534940487320000,89327,-1.689029749,-0.142920735,0.984803673,0.318694808,0.695752773,-0.613193372,-0.195845824
1497534940497300000,89328,-1.688386642,-0.151264151,0.983687436,0.323124968,0.692792013,-0.612919539,-0.199897774
1497534940507310000,89329,-1.687675535,-0.160384796,0.982649687,0.325756293,0.691686092,-0.611855711,-0.202696267
1497534940517340000,89330,-1.686957847,-0.169724609,0.981909977,0.327912636,0.690520457,-0.611091258,-0.205480595
1497534940527300000,89331,-1.686167112,-0.179169876,0.981452866,0.330272992,0.689170172,-0.610401949,-0.2082635
1497534940537320000,89332,-1.685236887,-0.188854195,0.980958519,0.332029848,0.688091112,-0.610065938,-0.210015127
1497534940547330000,89333,-1.684191288,-0.198683251,0.980722422,0.333382315,0.687038442,-0.610019688,-0.211448318
1497534940557320000,89334,-1.683087082,-0.208656835,0.980814823,0.334581286,0.686076152,-0.610256285,-0.211995622
1497534940567290000,89335,-1.681849337,-0.218761834,0.981184097,0.335376612,0.68506417,-0.610988386,-0.211902814
1497534940577260000,89336,-1.680547346,-0.228968846,0.981736488,0.336420388,0.684712312,-0.611161499,-0.210883842
1497534940587280000,89337,-1.679034996,-0.23916382,0.982625722,0.336405892,0.683827653,-0.612508151,-0.209868009
1497534940597290000,89338,-1.677291807,-0.249419222,0.983465947,0.336041258,0.683087887,-0.614310069,-0.207582155
1497534940607340000,89339,-1.675330447,-0.259509928,0.984826228,0.334855575,0.681523302,-0.617054535,-0.206498022
1497534940617330000,89340,-1.673184831,-0.269367716,0.986517271,0.333780779,0.680213174,-0.619914201,-0.20397748
1497534940627340000,89341,-1.670857213,-0.279091311,0.988455016,0.331681198,0.678133869,-0.623781277,-0.202531371
1497534940637340000,89342,-1.668480582,-0.288595425,0.990441505,0.329232771,0.675509699,-0.628146428,-0.201803106
1497534940647320000,89343,-1.66594492,-0.297958449,0.992384556,0.326743689,0.673268404,-0.632487845,-0.199768224
1497534940657320000,89344,-1.663394937,-0.307172858,0.994434076,0.322994313,0.670546308,-0.637458172,-0.199221991
1497534940667340000,89345,-1.660994139,-0.316149159,0.996501028,0.319606333,0.668062824,-0.642021974,-0.198372478
1497534940677310000,89346,-1.658554241,-0.325070206,0.99825082,0.314703791,0.665063107,-0.647488457,-0.198522759
1497534940687310000,89347,-1.656544634,-0.333681748,1.000068511,0.311398915,0.661985678,-0.652326713,-0.19818057
1497534940697290000,89348,-1.654823588,-0.342100865,1.001524851,0.308978293,0.658896271,-0.656931777,-0.197050145
1497534940707340000,89349,-1.653242671,-0.350276657,1.003249819,-0.307435571,-0.655350514,0.661135713,0.197227388
1497534940717330000,89350,-1.651871752,-0.358287875,1.004661331,-0.30697865,-0.65131025,0.665385376,0.19703139
1497534940727320000,89351,-1.650730797,-0.365925755,1.006128212,-0.307385011,-0.647053726,0.669359069,0.196962858
1497534940737340000,89352,-1.648595335,-0.374461712,1.008753841,-0.298901959,-0.647324741,0.670154532,0.206206694
1497534940747340000,89353,-1.647726793,-0.381615747,1.01004123,-0.300462412,-0.642272283,0.67426938,0.206323669
1497534940757330000,89354,-1.646916201,-0.3884943,1.01147474,-0.302398202,-0.636396315,0.678811641,0.206808641
1497534940767320000,89355,-1.646226339,-0.395263698,1.012990454,-0.304657963,-0.630798922,0.683039209,0.206721272
1497534940777320000,89356,-1.645656042,-0.401984501,1.014640753,-0.306460137,-0.626192157,0.686488329,0.206638188
1497534940787330000,89357,-1.645034464,-0.408722669,1.016112226,-0.308418655,-0.620938793,0.690450926,0.206374579
1497534940797340000,89358,-1.64432081,-0.415649908,1.018114761,-0.308303611,-0.61528155,0.694726735,0.209122599
1497534940807220000,89359,-1.643506391,-0.422829659,1.019710267,-0.309289275,-0.609490294,0.698759395,0.2111801
1497534940817340000,89360,-1.641974805,-0.429700152,1.021896561,-0.3063578,-0.603244859,0.705784089,0.21002228
1497534940827270000,89361,-1.640484767,-0.435478102,1.023520018,-0.295348592,-0.609797333,0.707304471,0.201585731
1497534940837330000,89362,-1.639430703,-0.442969753,1.02476605,-0.294505405,-0.606494453,0.710714523,0.200788228
1497534940847320000,89363,-1.638570602,-0.450066182,1.026412778,-0.290134264,-0.60564286,0.713842592,0.198614171
1497534940857350000,89364,-1.637747619,-0.457324993,1.027547584,-0.287625128,-0.603579409,0.717209601,0.196402829
1497534940867350000,89365,-1.637017203,-0.464711308,1.028713418,-0.2846636,-0.602439563,0.719821363,0.1946546
1497534940877340000,89366,-1.636339855,-0.471973384,1.02956825,-0.283568021,-0.60009611,0.722979141,0.191768085
1497534940887310000,89367,-1.63568602,-0.479231201,1.030361209,-0.279231104,-0.599698486,0.725486198,0.189898636
1497534940897350000,89368,-1.635095355,-0.486741448,1.0310546,-0.277311135,-0.598222424,0.72781159,0.1884642
1497534940907340000,89369,-1.6346005,-0.494452628,1.031335902,-0.275729797,-0.597021737,0.729505304,0.188042911
1497534940917350000,89370,-1.634107192,-0.501816623,1.031945731,-0.270622814,-0.599253387,0.730163046,0.18579719
1497534940927300000,89371,-1.633806551,-0.509908956,1.032091289,-0.270002923,-0.598922308,0.730745432,0.185476695
1497534940937400000,89372,-1.633401928,-0.517710833,1.032264366,-0.268064599,-0.600175326,0.731025855,0.183117854
1497534940947360000,89373,-1.633329677,-0.525513721,1.032340948,-0.265062964,-0.600949873,0.731453307,0.183240101
1497534940957350000,89374,-1.633056695,-0.533136036,1.031897781,-0.263180602,-0.602156174,0.731861321,0.180341119
1497534940967330000,89375,-1.632707861,-0.541294579,1.031931085,-0.260020572,-0.604528008,0.731237198,0.179519777
1497534940977280000,89376,-1.63288015,-0.549075439,1.031477248,-0.257830242,-0.606006266,0.731114727,0.178188742
1497534940987300000,89377,-1.632816952,-0.557288243,1.03095556,-0.255634156,-0.608344115,0.730156374,0.177314084
1497534940997350000,89378,-1.632895998,-0.565421994,1.030060395,-0.253619026,-0.610673132,0.729328597,0.175600435
1497534941007320000,89379,-1.632979819,-0.573918626,1.029006425,-0.251166235,-0.614435069,0.727306698,0.174384734
1497534941017340000,89380,-1.633131982,-0.582531025,1.027627647,-0.251471273,-0.616056765,0.726166254,0.172970613
1497534941027320000,89381,-1.63331765,-0.591390548,1.026166162,-0.251807782,-0.61838726,0.724493094,0.171171826
1497534941037350000,89382,-1.633534308,-0.600273929,1.024614732,-0.250793999,-0.621196581,0.722725617,0.169955463
1497534941047320000,89383,-1.633770183,-0.606653501,1.021584218,-0.253946501,-0.608230147,0.7327618,0.16919636
1497534941057350000,89384,-1.634032815,-0.615697534,1.01973149,-0.251879844,-0.611682174,0.731160195,0.166752009
1497534941067360000,89385,-1.634374829,-0.624910274,1.017699848,-0.249302,-0.614610106,0.730129771,0.164357679
1497534941077330000,89386,-1.63464068,-0.634470514,1.015753317,-0.247067439,-0.617858717,0.728623569,0.162222014
1497534941087260000,89387,-1.634881888,-0.643864975,1.013751425,-0.245202398,-0.618695841,0.728895179,0.160633303
1497534941097350000,89388,-1.634809345,-0.653349407,1.011830951,-0.243601054,-0.620020847,0.728885667,0.157982151
1497534941107350000,89389,-1.634787959,-0.662451531,1.009883008,-0.242031964,-0.619852335,0.730140881,0.155235
1497534941117420000,89390,-1.634814718,-0.671589029,1.007978335,-0.241473713,-0.617849318,0.732301856,0.153904707
1497534941127330000,89391,-1.63466211,-0.680684469,1.006281896,-0.241123174,-0.617008042,0.733641831,0.151427721
1497534941137330000,89392,-1.634688225,-0.689268136,1.004550141,-0.23930763,-0.614176167,0.736884956,0.150066837
1497534941147340000,89393,-1.634811843,-0.698246627,1.002992724,-0.238647059,-0.611506259,0.739455274,0.14937729
1497534941157340000,89394,-1.635100027,-0.707584329,1.001590751,-0.239072,-0.608636178,0.741703081,0.149275322
1497534941167330000,89395,-1.635612475,-0.716798657,1.000263266,-0.2369477,-0.607225843,0.743868224,0.147623265
1497534941177350000,89396,-1.636103983,-0.726391191,0.998931357,-0.236704804,-0.603720079,0.74678627,0.147658961
1497534941187300000,89397,-1.636978747,-0.736354449,0.99754297,-0.237399717,-0.599976656,0.749608109,0.147502774
1497534941197330000,89398,-1.637972079,-0.746912421,0.996181535,-0.237800337,-0.597684334,0.751279523,0.147660133
1497534941207330000,89399,-1.639095377,-0.757642837,0.994888552,-0.237978412,-0.59451804,0.753799723,0.147311073
1497534941217320000,89400,-1.640192953,-0.768603806,0.993980974,-0.237954186,-0.590614543,0.756811555,0.147609405
1497534941227320000,89401,-1.641151476,-0.779855013,0.993387993,-0.236006791,-0.590238722,0.7581582,0.145310668
1497534941237340000,89402,-1.64217578,-0.791230645,0.993487934,-0.234468235,-0.587886417,0.760361125,0.14582581
1497534941247310000,89403,-1.643367448,-0.802491162,0.994438702,-0.231353622,-0.587958687,0.761331994,0.145443044
1497534941257330000,89404,-1.644525048,-0.813632892,0.996157877,-0.229668223,-0.587925697,0.761630531,0.146679298
1497534941267330000,89405,-1.646158999,-0.824467765,0.998371378,-0.228529213,-0.589812032,0.760286675,0.147852419
1497534941277310000,89406,-1.648083375,-0.835029384,1.000574264,-0.228622635,-0.59027103,0.75926886,0.151071509
1497534941287330000,89407,-1.650130093,-0.845148468,1.002720402,-0.2277575,-0.592325082,0.757840589,0.151509601
1497534941297340000,89408,-1.652556582,-0.855427774,1.005038859,-0.228528615,-0.593099395,0.756404358,0.154467558
1497534941307330000,89409,-1.655146504,-0.865798684,1.007359323,-0.229601839,-0.593877879,0.754623182,0.158543098
1497534941317270000,89410,-1.657954305,-0.875690579,1.009417545,-0.229817302,-0.594896462,0.753394571,0.160246147
1497534941327270000,89411,-1.660854746,-0.885496853,1.01160201,-0.231279378,-0.595273005,0.752156532,0.162543688
1497534941337340000,89412,-1.663767471,-0.895873621,1.013979218,-0.235376308,-0.597181363,0.748721151,0.165496379
1497534941347350000,89413,-1.666794244,-0.905704004,1.016034376,-0.23942112,-0.597349446,0.746579372,0.168731764
1497534941357380000,89414,-1.669809309,-0.915291625,1.017843856,-0.242919443,-0.598168687,0.744137991,0.171589672
1497534941367410000,89415,-1.672484358,-0.924710465,1.019595181,-0.246587281,-0.599073003,0.741435769,0.174869239
1497534941377290000,89416,-1.674953006,-0.93401285,1.021131168,-0.248880625,-0.602086296,0.737725481,0.176950954
1497534941387300000,89417,-1.677095007,-0.942843998,1.022447802,-0.249762013,-0.605477518,0.73450699,0.177525755
1497534941397360000,89418,-1.678911621,-0.951705984,1.023485068,-0.250577967,-0.608786838,0.731442696,0.177710017
1497534941407330000,89419,-1.680429644,-0.960455023,1.024661282,-0.250850994,-0.61339364,0.727703626,0.176831711
1497534941417350000,89420,-1.68203787,-0.968971327,1.02565921,-0.250049507,-0.618041426,0.724242516,0.17599096
1497534941427330000,89421,-1.683558135,-0.976962993,1.0264258,-0.249267181,-0.620394344,0.722693505,0.17518798
1497534941437420000,89422,-1.685115583,-0.98483443,1.027135468,-0.248442127,-0.624305395,0.720103924,0.173117365
1497534941447330000,89423,-1.686497574,-0.992532663,1.027802884,-0.248615311,-0.626862864,0.718005706,0.172340309
1497534941457350000,89424,-1.688029798,-1.00008142,1.028386248,-0.248708802,-0.630989028,0.7146851,0.170944396
1497534941467360000,89425,-1.689422076,-1.007286538,1.028841651,-0.249827289,-0.633114224,0.712603738,0.170142936
1497534941477360000,89426,-1.690907519,-1.013891572,1.029035874,-0.250307001,-0.63511165,0.711065391,0.168420924
1497534941487360000,89427,-1.692593143,-1.020659736,1.029121592,-0.253223454,-0.635349771,0.709460913,0.169922814
1497534941497350000,89428,-1.694302706,-1.027120414,1.02917075,-0.25582016,-0.637202433,0.707028902,0.169231309
1497534941507360000,89429,-1.695909518,-1.033454791,1.02925641,-0.259305828,-0.638680149,0.704310129,0.169692063
1497534941517340000,89430,-1.697769162,-1.039386587,1.029091598,-0.261975703,-0.639783993,0.70230816,0.16973044
1497534941527340000,89431,-1.699442108,-1.04543903,1.028980283,-0.265188864,-0.640968297,0.699876205,0.170316782
1497534941537370000,89432,-1.701149541,-1.051679044,1.028952468,-0.26952323,-0.642079409,0.696912135,0.171478092
1497534941547340000,89433,-1.702554754,-1.057673456,1.029017751,-0.272690578,-0.643722979,0.694141782,0.171545218
1497534941557330000,89434,-1.704223654,-1.063672101,1.028780407,-0.276153076,-0.644482644,0.69166542,0.173148915
1497534941567250000,89435,-1.705576242,-1.069478103,1.028588709,-0.279124859,-0.64567998,0.689254911,0.173534848
1497534941577290000,89436,-1.70680798,-1.075548077,1.028377666,-0.282375936,-0.647292743,0.686308253,0.173945157
1497534941587350000,89437,-1.707955796,-1.081405839,1.028057658,-0.284954875,-0.648434704,0.68392116,0.174885678
1497534941597320000,89438,-1.709118944,-1.087388695,1.027755452,-0.286969651,-0.65019341,0.681287258,0.175341444
1497534941607350000,89439,-1.710035353,-1.093487951,1.027200916,-0.289226123,-0.651405215,0.678827854,0.176669865
1497534941617380000,89440,-1.710869496,-1.099586595,1.026694349,-0.291505588,-0.651935217,0.676793944,0.178759397
1497534941627330000,89441,-1.711694837,-1.105831838,1.026165528,-0.293401944,-0.653335012,0.674241836,0.180184925
1497534941637380000,89442,-1.712459918,-1.112231094,1.025534088,-0.294920952,-0.655850451,0.670934965,0.180909069
1497534941647350000,89443,-1.713184351,-1.118783527,1.024753176,-0.296447143,-0.657877991,0.667809225,0.182610182
1497534941657370000,89444,-1.713831696,-1.125186827,1.023978308,-0.297967854,-0.659281319,0.665432929,0.18374525
1497534941667370000,89445,-1.714440625,-1.131718681,1.023248889,-0.30000414,-0.659660802,0.663577133,0.185770101
1497534941677270000,89446,-1.715087052,-1.138408087,1.022486127,-0.3017193,-0.660743658,0.661197362,0.187620176
1497534941687340000,89447,-1.715729517,-1.145159958,1.021631654,0.303130491,0.662934147,-0.65801828,-0.18879133
1497534941697350000,89448,-1.716319507,-1.15195797,1.020770756,0.304351173,0.664807832,-0.655107034,-0.190356726
1497534941707310000,89449,-1.716947366,-1.158884162,1.019972867,0.306049725,0.665843921,-0.652784724,-0.191983182
1497534941717380000,89450,-1.717521572,-1.165789491,1.01905264,0.307692222,0.666277067,-0.651006087,-0.193885121
1497534941727340000,89451,-1.718065595,-1.172991948,1.018045189,0.309677406,0.668165588,-0.647783729,-0.195015107
1497534941737360000,89452,-1.718552675,-1.180371791,1.016972762,0.311454709,0.670250304,-0.644285317,-0.196613642
1497534941747270000,89453,-1.719072375,-1.187472298,1.015864124,0.312913274,0.671327068,-0.642318446,-0.19705904
1497534941757360000,89454,-1.7193804,-1.19482534,1.014711966,0.314402539,0.672277956,-0.64005899,-0.198791051
1497534941767320000,89455,-1.719542793,-1.202422802,1.013686686,0.316328996,0.673346829,-0.637248963,-0.201131233
1497534941777410000,89456,-1.719812528,-1.209805091,1.012603518,0.317880951,0.674449581,-0.634854325,-0.202557273
1497534941787360000,89457,-1.720079454,-1.21733285,1.011364151,0.31925185,0.675883918,-0.632011962,-0.204499549
1497534941797340000,89458,-1.720367777,-1.224686593,1.010024638,0.320384984,0.676126527,-0.630582041,-0.206331459
1497534941807210000,89459,-1.720447629,-1.232463782,1.008888031,0.32245215,0.677428184,-0.627518737,-0.208172769
1497534941817350000,89460,-1.720743914,-1.239604422,1.007367131,0.322755515,0.676883588,-0.627260157,-0.210243148
1497534941827220000,89461,-1.720678635,-1.247459485,1.006116705,0.325821938,0.677885099,-0.624079486,-0.211746669
1497534941837350000,89462,-1.720706247,-1.25517467,1.004790019,0.327768149,0.678659375,-0.621710571,-0.213226307
1497534941847340000,89463,-1.720754947,-1.262811174,1.003236132,0.329703861,0.678735572,-0.620165857,-0.214494051
1497534941857360000,89464,-1.720647483,-1.270736584,1.001702482,0.331485931,0.678587687,-0.618731535,-0.216349523
1497534941867360000,89465,-1.719939315,-1.283386965,1.002872014,0.328589658,0.677401222,-0.621104413,-0.217682634
1497534941877340000,89466,-1.719737348,-1.291204329,1.001184505,0.329974329,0.677438858,-0.619608486,-0.21972451
1497534941887340000,89467,-1.719286319,-1.299855334,0.99966635,0.330920147,0.678131984,-0.617443998,-0.222242608
1497534941897340000,89468,-1.718751416,-1.308572928,0.99830789,0.332082416,0.677653884,-0.616274878,-0.225192709
1497534941907360000,89469,-1.718441435,-1.315877157,0.996060504,0.333281877,0.677778787,-0.614578402,-0.22766751
1497534941917460000,89470,-1.717273788,-1.327451613,0.996449088,0.334825896,0.677812809,-0.612495867,-0.23089008
1497534941927340000,89471,-1.716506438,-1.336065172,0.994771305,0.336453377,0.677222692,-0.610984483,-0.234236017
1497534941937370000,89472,-1.71561928,-1.344894691,0.993524283,0.337773213,0.676246006,-0.609968439,-0.237779519
1497534941947370000,89473,-1.714569435,-1.35365967,0.99236914,0.338988098,0.675331474,-0.608929233,-0.241287504
1497534941957430000,89474,-1.713231085,-1.36381802,0.992092158,0.340713438,0.67429034,-0.607719098,-0.244794586
1497534941967340000,89475,-1.711907624,-1.373614012,0.992027329,0.342387469,0.672648608,-0.607709063,-0.246990618
1497534941977270000,89476,-1.71046483,-1.383272267,0.991964108,0.343396151,0.670825004,-0.607632254,-0.25071087
1497534941987350000,89477,-1.708884474,-1.392961261,0.992390701,0.345063774,0.668925042,-0.608063426,-0.252446331
1497534941997340000,89478,-1.70749652,-1.401838654,0.992238238,0.346288395,0.667262091,-0.608758623,-0.253492778
1497534942007340000,89479,-1.705651874,-1.412751805,0.993631517,0.347511403,0.665702279,-0.610006119,-0.252920612
1497534942017390000,89480,-1.703794212,-1.422369519,0.994652947,0.347913454,0.663646609,-0.612219191,-0.2524224
1497534942027330000,89481,-1.701877104,-1.430594144,0.995010205,0.347709177,0.662434964,-0.6142947,-0.250839126
1497534942037400000,89482,-1.698500588,-1.443791001,0.999050258,0.346269782,0.660436239,-0.617825665,-0.249424657
1497534942047290000,89483,-1.695687089,-1.451698646,1.000129697,0.343334774,0.657626079,-0.622717654,-0.24874062
1497534942057360000,89484,-1.692549953,-1.460267814,1.001942323,0.339778378,0.655547131,-0.626962731,-0.248447874
1497534942067230000,89485,-1.68882745,-1.470935054,1.005482845,0.336019299,0.653188792,-0.631472665,-0.248349966
1497534942077300000,89486,-1.685505005,-1.478664236,1.007497682,0.331691336,0.65016408,-0.636959822,-0.248092143
1497534942087400000,89487,-1.682037156,-1.487343765,1.010178951,0.326976333,0.64659965,-0.642604306,-0.249108565
1497534942097330000,89488,-1.678148227,-1.497811273,1.014276736,-0.323447738,-0.642303686,0.648082827,0.250631573
1497534942107380000,89489,-1.675231787,-1.503904623,1.015482213,-0.320231423,-0.638491994,0.652640383,0.252666459
1497534942117430000,89490,-1.672298567,-1.511540375,1.017783043,-0.317933721,-0.633884969,0.657244578,0.255220609
1497534942127340000,89491,-1.669322229,-1.520113783,1.020598679,-0.31644787,-0.627814051,0.662833194,0.257609042
1497534942137380000,89492,-1.666519079,-1.528659872,1.023358123,-0.316652851,-0.622108815,0.667318316,0.259610976
1497534942147370000,89493,-1.66439473,-1.53416343,1.024058265,-0.317014624,-0.617057807,0.671591806,0.260203455
1497534942157440000,89494,-1.662158191,-1.541097514,1.025712437,-0.318212684,-0.611587751,0.675639038,0.261176188
1497534942167330000,89495,-1.65945947,-1.550838566,1.029051279,-0.320087272,-0.605982123,0.679745553,0.26129636
1497534942177370000,89496,-1.657588855,-1.556810302,1.029820095,-0.321197659,-0.601849508,0.683280495,0.260263327
1497534942187380000,89497,-1.655328381,-1.565260461,1.032221492,-0.322487626,-0.597705453,0.686637978,0.259380436
1497534942197500000,89498,-1.653282775,-1.57256997,1.033605915,-0.32331251,-0.594406043,0.689711737,0.257775475
1497534942207350000,89499,-1.651661557,-1.577564312,1.033464983,-0.322910672,-0.591930597,0.693012377,0.255109216
1497534942217440000,89500,-1.648991371,-1.586150388,1.035901737,-0.321908412,-0.589234973,0.696412662,0.253350597
1497534942227350000,89501,-1.646259317,-1.594580076,1.03810219,-0.320315398,-0.586776746,0.700060076,0.251011925
1497534942237440000,89502,-1.643847379,-1.600816674,1.038682105,-0.31743768,-0.585061731,0.703668447,0.24856952
1497534942247350000,89503,-1.640866075,-1.60856268,1.040272536,-0.313551477,-0.584163589,0.707166839,0.245669357
1497534942257430000,89504,-1.637623801,-1.617129754,1.042330795,-0.309211346,-0.583169293,0.71093828,0.24262869
1497534942267390000,89505,-1.634805973,-1.623863924,1.042769324,-0.304039997,-0.583711227,0.713904558,0.239125836
1497534942277390000,89506,-1.631384637,-1.633057097,1.044850757,-0.299039806,-0.583292106,0.717418257,0.235916423
1497534942287340000,89507,-1.628360918,-1.640035892,1.045170904,-0.294064449,-0.583773679,0.720424132,0.231783222
1497534942297260000,89508,-1.625181644,-1.647740753,1.045935679,-0.289535816,-0.584239441,0.72318435,0.227678902
1497534942307380000,89509,-1.621945123,-1.655615341,1.046617442,-0.284863595,-0.583953508,0.726568386,0.223493654
1497534942317370000,89510,-1.619302795,-1.660353102,1.045023402,-0.279432335,-0.584735108,0.729608312,0.218344074
1497534942327350000,89511,-1.616018865,-1.668147642,1.045516149,-0.274387765,-0.585023748,0.732777042,0.213298794
1497534942337430000,89512,-1.612563733,-1.676176138,1.046083977,-0.26910822,-0.58497135,0.736191233,0.208354875
1497534942347380000,89513,-1.609281727,-1.68428454,1.046458091,-0.263959157,-0.586772946,0.738157543,0.202846038
1497534942357420000,89514,-1.606274262,-1.690915492,1.045714402,-0.258615892,-0.588448709,0.740298882,0.196986046
1497534942367360000,89515,-1.603065746,-1.698580486,1.045389413,-0.25314039,-0.590138372,0.742392455,0.19107613
1497534942377360000,89516,-1.599735932,-1.706635857,1.045173302,-0.247591667,-0.592620804,0.743808816,0.185060517
1497534942387370000,89517,-1.596491754,-1.714393039,1.044725804,-0.24156477,-0.595848721,0.744815402,0.178495885
1497534942397380000,89518,-1.593100441,-1.722262721,1.044148844,-0.236388499,-0.59786743,0.746376107,0.172039879
1497534942407350000,89519,-1.589535925,-1.730781707,1.043991796,-0.230250228,-0.601498279,0.746919184,0.165216177
1497534942417430000,89520,-1.586085314,-1.73839158,1.043051145,-0.224953312,-0.60489198,0.747238957,0.15854224
1497534942427350000,89521,-1.582189329,-1.747036658,1.042805149,-0.21885558,-0.607930239,0.748069739,0.151376102
1497534942437390000,89522,-1.578432119,-1.754846446,1.041960069,-0.212945905,-0.610958012,0.748626586,0.144715528
1497534942447340000,89523,-1.574249665,-1.763409359,1.041515527,-0.205533513,-0.61547221,0.748395458,0.137310497
1497534942457440000,89524,-1.570118396,-1.771347638,1.040720419,-0.199022378,-0.618324692,0.74902638,0.130476628
1497534942467290000,89525,-1.565750253,-1.779356253,1.039968436,-0.191027291,-0.622680537,0.748763573,0.123006645
1497534942477380000,89526,-1.561028381,-1.787774738,1.039688113,-0.183803563,-0.625341335,0.749403118,0.116444975
1497534942487340000,89527,-1.556447362,-1.795482661,1.038932632,-0.176051174,-0.628778166,0.74951555,0.108951559
1497534942497470000,89528,-1.551745143,-1.802800869,1.037994605,-0.168755814,-0.631051288,0.750227071,0.10225013
1497534942507230000,89529,-1.546977794,-1.810125309,1.037160335,-0.160935743,-0.634131845,0.750240556,0.095475643
1497534942517150000,89530,-1.542152628,-1.817995572,1.036797345,-0.154516964,-0.636132454,0.750658029,0.089289032
1497534942527350000,89531,-1.537440998,-1.825033092,1.036001906,-0.146980845,-0.638385544,0.751035833,0.082496702
1497534942537470000,89532,-1.532637812,-1.831659242,1.035099062,-0.138746003,-0.638971671,0.752813359,0.075741647
1497534942547390000,89533,-1.527695775,-1.838574304,1.034711147,-0.130370123,-0.639238795,0.754734395,0.068944814
1497534942557450000,89534,-1.522620931,-1.845342697,1.034256032,-0.121189835,-0.638668929,0.757334131,0.062129197
1497534942567320000,89535,-1.517579232,-1.852021068,1.033639721,-0.1134997,-0.637041265,0.76033014,0.056518334
1497534942577380000,89536,-1.512610756,-1.858769581,1.032941725,-0.107092051,-0.636983003,0.76172942,0.050519664
1497534942587360000,89537,-1.507670008,-1.86584251,1.032342174,-0.100769168,-0.636573921,0.763351494,0.043746013
1497534942597450000,89538,-1.502855952,-1.873342392,1.031905807,-0.09650955,-0.636497948,0.764312913,0.0371758
1497534942607370000,89539,-1.497920611,-1.88069628,1.031245933,-0.089753571,-0.637878295,0.764306834,0.029843606
1497534942617370000,89540,-1.492995011,-1.888244042,1.030551133,-0.085056934,-0.638375346,0.764662914,0.023083822
1497534942627350000,89541,-1.487959678,-1.895679359,1.029666071,-0.078873115,-0.639226073,0.764805035,0.015566547
1497534942637400000,89542,-1.482850209,-1.903254486,1.028831504,-0.073796975,-0.639922918,0.764836904,0.008784984
1497534942647370000,89543,-1.477519754,-1.911206946,1.028300137,-0.066716281,-0.641035697,0.764603927,0.001734328
1497534942657390000,89544,-1.472241766,-1.918681495,1.027252703,-0.06086093,-0.641351216,0.764813888,-0.004927589
1497534942667400000,89545,-1.466691142,-1.926878177,1.02679741,-0.056136687,-0.640081803,0.766164092,-0.011685117
1497534942677330000,89546,-1.461112713,-1.934422833,1.025573194,-0.05008918,-0.641518919,0.765241993,-0.01868801
1497534942687350000,89547,-1.45534063,-1.942528937,1.024778886,-0.045409736,-0.640990916,0.765780937,-0.025458947
1497534942697390000,89548,-1.449386619,-1.950617547,1.023867214,-0.040114006,-0.641138946,0.765671727,-0.032840889
1497534942707390000,89549,-1.443326814,-1.95844841,1.022711697,-0.034578045,-0.641258649,0.765455801,-0.040854878
1497534942717390000,89550,-1.437035417,-1.966995096,1.021974181,-0.029284354,-0.642016979,0.764576598,-0.048777567
1497534942727360000,89551,-1.43069131,-1.975070473,1.020677601,-0.024294199,-0.641069375,0.76503099,-0.05627995
1497534942737380000,89552,-1.423946703,-1.984191737,1.020016453,-0.020257887,-0.64172563,0.764010436,-0.063764308
1497534942747380000,89553,-1.417180649,-1.99305401,1.019059203,-0.014280502,-0.642835028,0.762486589,-0.071926315
1497534942757370000,89554,-1.41036402,-2.001396031,1.017540592,-0.010322381,-0.642440678,0.762110773,-0.079690607
1497534942767360000,89555,-1.403316124,-2.010565237,1.016571474,-0.005225589,-0.642050403,0.761602996,-0.087777274
1497534942777260000,89556,-1.396153326,-2.019880648,1.015463815,-0.000453457,-0.642220389,0.760518483,-0.095730892
1497534942787360000,89557,-1.388783914,-2.029384668,1.014483176,0.003704051,-0.64304892,0.758738135,-0.103878824
1497534942797330000,89558,-1.381325883,-2.038425216,1.012663809,0.006957797,-0.642754969,0.757930826,-0.111168799
1497534942807320000,89559,-1.373749192,-2.048632106,1.011840834,0.011348542,-0.641953268,0.757296003,-0.119457002
1497534942817370000,89560,-1.366093315,-2.058010106,1.010526603,0.015656044,-0.642395238,0.755452847,-0.127961879
1497534942827400000,89561,-1.358361448,-2.068093025,1.010217039,0.018446202,-0.642737932,0.753782305,-0.1354988
1497534942837460000,89562,-1.350528862,-2.07752934,1.010244944,0.020841936,-0.643360444,0.751954,-0.142190485
1497534942847350000,89563,-1.342660244,-2.086685021,1.010787348,0.022544897,-0.645406838,0.749014626,-0.148050093
1497534942857380000,89564,-1.334755005,-2.095780186,1.011918338,0.023798184,-0.648240063,0.745614454,-0.152569831
1497534942867390000,89565,-1.327057691,-2.104404201,1.013352577,0.02400385,-0.652391739,0.741363908,-0.155526172
1497534942877290000,89566,-1.319479425,-2.112303034,1.014717167,0.025946344,-0.655057981,0.738503272,-0.157603127
1497534942887370000,89567,-1.311893215,-2.120075836,1.016755619,0.030071386,-0.65659278,0.736653314,-0.159133679
1497534942897400000,89568,-1.30431615,-2.126944234,1.018507527,0.035521097,-0.654461403,0.738315751,-0.159086064
1497534942907390000,89569,-1.296790131,-2.133852042,1.020857568,0.043237489,-0.652458918,0.739635717,-0.159269852
1497534942917390000,89570,-1.289338922,-2.141153116,1.023450174,0.049252864,-0.649539387,0.741964409,-0.158623945
1497534942927370000,89571,-1.281956206,-2.148195691,1.025311982,0.054372769,-0.647763892,0.743434533,-0.157323352
1497534942937420000,89572,-1.274671218,-2.15554638,1.027118266,0.05821739,-0.646422875,0.744624391,-0.155829133
1497534942947390000,89573,-1.267699162,-2.162571036,1.028285089,0.061647965,-0.644438513,0.746347315,-0.154480477
1497534942957390000,89574,-1.261042168,-2.169383914,1.029146953,0.063532496,-0.642146689,0.748353364,-0.153552904
1497534942967380000,89575,-1.254689493,-2.175914468,1.029652354,0.064859529,-0.640458322,0.749887238,-0.152563133
1497534942977420000,89576,-1.248427054,-2.182363706,1.029807569,0.068284148,-0.641643913,0.748490451,-0.15294577
1497534942987400000,89577,-1.24224526,-2.189184593,1.03021375,0.071738806,-0.644951897,0.745053904,-0.154224754
1497534942997400000,89578,-1.23594914,-2.196279363,1.030837273,0.075849596,-0.650488251,0.739472517,-0.155859775
1497534943007370000,89579,-1.229673432,-2.202962098,1.031117306,0.080458742,-0.657610696,0.732032224,-0.158755748
1497534943017380000,89580,-1.223317782,-2.209785947,1.03175,0.084016034,-0.663359615,0.725662991,-0.16219911
1497534943027270000,89581,-1.216935851,-2.216086701,1.03246948,0.088099725,-0.6683713,0.719567193,-0.166557195
1497534943037400000,89582,-1.210486743,-2.221684627,1.03294553,0.091434759,-0.672072735,0.71456178,-0.171345805
1497534943047370000,89583,-1.204034828,-2.226715868,1.033415625,0.09390141,-0.673200399,0.712038707,-0.176024509
1497534943057400000,89584,-1.197492716,-2.231448625,1.033832339,0.097992017,-0.673693786,0.709717548,-0.181204994
1497534943067420000,89585,-1.190899335,-2.235937278,1.034127761,0.10140337,-0.673648487,0.708024529,-0.186054666
1497534943077340000,89586,-1.184297136,-2.240172342,1.034156809,0.10530248,-0.674409436,0.705510976,-0.190624143
1497534943087380000,89587,-1.177653126,-2.244551244,1.034201839,0.109233334,-0.6744881,0.703985955,-0.193746372
1497534943097380000,89588,-1.171057064,-2.248842078,1.034387685,0.113382948,-0.675536035,0.701485291,-0.196758121
1497534943107400000,89589,-1.164703449,-2.253029045,1.034287135,0.117256608,-0.676001992,0.699723101,-0.199147625
1497534943117400000,89590,-1.158192721,-2.257744516,1.034286598,0.120263196,-0.678825986,0.696027238,-0.200694115
1497534943127370000,89591,-1.15194917,-2.262211273,1.034038572,0.122432543,-0.681769642,0.69226102,-0.202423093
1497534943137410000,89592,-1.14575165,-2.266466171,1.033477151,0.124022513,-0.684584548,0.688675995,-0.20417587
1497534943147400000,89593,-1.139491254,-2.270513746,1.032627954,-0.126457524,0.687334512,-0.684897494,0.206143605
1497534943157390000,89594,-1.133302678,-2.27500746,1.03251074,-0.129030167,0.690329981,-0.680627585,0.208666775
1497534943167360000,89595,-1.126919367,-2.278757847,1.031646085,-0.132386204,0.692295117,-0.677150494,0.211349409
1497534943177360000,89596,-1.12050454,-2.282490105,1.030909952,-0.136126639,0.694309288,-0.67355999,0.213824905
1497534943187390000,89597,-1.114012786,-2.286247267,1.03031432,-0.140257309,0.696411311,-0.669644078,0.216600974
1497534943197380000,89598,-1.107572643,-2.289399216,1.029322305,-0.145085519,0.697987629,-0.666056569,0.219390312
1497534943207360000,89599,-1.101040763,-2.292691702,1.028462318,-0.149031287,0.69920115,-0.663226666,0.221444837
1497534943217390000,89600,-1.094771547,-2.295592339,1.027612322,-0.152868532,0.700092103,-0.660634211,0.223751423
1497534943227350000,89601,-1.088589557,-2.298624392,1.026893179,-0.156733701,0.700737901,-0.658345932,0.225790999
1497534943237400000,89602,-1.08256237,-2.301694842,1.026525594,-0.159915413,0.70100048,-0.656852932,0.227089441
1497534943247370000,89603,-1.076540067,-2.304365885,1.025744615,-0.161520927,0.701827315,-0.655151649,0.228310595
1497534943257380000,89604,-1.070566597,-2.307038355,1.024913735,-0.163198949,0.70250387,-0.653854517,0.228754642
1497534943267370000,89605,-1.064775138,-2.310094172,1.024516529,-0.163346544,0.7033008,-0.65285614,0.229051851
1497534943277340000,89606,-1.05890722,-2.312886442,1.023792387,-0.164376307,0.704636807,-0.651117533,0.229157934
1497534943287350000,89607,-1.053021201,-2.315853094,1.023117061,-0.164228669,0.705602208,-0.650278743,0.228674497
1497534943297320000,89608,-1.046953045,-2.318590395,1.022156439,-0.164419577,0.707341074,-0.648468589,0.22830527
1497534943307400000,89609,-1.040832468,-2.321505464,1.021268486,-0.165279302,0.707765336,-0.648016576,0.227652142
1497534943317400000,89610,-1.034475262,-2.324537059,1.020441052,-0.166017982,0.710117727,-0.645467841,0.227028874
1497534943327350000,89611,-1.027860971,-2.327502656,1.01923272,-0.16715894,0.711333484,-0.644303721,0.225688454
1497534943337390000,89612,-1.021126408,-2.330597145,1.018298918,-0.16853294,0.713125914,-0.64217967,0.225062991
1497534943347390000,89613,-1.014091892,-2.333523486,1.016912829,-0.169963483,0.715099915,-0.639997223,0.223937672
1497534943357390000,89614,-1.006846329,-2.336587953,1.015811778,-0.172053297,0.717319186,-0.637353631,0.222780604
1497534943367360000,89615,-0.999452146,-2.33950485,1.014395249,-0.173538305,0.718725503,-0.635835669,0.221429696
1497534943377240000,89616,-0.991904566,-2.342479228,1.013120243,-0.175368944,0.7217255,-0.632238524,0.220527742
1497534943387370000,89617,-0.984231152,-2.345405692,1.011442026,-0.177294616,0.723584674,-0.630043121,0.219174598
1497534943397390000,89618,-0.97641025,-2.348229179,1.009952604,-0.179559689,0.725849128,-0.627472322,0.217209224
1497534943407360000,89619,-0.96847406,-2.350933047,1.008202615,-0.180815083,0.728407418,-0.62470505,0.215573976
1497534943417400000,89620,-0.960655484,-2.353745698,1.006768278,-0.182964609,0.730166867,-0.622648405,0.213750468
1497534943427360000,89621,-0.952550109,-2.35611862,1.004885001,-0.185034512,0.733216319,-0.619039943,0.212003794
1497534943437340000,89622,-0.944507749,-2.358487558,1.003412003,-0.186933127,0.734578054,-0.617159991,0.211103373
1497534943447340000,89623,-0.93636216,-2.360669704,1.001634064,-0.188576478,0.737004739,-0.61402305,0.210329789
1497534943457370000,89624,-0.928065611,-2.362282193,0.999941068,-0.19168987,0.737248171,-0.613122566,0.209286519
1497534943467400000,89625,-0.91978937,-2.364090486,0.998490347,-0.193669601,0.738423268,-0.611290325,0.208679904
1497534943477370000,89626,-0.911385958,-2.36565744,0.996807131,-0.19601017,0.739986529,-0.609001714,0.207646003
1497534943487360000,89627,-0.902863561,-2.366945066,0.995119617,-0.197497235,0.740568635,-0.608303084,0.206204504
1497534943497380000,89628,-0.894351986,-2.368359182,0.993830667,-0.198407382,0.741442291,-0.60753528,0.204447358
1497534943507370000,89629,-0.885769174,-2.370062714,0.993096436,-0.19953864,0.742318769,-0.606901592,0.202033744
1497534943517350000,89630,-0.877133301,-2.371362985,0.992267336,-0.198925596,0.742456348,-0.607642988,0.199892918
1497534943527320000,89631,-0.868449728,-2.372633144,0.991625813,-0.197396664,0.742733885,-0.608418275,0.198010443
1497534943537290000,89632,-0.859611074,-2.374034807,0.991608601,-0.195213745,0.74331097,-0.60894596,0.196380276
1497534943547380000,89633,-0.850457497,-2.375273214,0.991272737,-0.193878105,0.744683527,-0.607953324,0.195577303
1497534943557440000,89634,-0.841097482,-2.376298365,0.991802551,-0.19246716,0.743754142,-0.609778303,0.194824508
1497534943567380000,89635,-0.831707143,-2.377103823,0.99204179,-0.189680146,0.743824195,-0.610386063,0.195386445
1497534943577390000,89636,-0.821703603,-2.377810774,0.992801472,-0.189090369,0.743200536,-0.61127251,0.19556
1497534943587380000,89637,-0.811812965,-2.378252919,0.993651543,-0.188407554,0.74224735,-0.612062036,0.197361417
1497534943597380000,89638,-0.801288411,-2.378717352,0.994618404,-0.189456434,0.741834882,-0.611477062,0.199707461
1497534943607250000,89639,-0.790912434,-2.378774133,0.995816404,-0.189450304,0.740807093,-0.61177822,0.202585394
1497534943617350000,89640,-0.780795738,-2.378543107,0.997409532,-0.188933416,0.738669303,-0.61326462,0.206345174
1497534943627390000,89641,-0.770375378,-2.378156512,0.999071688,-0.189794851,0.737008795,-0.61366115,0.210275876
1497534943637330000,89642,-0.760323155,-2.377724068,1.000783926,-0.188799008,0.734342128,-0.615685803,0.21454036
1497534943647320000,89643,-0.75040688,-2.377054592,1.002732524,-0.188294702,0.731511144,-0.617782092,0.218590571
1497534943657350000,89644,-0.740731934,-2.376422133,1.004807537,-0.188267183,0.728690425,-0.619812918,0.222255887
1497534943667400000,89645,-0.731301836,-2.375919466,1.006825076,-0.187381021,0.726181981,-0.621348152,0.22688005
1497534943677360000,89646,-0.721955101,-2.375155247,1.008654586,-0.187905694,0.72171099,-0.6249806,0.230703157
1497534943687360000,89647,-0.712915507,-2.374627608,1.010551754,-0.188167495,0.71746873,-0.628117697,0.235159041
1497534943697410000,89648,-0.703988334,-2.373946327,1.011951493,-0.189008379,0.713974505,-0.629920349,0.240242779
1497534943707400000,89649,-0.695253043,-2.37348303,1.013391175,-0.189976735,0.709200968,-0.633234613,0.244860681
1497534943717340000,89650,-0.686826839,-2.373100532,1.014632549,-0.190845107,0.704373899,-0.636543787,0.249494617
1497534943727370000,89651,-0.678608851,-2.373019798,1.015907977,-0.191256796,0.701504748,-0.638024873,0.253448593
1497534943737390000,89652,-0.670736075,-2.372615467,1.0168899,-0.189312772,0.696958735,-0.641953979,0.257496185
1497534943747390000,89653,-0.663070871,-2.372453841,1.018000854,-0.187477858,0.693749104,-0.644163156,0.261950496
1497534943757390000,89654,-0.655652403,-2.372269592,1.019045914,-0.184687423,0.689366639,-0.648187124,0.265551587
1497534943767360000,89655,-0.648487039,-2.372302897,1.020314124,-0.181467952,0.686061923,-0.65093389,0.269580215
1497534943777370000,89656,-0.641458399,-2.372239758,1.021474164,-0.177888629,0.682820485,-0.653637583,0.273623338
1497534943787370000,89657,-0.63448846,-2.372232049,1.022723685,-0.174903996,0.680059586,-0.655586215,0.277730564
1497534943797400000,89658,-0.627549632,-2.372436406,1.024193969,-0.172643333,0.677140408,-0.657824026,0.280967434
1497534943807370000,89659,-0.62072071,-2.372640573,1.025857234,-0.171279791,0.67462425,-0.659179812,0.284652998
1497534943817410000,89660,-0.613981695,-2.372706637,1.027546465,-0.169965062,0.67186226,-0.660785597,0.288227993
1497534943827370000,89661,-0.607194536,-2.372668645,1.029092838,-0.169205847,0.668835442,-0.662674594,0.291360456
1497534943837400000,89662,-0.600522535,-2.372661776,1.030822217,-0.168593942,0.665252273,-0.665136356,0.294294281
1497534943847320000,89663,-0.59377917,-2.372629719,1.032519034,0.168321263,-0.661876105,0.667088875,-0.297624608
1497534943857400000,89664,-0.587100479,-2.372714622,1.034240639,0.168491327,-0.658402155,0.668946408,-0.301044811
1497534943867400000,89665,-0.580314085,-2.372918867,1.03581845,0.168922915,-0.655327056,0.670436138,-0.304182321
1497534943877290000,89666,-0.573510723,-2.373212528,1.037357907,0.1695927,-0.652501348,0.671487003,-0.307547576
1497534943887310000,89667,-0.566802461,-2.373539361,1.038796771,0.169879587,-0.649497233,0.672345219,-0.311843193
1497534943897390000,89668,-0.560091807,-2.37386844,1.040249253,0.170675663,-0.646958043,0.672820714,-0.315638077
1497534943907400000,89669,-0.55330816,-2.374282001,1.041428019,0.17161331,-0.644479402,0.673104385,-0.319571056
1497534943917410000,89670,-0.546670422,-2.374659096,1.042638104,0.172064465,-0.641946266,0.673503577,-0.323561034
1497534943927370000,89671,-0.539996031,-2.375074466,1.043744337,0.173306025,-0.639532792,0.673590771,-0.327472598
1497534943937410000,89672,-0.533183874,-2.375520111,1.044565679,0.174786799,-0.637093048,0.673836595,-0.330917311
1497534943947380000,89673,-0.526395172,-2.375782493,1.045294276,0.176608786,-0.634252934,0.674307522,-0.334427747
1497534943957380000,89674,-0.519479498,-2.376363252,1.045905554,0.17936561,-0.632604262,0.67374397,-0.337207485
1497534943967340000,89675,-0.512468079,-2.376764598,1.046340998,0.182217472,-0.630385681,0.673880595,-0.339552102
1497534943977370000,89676,-0.505282271,-2.377293616,1.046565752,0.185033803,-0.629210727,0.673174384,-0.341602988
1497534943987400000,89677,-0.498009375,-2.377810463,1.046564989,0.188636695,-0.627782768,0.672540209,-0.343503508
1497534943997400000,89678,-0.49067006,-2.378484647,1.046532626,0.191775293,-0.627085786,0.671529032,-0.345013641
1497534944007360000,89679,-0.48321668,-2.379192578,1.046167208,0.194643209,-0.626698782,0.670480466,-0.346148237
1497534944017420000,89680,-0.475676862,-2.379976489,1.045694003,0.197884007,-0.626572454,0.668652138,-0.34807068
1497534944027370000,89681,-0.468081399,-2.38060248,1.045034321,0.200235872,-0.626945523,0.666832239,-0.349542089
1497534944037410000,89682,-0.460392296,-2.381564177,1.044279973,0.203200232,-0.627375706,0.664946939,-0.350649336
1497534944047350000,89683,-0.452484254,-2.382526753,1.043155665,0.205876297,-0.627966176,0.663216292,-0.351308385
1497534944057400000,89684,-0.444541591,-2.383382965,1.041960361,0.208376578,-0.628336932,0.661716584,-0.351998671
1497534944067400000,89685,-0.436372924,-2.384359517,1.040607276,0.211226225,-0.629259704,0.65971181,-0.352414578
1497534944077380000,89686,-0.428287722,-2.385324823,1.039114971,0.214945906,-0.629849919,0.657421922,-0.353388955
1497534944087370000,89687,-0.41981857,-2.386392908,1.037435802,0.218254271,-0.63044915,0.655286872,-0.354257049
1497534944097400000,89688,-0.411141316,-2.387505475,1.035772749,0.221103365,-0.630914018,0.65372348,-0.354551006
1497534944107330000,89689,-0.402409009,-2.388485886,1.034089777,0.224454585,-0.631226269,0.652002167,-0.355058742
1497534944117310000,89690,-0.39350527,-2.389363934,1.032349559,0.227716185,-0.631311538,0.650229999,-0.356078686
1497534944127380000,89691,-0.384603182,-2.390077265,1.030612944,0.229927879,-0.630991835,0.649154132,-0.357185369
1497534944137410000,89692,-0.375890806,-2.390853256,1.028999816,0.232145073,-0.630108132,0.647863716,-0.359645675
1497534944147380000,89693,-0.367212434,-2.391458988,1.027248147,0.234093863,-0.629172269,0.646523585,-0.362421817
1497534944157400000,89694,-0.358669471,-2.392205734,1.025772781,0.234579656,-0.627354423,0.646413049,-0.365443544
1497534944167370000,89695,-0.350040895,-2.393010191,1.024383684,0.235366645,-0.625816722,0.646408569,-0.367575755
1497534944177380000,89696,-0.341453616,-2.393720858,1.023189502,0.235682697,-0.624231927,0.64655174,-0.369809432
1497534944187410000,89697,-0.332911225,-2.39462787,1.022217738,0.234339397,-0.62145522,0.648190583,-0.372461306
1497534944197380000,89698,-0.324176372,-2.39557699,1.021299593,0.233957396,-0.619000921,0.649086612,-0.37521776
1497534944207380000,89699,-0.315215851,-2.396757209,1.020575085,0.231894087,-0.616351756,0.650905774,-0.377700038
1497534944217410000,89700,-0.306184063,-2.398024572,1.019909745,0.230491534,-0.61373736,0.652258611,-0.380471826
1497534944227360000,89701,-0.296751289,-2.399576853,1.019353018,0.229026422,-0.611745841,0.653256847,-0.382843853
1497534944237400000,89702,-0.286986907,-2.401178306,1.018869783,0.227649912,-0.608978468,0.654841202,-0.385361834
1497534944247340000,89703,-0.277207765,-2.402769497,1.018770376,0.226333706,-0.60641506,0.656208718,-0.387845261
1497534944257370000,89704,-0.267313668,-2.404526152,1.018971189,0.225785637,-0.603384251,0.657670886,-0.39040658
1497534944267380000,89705,-0.25721565,-2.406355056,1.019412831,0.225446899,-0.600597475,0.659190634,-0.39233159
1497534944277270000,89706,-0.247429843,-2.408000637,1.020185691,0.224122146,-0.59774902,0.661311287,-0.393868956
1497534944287400000,89707,-0.237583426,-2.409795627,1.021272352,0.224150958,-0.596144016,0.661968717,-0.395178539
1497534944297340000,89708,-0.227851387,-2.411743597,1.022758428,0.223189762,-0.594873113,0.66329878,-0.395407433
1497534944307420000,89709,-0.218509055,-2.413731079,1.024486541,0.223932996,-0.59556397,0.662424941,-0.395412149
1497534944317450000,89710,-0.208970277,-2.416084266,1.026322324,0.223065905,-0.596540956,0.662824377,-0.393756697
1497534944327380000,89711,-0.199797727,-2.418605411,1.028435407,0.223957797,-0.597664978,0.661900707,-0.39309914
1497534944337410000,89712,-0.190317382,-2.421529981,1.030429271,0.224478331,-0.598819306,0.661038326,-0.392496177
1497534944347310000,89713,-0.180849016,-2.424708191,1.032384095,0.225545481,-0.600359877,0.659945318,-0.391368663
1497534944357400000,89714,-0.171557651,-2.427982383,1.034168241,0.226092866,-0.602653848,0.658456209,-0.390033044
1497534944367280000,89715,-0.162257108,-2.431560837,1.03576705,0.224541024,-0.604850267,0.658419494,-0.387583865
1497534944377280000,89716,-0.153258446,-2.435169922,1.037325581,0.221613727,-0.60625978,0.659740168,-0.384810791
1497534944387430000,89717,-0.144374492,-2.438794097,1.038753836,0.218004733,-0.608512159,0.661210529,-0.380772273
1497534944397440000,89718,-0.135685972,-2.442567852,1.040246327,0.215510022,-0.612254233,0.661486135,-0.375681085
1497534944407380000,89719,-0.127191857,-2.446097761,1.041540288,0.21242111,-0.616304277,0.661941344,-0.369972928
1497534944417430000,89720,-0.119056397,-2.449573596,1.042785783,0.210056037,-0.620834756,0.661577925,-0.364356029
1497534944427420000,89721,-0.111026384,-2.452480336,1.043774198,0.209662048,-0.62496592,0.659684793,-0.360936834
1497534944437410000,89722,-0.103115306,-2.455212569,1.04472634,0.209782252,-0.628554363,0.658174745,-0.357374908
1497534944447390000,89723,-0.095495879,-2.457393452,1.045731318,0.211495862,-0.632066047,0.654900399,-0.356184614
1497534944457390000,89724,-0.08800102,-2.459466611,1.046854382,0.21402872,-0.634000745,0.653038618,-0.354648172
1497534944467420000,89725,-0.080114683,-2.46166528,1.04771636,0.21869695,-0.636886977,0.649486604,-0.353148372
1497534944477380000,89726,-0.072705149,-2.463299997,1.048641181,0.221604095,-0.637506441,0.64774956,-0.353408644
1497534944487390000,89727,-0.065499452,-2.465139697,1.049639005,0.225257957,-0.639223206,0.644947701,-0.353121805
1497534944497380000,89728,-0.05827346,-2.466732872,1.050304193,0.227211326,-0.64029652,0.643037374,-0.353409557
1497534944507410000,89729,-0.051279668,-2.468437723,1.050838626,0.228137597,-0.640770013,0.642146472,-0.353574511
1497534944517420000,89730,-0.044487086,-2.470235397,1.051176729,-0.229653943,0.643589377,-0.63869029,0.353732234
1497534944527330000,89731,-0.037854461,-2.472223623,1.051444873,-0.229097174,0.645114312,-0.637444749,0.353562161
1497534944537410000,89732,-0.031272842,-2.474164287,1.051559407,-0.229076429,0.648241781,-0.634672043,0.352842714
1497534944547410000,89733,-0.024819748,-2.47642547,1.051869815,-0.228260669,0.651331776,-0.632501518,0.351576186
1497534944557400000,89734,-0.018619591,-2.478214625,1.052177698,-0.224825638,0.652501116,-0.632980279,0.350758738
1497534944567390000,89735,-0.012534049,-2.480280802,1.052379507,-0.223715901,0.655864496,-0.630260773,0.350091868
1497534944577390000,89736,-0.006481699,-2.482094714,1.052543407,-0.22332993,0.658073186,-0.628216146,0.349868401
1497534944587410000,89737,-0.000190002,-2.483765946,1.052576237,-0.22270201,0.660712345,-0.626203158,0.348902016
1497534944597400000,89738,0.005962149,-2.485524181,1.052659005,-0.221239282,0.661667688,-0.626477444,0.347527069
1497534944607360000,89739,0.012582285,-2.487197763,1.052510732,-0.223952092,0.665274441,-0.622858845,0.34540156
1497534944617420000,89740,0.018622854,-2.488290049,1.052603735,-0.221929918,0.665196947,-0.624158314,0.344509119
1497534944627370000,89741,0.025059804,-2.489526514,1.052644702,-0.222285163,0.667098995,-0.622715047,0.343211606
1497534944637430000,89742,0.031570851,-2.490758931,1.052407046,-0.223484397,0.668579975,-0.621592945,0.341581253
1497534944647390000,89743,0.038052374,-2.492095881,1.052203261,-0.224345625,0.670274924,-0.6207525,0.339215124
1497534944657380000,89744,0.044781032,-2.493219973,1.051691623,-0.226209317,0.672331793,-0.618774857,0.337515898
1497534944667340000,89745,0.051361448,-2.494278901,1.051249037,-0.22697035,0.674252625,-0.61712515,0.336191029
1497534944677390000,89746,0.057842942,-2.495629341,1.050697464,-0.228128333,0.676134472,-0.615899931,0.333866611
1497534944687380000,89747,0.06457612,-2.496497207,1.050123124,-0.22991482,0.678143251,-0.613621209,0.332761053
1497534944697410000,89748,0.071436788,-2.497546017,1.049312154,-0.231618064,0.680163381,-0.612122687,0.330207001
1497534944707390000,89749,0.078298701,-2.498583409,1.04859264,-0.233479645,0.682341679,-0.61002688,0.328274724
1497534944717390000,89750,0.085131018,-2.499442944,1.047870308,-0.235387734,0.683899447,-0.608042902,0.327349952
1497534944727370000,89751,0.092025358,-2.500364943,1.047008834,-0.237144511,0.686412384,-0.605516036,0.325500921
1497534944737420000,89752,0.099301967,-2.501425754,1.046162905,-0.237873526,0.688272857,-0.604539215,0.322845161
1497534944747410000,89753,0.106118839,-2.502359306,1.045426392,-0.239285669,0.690110826,-0.602552581,0.321589495
1497534944757410000,89754,0.113412764,-2.503377873,1.044417777,-0.240352242,0.692342529,-0.600582912,0.319676068
1497534944767380000,89755,0.12082142,-2.504178507,1.043370357,-0.24070302,0.694521569,-0.598962466,0.317719704
1497534944777380000,89756,0.128124958,-2.505295668,1.042423754,-0.242096555,0.697019035,-0.596612838,0.315605521
1497534944787400000,89757,0.135524023,-2.506044942,1.041315655,-0.243355368,0.698213448,-0.595468804,0.3141545
1497534944797410000,89758,0.143194284,-2.506825,1.040113758,-0.245062656,0.70014749,-0.593886083,0.311507797
1497534944807380000,89759,0.150778156,-2.507543912,1.039142536,-0.246644421,0.702140653,-0.591757619,0.309819227
1497534944817420000,89760,0.15844993,-2.508061064,1.037996092,-0.247866663,0.703461253,-0.590765036,0.307735365
1497534944827350000,89761,0.166196792,-2.508776579,1.036804168,-0.249945219,0.704525069,-0.589580306,0.305887035
1497534944837450000,89762,0.173743087,-2.50933445,1.035734184,-0.250508994,0.705130477,-0.589360187,0.304451677
1497534944847390000,89763,0.181641165,-2.509924417,1.034727538,-0.25073811,0.70643778,-0.58850902,0.302874886
1497534944857420000,89764,0.189419352,-2.510430736,1.033613091,-0.250928844,0.706934297,-0.588498429,0.301576217
1497534944867410000,89765,0.196888503,-2.511125361,1.032459205,-0.25105412,0.707765645,-0.588203038,0.300094664
1497534944877320000,89766,0.204626003,-2.511742192,1.031294465,-0.250011357,0.70909589,-0.587843734,0.298524847
1497534944887380000,89767,0.212558037,-2.512271396,1.030049361,-0.249569674,0.710472104,-0.586845867,0.297584098
1497534944897380000,89768,0.220205448,-2.512797733,1.028799112,-0.249457308,0.712191094,-0.585410368,0.296394328
1497534944907340000,89769,0.228198002,-2.513293435,1.027601205,-0.248069227,0.713101786,-0.58516869,0.295846423
1497534944917390000,89770,0.236135234,-2.513775373,1.026237682,-0.248000016,0.714481661,-0.584445368,0.293999252
1497534944927380000,89771,0.244199647,-2.514024759,1.024793971,-0.247777427,0.715789456,-0.583701757,0.292479162
1497534944937410000,89772,0.25246571,-2.514220215,1.023389223,-0.247209032,0.716124134,-0.58467341,0.290191184
1497534944947370000,89773,0.261031553,-2.514473796,1.021950436,-0.246689125,0.717430532,-0.584396808,0.28795534
1497534944957380000,89774,0.269513654,-2.514543069,1.020581806,-0.24525842,0.718349362,-0.585182512,0.285278687
1497534944967360000,89775,0.27843294,-2.514558936,1.019115131,-0.244305718,0.719595596,-0.585410875,0.28247301
1497534944977350000,89776,0.287426646,-2.514580213,1.017864007,-0.243924342,0.721354172,-0.584916491,0.279323776
1497534944987370000,89777,0.296814769,-2.514477809,1.016747801,-0.242219937,0.722616115,-0.585228525,0.276880888
1497534944997390000,89778,0.306212753,-2.514407522,1.015830541,-0.240803361,0.723720617,-0.585630668,0.274370061
1497534945007310000,89779,0.315787873,-2.514104702,1.015071873,-0.238914585,0.724908334,-0.585977085,0.272137069
1497534945017460000,89780,0.325660667,-2.513749319,1.014686818,-0.238255554,0.725666521,-0.585964342,0.270717901
1497534945027370000,89781,0.335552638,-2.513177927,1.014552952,-0.237562384,0.725804577,-0.586405965,0.269999767
1497534945037420000,89782,0.345671081,-2.512445409,1.014633994,-0.236669349,0.725604852,-0.587264676,0.269453926
1497534945047390000,89783,0.355992252,-2.511657444,1.014867161,-0.23644015,0.72524657,-0.587796822,0.269459393
1497534945057420000,89784,0.366235042,-2.510781655,1.015370579,-0.237287008,0.725631219,-0.586336308,0.270857791
1497534945067430000,89785,0.376639317,-2.509877998,1.015980779,-0.237664096,0.725589981,-0.585511281,0.272417872
1497534945077390000,89786,0.387108249,-2.508725961,1.016920759,-0.236975527,0.724933173,-0.585615977,0.274533096
1497534945087280000,89787,0.397523478,-2.50752133,1.018098063,-0.23694942,0.724291124,-0.58517071,0.277186904
1497534945097420000,89788,0.407690688,-2.506078702,1.019556282,-0.236900865,0.722745321,-0.585522762,0.280500045
1497534945107310000,89789,0.417635553,-2.504476946,1.021435921,-0.236598163,0.720719107,-0.585880047,0.285183887
1497534945117420000,89790,0.427496565,-2.502907851,1.023419342,-0.236174882,0.71806687,-0.587677344,0.288507774
1497534945127330000,89791,0.436943547,-2.501155584,1.025569619,-0.235801524,0.715015011,-0.589498195,0.292648344
1497534945137420000,89792,0.446047831,-2.499314219,1.0277759,-0.235692249,0.711103136,-0.592366222,0.29645194
1497534945147420000,89793,0.454967334,-2.497369379,1.030123845,-0.235264777,0.706566417,-0.59637472,0.299585673
1497534945157410000,89794,0.463553274,-2.495643961,1.032133098,-0.235620851,0.701878171,-0.600140658,0.302788768
1497534945167390000,89795,0.471997593,-2.493806531,1.03423253,-0.236537049,0.697025063,-0.603566183,0.306454154
1497534945177390000,89796,0.480098912,-2.492168756,1.036187074,-0.236354042,0.691926722,-0.607750913,0.309859655
1497534945187430000,89797,0.48771494,-2.490801285,1.037798382,-0.235891627,0.686975349,-0.612132441,0.312592202
1497534945197420000,89798,0.495354566,-2.489575448,1.039577931,-0.233988256,0.682213038,-0.616727215,0.315408322
1497534945207380000,89799,0.502496421,-2.488602959,1.041126928,-0.231461318,0.678678907,-0.620425323,0.317636613
1497534945217430000,89800,0.509669022,-2.487662918,1.042821513,-0.227505127,0.674931029,-0.624725798,0.320042499
1497534945227430000,89801,0.516315297,-2.486872335,1.044300833,-0.222920132,0.67142909,-0.629080041,0.322099199
1497534945237450000,89802,0.522769998,-2.486092589,1.045925411,-0.217642596,0.667716651,-0.633479518,0.324792049
1497534945247410000,89803,0.529063103,-2.48559256,1.047396615,-0.213292805,0.665410624,-0.636116747,0.327246641
1497534945257430000,89804,0.535299656,-2.485027329,1.048898263,-0.209153581,0.662722346,-0.639007729,0.329731699
1497534945267440000,89805,0.541720484,-2.484446287,1.050636578,-0.204796615,0.659809286,-0.642294732,0.331914943
1497534945277400000,89806,0.547853619,-2.484110482,1.052181724,-0.201677721,0.657536382,-0.644680505,0.333705034
1497534945287400000,89807,0.554056514,-2.483758503,1.054046907,-0.198518226,0.655100498,-0.647116892,0.335668854
1497534945297390000,89808,0.560517176,-2.483307266,1.056053586,-0.195682471,0.652016229,-0.650162267,0.337449602
1497534945307470000,89809,0.566665806,-2.482831494,1.058037419,0.194567728,-0.64954064,0.651826359,-0.339650929
1497534945317450000,89810,0.572796969,-2.482110665,1.060298291,0.193279259,-0.645867221,0.654620896,-0.342008981
1497534945327400000,89811,0.579052762,-2.481358503,1.062394174,0.1924835,-0.642198118,0.657346285,-0.344133028
1497534945337450000,89812,0.585428421,-2.48060995,1.064510251,0.192208183,-0.638630424,0.659643068,-0.346523043
1497534945347430000,89813,0.591521425,-2.479768747,1.066390332,0.19071673,-0.634132294,0.66306958,-0.349058871
1497534945357390000,89814,0.597993902,-2.479120646,1.068205167,0.191114749,-0.631107697,0.664670193,-0.351271635
1497534945367400000,89815,0.60455428,-2.478520266,1.069834078,0.191169187,-0.627866541,0.666196295,-0.354147491
1497534945377360000,89816,0.611219293,-2.477802687,1.071408281,0.191519095,-0.624729505,0.667401903,-0.357222875
1497534945387390000,89817,0.617799507,-2.477135556,1.072633782,0.193419833,-0.621325275,0.668659487,-0.359775154
1497534945397420000,89818,0.624521631,-2.476464135,1.073715111,0.195531509,-0.618768163,0.669098148,-0.362216864
1497534945407460000,89819,0.631506312,-2.47584111,1.074639285,0.197902431,-0.616433862,0.66914396,-0.364815409
1497534945417480000,89820,0.638632586,-2.475214229,1.075551441,0.199159793,-0.61406593,0.669671353,-0.367149409
1497534945427400000,89821,0.645406571,-2.474843166,1.075783951,0.202149314,-0.612330255,0.669408612,-0.368889447
1497534945437430000,89822,0.652434635,-2.474431806,1.076000268,0.20472537,-0.610906804,0.668798507,-0.370929855
1497534945447410000,89823,0.659853075,-2.474053234,1.076031041,0.206955578,-0.61033188,0.668022,-0.37203628
1497534945457430000,89824,0.667224748,-2.47390761,1.07562901,0.209632934,-0.609991289,0.666894685,-0.373116789
1497534945467420000,89825,0.674538003,-2.473936972,1.074967741,0.212601492,-0.609970548,0.665430324,-0.374084243
1497534945477330000,89826,0.681959581,-2.473940536,1.074150461,0.215052964,-0.610556874,0.663664793,-0.374862067
1497534945487390000,89827,0.689648441,-2.473821851,1.073254709,0.216699589,-0.611198562,0.662129995,-0.375581516
1497534945497420000,89828,0.697327028,-2.473733363,1.072194892,0.218523387,-0.611718163,0.660540158,-0.376477248
1497534945507430000,89829,0.704983272,-2.473884481,1.070860517,0.221416082,-0.61294197,0.657994155,-0.377254227
1497534945517420000,89830,0.712544348,-2.474151969,1.069395743,0.224506306,-0.613095093,0.656229897,-0.378250774
1497534945527370000,89831,0.720548334,-2.4743674,1.067995747,0.227416393,-0.61345522,0.654483329,-0.37895389
1497534945537430000,89832,0.728780267,-2.474661682,1.066570678,0.231378524,-0.614773058,0.651568132,-0.379443059
1497534945547440000,89833,0.737044984,-2.475053336,1.06507984,0.235146705,-0.615141998,0.649339131,-0.38034858
1497534945557430000,89834,0.745823912,-2.475363604,1.063830505,0.23887339,-0.615406806,0.646996762,-0.381587679
1497534945567380000,89835,0.754426602,-2.475713433,1.062326991,0.243403427,-0.616172567,0.64394293,-0.382653423
1497534945577400000,89836,0.763593406,-2.475700913,1.061238314,0.246210184,-0.615553828,0.642622528,-0.384070719
1497534945587440000,89837,0.772456556,-2.475893917,1.059834747,0.251128698,-0.615246892,0.639858087,-0.385988688
1497534945597420000,89838,0.78165919,-2.47552827,1.058892062,0.254652128,-0.614125694,0.6376618,-0.389087851
1497534945607400000,89839,0.790470049,-2.475072876,1.057831412,0.257709423,-0.612224858,0.6363684,-0.392175772
1497534945617410000,89840,0.799359226,-2.474562187,1.057121309,0.26028296,-0.609682292,0.635434881,-0.395932818
1497534945627400000,89841,0.807952415,-2.474303178,1.056082767,0.262934005,-0.606641292,0.634794681,-0.399859681
1497534945637470000,89842,0.817163708,-2.473890195,1.055714503,0.264453312,-0.60451412,0.634450665,-0.402615795
1497534945647400000,89843,0.826019839,-2.473763043,1.055028886,0.265263526,-0.601590713,0.634578381,-0.406243958
1497534945657450000,89844,0.834883739,-2.47380615,1.054401544,0.266123987,-0.598294972,0.635147237,-0.409645137
1497534945667420000,89845,0.843879315,-2.473930535,1.053712899,0.264051451,-0.594778147,0.63703378,-0.413163103
1497534945677420000,89846,0.85324378,-2.474416386,1.053133414,0.26486281,-0.591660015,0.63762328,-0.416200278
1497534945687370000,89847,0.863169275,-2.474666972,1.052935883,0.26361452,-0.590047975,0.637191821,-0.419925416
1497534945697470000,89848,0.87323244,-2.47518662,1.052406123,0.263493383,-0.587458636,0.637312047,-0.423434697
1497534945707410000,89849,0.883626861,-2.475624963,1.05200516,0.263129992,-0.585114412,0.636501447,-0.428100034
1497534945717490000,89850,0.894064431,-2.476023512,1.051466502,0.265386521,-0.582512664,0.635215506,-0.4321461
1497534945727420000,89851,0.904982919,-2.476413604,1.051146704,0.267307807,-0.581617236,0.633099186,-0.435262389
1497534945737420000,89852,0.915630117,-2.476592824,1.051159666,0.271131037,-0.579936071,0.631128667,-0.437993973
1497534945747400000,89853,0.926228284,-2.476607975,1.05165472,0.274847073,-0.578628641,0.62931732,-0.440008743
1497534945757480000,89854,0.936197322,-2.476533469,1.052446438,0.278754867,-0.575608794,0.628518606,-0.442645006
1497534945767400000,89855,0.946148463,-2.476442594,1.054118291,0.282850932,-0.57566469,0.626854475,-0.442333564
1497534945777440000,89856,0.955410425,-2.476359422,1.056338797,0.287927444,-0.575483865,0.625425228,-0.441315525
1497534945787440000,89857,0.964578043,-2.476381375,1.059089578,0.292911911,-0.574462048,0.624687656,-0.440410378
1497534945797480000,89858,0.973263562,-2.476334798,1.061755091,0.297813394,-0.57215124,0.624516946,-0.440373394
1497534945807390000,89859,0.981950523,-2.476422227,1.06431816,0.300733446,-0.570408736,0.62459441,-0.440539545
1497534945817490000,89860,0.990944085,-2.476644981,1.066617502,0.30284361,-0.568676787,0.624780267,-0.441069244
1497534945827390000,89861,1.000143103,-2.476945589,1.068479728,0.303722948,-0.569216037,0.623816528,-0.441133101
1497534945837470000,89862,1.008960215,-2.477250013,1.070051129,0.305460076,-0.56839265,0.622813955,-0.44241012
1497534945847410000,89863,1.017778406,-2.477463831,1.071357334,0.30703032,-0.569348236,0.620545052,-0.443281861
1497534945857480000,89864,1.026780056,-2.477521881,1.072789894,0.31027633,-0.569547487,0.618438615,-0.443709295
1497534945867360000,89865,1.035579965,-2.477386245,1.073984018,0.313682113,-0.569771577,0.616426275,-0.443827141
1497534945877460000,89866,1.044188,-2.47722671,1.074861173,0.319869866,-0.569333872,0.61376633,-0.443658768
1497534945887410000,89867,1.053022252,-2.476832607,1.075967481,0.327711044,-0.569864069,0.609361099,-0.443327718
1497534945897470000,89868,1.061500183,-2.476186858,1.076843685,0.334960524,-0.570280786,0.605493058,-0.44267305
1497534945907440000,89869,1.069595046,-2.4753644,1.077557551,0.342422089,-0.570117533,0.601596712,-0.442486732
1497534945917500000,89870,1.077244759,-2.474310452,1.077975392,0.349781527,-0.569378262,0.597616658,-0.443075172
1497534945927400000,89871,1.085040004,-2.473075611,1.078418406,0.356290169,-0.56898965,0.593822476,-0.443489528
1497534945937510000,89872,1.092529072,-2.471593045,1.078845704,0.362055815,-0.567219167,0.590897381,-0.444992459
1497534945947440000,89873,1.099603514,-2.469902641,1.07908592,0.369721863,-0.565465558,0.586438869,-0.446815286
1497534945957500000,89874,1.106170716,-2.46815264,1.078860409,0.375203362,-0.563423362,0.58310396,-0.449184065
1497534945967390000,89875,1.113022822,-2.466334549,1.078964787,0.380748624,-0.561983882,0.579232987,-0.451324438
1497534945977450000,89876,1.118104522,-2.465111944,1.077165057,0.386964012,-0.560418666,0.574174708,-0.454437209
1497534945987450000,89877,1.124554079,-2.463334579,1.076990976,0.39290755,-0.559975657,0.568518294,-0.456987823
1497534945997450000,89878,1.130957307,-2.461640091,1.076837936,0.396317498,-0.559542037,0.564194319,-0.45992382
1497534946007410000,89879,1.139368055,-2.459256562,1.078914248,-0.399677383,0.559968474,-0.559672599,0.462017185
1497534946017500000,89880,1.145765006,-2.457285496,1.079069371,-0.404741911,0.560014315,-0.553885331,0.464520174
1497534946027420000,89881,1.150392063,-2.455963504,1.076602939,-0.408663407,0.559834325,-0.549211287,0.466847632
1497534946037450000,89882,1.156378671,-2.453839268,1.076333156,-0.41178081,0.559429211,-0.544874085,0.469667705
1497534946047410000,89883,1.163122696,-2.451475966,1.076482149,-0.415983727,0.559352624,-0.540290619,0.471347248
1497534946057450000,89884,1.168994191,-2.449098873,1.076056181,-0.420122692,0.55802034,-0.536108148,0.474023498
1497534946067570000,89885,1.175733219,-2.446318031,1.076395567,-0.424161365,0.557205344,-0.532199747,0.475786475
1497534946077440000,89886,1.181447723,-2.443749409,1.075502528,-0.42931016,0.555735641,-0.527737585,0.477853246
1497534946087430000,89887,1.188024228,-2.440612318,1.075633792,-0.434821937,0.554663905,-0.522651946,0.479700718
1497534946097460000,89888,1.194696246,-2.437333056,1.075734049,-0.439965343,0.553065992,-0.518331303,0.481540409
1497534946107440000,89889,1.201185115,-2.433998954,1.075524968,-0.445601301,0.551743735,-0.513602955,0.482939267
1497534946117450000,89890,1.206408227,-2.43086745,1.073797833,-0.451343784,0.549171315,-0.509093879,0.485307198
1497534946127390000,89891,1.212553889,-2.427339631,1.07309558,-0.456148331,0.547037546,-0.505153264,0.48733849
1497534946137510000,89892,1.219163553,-2.423508647,1.073163431,-0.461814235,0.545103732,-0.499823598,0.489658968
1497534946147460000,89893,1.225074742,-2.419900487,1.072282344,-0.466484629,0.543054035,-0.495692335,0.491704704
1497534946157450000,89894,1.231102954,-2.415915911,1.071957487,-0.471411369,0.540466028,-0.491730591,0.49383076
1497534946167490000,89895,1.236136292,-2.412262403,1.070301647,-0.475527513,0.537896276,-0.488173398,0.496213577
1497534946177410000,89896,1.242480627,-2.40804571,1.070291446,-0.479877007,0.536259743,-0.483845774,0.498032944
1497534946187460000,89897,1.248256017,-2.403857199,1.069488433,-0.484363975,0.53395548,-0.480189007,0.499701514
1497534946197530000,89898,1.253713193,-2.399720758,1.068309039,-0.488605854,0.532433269,-0.476460503,0.500763939
1497534946207400000,89899,1.260157554,-2.395025408,1.068335688,-0.492862748,0.531351629,-0.472233581,0.501744159
1497534946217450000,89900,1.265823523,-2.390404751,1.067410019,-0.49661394,0.529260141,-0.469646882,0.502682906
1497534946227370000,89901,1.271666723,-2.385573555,1.066543978,-0.500809354,0.527171688,-0.466187357,0.503933875
1497534946237500000,89902,1.277242969,-2.380622704,1.065210205,-0.505368597,0.526027297,-0.462439831,0.504031017
1497534946247430000,89903,1.283716006,-2.375179663,1.065196098,-0.510028295,0.524028643,-0.45887429,0.504677625
1497534946257430000,89904,1.289353968,-2.369755632,1.063969922,-0.514756089,0.521864576,-0.455531283,0.505148278
1497534946267460000,89905,1.295512492,-2.363938347,1.063446184,-0.519283592,0.519991948,-0.451945996,0.505665643
1497534946277410000,89906,1.301257004,-2.358078641,1.062293427,-0.523638314,0.517852978,-0.448512313,0.506426613
1497534946287420000,89907,1.306724858,-2.352042704,1.060800642,-0.528011281,0.515733441,-0.444963605,0.507178959
1497534946297510000,89908,1.312223705,-2.345866084,1.059079623,-0.532262796,0.513880522,-0.441129564,0.507964401
1497534946307400000,89909,1.31832981,-2.33943174,1.058304635,-0.537889514,0.511912024,-0.436631957,0.507910903
1497534946317450000,89910,1.324387468,-2.332914149,1.05742885,-0.541649252,0.510421442,-0.433342685,0.508232384
1497534946327350000,89911,1.329629771,-2.326538974,1.055534932,-0.545611345,0.509161412,-0.429344891,0.508651042
1497534946337450000,89912,1.335583654,-2.319867609,1.054856125,-0.549223988,0.50720607,-0.426721518,0.50892412
1497534946347440000,89913,1.3406314,-2.31330804,1.053253753,-0.552582219,0.505905854,-0.423149818,0.509564902
1497534946357410000,89914,1.34609376,-2.306487843,1.052400162,-0.555611137,0.50406402,-0.420674158,0.510146039
1497534946367410000,89915,1.350854145,-2.299645198,1.05092205,-0.558096571,0.502206594,-0.418166256,0.511325471
1497534946377390000,89916,1.355824247,-2.292581276,1.049918089,-0.561485482,0.500439967,-0.415585579,0.511451385
1497534946387440000,89917,1.36090932,-2.28529336,1.049069813,-0.56442745,0.498088887,-0.413509496,0.512190405
1497534946397450000,89918,1.365575308,-2.277913804,1.047766639,-0.567227702,0.496107639,-0.411270201,0.512822353
1497534946407360000,89919,1.370078236,-2.270342411,1.046383969,-0.569739943,0.494315574,-0.409822577,0.512926863
1497534946417420000,89920,1.375055151,-2.262547374,1.045835267,-0.572421555,0.492606104,-0.407999552,0.513039136
1497534946427360000,89921,1.380064278,-2.254594509,1.045720561,-0.574933866,0.490974721,-0.406553749,0.512941442
1497534946437360000,89922,1.384401879,-2.24661035,1.044800103,-0.576709073,0.48965692,-0.405577548,0.51298109
1497534946447310000,89923,1.389322422,-2.238311259,1.045413499,-0.57810777,0.488227277,-0.404702791,0.513460011
1497534946457480000,89924,1.39374808,-2.229913201,1.045690734,-0.579747684,0.486553569,-0.403332922,0.514276969
1497534946467520000,89925,1.397913401,-2.221338189,1.04597787,-0.581175178,0.485176883,-0.401539707,0.515368478
1497534946477310000,89926,1.401971862,-2.212462524,1.04660095,-0.581330425,0.484045746,-0.400033619,0.517424156
1497534946487430000,89927,1.405896581,-2.203270839,1.047358414,-0.582103497,0.482292039,-0.398315816,0.519513636
1497534946497460000,89928,1.409731839,-2.193764647,1.048455415,-0.583423185,0.480183225,-0.395577627,0.522072599
1497534946507440000,89929,1.412668153,-2.18407693,1.048711934,-0.584960339,0.477910939,-0.392187415,0.524987207
1497534946517450000,89930,1.416671856,-2.173876849,1.051173331,-0.586892663,0.474812488,-0.389020155,0.527989983
1497534946527450000,89931,1.419343107,-2.163716779,1.052027302,-0.58868288,0.470719252,-0.386168621,0.531742088
1497534946537450000,89932,1.42220424,-2.153575054,1.0537013,-0.589428805,0.467407393,-0.383503767,0.535750757
1497534946547450000,89933,1.42434285,-2.143505994,1.054795619,-0.589982118,0.462765178,-0.381742366,0.540409341
1497534946557430000,89934,1.427003863,-2.133466919,1.056958656,-0.590901825,0.458320049,-0.37947168,0.544774274
1497534946567420000,89935,1.429261463,-2.123676264,1.058559878,-0.591591387,0.453272883,-0.377744513,0.549429164
1497534946577420000,89936,1.431352515,-2.114156703,1.059986055,-0.591631032,0.448293685,-0.376284782,0.554450409
1497534946587450000,89937,1.433529338,-2.104831695,1.061539838,-0.591643062,0.443328193,-0.374663935,0.559504724
1497534946597460000,89938,1.435548786,-2.095764024,1.062808994,-0.591134371,0.438056939,-0.373557889,0.564907759
1497534946607440000,89939,1.43822899,-2.086961853,1.065011469,-0.590858234,0.432920437,-0.372096164,0.570097261
1497534946617450000,89940,1.43952953,-2.078445187,1.064759784,-0.589049487,0.428767491,-0.370729759,0.575967522
1497534946627430000,89941,1.441473068,-2.070042244,1.065423137,-0.588251311,0.42437992,-0.368752937,0.581277344
1497534946637380000,89942,1.443719892,-2.061919923,1.066371635,-0.586327449,0.421172349,-0.366418249,0.587002251
1497534946647420000,89943,1.445560873,-2.053904235,1.066988047,-0.584042918,0.417546076,-0.364681137,0.592922266
1497534946657440000,89944,1.447597519,-2.046079348,1.067884801,-0.582132317,0.414009152,-0.361766194,0.599035566
1497534946667460000,89945,1.449397613,-2.03840073,1.068598337,-0.579891552,0.411675472,-0.358993448,0.60446075
1497534946677370000,89946,1.4514994,-2.030840782,1.070122381,-0.577849794,0.408791656,-0.356480733,0.609836441
1497534946687430000,89947,1.452526878,-2.023395791,1.070166849,-0.576164374,0.405063514,-0.353676693,0.615524947
1497534946697450000,89948,1.454015814,-2.016037885,1.071190577,-0.574698821,0.402306254,-0.351197314,0.620105951
1497534946707450000,89949,1.456138562,-2.008824713,1.073531992,-0.573099937,0.398894001,-0.348745609,0.625153212
1497534946717440000,89950,1.457005131,-2.001709204,1.074099623,-0.571393901,0.395916909,-0.346524204,0.629825204
1497534946727450000,89951,1.458299017,-1.994709204,1.075562637,-0.569317122,0.392566099,-0.344336077,0.634982313
1497534946737450000,89952,1.459871762,-1.987737222,1.077448597,-0.567534274,0.389746999,-0.341990965,0.639565715
1497534946747410000,89953,1.460800724,-1.980727421,1.078234315,-0.565935923,0.386967283,-0.339479082,0.643992862
1497534946757420000,89954,1.461993967,-1.973820213,1.079504061,-0.564523032,0.383415033,-0.336242791,0.64903578
1497534946767430000,89955,1.463621778,-1.966814041,1.081222183,-0.563605648,0.380783535,-0.333067595,0.653007312
1497534946777320000,89956,1.465234457,-1.959782727,1.082933957,-0.563182994,0.377495957,-0.329194968,0.65723085
1497534946787450000,89957,1.466667766,-1.952711461,1.084232626,-0.563295566,0.373799331,-0.32511283,0.661266824
1497534946797430000,89958,1.467815873,-1.945605283,1.085142238,-0.5634048,0.370262366,-0.321233623,0.665048698
1497534946807410000,89959,1.469454252,-1.93864819,1.086802061,-0.56336821,0.365462844,-0.317577961,0.669475473
1497534946817420000,89960,1.47055098,-1.931693819,1.087721913,-0.563778198,0.361421723,-0.314045709,0.672981259
1497534946827360000,89961,1.47161727,-1.924722199,1.088529627,-0.564238651,0.356607726,-0.310605433,0.67674954
1497534946837390000,89962,1.473284832,-1.917940308,1.090344785,-0.565045179,0.351066047,-0.307668491,0.680306311
1497534946847410000,89963,1.473900902,-1.910939213,1.090321848,-0.565883059,0.346170542,-0.304986259,0.683319619
1497534946857420000,89964,1.475109044,-1.904131685,1.091194629,-0.566248977,0.34008,-0.302557735,0.687143731
1497534946867430000,89965,1.476116684,-1.897219304,1.091506118,-0.567370257,0.334907212,-0.300178841,0.689797662
1497534946877370000,89966,1.477390646,-1.890312975,1.092241947,-0.569235355,0.329398507,-0.297311536,0.692151418
1497534946887390000,89967,1.478521103,-1.883357721,1.092503438,-0.569946489,0.323548852,-0.295087805,0.695269967
1497534946897460000,89968,1.479433038,-1.876363547,1.092242929,-0.571404916,0.319291949,-0.292504464,0.697129982
1497534946907440000,89969,1.481207193,-1.869466622,1.093195676,-0.572672962,0.314576936,-0.289684021,0.699407033
1497534946917460000,89970,1.482175447,-1.862407762,1.092652385,-0.573704769,0.31116978,-0.286919188,0.701222921
1497534946927360000,89971,1.483851838,-1.855348592,1.09286448,-0.575758901,0.308247448,-0.283895918,0.702060045
1497534946937450000,89972,1.485414446,-1.848187142,1.092789558,-0.577511298,0.305113789,-0.280671098,0.703285156
1497534946947460000,89973,1.486906316,-1.840999973,1.092414552,-0.579371762,0.302082263,-0.277681783,0.704249597
1497534946957450000,89974,1.488338279,-1.833541716,1.091541787,-0.582025594,0.299069591,-0.274518573,0.704587212
1497534946967440000,89975,1.49014547,-1.826078778,1.091129931,-0.584664134,0.296526825,-0.271222513,0.704753887
1497534946977450000,89976,1.49171323,-1.818397283,1.0899105,-0.587465017,0.294052439,-0.268383478,0.704548313
1497534946987460000,89977,1.49344988,-1.810607959,1.08874371,-0.590053899,0.291843688,-0.26507337,0.704556433
1497534946997460000,89978,1.495040785,-1.802742477,1.087184426,-0.593065395,0.289479204,-0.262090958,0.704118994
1497534947007400000,89979,1.496951969,-1.794615782,1.085837706,-0.59599448,0.286386186,-0.258687902,0.704169086
1497534947017460000,89980,1.498808329,-1.786444517,1.084422463,-0.599285098,0.283492646,-0.254947501,0.703911261
1497534947027430000,89981,1.500319548,-1.777950998,1.082564786,-0.602235828,0.280873519,-0.251971199,0.703514455
1497534947037460000,89982,1.502135989,-1.769462707,1.0810762,-0.605111743,0.277870123,-0.248254026,0.70356088
1497534947047440000,89983,1.503432945,-1.760872541,1.079087816,-0.607788437,0.275018994,-0.244727359,0.703609471
1497534947057470000,89984,1.504993848,-1.752505532,1.077744196,-0.609118901,0.272193183,-0.24149253,0.704674672
1497534947067460000,89985,1.506487215,-1.744144628,1.076017441,-0.60993975,0.27006964,-0.237820145,0.706029368
1497534947077420000,89986,1.507728459,-1.735823547,1.074289059,-0.610871802,0.267369261,-0.23495799,0.707208641
1497534947087420000,89987,1.509532295,-1.727688411,1.073167938,-0.61187784,0.265476175,-0.231078006,0.70832963
1497534947097460000,89988,1.510971457,-1.719584689,1.072068974,-0.610235736,0.262766803,-0.229731606,0.711188683
1497534947107410000,89989,1.512539753,-1.711275265,1.070606827,-0.61009239,0.261276601,-0.226707302,0.712829302
1497534947117450000,89990,1.513963951,-1.703005979,1.069549627,-0.60721663,0.259160702,-0.226359644,0.716159903
1497534947127420000,89991,1.515947541,-1.69447847,1.068624326,-0.605778262,0.259169841,-0.22418232,0.718057086
1497534947137360000,89992,1.518027918,-1.685881345,1.068287879,-0.603015375,0.258180936,-0.223989414,0.720793871
1497534947147370000,89993,1.520104393,-1.677089764,1.067481811,-0.599522799,0.258799596,-0.22208495,0.724067302
1497534947157460000,89994,1.522052363,-1.667688192,1.066510045,-0.596908541,0.25825286,-0.221451305,0.726611982
1497534947167450000,89995,1.524440437,-1.658163434,1.065879385,-0.595381794,0.258888954,-0.219915718,0.728103087
1497534947177420000,89996,1.526002175,-1.64871566,1.064522404,-0.592932955,0.25291486,-0.215592654,0.733474193
1497534947187440000,89997,1.528353962,-1.638406632,1.063628258,-0.592202253,0.25102799,-0.213450985,0.735336737
1497534947197470000,89998,1.529985795,-1.627534575,1.061504204,-0.590813389,0.249029812,-0.210492333,0.737981483
1497534947207470000,89999,1.532429522,-1.616832724,1.060674689,-0.590220248,0.24579157,-0.208111977,0.740213461
1497534947217470000,90000,1.535186669,-1.6058846,1.059958802,-0.590068558,0.243835045,-0.205226804,0.741785364
1497534947227420000,90001,1.537930966,-1.594943051,1.059315091,-0.589965586,0.242555079,-0.20242811,0.743054844
1497534947237470000,90002,1.540895777,-1.583803797,1.059221811,-0.59060614,0.241175795,-0.199514214,0.743782698
1497534947247450000,90003,1.543595387,-1.572823565,1.058875691,-0.590729605,0.241324682,-0.196561097,0.744422371
1497534947257460000,90004,1.546520582,-1.562331054,1.059746032,-0.590634217,0.242626683,-0.194632209,0.744581639
1497534947267440000,90005,1.548853663,-1.552491431,1.060964979,-0.589341302,0.244120594,-0.195859121,0.74479606
1497534947277430000,90006,1.551918052,-1.54236466,1.062679411,-0.592609549,0.248427619,-0.193278952,0.741445134
1497534947287440000,90007,1.55484407,-1.532405975,1.06480451,-0.596211967,0.24956451,-0.192811165,0.73829039
1497534947297440000,90008,1.55757021,-1.522777411,1.066630804,-0.597052536,0.2496078,-0.193688036,0.737366368
1497534947307470000,90009,1.56057733,-1.513039144,1.068982022,-0.599159106,0.249825356,-0.194226979,0.735439691
1497534947317460000,90010,1.563040023,-1.503654401,1.070978647,-0.597329864,0.248525475,-0.198609043,0.736197372
1497534947327370000,90011,1.565716706,-1.494075596,1.072850583,-0.597914952,0.24887457,-0.200193476,0.735174626
1497534947337460000,90012,1.569266845,-1.483746392,1.073991876,-0.60175036,0.253672641,-0.196395458,0.731420207
1497534947347470000,90013,1.571897622,-1.474553695,1.075751338,-0.601843299,0.252868054,-0.199523477,0.73077546
1497534947357450000,90014,1.573057398,-1.466502863,1.077722514,-0.596977654,0.247149483,-0.208571902,0.734188379
1497534947367430000,90015,1.575837188,-1.456882634,1.078080573,-0.601222671,0.251132558,-0.205205708,0.730311136
1497534947377420000,90016,1.57806674,-1.448179887,1.079016067,-0.603905332,0.249644003,-0.207410057,0.727981655
1497534947387460000,90017,1.580047702,-1.439905321,1.07951627,-0.60618083,0.248041756,-0.208179378,0.726416846
1497534947397450000,90018,1.582319676,-1.431394341,1.080260405,-0.611435176,0.247240982,-0.207016587,0.722608508
1497534947407440000,90019,1.584711614,-1.422860099,1.080935066,-0.617491409,0.247964667,-0.205489125,0.717629503
1497534947417460000,90020,1.587143929,-1.41451418,1.081777615,-0.622899411,0.249442697,-0.204306387,0.712764733
1497534947427390000,90021,1.589390648,-1.406464437,1.082629124,-0.626568566,0.252461537,-0.202261379,0.709059475
1497534947437470000,90022,1.591231459,-1.398010697,1.082941665,-0.628376313,0.259263002,-0.196495142,0.706622647
1497534947447450000,90023,1.592378799,-1.390656427,1.082969321,-0.633421983,0.258460271,-0.190980751,0.703918484
1497534947457460000,90024,1.593887293,-1.383619994,1.083342671,-0.635253186,0.258183544,-0.188448493,0.703051786
1497534947467510000,90025,1.595625573,-1.376401386,1.083602896,-0.635212742,0.259875765,-0.187514753,0.702714434
1497534947477450000,90026,1.59684457,-1.369461644,1.083697812,-0.637629493,0.259390082,-0.184718955,0.701444455
1497534947487440000,90027,1.598327431,-1.362211101,1.084161729,-0.637869012,0.261328543,-0.183815927,0.700744049
1497534947497470000,90028,1.59969079,-1.355274468,1.084383858,-0.639594871,0.261025961,-0.182840407,0.699537872
1497534947507520000,90029,1.600905166,-1.348203308,1.084359451,-0.641783577,0.260719706,-0.182081467,0.697843403
1497534947517450000,90030,1.601988716,-1.341219507,1.084334831,-0.64450367,0.260179829,-0.182348566,0.695464217
1497534947527440000,90031,1.603456322,-1.334163918,1.084318167,-0.646548009,0.261042188,-0.182722753,0.693141431
1497534947537470000,90032,1.604942668,-1.327143964,1.084234964,-0.648669334,0.262765505,-0.182863418,0.690466042
1497534947547470000,90033,1.605978986,-1.320594898,1.083773453,-0.65169491,0.262655727,-0.181867279,0.687917151
1497534947557470000,90034,1.607583665,-1.313500297,1.083735803,-0.65382875,0.26499812,-0.181804263,0.685004506
1497534947567430000,90035,1.608722109,-1.306878858,1.083133915,-0.654859359,0.266038237,-0.181994873,0.683564732
1497534947577440000,90036,1.609791757,-1.300113512,1.082769891,-0.656741117,0.266752192,-0.181117242,0.681711756
1497534947587460000,90037,1.610599179,-1.293460992,1.082104589,-0.658216043,0.266780535,-0.181256797,0.680239488
1497534947597480000,90038,1.611737771,-1.286429547,1.081603355,-0.659341901,0.268151128,-0.181400277,0.678569944
1497534947607450000,90039,1.612532399,-1.279432008,1.080913536,-0.660581344,0.269376867,-0.181124913,0.676950631
1497534947617440000,90040,1.61346341,-1.272133663,1.080343215,-0.662886596,0.270263538,-0.181106886,0.674343589
1497534947627440000,90041,1.614293526,-1.264953852,1.079489885,-0.665446731,0.270195048,-0.180586165,0.67198506
1497534947637430000,90042,1.614870126,-1.257717777,1.078541148,-0.667311113,0.270402746,-0.180839944,0.669981453
1497534947647450000,90043,1.615556439,-1.250331173,1.077618873,-0.669268682,0.270881971,-0.181059789,0.667772223
1497534947657470000,90044,1.616362314,-1.24278632,1.076850975,-0.671115634,0.272276866,-0.181579582,0.665205209
1497534947667480000,90045,1.616881265,-1.235256303,1.075937535,-0.67314047,0.272675749,-0.182278654,0.662800374
1497534947677410000,90046,1.617581523,-1.227476383,1.075067023,-0.675535234,0.273387429,-0.182487371,0.66000744
1497534947687440000,90047,1.618003264,-1.219860194,1.073981806,-0.677404816,0.273940702,-0.182664205,0.657809239
1497534947697470000,90048,1.618542605,-1.211962135,1.072724704,-0.679287451,0.27427266,-0.18387398,0.655387997
1497534947707460000,90049,1.619188513,-1.203764696,1.071589197,-0.680997037,0.275943458,-0.184491889,0.652733473
1497534947717460000,90050,1.619467701,-1.195769786,1.070114468,-0.684201249,0.276041827,-0.183927014,0.649492428
1497534947727380000,90051,1.61988586,-1.187430297,1.068713747,-0.686381542,0.276595236,-0.184468399,0.646797391
1497534947737470000,90052,1.620473149,-1.178869398,1.067519916,-0.688979723,0.277999374,-0.184406812,0.643441853
1497534947747470000,90053,1.620942705,-1.170293198,1.065727114,-0.691281774,0.278359063,-0.1855213,0.640490115
1497534947757480000,90054,1.621278844,-1.161687524,1.064253778,-0.694276403,0.278632577,-0.185635666,0.637089917
1497534947767440000,90055,1.621796927,-1.152901658,1.062920825,-0.695881378,0.280054075,-0.1865198,0.63445188
1497534947777390000,90056,1.622085759,-1.144382793,1.061013698,-0.697251831,0.280436376,-0.18822184,0.632271985
1497534947787470000,90057,1.622257371,-1.136005638,1.059407984,-0.699137555,0.281436396,-0.188732017,0.629587532
1497534947797450000,90058,1.622527391,-1.12762636,1.057760674,-0.699695177,0.28322025,-0.190608928,0.627599543
1497534947807440000,90059,1.622887586,-1.119326472,1.055973893,-0.700828139,0.284468079,-0.191297187,0.625558324
1497534947817460000,90060,1.622896749,-1.111217932,1.054349099,-0.700720828,0.286419485,-0.19294552,0.624280567
1497534947827470000,90061,1.623025734,-1.102933523,1.052867538,-0.700106972,0.288783175,-0.194319823,0.623453537
1497534947837420000,90062,1.622933363,-1.094567923,1.051325593,-0.700075347,0.291342845,-0.1956104,0.621892617
1497534947847440000,90063,1.622658079,-1.086157637,1.049550442,-0.699657325,0.293299791,-0.196776807,0.621074673
1497534947857440000,90064,1.622171262,-1.077551358,1.047931558,-0.699035582,0.295187034,-0.198634589,0.62028878
1497534947867430000,90065,1.62158907,-1.068642156,1.046367403,-0.698515544,0.297056411,-0.199674914,0.619647845
1497534947877390000,90066,1.620718119,-1.059488342,1.044999952,-0.697933499,0.298760267,-0.201623268,0.618853127
1497534947887450000,90067,1.619810915,-1.050165531,1.043774269,-0.697684955,0.300632115,-0.202805721,0.617839683
1497534947897500000,90068,1.618966496,-1.040719653,1.042772383,-0.697247199,0.301911265,-0.203887536,0.617353873
1497534947907540000,90069,1.617837617,-1.031266136,1.04186635,-0.696474682,0.303326461,-0.204907406,0.617194483
1497534947917500000,90070,1.616659602,-1.021595589,1.041647604,-0.695240986,0.305653972,-0.205830682,0.617129931
1497534947927500000,90071,1.615446789,-1.011943162,1.041452413,-0.692872675,0.307822853,-0.207113639,0.618285118
1497534947937480000,90072,1.614081056,-1.002213677,1.041608469,-0.691352393,0.308734604,-0.207858249,0.619281649
1497534947947480000,90073,1.612644235,-0.992317184,1.04205043,-0.690097485,0.310383719,-0.20688976,0.620180648
1497534947957410000,90074,1.610991741,-0.982241792,1.042792548,-0.688506602,0.311307969,-0.2057209,0.621872107
1497534947967450000,90075,1.60904091,-0.972053837,1.043688542,-0.687283425,0.311967516,-0.203388975,0.623659112
1497534947977450000,90076,1.606758072,-0.962020611,1.044734262,-0.685990248,0.310415977,-0.201143663,0.626578429
1497534947987450000,90077,1.604272684,-0.951982271,1.046095839,-0.684500331,0.308717888,-0.198286653,0.629948384
1497534947997470000,90078,1.601632768,-0.942141888,1.047810535,-0.682305282,0.305465151,-0.195698905,0.634706611
1497534948007510000,90079,1.598882218,-0.932503091,1.049828325,-0.679977592,0.302080595,-0.193602724,0.639449587
1497534948017470000,90080,1.596162067,-0.923067028,1.051665344,-0.677321065,0.297981889,-0.192618935,0.644469483
1497534948027450000,90081,1.593602625,-0.913865671,1.053880423,-0.674558954,0.294151546,-0.191695163,0.649382822
1497534948037460000,90082,1.591093569,-0.904987303,1.055922739,-0.671373908,0.290409726,-0.191952337,0.654273312
1497534948047450000,90083,1.58827211,-0.896658532,1.057635526,-0.667132687,0.286632802,-0.193553576,0.659782258
1497534948057500000,90084,1.586068002,-0.88845089,1.059410569,-0.663401083,0.283453214,-0.194398257,0.664652237
1497534948067490000,90085,1.58457061,-0.880169948,1.061329026,-0.659012722,0.281963269,-0.19542732,0.669333332
1497534948077380000,90086,1.582791718,-0.872431601,1.062749659,-0.654109756,0.28086798,-0.196685329,0.674216943
1497534948087420000,90087,1.581419,-0.864860272,1.064459065,-0.648569828,0.281100805,-0.197840243,0.679116156
1497534948097480000,90088,1.580071487,-0.857466573,1.065658183,-0.644710264,0.281243933,-0.19726832,0.682887791
1497534948107550000,90089,1.579043449,-0.850126441,1.066975918,-0.639776999,0.282269557,-0.197484796,0.687029144
1497534948117470000,90090,1.578078202,-0.842955542,1.068332422,-0.635438273,0.28338687,-0.196755399,0.690794757
1497534948127460000,90091,1.577193646,-0.835908469,1.06974153,-0.630972277,0.284296974,-0.196040214,0.694706737
1497534948137460000,90092,1.576510547,-0.829007035,1.071042575,-0.626259156,0.285523553,-0.196314943,0.698381137
1497534948147510000,90093,1.5757762,-0.82225873,1.072473598,-0.62263779,0.285823231,-0.195288522,0.701776073
1497534948157520000,90094,1.575154123,-0.815344441,1.074179924,-0.618601287,0.287233631,-0.195699899,0.704649444
1497534948167460000,90095,1.57447645,-0.808695199,1.075782604,-0.614233966,0.287564848,-0.19653624,0.708093637
1497534948177450000,90096,1.57367754,-0.801969288,1.077429698,-0.611522015,0.286672108,-0.196286926,0.710866634
1497534948187460000,90097,1.572738979,-0.795304718,1.079103482,-0.608153379,0.285037738,-0.196404367,0.714372648
1497534948197480000,90098,1.572083889,-0.78843041,1.080620106,-0.605270915,0.283366416,-0.196897568,0.717343671
1497534948207470000,90099,1.571368236,-0.781555825,1.082302133,-0.602735067,0.281330624,-0.196386109,0.720413781
1497534948217490000,90100,1.570632154,-0.774544656,1.083868187,-0.600484562,0.279151622,-0.195942481,0.723255976
1497534948227460000,90101,1.569949356,-0.767505901,1.085046244,-0.59842302,0.276648169,-0.195705954,0.72598544
1497534948237480000,90102,1.569254473,-0.760411553,1.086214844,-0.597280485,0.274731541,-0.193950867,0.728122011
1497534948247460000,90103,1.568970316,-0.753123766,1.087665258,-0.59514316,0.273379708,-0.193177455,0.730582387
1497534948257480000,90104,1.568383533,-0.745956145,1.088289428,-0.594644484,0.271332652,-0.191878334,0.732092367
1497534948267490000,90105,1.567663176,-0.738843196,1.088645861,-0.593244651,0.268453745,-0.191510136,0.734382216
1497534948277460000,90106,1.567609117,-0.731155862,1.089480404,-0.593436612,0.267830694,-0.190519609,0.734712179
1497534948287540000,90107,1.567139181,-0.72385934,1.089607903,-0.593769436,0.26496874,-0.189532973,0.735735466
1497534948297480000,90108,1.566753154,-0.716349034,1.089796008,-0.594057196,0.263076085,-0.188871414,0.736352232
1497534948307490000,90109,1.566523213,-0.708744286,1.089633366,-0.59431232,0.26130549,-0.188516264,0.736867644
1497534948317480000,90110,1.566232646,-0.701100044,1.089424554,-0.595034798,0.260013395,-0.187599511,0.736975609
1497534948327460000,90111,1.565767622,-0.693497854,1.088522337,-0.59644823,0.257722006,-0.186580159,0.736896683
1497534948337480000,90112,1.565764863,-0.685487233,1.087781544,-0.597327017,0.256960579,-0.185846496,0.736636122
1497534948347460000,90113,1.565734088,-0.677406293,1.086763108,-0.599426833,0.256802431,-0.184458876,0.735333194
1497534948357540000,90114,1.56626802,-0.668941731,1.085911961,-0.601366414,0.256620136,-0.182989279,0.734179451
1497534948367470000,90115,1.56595705,-0.660891352,1.08392693,-0.603166349,0.255071802,-0.182143544,0.733452426
1497534948377470000,90116,1.566184408,-0.652346233,1.082032718,-0.605548474,0.254548565,-0.181492622,0.731830924
1497534948387530000,90117,1.566529829,-0.643740794,1.080014186,-0.608061829,0.2533026,-0.180418962,0.730443429
1497534948397450000,90118,1.566994108,-0.634969373,1.077947826,-0.610738662,0.253154665,-0.180098114,0.728337608
1497534948407470000,90119,1.567553531,-0.625980193,1.075903182,-0.613608765,0.252825222,-0.179024287,0.726301587
1497534948417490000,90120,1.568204444,-0.616881227,1.073568439,-0.617229537,0.251930159,-0.176934438,0.724053243
1497534948427460000,90121,1.568948241,-0.607603238,1.071365834,-0.61988814,0.251355856,-0.176393172,0.722111056
1497534948437480000,90122,1.569561242,-0.598327795,1.069137213,-0.622328621,0.250772252,-0.175572969,0.720412728
1497534948447470000,90123,1.569935032,-0.589197281,1.067031591,-0.623949029,0.24945977,-0.174464651,0.719735728
1497534948457470000,90124,1.569941952,-0.580259146,1.064653415,-0.623469133,0.247939961,-0.174725844,0.720612861
1497534948467490000,90125,1.570175713,-0.571466523,1.062730932,-0.622986309,0.246703548,-0.173349715,0.721786184
1497534948477460000,90126,1.570312886,-0.562881357,1.061169283,-0.621193709,0.246090385,-0.172389454,0.723767763
1497534948487470000,90127,1.570393138,-0.554428799,1.059553143,-0.61958968,0.244824724,-0.171583581,0.725760675
1497534948497440000,90128,1.570554343,-0.545907156,1.058240661,-0.616448758,0.244890728,-0.172204557,0.728261664
1497534948507480000,90129,1.571036701,-0.537161897,1.057048168,-0.614278434,0.244373223,-0.172790181,0.730128267
1497534948517480000,90130,1.571688222,-0.528223551,1.055912483,-0.60978108,0.243520881,-0.174310712,0.733812231
1497534948527440000,90131,1.572510605,-0.518942818,1.054944497,-0.606890396,0.243440611,-0.174714945,0.736135453
1497534948537490000,90132,1.573380036,-0.509427038,1.053684341,-0.603449565,0.243758334,-0.175264289,0.73872385
1497534948547480000,90133,1.574498781,-0.49944027,1.05257833,-0.599849807,0.244580984,-0.17555989,0.741309029
1497534948557560000,90134,1.575662131,-0.489045402,1.051547583,-0.596837087,0.245162665,-0.175000875,0.743676982
1497534948567450000,90135,1.576947164,-0.478067607,1.050647661,-0.59430636,0.245303982,-0.173934247,0.745904005
1497534948577440000,90136,1.57831864,-0.466806547,1.049868334,-0.593236852,0.243280949,-0.172297727,0.747795366
1497534948587470000,90137,1.579334269,-0.455422899,1.048975455,-0.592320858,0.241731848,-0.170218112,0.749498171
1497534948597480000,90138,1.580823709,-0.44371021,1.049119316,-0.592318844,0.239803751,-0.168377195,0.750534255
1497534948607460000,90139,1.582431041,-0.432255686,1.049787841,-0.592642644,0.237708041,-0.167058555,0.751239657
1497534948617430000,90140,1.58386131,-0.421124683,1.050575967,-0.592362554,0.238331712,-0.167468619,0.751171659
1497534948627380000,90141,1.586035052,-0.410223315,1.052469657,-0.593224202,0.238650442,-0.168032003,0.750264126
1497534948637460000,90142,1.588117437,-0.399708018,1.054240343,-0.595759216,0.241077974,-0.167872728,0.747509943
1497534948647510000,90143,1.589198809,-0.389921647,1.05373797,-0.598090192,0.245896364,-0.16838649,0.743955032
1497534948657580000,90144,1.591893483,-0.379766184,1.055930165,-0.600227463,0.247616046,-0.169281833,0.741455965
1497534948667560000,90145,1.594686939,-0.369737614,1.058110521,-0.601475288,0.249273849,-0.171098624,0.739469599
1497534948677460000,90146,1.597371831,-0.359763608,1.060267579,-0.601515557,0.251072612,-0.173541305,0.738258081
1497534948687460000,90147,1.600015562,-0.349865858,1.06225237,-0.60116251,0.253726731,-0.176994042,0.736817136
1497534948697470000,90148,1.602567611,-0.339992984,1.064095485,-0.600662225,0.256244289,-0.180640011,0.735467839
1497534948707490000,90149,1.604823836,-0.330281766,1.065710096,-0.599795238,0.258055099,-0.184940914,0.734472665
1497534948717500000,90150,1.607042164,-0.320629257,1.067202722,-0.600385576,0.25902576,-0.188317855,0.732788647
1497534948727470000,90151,1.608885286,-0.311339417,1.068417321,-0.601248365,0.259470642,-0.191961666,0.730976134
1497534948737500000,90152,1.610561643,-0.302125906,1.069171641,-0.603699624,0.259652339,-0.194401762,0.728241294
1497534948747500000,90153,1.612226771,-0.293154282,1.070156227,-0.606555725,0.25873544,-0.196292242,0.725682768
1497534948757490000,90154,1.613738501,-0.284286831,1.070898985,-0.610559352,0.258424581,-0.19653423,0.722363005
1497534948767460000,90155,1.61542385,-0.275609115,1.071533001,-0.616263996,0.25800283,-0.195536468,0.717926679
1497534948777400000,90156,1.617340636,-0.266999331,1.072473097,-0.620989656,0.258898544,-0.194670426,0.713755432
1497534948787470000,90157,1.619146621,-0.258647997,1.073217155,-0.625394271,0.260058661,-0.193024414,0.709924696
1497534948797470000,90158,1.620849236,-0.250626058,1.073882285,-0.628601152,0.262206121,-0.191742473,0.706642318
1497534948807480000,90159,1.622309804,-0.243099805,1.074310789,-0.630819616,0.263324939,-0.190229875,0.704655365
1497534948817490000,90160,1.623702853,-0.235773303,1.074733496,-0.632065616,0.264945359,-0.188880718,0.703293032
1497534948827450000,90161,1.625202758,-0.228468085,1.07529446,-0.63272919,0.266472536,-0.187724811,0.702428327
1497534948837500000,90162,1.626360161,-0.221477235,1.075204707,-0.633954134,0.268007737,-0.186646134,0.701025841
1497534948847480000,90163,1.62792665,-0.214220674,1.075622926,-0.635043909,0.270104158,-0.186136964,0.699368292
1497534948857440000,90164,1.629194009,-0.207336327,1.075637316,-0.636349336,0.271689126,-0.186390221,0.697497833
1497534948867460000,90165,1.630614909,-0.200423409,1.075839861,-0.63744849,0.274282026,-0.187184118,0.695263187
1497534948877470000,90166,1.632014782,-0.193569952,1.075790476,-0.639089996,0.27673018,-0.18714344,0.692792694
1497534948887460000,90167,1.63346005,-0.186895092,1.075940093,-0.639970345,0.279451467,-0.188590351,0.690491502
1497534948897370000,90168,1.634662112,-0.180215828,1.075618624,-0.64097953,0.282020641,-0.18931839,0.688308177
1497534948907480000,90169,1.636060596,-0.173561307,1.07540179,-0.642697708,0.284670435,-0.190049917,0.68540749
1497534948917500000,90170,1.637366518,-0.166989699,1.075329899,-0.644460215,0.286698487,-0.19072906,0.682713289
1497534948927470000,90171,1.638561275,-0.160473156,1.074967735,-0.644950531,0.289709894,-0.191696484,0.680705111
1497534948937310000,90172,1.639798773,-0.153647739,1.074569164,-0.647213064,0.291469306,-0.191780697,0.677776555
1497534948947230000,90173,1.64063409,-0.146915329,1.073850563,-0.648399874,0.293704284,-0.192733791,0.675402904
1497534948957490000,90174,1.642366021,-0.139576974,1.073086191,-0.655167193,0.297664594,-0.188335277,0.668342399
1497534948967400000,90175,1.643276028,-0.132524449,1.07257799,-0.656444985,0.299595051,-0.189016927,0.66602957
1497534948977410000,90176,1.644320297,-0.125093173,1.071520895,-0.659613705,0.301588788,-0.18767035,0.662369839
1497534948987430000,90177,1.645178796,-0.11763059,1.07067973,-0.661866327,0.302987698,-0.187702088,0.659468988
1497534948997490000,90178,1.645974726,-0.110066498,1.069912969,-0.663542253,0.304086804,-0.188780724,0.65696631
1497534949007470000,90179,1.646877577,-0.102250829,1.068932078,-0.666648616,0.305351939,-0.188065617,0.653430286
1497534949017480000,90180,1.647566934,-0.094385819,1.067766546,-0.669711303,0.306079156,-0.188310181,0.64987814
1497534949027470000,90181,1.64829878,-0.086524343,1.066682182,-0.672495749,0.307428855,-0.187778586,0.646510766
1497534949037480000,90182,1.648918487,-0.078587133,1.06563226,-0.67378367,0.308270321,-0.189189424,0.644354202
1497534949047470000,90183,1.649471608,-0.07049009,1.064467934,-0.675955488,0.308903394,-0.189770169,0.641599685
1497534949057490000,90184,1.650156647,-0.062370666,1.063224525,-0.677754373,0.31076087,-0.189395775,0.638909956
1497534949067500000,90185,1.650664439,-0.054099041,1.062013009,-0.679465623,0.311510174,-0.190461109,0.636405881
1497534949077490000,90186,1.651085685,-0.045745423,1.060900448,-0.681064042,0.311498949,-0.191961902,0.634248219
1497534949087470000,90187,1.651527386,-0.037318987,1.05927533,-0.682408582,0.313239007,-0.191516541,0.632076947
1497534949097490000,90188,1.651711042,-0.028871329,1.058030245,-0.683774627,0.313263492,-0.193248908,0.630058015
1497534949107490000,90189,1.651991207,-0.020412237,1.056602326,-0.684298946,0.313807021,-0.194112996,0.628951708
1497534949117490000,90190,1.652288688,-0.011927754,1.055243658,-0.685322999,0.314751177,-0.194486884,0.627247109
1497534949127500000,90191,1.652270976,-0.00328855,1.053728298,-0.686388982,0.314098114,-0.196623303,0.625741014
1497534949137420000,90192,1.652644397,0.005133133,1.052340667,-0.686427697,0.316271582,-0.197202811,0.624420014
1497534949147500000,90193,1.652915794,0.013557976,1.050943778,-0.68683408,0.317404127,-0.197505413,0.623301835
1497534949157430000,90194,1.652965949,0.022003421,1.049156261,-0.686577414,0.318380985,-0.199012856,0.622606526
1497534949167480000,90195,1.653161569,0.03040586,1.047908682,-0.686635309,0.319601604,-0.200013408,0.621595853
1497534949177490000,90196,1.653265478,0.038884315,1.046258881,-0.686060712,0.321660991,-0.200650201,0.620962481
1497534949187500000,90197,1.653233354,0.047623847,1.044696731,-0.685918103,0.322660351,-0.202378281,0.620040068
1497534949197500000,90198,1.653210791,0.056411592,1.042878264,-0.686072882,0.324860209,-0.202171786,0.618786242
1497534949207480000,90199,1.653102064,0.065449126,1.041095727,-0.686381295,0.326709335,-0.202191322,0.617462871
1497534949217510000,90200,1.652739397,0.074815292,1.039429889,-0.6861996,0.327950627,-0.203170107,0.616685011
1497534949227470000,90201,1.652237199,0.084568904,1.037877785,-0.68676207,0.328367036,-0.204742162,0.61531585
1497534949237520000,90202,1.651705042,0.094391969,1.036675106,-0.687052388,0.32890334,-0.206216915,0.614211847
1497534949247470000,90203,1.650868765,0.104418892,1.035295983,-0.686970534,0.329450283,-0.207624311,0.613535771
1497534949257490000,90204,1.650013606,0.11473297,1.034376134,-0.687036785,0.330498568,-0.209243563,0.612346539
1497534949267490000,90205,1.649164177,0.125030152,1.033778413,-0.686742418,0.330898126,-0.211123709,0.611815382
1497534949277470000,90206,1.648271,0.135310078,1.03331017,-0.686351382,0.331699135,-0.212327307,0.611403778
1497534949287460000,90207,1.6471458,0.145857157,1.033340894,-0.685494709,0.331502115,-0.214515161,0.611707935
1497534949297490000,90208,1.646205132,0.156341374,1.033681861,-0.684539904,0.332378204,-0.215355354,0.612006471
1497534949307430000,90209,1.645151547,0.166933001,1.033803686,-0.682892215,0.334431823,-0.214653093,0.612974411
1497534949317490000,90210,1.643823212,0.177575595,1.034187531,-0.681970217,0.334470246,-0.214368731,0.614078435
1497534949327440000,90211,1.642597637,0.188467899,1.035091157,-0.681920523,0.334393204,-0.212126305,0.614953669
1497534949337440000,90212,1.640614723,0.199088208,1.035851588,-0.680641188,0.332823222,-0.211081119,0.617576746
1497534949347450000,90213,1.638774043,0.209582525,1.037047994,-0.679331384,0.331947825,-0.208781404,0.620265941
1497534949357400000,90214,1.635613219,0.22057087,1.036810165,-0.678155381,0.32881798,-0.206303967,0.624037409
1497534949367480000,90215,1.633133451,0.231546667,1.038764412,-0.681371694,0.320499587,-0.205926375,0.624985566
1497534949377480000,90216,1.630907272,0.241454315,1.041025535,-0.678632549,0.31556378,-0.205902212,0.630461453
1497534949387520000,90217,1.628619772,0.250952399,1.042960308,-0.675895167,0.311835261,-0.204818976,0.635589238
1497534949397490000,90218,1.626615806,0.260385982,1.044529819,-0.673210869,0.309122477,-0.202564863,0.640466936
1497534949407480000,90219,1.62457396,0.269242894,1.046512575,-0.669529742,0.304572899,-0.204067693,0.646004373
1497534949417510000,90220,1.62269691,0.278020774,1.048414286,-0.665099205,0.301128667,-0.205549822,0.651700731
1497534949427490000,90221,1.620987214,0.286610568,1.049762212,-0.661420061,0.298822602,-0.205710008,0.656438838
1497534949437510000,90222,1.619723487,0.294787583,1.051257244,-0.656490568,0.2971729,-0.20717198,0.66165563
1497534949447480000,90223,1.618702019,0.302985334,1.052828855,-0.652438768,0.296850505,-0.207952572,0.665551771
1497534949457490000,90224,1.617803882,0.310973825,1.054207224,-0.647609919,0.297606017,-0.207326868,0.670110156
1497534949467520000,90225,1.616907877,0.318638809,1.055576143,-0.643137682,0.298921154,-0.206857737,0.673965831
1497534949477500000,90226,1.616216581,0.326044439,1.057180754,-0.63699102,0.299748423,-0.207789316,0.679129533
1497534949487520000,90227,1.615652517,0.333420699,1.058647506,-0.632590856,0.300834287,-0.206724029,0.683075923
1497534949497510000,90228,1.615023863,0.340713224,1.060085054,-0.627716492,0.301626515,-0.20592212,0.687451476
1497534949507460000,90229,1.61452422,0.347690704,1.061845447,-0.622307119,0.302036365,-0.20773195,0.691632359
1497534949517510000,90230,1.613930326,0.354808058,1.061551717,-0.616420388,0.310238489,-0.200795841,0.695312171
1497534949527520000,90231,1.61367516,0.361737319,1.063845506,-0.612150964,0.309166493,-0.202676016,0.69900623
1497534949537460000,90232,1.613106111,0.368587425,1.065372665,-0.607970409,0.308995672,-0.203282805,0.7025452
1497534949547500000,90233,1.61251623,0.375379866,1.067272237,-0.604026487,0.308796574,-0.204060395,0.705801696
1497534949557510000,90234,1.612147696,0.382413824,1.069354402,-0.600939113,0.307137711,-0.204462633,0.709037122
1497534949567430000,90235,1.611690375,0.389400884,1.071249068,-0.598440006,0.304468681,-0.204891128,0.712171333
1497534949577500000,90236,1.611211968,0.39642334,1.073100048,-0.59517785,0.302605583,-0.205203015,0.715601083
1497534949587480000,90237,1.610545652,0.403533755,1.074583719,-0.591060716,0.29936043,-0.206779424,0.719911684
1497534949597490000,90238,1.61018548,0.410792945,1.076004985,-0.588881451,0.29771168,-0.20693335,0.722333013
1497534949607470000,90239,1.610169468,0.418039707,1.077256811,-0.586854195,0.296740377,-0.206034651,0.724635788
1497534949617490000,90240,1.61011008,0.425436844,1.078405777,-0.584969161,0.295519507,-0.20552811,0.72679949
1497534949627510000,90241,1.610108576,0.432959194,1.07922828,-0.58360715,0.293849382,-0.204706285,0.728800776
1497534949637460000,90242,1.610124244,0.440491879,1.079990457,-0.583289673,0.291780101,-0.203988016,0.730086584
1497534949647490000,90243,1.610102837,0.448245223,1.080447157,-0.583213688,0.28979947,-0.203439034,0.731088655
1497534949657500000,90244,1.610044859,0.456067511,1.080718822,-0.582746028,0.287425851,-0.20303137,0.732510553
1497534949667510000,90245,1.609692008,0.463923036,1.080731879,-0.581638837,0.284256114,-0.205123812,0.734042878
1497534949677480000,90246,1.609988991,0.472059353,1.08085856,-0.582510373,0.283114987,-0.204795842,0.733884346
1497534949687480000,90247,1.610264144,0.480119589,1.080526842,-0.583183174,0.282091192,-0.203412162,0.734129033
1497534949697510000,90248,1.609991079,0.487643188,1.079345208,-0.580771465,0.278681897,-0.202713524,0.737528394
1497534949707600000,90249,1.610394069,0.496028191,1.078412862,-0.582423218,0.277886815,-0.201477948,0.736864133
1497534949717500000,90250,1.610805477,0.504688628,1.077427814,-0.584347929,0.276241803,-0.199889227,0.736391377
1497534949727450000,90251,1.611419074,0.513346579,1.075662137,-0.586490759,0.276737507,-0.198093612,0.734985621
1497534949737430000,90252,1.612210988,0.522440452,1.073898888,-0.589348929,0.276453646,-0.196637028,0.733195132
1497534949747510000,90253,1.612889359,0.531580978,1.071893215,-0.592188228,0.275681257,-0.195857797,0.731404587
1497534949757500000,90254,1.613751131,0.541024162,1.069610721,-0.595381067,0.275351716,-0.194937236,0.72917919
1497534949767490000,90255,1.614731328,0.550554339,1.067209411,-0.598150888,0.274748865,-0.194314267,0.727303611
1497534949777480000,90256,1.61588647,0.560370418,1.065025573,-0.602358929,0.273426614,-0.192730587,0.724745837
1497534949787520000,90257,1.617109315,0.570358951,1.062865962,-0.606809179,0.272160313,-0.191602222,0.721803279
1497534949797510000,90258,1.618001345,0.580328002,1.060613649,-0.609055358,0.270613308,-0.191096592,0.720626187
1497534949807470000,90259,1.6189021,0.590229851,1.058483123,-0.611477986,0.269361625,-0.189864331,0.719368142
1497534949817500000,90260,1.619529755,0.600018787,1.056541849,-0.612924636,0.267605848,-0.188405485,0.71917583
1497534949827480000,90261,1.620141339,0.609608363,1.054935488,-0.613208174,0.265578681,-0.186750267,0.720116683
1497534949837510000,90262,1.620705236,0.618740805,1.053200822,-0.611520601,0.26479007,-0.185541443,0.722151748
1497534949847490000,90263,1.621012399,0.627573501,1.051749218,-0.607792251,0.26309492,-0.184605038,0.726147796
1497534949857520000,90264,1.621454961,0.636429056,1.050464829,-0.604459976,0.260818725,-0.184591483,0.729744965
1497534949867520000,90265,1.622370505,0.645879193,1.049717246,-0.59969218,0.260601525,-0.186789693,0.733188751
1497534949877490000,90266,1.623425689,0.655307835,1.048829727,-0.598158572,0.259216201,-0.186358045,0.735040109
1497534949887480000,90267,1.624813924,0.665145001,1.047955541,-0.593907825,0.259669938,-0.187378639,0.738061153
1497534949897450000,90268,1.626395775,0.675374448,1.047075256,-0.590585035,0.259774537,-0.187936034,0.740544768
1497534949907490000,90269,1.628324989,0.686034063,1.046618276,-0.587908203,0.26074161,-0.187523998,0.742436871
1497534949917390000,90270,1.630005954,0.696743487,1.046124383,-0.585090117,0.260334065,-0.186991457,0.744936188
1497534949927490000,90271,1.631731353,0.707839835,1.046117696,-0.582535943,0.259744447,-0.186178124,0.747343564
1497534949937500000,90272,1.633521299,0.719337885,1.046935277,-0.581792789,0.258700569,-0.18567832,0.748408129
1497534949947480000,90273,1.634860133,0.730362715,1.048164494,-0.580113917,0.256267792,-0.184899865,0.750737439
1497534949957510000,90274,1.636467825,0.741341773,1.049840714,-0.582712035,0.253863768,-0.183975747,0.749768495
1497534949967490000,90275,1.638452824,0.752506456,1.052218069,-0.584784139,0.253109702,-0.184371234,0.748311591
1497534949977490000,90276,1.640684806,0.763158656,1.054685081,-0.586426599,0.252568995,-0.184729284,0.747119695
1497534949987490000,90277,1.643535928,0.773912813,1.057107265,-0.590257968,0.251500594,-0.184175044,0.744595552
1497534949997520000,90278,1.646479207,0.784275749,1.059363773,-0.590910025,0.251413115,-0.184909098,0.743925677
1497534950007490000,90279,1.649686866,0.794750661,1.06154326,-0.592601469,0.252347293,-0.186034832,0.741980716
1497534950017450000,90280,1.652773112,0.804656798,1.063277956,-0.592658871,0.254204372,-0.187361329,0.740966486
1497534950027490000,90281,1.656095955,0.814687097,1.065047321,-0.592135155,0.257623102,-0.19000546,0.739529729
1497534950037510000,90282,1.65919991,0.824405855,1.066607669,-0.590975221,0.261433847,-0.192635627,0.738438993
1497534950047490000,90283,1.6621834,0.834117856,1.06810607,-0.591118031,0.263988721,-0.194729643,0.736864842
1497534950057510000,90284,1.664919985,0.843842371,1.069570957,-0.591897482,0.266719725,-0.198092535,0.734355028
1497534950067460000,90285,1.667250326,0.853385032,1.070913516,-0.594629279,0.267114872,-0.199902152,0.731508575
1497534950077480000,90286,1.669085845,0.862549048,1.071974701,-0.598176286,0.265847844,-0.200885273,0.728803926
1497534950087480000,90287,1.670916082,0.871789836,1.073288395,-0.602163662,0.263939279,-0.201392809,0.726068811
1497534950097410000,90288,1.672511652,0.88084364,1.074075974,-0.607045317,0.261834685,-0.20083094,0.722914597
1497534950107470000,90289,1.67410029,0.88975487,1.075298601,-0.611171786,0.260096229,-0.199758937,0.720357805
1497534950117570000,90290,1.675765247,0.898426177,1.076127297,-0.616238157,0.257997759,-0.197794973,0.717331749
1497534950127500000,90291,1.677324907,0.906766372,1.076858468,-0.619372849,0.257565852,-0.196504916,0.715138395
1497534950137400000,90292,1.678898153,0.914898115,1.077658311,-0.621823147,0.256878437,-0.194319282,0.713855348
1497534950147510000,90293,1.68058056,0.922918613,1.078410104,-0.624404237,0.257612326,-0.192336817,0.711872031
1497534950157510000,90294,1.682193399,0.930724015,1.078781058,-0.62588953,0.257913643,-0.190639936,0.710914385
1497534950167480000,90295,1.683766836,0.938184477,1.07918849,-0.62765149,0.258725589,-0.188029984,0.709760102
1497534950177490000,90296,1.685465134,0.945705661,1.079366355,-0.62907517,0.260425426,-0.18665672,0.70823887
1497534950187370000,90297,1.687077568,0.953074935,1.079293515,-0.631108211,0.262480744,-0.185442102,0.705986906
1497534950197510000,90298,1.688996373,0.960595183,1.079604565,-0.634257979,0.265032998,-0.183942463,0.702594831
1497534950207490000,90299,1.690745752,0.967757107,1.079501429,-0.636269997,0.268040586,-0.183308115,0.699794877
1497534950217520000,90300,1.692593661,0.974978329,1.079638806,-0.638521443,0.270042658,-0.181869186,0.697345631
1497534950227460000,90301,1.694295901,0.982063367,1.079644584,-0.639587606,0.273171427,-0.182580069,0.694960131
1497534950237510000,90302,1.695835632,0.988975171,1.079611786,-0.640962514,0.276300842,-0.182702888,0.692419349
1497534950247500000,90303,1.697208696,0.99569859,1.07937185,-0.641286881,0.278103384,-0.183012106,0.691314844
1497534950257520000,90304,1.6983898,1.00234091,1.079003932,-0.642856719,0.28027041,-0.183060299,0.688964922
1497534950267520000,90305,1.699820769,1.00939123,1.078841623,-0.644272558,0.281828105,-0.184006481,0.686751341
1497534950277500000,90306,1.700972048,1.016299619,1.078383879,-0.646770675,0.283148253,-0.18340791,0.684014839
1497534950287490000,90307,1.702199841,1.023423099,1.078081629,-0.647824828,0.285096993,-0.184882877,0.681807171
1497534950297490000,90308,1.703177301,1.030508991,1.077395175,-0.650233125,0.286409773,-0.185563569,0.67877278
1497534950307510000,90309,1.703986152,1.037609091,1.076508408,-0.651103792,0.287907542,-0.187113262,0.676876448
1497534950317530000,90310,1.704750506,1.044913691,1.075754158,-0.653543961,0.28797606,-0.187216154,0.674462891
1497534950327480000,90311,1.70565991,1.052487771,1.075006635,-0.655938454,0.288841822,-0.1877188,0.671622512
1497534950337530000,90312,1.706375537,1.060048058,1.074071114,-0.65859309,0.289461167,-0.188410343,0.66855734
1497534950347510000,90313,1.707068054,1.067827339,1.073052448,-0.660647788,0.289715396,-0.189437377,0.666125341
1497534950357510000,90314,1.707721374,1.075686517,1.072122202,-0.663431697,0.290153998,-0.189922307,0.663022291
1497534950367490000,90315,1.708307082,1.083536681,1.07110978,-0.665825366,0.290204917,-0.190627947,0.660392818
1497534950377480000,90316,1.708993951,1.091616211,1.070061739,-0.666753261,0.291296904,-0.191345303,0.658766406
1497534950387500000,90317,1.709520281,1.099754265,1.068968371,-0.66903071,0.291949234,-0.191675441,0.65606713
1497534950397510000,90318,1.710017561,1.108022921,1.067587875,-0.672378747,0.292611114,-0.191538995,0.652379008
1497534950407480000,90319,1.710509619,1.116515988,1.066211177,-0.673825859,0.294105862,-0.192794446,0.649839023
1497534950417510000,90320,1.711031614,1.125239657,1.065019191,-0.677336055,0.294132744,-0.191864064,0.646444104
1497534950427480000,90321,1.711394035,1.133995475,1.063461131,-0.680324831,0.294312503,-0.191559063,0.643306615
1497534950437500000,90322,1.711755849,1.142872558,1.061827019,-0.682383789,0.294672338,-0.192218718,0.640759348
1497534950447490000,90323,1.711953071,1.1518017,1.06047014,-0.685153506,0.294860414,-0.192416973,0.637650153
1497534950457520000,90324,1.712080257,1.160689159,1.058932829,-0.686835516,0.293465927,-0.193049546,0.636291282
1497534950467520000,90325,1.712112539,1.169489548,1.057209015,-0.688987875,0.29396923,-0.19374065,0.633515873
1497534950477490000,90326,1.712201684,1.178351795,1.055687194,-0.690102751,0.294284854,-0.195289332,0.631677682
1497534950487490000,90327,1.712258758,1.187100778,1.054072069,-0.69127461,0.293817599,-0.196446236,0.630253527
1497534950497520000,90328,1.712118629,1.195626226,1.052586739,-0.692232097,0.294582254,-0.19754384,0.62850016
1497534950507500000,90329,1.712278954,1.204323643,1.050908832,-0.69348248,0.296322996,-0.198229683,0.626082842
1497534950517470000,90330,1.712236832,1.212775217,1.049453718,-0.693267002,0.297263404,-0.199843399,0.625362255
1497534950527480000,90331,1.712093454,1.22116994,1.047778075,-0.693794291,0.298652446,-0.20061873,0.62386563
1497534950537500000,90332,1.711997201,1.229688582,1.046292552,-0.693113714,0.300422051,-0.202351255,0.623212596
1497534950547520000,90333,1.711733356,1.238223283,1.044755338,-0.693281316,0.302565134,-0.203673516,0.621556478
1497534950557520000,90334,1.711312878,1.246810064,1.04307432,-0.692374825,0.30471379,-0.205657266,0.62086367
1497534950567480000,90335,1.710780293,1.255717314,1.041502881,-0.692084381,0.306594363,-0.207591531,0.619616706
1497534950577480000,90336,1.710237856,1.264840298,1.040128566,-0.691201773,0.308981522,-0.210586197,0.618404384
1497534950587510000,90337,1.70963237,1.274088267,1.038813019,-0.690719751,0.311551019,-0.213153654,0.616772006
1497534950597510000,90338,1.709193815,1.283679162,1.037800842,-0.690080594,0.313829358,-0.215516775,0.615509892
1497534950607390000,90339,1.708432211,1.293194098,1.037124041,-0.689027882,0.316037556,-0.218069752,0.6146596
1497534950617510000,90340,1.707591968,1.302680765,1.03649943,-0.687977782,0.319049668,-0.2200644,0.613567878
1497534950627490000,90341,1.706661105,1.312226244,1.036332709,-0.685710816,0.32115854,-0.222034715,0.614295088
1497534950637470000,90342,1.705549308,1.321938093,1.036378039,-0.683983364,0.323588013,-0.223413373,0.614446109
1497534950647510000,90343,1.704421241,1.331888151,1.036607584,-0.68235134,0.325544646,-0.224413503,0.614862514
1497534950657510000,90344,1.70300113,1.341840454,1.036907194,-0.681240369,0.326867316,-0.224093572,0.615509048
1497534950667530000,90345,1.701370084,1.351867554,1.037479408,-0.680004075,0.326955146,-0.222827725,0.617286477
1497534950677490000,90346,1.699437918,1.361869395,1.038353268,-0.678726572,0.327248283,-0.221853746,0.618885868
1497534950687340000,90347,1.697375054,1.371846383,1.039467922,-0.677743075,0.326336643,-0.21998933,0.621106605
1497534950697520000,90348,1.695072855,1.381512205,1.040874099,-0.675580829,0.32465439,-0.218880428,0.624725082
1497534950707460000,90349,1.692630106,1.390781387,1.042697146,-0.672905486,0.323386383,-0.217693277,0.628672484
1497534950717520000,90350,1.690238977,1.399964932,1.044397852,-0.670325466,0.32139588,-0.216770139,0.632755216
1497534950727500000,90351,1.687726722,1.408685182,1.046346711,-0.666208429,0.319364205,-0.21707658,0.638005166
1497534950737460000,90352,1.685103204,1.417223967,1.048253043,-0.66278161,0.316570776,-0.217429761,0.642827956
1497534950747510000,90353,1.682620854,1.425533833,1.050243848,-0.658674974,0.313604904,-0.218877127,0.647990776
1497534950757520000,90354,1.680356061,1.433576326,1.05209802,-0.655150587,0.310841087,-0.219790515,0.65257004
1497534950767500000,90355,1.678222366,1.441477585,1.053786188,-0.651199839,0.308397349,-0.221046013,0.65724311
1497534950777500000,90356,1.676261792,1.449026041,1.05532844,-0.64657393,0.306665912,-0.223413926,0.66180389
1497534950787520000,90357,1.674602885,1.456456473,1.056822144,-0.64165676,0.305734693,-0.225259714,0.666378992
1497534950797470000,90358,1.673077878,1.463582198,1.058141744,-0.636365828,0.306375619,-0.227367226,0.670430203
1497534950807490000,90359,1.671708066,1.470539298,1.059385422,-0.630867152,0.307441779,-0.229206198,0.674500339
1497534950817520000,90360,1.67052643,1.477375311,1.060702256,-0.624933396,0.30911652,-0.230719434,0.678729526
1497534950827490000,90361,1.669484021,1.484076813,1.061970916,-0.618954057,0.311111217,-0.232161054,0.682793476
1497534950837490000,90362,1.66855144,1.490721671,1.063207427,-0.613610465,0.31272555,-0.23249675,0.686753368
1497534950847410000,90363,1.667693416,1.497219677,1.064504065,-0.608430768,0.314662513,-0.233274181,0.690204795
1497534950857560000,90364,1.666907806,1.503638217,1.06601029,-0.603879912,0.316807906,-0.234472264,0.69280918
1497534950867560000,90365,1.666048405,1.51002725,1.067422573,-0.598979755,0.317395879,-0.235262229,0.696516183
1497534950877500000,90366,1.665162427,1.516367033,1.069015186,-0.59482089,0.318549228,-0.23616277,0.699243623
1497534950887530000,90367,1.664141335,1.522734243,1.070580336,-0.590729873,0.317900004,-0.236978726,0.702722483
1497534950897500000,90368,1.663078094,1.529196063,1.072299117,-0.587960204,0.317245876,-0.237857937,0.705040038
1497534950907530000,90369,1.662135325,1.535826239,1.073860555,-0.584526653,0.315952262,-0.238769867,0.708160794
1497534950917490000,90370,1.661041567,1.542482164,1.07535954,-0.581841185,0.314470878,-0.23892674,0.710973217
1497534950927520000,90371,1.660044101,1.549199935,1.076866812,-0.579410528,0.312449148,-0.238847094,0.713870461
1497534950937520000,90372,1.659202797,1.556125374,1.07809285,-0.577936263,0.311519639,-0.237960355,0.715765367
1497534950947550000,90373,1.658408776,1.563017182,1.079284078,-0.576190757,0.310624102,-0.237282189,0.717784119
1497534950957540000,90374,1.657572893,1.56994134,1.080353805,-0.574069132,0.309417933,-0.236467107,0.720269729
1497534950967520000,90375,1.656818702,1.576899327,1.081106038,-0.572762959,0.308124554,-0.234975173,0.722349306
1497534950977490000,90376,1.656016682,1.583907777,1.081657066,-0.571794113,0.306890109,-0.233454982,0.724133085
1497534950987520000,90377,1.65533669,1.591047965,1.082075319,-0.570686375,0.305165663,-0.232624449,0.726000582
1497534950997540000,90378,1.654546175,1.598199704,1.082385306,-0.569726812,0.302712786,-0.231648499,0.728090174
1497534951007500000,90379,1.653854084,1.605529419,1.082540481,-0.569568497,0.300344902,-0.230673056,0.729502987
1497534951017480000,90380,1.653184823,1.6129528,1.082400865,-0.570719163,0.298523565,-0.230143118,0.729518652
1497534951027500000,90381,1.652622935,1.620541216,1.082269459,-0.571912159,0.296723591,-0.229183146,0.729620914
1497534951037520000,90382,1.652123876,1.628321416,1.08182357,-0.57250702,0.294389161,-0.22801059,0.730466909
1497534951047510000,90383,1.651682525,1.636147285,1.081266472,-0.574075687,0.292515705,-0.22679452,0.730366972
1497534951057510000,90384,1.65129771,1.644145761,1.08028408,-0.575440626,0.29126855,-0.225310256,0.730250646
1497534951067540000,90385,1.651032607,1.652269471,1.079250073,-0.57783382,0.29018527,-0.223607196,0.729315026
1497534951077490000,90386,1.650818636,1.660581466,1.077921278,-0.579753203,0.289104411,-0.221553762,0.72884758
1497534951087500000,90387,1.65064614,1.669108895,1.076420481,-0.582230566,0.287887011,-0.219476057,0.727982759
1497534951097540000,90388,1.65061893,1.6777152,1.074738749,-0.585830184,0.286553449,-0.21751693,0.726206928
1497534951107520000,90389,1.650605427,1.686676874,1.072988295,-0.589098243,0.284943653,-0.215579211,0.724773053
1497534951117560000,90390,1.650626952,1.695774163,1.071153796,-0.592862145,0.283364364,-0.213171199,0.723033301
1497534951127520000,90391,1.650806977,1.70514551,1.069257026,-0.597096972,0.281330788,-0.21055525,0.721106567
1497534951137440000,90392,1.650943584,1.714696509,1.067364441,-0.601466774,0.279326623,-0.208310946,0.718902572
1497534951147540000,90393,1.650949333,1.724270737,1.065490666,-0.604315214,0.277519274,-0.206560179,0.717717958
1497534951157530000,90394,1.65063934,1.733742395,1.063636596,-0.607084104,0.275827301,-0.204079564,0.716742438
1497534951167500000,90395,1.650048724,1.743082282,1.061744035,-0.608809011,0.273976406,-0.201207108,0.716801379
1497534951177470000,90396,1.649423934,1.752222177,1.059927511,-0.609544171,0.271238298,-0.197288959,0.718305476
1497534951187550000,90397,1.648709667,1.761106826,1.058302007,-0.608825058,0.268229127,-0.194509607,0.720798999
1497534951197530000,90398,1.647959356,1.769873872,1.056867639,-0.606806161,0.265282362,-0.191830168,0.724301552
1497534951207510000,90399,1.647282738,1.778701289,1.055632127,-0.6046,0.261936425,-0.189612492,0.727939044
1497534951217550000,90400,1.646646714,1.787565916,1.054637795,-0.601290941,0.25965988,-0.188655902,0.731734174
1497534951227510000,90401,1.646233542,1.796718764,1.053715351,-0.597544885,0.258071066,-0.188242872,0.735461798
1497534951237460000,90402,1.646060085,1.806332741,1.052743563,-0.594922387,0.257078574,-0.186221376,0.738444012
1497534951247520000,90403,1.646119726,1.816477283,1.051846014,-0.591307039,0.256675045,-0.184837704,0.7418281
1497534951257530000,90404,1.646263767,1.827004278,1.050915535,-0.588391527,0.255922085,-0.182239476,0.745042329
1497534951267540000,90405,1.646437322,1.837945575,1.050039983,-0.586211721,0.255494008,-0.17915222,0.747651732
1497534951277490000,90406,1.646430963,1.849162277,1.049237099,-0.585702657,0.253590166,-0.174540813,0.749786589
1497534951287490000,90407,1.646506453,1.860897918,1.048633486,-0.584800212,0.250730672,-0.171116594,0.752237963
1497534951297540000,90408,1.646272448,1.872655383,1.048259303,-0.585642502,0.246529945,-0.166341337,0.754040056
1497534951307540000,90409,1.646044709,1.884569151,1.048621648,-0.586708214,0.242619539,-0.163139081,0.755178702
1497534951317540000,90410,1.645832858,1.896375589,1.049348854,-0.589910279,0.239110302,-0.15965118,0.754548625
1497534951327520000,90411,1.645591606,1.908138229,1.050555425,-0.594278302,0.235676463,-0.156447527,0.752870557
1497534951337540000,90412,1.645340212,1.91967264,1.052075965,-0.599694015,0.232495478,-0.154434426,0.749975299
1497534951347540000,90413,1.644966945,1.930847713,1.054001755,-0.604355532,0.228043149,-0.153651145,0.747758008
1497534951357540000,90414,1.644873817,1.941719004,1.055965993,-0.608144825,0.223569131,-0.152092549,0.746354187
1497534951367510000,90415,1.644495282,1.952149161,1.058079351,-0.609418935,0.218306305,-0.152409974,0.746807953
1497534951377500000,90416,1.643986068,1.962465806,1.06027104,-0.60990686,0.214081762,-0.152741267,0.74756453
1497534951387540000,90417,1.643934942,1.97289203,1.061969169,-0.611380482,0.21197355,-0.152075089,0.747097241
1497534951397530000,90418,1.643581346,1.983135655,1.064037861,-0.610340458,0.209622129,-0.152720968,0.748478052
1497534951407520000,90419,1.643338314,1.993281965,1.065870188,-0.61196447,0.208428328,-0.151810868,0.747670101
1497534951417540000,90420,1.642612215,2.003467144,1.068047459,-0.612399165,0.20528843,-0.152989132,0.747942677
1497534951427510000,90421,1.642195865,2.013441185,1.069857959,-0.613919527,0.203298487,-0.151877192,0.747466293
1497534951437560000,90422,1.641674359,2.023734844,1.071394408,-0.619848806,0.199421335,-0.148452886,0.744298548
1497534951447520000,90423,1.640709746,2.033683055,1.072790164,-0.624700883,0.194521976,-0.146602352,0.741901448
1497534951457520000,90424,1.639508515,2.043694691,1.073865785,-0.632590614,0.188747242,-0.143033055,0.737390764
1497534951467520000,90425,1.637982617,2.053486116,1.074720738,-0.639048288,0.182561,-0.139904092,0.733972487
1497534951477460000,90426,1.63609238,2.062905793,1.075304397,-0.644730616,0.175637791,-0.135503137,0.731513977
1497534951487560000,90427,1.633893166,2.071915061,1.075837147,-0.649151931,0.168455314,-0.131120028,0.730090485
1497534951497530000,90428,1.631457857,2.080828195,1.076252708,-0.653345658,0.160993142,-0.126533775,0.728841452
1497534951507510000,90429,1.628772522,2.089173615,1.076523008,-0.6557636,0.153103846,-0.120025443,0.729470497
1497534951517510000,90430,1.626070156,2.097463431,1.076626901,-0.660583665,0.146051778,-0.112681198,0.727736935
1497534951527500000,90431,1.62349382,2.105701224,1.076527831,-0.665361639,0.139582374,-0.106104658,0.72563934
1497534951537500000,90432,1.620959279,2.11398907,1.076407855,-0.670632244,0.134444123,-0.099329044,0.722710808
1497534951547490000,90433,1.618478725,2.121806708,1.076071033,-0.675459916,0.128979738,-0.090853182,0.720322031
1497534951557470000,90434,1.615967434,2.129236855,1.075712152,-0.678366545,0.12474189,-0.084631737,0.719093708
1497534951567410000,90435,1.613517442,2.136713759,1.07539742,-0.680866251,0.121517097,-0.078956789,0.717927969
1497534951577540000,90436,1.611235618,2.143885438,1.075091021,-0.684283202,0.117487957,-0.072733552,0.716004825
1497534951587640000,90437,1.608878713,2.15126944,1.074916836,-0.687469744,0.115333435,-0.067868924,0.713776827
1497534951597580000,90438,1.606383339,2.158651917,1.074910825,-0.691513369,0.113070833,-0.06294793,0.710677005
1497534951607490000,90439,1.604042599,2.165545589,1.074684052,-0.694420955,0.110003747,-0.057933896,0.708747047
1497534951617500000,90440,1.601597162,2.172514008,1.074499402,-0.695579398,0.108962836,-0.054567174,0.708038717
1497534951627530000,90441,1.599121211,2.179299152,1.074123549,-0.698211723,0.106236997,-0.049907214,0.706203484
1497534951637480000,90442,1.596335387,2.186367601,1.073991682,-0.700897345,0.103892048,-0.046111547,0.704147058
1497534951647520000,90443,1.593636129,2.193181437,1.073537321,-0.702693489,0.100747482,-0.04283674,0.703019786
1497534951657550000,90444,1.590669646,2.200144062,1.073092182,-0.705414756,0.097434106,-0.039135231,0.700974358
1497534951667500000,90445,1.587567259,2.207393217,1.072728305,-0.709110396,0.093754898,-0.03597607,0.697909871
1497534951677520000,90446,1.584169325,2.214526459,1.072198375,-0.71152941,0.091054498,-0.032626624,0.695967299
1497534951687430000,90447,1.580777145,2.221504787,1.071443403,-0.714032928,0.087080022,-0.02890141,0.694074028
1497534951697550000,90448,1.577450492,2.228360143,1.07047636,-0.716761091,0.081601657,-0.02455921,0.692092157
1497534951707510000,90449,1.573730177,2.235851752,1.069858614,-0.72015218,0.078540997,-0.0225138,0.688988591
1497534951717510000,90450,1.570049933,2.242954032,1.06881938,-0.722841113,0.074385787,-0.019600004,0.686719244
1497534951727520000,90451,1.566140748,2.250091545,1.067841293,-0.725993134,0.071174059,-0.017340506,0.683789097
1497534951737540000,90452,1.562098459,2.257380021,1.066996762,-0.728979072,0.068536412,-0.015881863,0.680911184
1497534951747550000,90453,1.558209241,2.264408003,1.065699245,-0.731306836,0.064569215,-0.01402508,0.678840501
1497534951757510000,90454,1.554138482,2.271541938,1.064366693,-0.73424314,0.061129026,-0.012523735,0.676012877
1497534951767470000,90455,1.549756598,2.278545387,1.063249469,-0.737809097,0.057305631,-0.011099103,0.672480938
1497534951777520000,90456,1.54519398,2.285674845,1.062134626,-0.741561534,0.054702427,-0.009853818,0.668578371
1497534951787560000,90457,1.540756306,2.292481783,1.060612761,-0.744333816,0.049811184,-0.00748247,0.66590542
1497534951797360000,90458,1.535887448,2.299475572,1.059108327,-0.746992516,0.046834856,-0.006163822,0.663152082
1497534951807400000,90459,1.531284442,2.305861151,1.057516479,-0.748517079,0.041125222,-0.001900394,0.661836299
1497534951817410000,90460,1.526150637,2.312827381,1.056377029,-0.751384616,0.038246841,-0.000471326,0.658754974
1497534951827390000,90461,1.521514823,2.319261887,1.054825945,-0.753457442,0.032303507,0.002447254,0.656698087
1497534951837420000,90462,1.516195452,2.325123108,1.053927339,-0.755238849,0.033579881,0.004044009,0.654576442
1497534951847410000,90463,1.511970444,2.331247379,1.052450223,-0.753583313,0.025859772,0.00677555,0.656808613
1497534951857430000,90464,1.507047318,2.337371647,1.051959757,-0.755296929,0.025696084,0.00745624,0.654836365
1497534951867420000,90465,1.502719054,2.343098615,1.05083893,-0.753453596,0.024806944,0.00818689,0.656981939
1497534951877390000,90466,1.49826974,2.348751001,1.050103812,-0.753049485,0.023856474,0.009092442,0.657468379
1497534951887380000,90467,1.493585239,2.354613073,1.04976549,-0.753700586,0.023836554,0.009410344,0.656718121
1497534951897320000,90468,1.489064067,2.360227585,1.049012426,-0.75201048,0.022887991,0.009738177,0.658681672
1497534951907400000,90469,1.484208053,2.366019315,1.048417776,-0.751649362,0.021735382,0.009669756,0.659133754
1497534951917370000,90470,1.479116122,2.371653005,1.047846918,-0.750826638,0.021434604,0.009456446,0.660083701
1497534951927400000,90471,1.473783685,2.377268741,1.047330983,-0.75078567,0.020289218,0.010446048,0.660151577
1497534951937410000,90472,1.468456177,2.38305193,1.046758931,-0.750432485,0.017387472,0.011188859,0.660623623
1497534951947430000,90473,1.462880642,2.389025506,1.046312579,-0.750563293,0.016478557,0.010508461,0.660509479
1497534951957420000,90474,1.457266007,2.394945952,1.045883976,-0.749675494,0.016545594,0.010403671,0.661516939
1497534951967300000,90475,1.451445578,2.40068029,1.045874511,-0.749454058,0.017155035,0.01084693,0.661745165
1497534951977340000,90476,1.445553396,2.406376172,1.045994538,-0.748572426,0.017779194,0.010814914,0.662726384
1497534951987380000,90477,1.439634601,2.412059603,1.045951251,-0.746769373,0.016855643,0.010909172,0.664779949
1497534951997400000,90478,1.433158456,2.417690332,1.046313344,-0.746014821,0.019783731,0.010679268,0.665549731
1497534952007390000,90479,1.426449625,2.423242322,1.046681054,-0.745205204,0.021370549,0.011706036,0.66638988
1497534952017540000,90480,1.419341036,2.428789427,1.047152961,-0.744433633,0.021790727,0.01414535,0.667190857
1497534952027540000,90481,1.411757982,2.434247039,1.047872489,-0.742925644,0.020374435,0.018423722,0.66881009
1497534952037600000,90482,1.403880971,2.439677856,1.048493782,-0.741953391,0.017631032,0.022679134,0.669835778
1497534952047560000,90483,1.395562199,2.444764026,1.049268851,-0.740194189,0.01473571,0.027621025,0.671663979
1497534952057560000,90484,1.387065408,2.449423643,1.050225606,-0.738010223,0.009705546,0.033775549,0.67387382
1497534952067560000,90485,1.378342467,2.453798201,1.051350615,-0.736570476,0.005638574,0.038876965,0.675219017
1497534952077540000,90486,1.369792935,2.45783428,1.0524955,-0.733160644,-0.000708178,0.044691668,0.678585016
1497534952087530000,90487,1.361497643,2.461337863,1.053428468,-0.727432755,-0.005919992,0.049661681,0.684353899
1497534952097560000,90488,1.353383792,2.464961343,1.054561867,-0.723858938,-0.01174425,0.053750576,0.687750816
1497534952107530000,90489,1.345636812,2.468060764,1.055358893,-0.718968383,-0.013514708,0.056721048,0.692592622
1497534952117480000,90490,1.338469849,2.471185977,1.055734023,-0.712081277,-0.016527241,0.058885757,0.699428033
1497534952127540000,90491,1.331667337,2.474405356,1.056335356,-0.706727629,-0.018523851,0.062438067,0.704481662
1497534952137540000,90492,1.32508198,2.478531779,1.057005541,-0.703936128,-0.01856935,0.064947859,0.707043763
1497534952147530000,90493,1.318985236,2.481568519,1.057144633,-0.698103627,-0.016104994,0.06746093,0.712629622
1497534952157570000,90494,1.31301545,2.485228183,1.057289944,-0.694481824,-0.013195509,0.069961477,0.715979236
1497534952167540000,90495,1.307067243,2.489133598,1.058096871,-0.691032232,-0.009615615,0.074564331,0.718903439
1497534952177540000,90496,1.301140936,2.492976146,1.058557149,-0.68780368,-0.006805386,0.078838037,0.721570751
1497534952187560000,90497,1.29522972,2.496805954,1.05929438,-0.684191512,-0.005893466,0.085529054,0.724245831
1497534952197570000,90498,1.289056586,2.500275764,1.060039698,-0.679188335,-0.003229684,0.091281338,0.728258533
1497534952207460000,90499,1.282609963,2.503958145,1.061144896,-0.677127682,-0.002248697,0.095974061,0.729576607
1497534952217460000,90500,1.275910898,2.507983452,1.063055664,-0.675632415,-0.004159732,0.102926215,0.730006665
1497534952227510000,90501,1.269218861,2.511042374,1.064614523,-0.672184025,-0.007569297,0.10929661,0.732233292
1497534952237450000,90502,1.262169691,2.514473858,1.066631347,-0.670113966,-0.010218586,0.113980838,0.733383407
1497534952247520000,90503,1.255079181,2.517394983,1.068431754,-0.666954914,-0.014974747,0.119466475,0.735305828
1497534952257510000,90504,1.24780145,2.520803198,1.070706509,-0.664420635,-0.019922358,0.125673617,0.736447188
1497534952267510000,90505,1.240645157,2.523519554,1.072489424,-0.660201513,-0.02344664,0.132174374,0.738995367
1497534952277420000,90506,1.233344031,2.526608586,1.074179046,-0.658212049,-0.027581041,0.138983659,0.739377933
1497534952287580000,90507,1.226089698,2.529763293,1.075749913,-0.655440046,-0.032202459,0.146202864,0.740260812
1497534952297570000,90508,1.218909202,2.532755189,1.077040549,-0.653205834,-0.036620113,0.152930148,0.740670963
1497534952307600000,90509,1.211540694,2.536067066,1.078235534,-0.652766278,-0.041098939,0.159975401,0.739334116
1497534952317470000,90510,1.204209988,2.539151678,1.079116309,-0.650524893,-0.045862158,0.16587456,0.739729448
1497534952327560000,90511,1.196796571,2.542090135,1.079629756,-0.648922853,-0.051509437,0.171446852,0.739494345
1497534952337490000,90512,1.189258009,2.545167974,1.07989772,-0.647651539,-0.056760295,0.176663968,0.738996344
1497534952347560000,90513,1.181636282,2.548334006,1.080065,-0.646791591,-0.06422599,0.182029612,0.737835266
1497534952357560000,90514,1.173909234,2.551364049,1.079775876,-0.645541334,-0.070299912,0.186706608,0.737207536
1497534952367540000,90515,1.16616072,2.554616795,1.079484271,-0.644801076,-0.078400117,0.192191074,0.735627341
1497534952377530000,90516,1.1583553,2.557771563,1.078888057,-0.644821326,-0.08564885,0.197375998,0.733425148
1497534952387490000,90517,1.150529298,2.561055698,1.078402028,-0.645065617,-0.092877877,0.202637814,0.730891214
1497534952397560000,90518,1.14265945,2.564433625,1.077739498,-0.644986829,-0.099913408,0.208070556,0.728502536
1497534952407530000,90519,1.13482045,2.567561698,1.07678863,-0.644965281,-0.105609742,0.213198917,0.726231775
1497534952417430000,90520,1.126793484,2.571022329,1.076061746,-0.644858507,-0.113193799,0.217890196,0.72378763
1497534952427530000,90521,1.118785427,2.57431745,1.07522505,-0.644825168,-0.118926791,0.222850472,0.721383801
1497534952437560000,90522,1.11051905,2.577681969,1.074136137,-0.645737711,-0.123975389,0.227361727,0.718303248
1497534952447540000,90523,1.102118453,2.581172499,1.073340474,-0.64769288,-0.130311278,0.231064427,0.714228349
1497534952457650000,90524,1.093570308,2.584479821,1.072009819,-0.64948304,-0.135182822,0.234663549,0.710514183
1497534952467560000,90525,1.084863172,2.587971652,1.070702502,-0.650686497,-0.140790916,0.238681451,0.706976779
1497534952477530000,90526,1.076149299,2.591364186,1.069213897,-0.65172721,-0.147306552,0.242313579,0.703446198
1497534952487540000,90527,1.067132665,2.595024174,1.067823276,-0.652738542,-0.153807526,0.246630388,0.699606383
1497534952497570000,90528,1.057951709,2.598486789,1.066286941,-0.655160454,-0.161238071,0.250416823,0.694304312
1497534952507560000,90529,1.048720707,2.601776048,1.06459888,-0.655257479,-0.167926545,0.25465301,0.69107898
1497534952517550000,90530,1.039520831,2.604993249,1.063030468,-0.655884419,-0.173815782,0.258798995,0.687478569
1497534952527360000,90531,1.03036465,2.607992656,1.061385533,-0.656242012,-0.180135742,0.26296642,0.683919731
1497534952537570000,90532,1.021422013,2.61070017,1.059681199,-0.654776752,-0.185583587,0.267927235,0.681939245
1497534952547540000,90533,1.012623367,2.613744405,1.058457861,-0.654753705,-0.190952492,0.273125799,0.678407716
1497534952557560000,90534,1.004086596,2.616504898,1.05692553,-0.653041656,-0.19592616,0.277570657,0.676833854
1497534952567520000,90535,0.995776751,2.619225188,1.055791671,-0.650472954,-0.19992174,0.282825575,0.675962964
1497534952577530000,90536,0.987520216,2.62203036,1.054947006,-0.648241175,-0.202909423,0.287187711,0.675377201
1497534952587570000,90537,0.979337963,2.624890284,1.053940826,-0.644627277,-0.205668407,0.292109959,0.675890488
1497534952597560000,90538,0.970965589,2.627883114,1.053130682,-0.64055018,-0.20852625,0.297018573,0.676751238
1497534952607540000,90539,0.962305892,2.631262645,1.052534801,-0.637042982,-0.209718152,0.301292674,0.677803261
1497534952617550000,90540,0.953451007,2.634699253,1.051815691,-0.633988441,-0.209692521,0.305199647,0.678926269
1497534952627520000,90541,0.944341258,2.638578551,1.051455433,-0.631176863,-0.209181984,0.309635077,0.679694626
1497534952637590000,90542,0.93497286,2.642473429,1.050905286,-0.628773036,-0.208889801,0.314210408,0.679912745
1497534952647540000,90543,0.925445203,2.646331769,1.050313727,-0.625309711,-0.208895106,0.318800034,0.680967795
1497534952657560000,90544,0.915832256,2.650381813,1.049865538,-0.622209618,-0.208832925,0.3231401,0.681780372
1497534952667560000,90545,0.906119422,2.654409959,1.049683127,-0.619539528,-0.209195677,0.327267762,0.682131771
1497534952677530000,90546,0.896501882,2.658278401,1.049593475,-0.616683707,-0.209641657,0.330738261,0.682908328
1497534952687540000,90547,0.886968018,2.662256657,1.04985882,-0.6145303,-0.210087242,0.333875397,0.683185978
1497534952697570000,90548,0.877620201,2.666115317,1.050506043,-0.612990067,-0.210665729,0.336534868,0.683086679
1497534952707570000,90549,0.868298818,2.669810322,1.051087079,-0.612607423,-0.211147932,0.33777673,0.682667984
1497534952717580000,90550,0.858946207,2.673881188,1.052131101,-0.613965061,-0.211663796,0.338991592,0.680683511
1497534952727500000,90551,0.84946033,2.678547423,1.053350549,-0.618008959,-0.21364182,0.339975524,0.675898471
1497534952737570000,90552,0.840126021,2.683015467,1.054266684,-0.622162946,-0.216293871,0.340923683,0.670746802
1497534952747570000,90553,0.830702284,2.687557303,1.05531174,-0.624662141,-0.218172498,0.341279445,0.667627374
1497534952757570000,90554,0.821333599,2.691848499,1.056111706,-0.625898307,-0.220284624,0.341591355,0.665613507
1497534952767540000,90555,0.812198444,2.695781209,1.056918492,-0.626279781,-0.221019184,0.341522983,0.665046019
1497534952777530000,90556,0.803271123,2.699471779,1.057717012,-0.626790124,-0.221355445,0.341006212,0.66471849
1497534952787560000,90557,0.794425808,2.703261813,1.058725259,-0.626742264,-0.221277365,0.340850923,0.664869244
1497534952797500000,90558,0.78585692,2.706950028,1.059590392,-0.626975522,-0.220726486,0.340553596,0.664984783
1497534952807600000,90559,0.777267235,2.710563387,1.060393525,-0.626588045,-0.221728403,0.340337172,0.665127467
1497534952817620000,90560,0.768856736,2.714015398,1.061022036,-0.627272342,-0.223849912,0.338940802,0.664484581
1497534952827460000,90561,0.760333788,2.717350558,1.061838307,-0.628280138,-0.22808654,0.337397812,0.662875037
1497534952837560000,90562,0.751955456,2.720242999,1.062031046,-0.630036546,-0.232973581,0.335224692,0.660607045
1497534952847550000,90563,0.743486542,2.723297485,1.062683593,-0.631594593,-0.238793249,0.334401718,0.657450794
1497534952857580000,90564,0.735006229,2.726040627,1.063011794,-0.633937382,-0.245420798,0.333745939,0.65307402
1497534952867560000,90565,0.726853163,2.728599323,1.063077983,-0.63565295,-0.249724441,0.333871934,0.649701903
1497534952877540000,90566,0.718918599,2.731006997,1.063165592,-0.637644587,-0.253689538,0.334599572,0.645828248
1497534952887540000,90567,0.711375294,2.733251134,1.063171124,-0.638559592,-0.256847098,0.337047431,0.642394151
1497534952897570000,90568,0.703930846,2.735416599,1.063128376,-0.639898611,-0.259589274,0.339508549,0.638652583
1497534952907570000,90569,0.696693435,2.737492681,1.062758791,-0.640984098,-0.26109162,0.343029055,0.635060327
1497534952917600000,90570,0.689281941,2.739630634,1.062656042,-0.643959312,-0.26460149,0.34566283,0.629142006
1497534952927560000,90571,0.681736363,2.741602575,1.062139187,-0.646315748,-0.268056555,0.347708467,0.624115742
1497534952937570000,90572,0.674394164,2.743431666,1.061621728,-0.648084636,-0.270125758,0.349268991,0.620507495
1497534952947560000,90573,0.666998044,2.745138244,1.061086357,-0.650088036,-0.273008239,0.350592921,0.616390015
1497534952957570000,90574,0.659649378,2.746808225,1.060482397,-0.651483983,-0.275496044,0.351547839,0.613257422
1497534952967540000,90575,0.652323247,2.748337393,1.060039424,-0.653226477,-0.277281587,0.351951885,0.610360517
1497534952977530000,90576,0.644929219,2.749796421,1.059431874,-0.654368391,-0.277652209,0.351395212,0.609288655
1497534952987550000,90577,0.637592549,2.751155141,1.058982417,-0.656237029,-0.278606732,0.350718912,0.60722936
1497534952997560000,90578,0.630229567,2.752605812,1.058388927,-0.65855289,-0.28192988,0.34991972,0.603638819
1497534953007520000,90579,0.62260859,2.754140247,1.058296224,-0.662182099,-0.282649542,0.347709495,0.600601541
1497534953017520000,90580,0.615261855,2.755420006,1.057785478,-0.664359136,-0.283351252,0.346312027,0.598671016
1497534953027530000,90581,0.608822206,2.756071089,1.056546194,-0.664803493,-0.287044134,0.346872473,0.596088474
1497534953037520000,90582,0.602085524,2.757037313,1.05521211,-0.66602412,-0.288641975,0.346516665,0.594158129
1497534953047570000,90583,0.594951842,2.758284929,1.054270134,-0.669120385,-0.290128848,0.344827165,0.590929258
1497534953057560000,90584,0.587849701,2.759599262,1.05315397,-0.671712516,-0.290770286,0.342749236,0.588878509
1497534953067570000,90585,0.580861745,2.76073598,1.051803275,-0.674839606,-0.292232079,0.341131366,0.585509444
1497534953077540000,90586,0.573611351,2.762112777,1.050324829,-0.678018738,-0.293006629,0.338680802,0.582866211
1497534953087550000,90587,0.566513187,2.763398565,1.048600162,-0.680957079,-0.293472496,0.336507063,0.580460461
1497534953097530000,90588,0.55906888,2.764852459,1.047068631,-0.684863595,-0.294637318,0.33300431,0.577285749
1497534953107560000,90589,0.551792318,2.766161449,1.045492401,-0.688293207,-0.295370295,0.329888312,0.574615133
1497534953117570000,90590,0.5446598,2.76735088,1.043681658,-0.691443354,-0.296531409,0.327238468,0.571743121
1497534953127540000,90591,0.537390698,2.768533282,1.042008089,-0.694445169,-0.297166881,0.324317866,0.569434521
1497534953137570000,90592,0.530248315,2.769587441,1.040127994,-0.696637646,-0.298419564,0.321536886,0.567675774
1497534953147570000,90593,0.522943946,2.770530319,1.038314684,-0.698715164,-0.299346175,0.318938473,0.566098258
1497534953157570000,90594,0.515771184,2.771269514,1.036446321,-0.700234378,-0.301184719,0.316819498,0.564433332
1497534953167540000,90595,0.508136108,2.771970558,1.03502768,-0.701159264,-0.301925534,0.313634972,0.564667834
1497534953177540000,90596,0.500503414,2.772694986,1.033455424,-0.702581471,-0.302737672,0.311339576,0.563734732
1497534953187520000,90597,0.493039584,2.773087427,1.031459869,-0.703177455,-0.304553095,0.309516612,0.563017181
1497534953197530000,90598,0.485087814,2.773861764,1.029989863,-0.704699549,-0.305966476,0.307601705,0.561394916
1497534953207530000,90599,0.477118799,2.774468064,1.028137912,-0.705232945,-0.306733352,0.305811378,0.561284727
1497534953217570000,90600,0.469193473,2.775096447,1.026548178,-0.705644319,-0.307621206,0.304513198,0.560987522
1497534953227550000,90601,0.46128947,2.775846924,1.024920013,-0.705838131,-0.308223912,0.30343349,0.560997924
1497534953237540000,90602,0.453377738,2.776582358,1.023487336,-0.706093863,-0.308264788,0.30235304,0.561236951
1497534953247540000,90603,0.445653178,2.777182766,1.02188571,-0.70650771,-0.307762808,0.301205197,0.561608706
1497534953257570000,90604,0.43769827,2.777716501,1.020516773,-0.706947368,-0.306690234,0.300812973,0.56185236
1497534953267570000,90605,0.429860191,2.778044218,1.019052809,-0.707610801,-0.307040961,0.300291653,0.561104024
1497534953277540000,90606,0.421731812,2.778422693,1.017826292,-0.708180179,-0.305918992,0.29965103,0.561340952
1497534953287550000,90607,0.413558596,2.77863364,1.016700921,-0.708327442,-0.305308477,0.299170142,0.561743887
1497534953297480000,90608,0.405015037,2.778740479,1.015740912,-0.709484426,-0.304021233,0.298037917,0.561583776
1497534953307570000,90609,0.396469348,2.778830089,1.015077714,-0.709172794,-0.303849045,0.298357801,0.56190064
1497534953317570000,90610,0.387756527,2.778799509,1.014622809,-0.70935842,-0.302145946,0.296723613,0.563447919
1497534953327540000,90611,0.379094379,2.778732063,1.014330265,-0.709165131,-0.301050334,0.296953842,0.564155944
1497534953337570000,90612,0.370071893,2.778877664,1.014674858,-0.709769961,-0.298461442,0.295747778,0.565403062
1497534953347570000,90613,0.361189911,2.778775719,1.015193842,-0.709730147,-0.296837363,0.295767848,0.566296811
1497534953357530000,90614,0.352297152,2.778439835,1.015896109,-0.708958813,-0.295117909,0.296603782,0.56772266
1497534953367550000,90615,0.343072534,2.778094973,1.016972298,-0.708878251,-0.292351901,0.296615519,0.56924619
1497534953377550000,90616,0.333908605,2.777364569,1.018137255,-0.708913914,-0.291296606,0.297451604,0.569306502
1497534953387570000,90617,0.32475927,2.776316354,1.019669101,-0.707709342,-0.291111538,0.299468805,0.569842078
1497534953397510000,90618,0.315343168,2.775121068,1.021237015,-0.706247429,-0.2893944,0.301687464,0.57135814
1497534953407550000,90619,0.306123351,2.773330849,1.02278236,-0.704200581,-0.289035136,0.304482695,0.572582326
1497534953417570000,90620,0.296633317,2.771889955,1.024957373,-0.70210515,-0.287699241,0.306856058,0.574557973
1497534953427550000,90621,0.287400018,2.770014643,1.026966329,-0.699680455,-0.286985933,0.30990507,0.576233618
1497534953437570000,90622,0.278265391,2.768037124,1.028764352,-0.69685848,-0.286919179,0.312848202,0.578093112
1497534953447540000,90623,0.269192351,2.766053649,1.03063204,-0.693609553,-0.285913085,0.315458264,0.581072784
1497534953457670000,90624,0.260302746,2.764145283,1.032295056,-0.689916117,-0.285815162,0.318393421,0.583910159
1497534953467570000,90625,0.25163746,2.762072577,1.033458381,-0.685182258,-0.287590008,0.321727647,0.586778137
1497534953477540000,90626,0.242957707,2.760386455,1.034843313,-0.680134175,-0.286808824,0.324653523,0.591403663
1497534953487540000,90627,0.234670438,2.758681416,1.035741004,-0.675071605,-0.287410536,0.32798431,0.595062858
1497534953497620000,90628,0.226696182,2.757007521,1.036242157,-0.669861303,-0.28742599,0.331254552,0.599118149
1497534953507580000,90629,0.218701688,2.755857436,1.037206194,-0.664957678,-0.285308386,0.334640927,0.603693517
1497534953517560000,90630,0.211278059,2.754552833,1.037915111,-0.659868845,-0.282884758,0.338237133,0.6083954
1497534953527540000,90631,0.204153225,2.753371365,1.038496011,-0.65558561,-0.280178423,0.341594172,0.612389566
1497534953537570000,90632,0.197334532,2.752287723,1.039215816,-0.65067172,-0.27620448,0.345497632,0.617226688
1497534953547620000,90633,0.190752335,2.751133133,1.039968646,-0.646187497,-0.271397477,0.349202537,0.621966813
1497534953557570000,90634,0.184300368,2.750115307,1.04075516,-0.642215813,-0.267555579,0.352924253,0.625633545
1497534953567530000,90635,0.177801721,2.74929777,1.041720336,-0.638908453,-0.262642994,0.355865339,0.629423948
1497534953577490000,90636,0.17136562,2.748530215,1.04280933,-0.635298389,-0.257859456,0.358658096,0.633457834
1497534953587570000,90637,0.164983327,2.747919487,1.043984675,-0.632091833,-0.253418965,0.361156121,0.637028257
1497534953597610000,90638,0.158583555,2.747403382,1.045227054,-0.628781783,-0.250208632,0.363768307,0.640079471
1497534953607550000,90639,0.152173269,2.746858264,1.046664242,-0.625566278,-0.24719518,0.366217709,0.642997639
1497534953617570000,90640,0.145908433,2.746363221,1.048308908,-0.622576392,-0.243742588,0.36804969,0.646163766
1497534953627540000,90641,0.139794686,2.745907712,1.049943038,-0.61881065,-0.24215394,0.369701452,0.649427197
1497534953637590000,90642,0.133464784,2.745436835,1.051788332,-0.616156866,-0.240195304,0.370592768,0.652164038
1497534953647550000,90643,0.127111843,2.744970012,1.053502348,-0.612982237,-0.238490955,0.371466641,0.655276565
1497534953657560000,90644,0.1205596,2.744676162,1.055238066,-0.610475901,-0.236130353,0.371756618,0.658299816
1497534953667570000,90645,0.113723258,2.744682017,1.057010295,-0.608257374,-0.233665517,0.371950131,0.661117609
1497534953677550000,90646,0.106874665,2.744750817,1.058485261,-0.60750735,-0.231528137,0.371860703,0.662607847
1497534953687550000,90647,0.09994718,2.744855677,1.059566818,-0.60637281,-0.230428081,0.372907643,0.663441636
1497534953697570000,90648,0.092832813,2.745037848,1.060630218,-0.605281225,-0.228372343,0.37380555,0.664642853
1497534953707570000,90649,0.085482409,2.745302157,1.061537512,-0.605433714,-0.226488116,0.374334801,0.664850816
1497534953717570000,90650,0.078160514,2.745363465,1.061802401,-0.604459601,-0.226345871,0.375559705,0.665094765
1497534953727540000,90651,0.070690828,2.745646709,1.062150933,-0.603812213,-0.225847246,0.375976207,0.6656168
1497534953737570000,90652,0.063095615,2.745763875,1.062292568,-0.603700897,-0.226428354,0.376473028,0.665239421
1497534953747540000,90653,0.055532823,2.746046602,1.061997696,-0.602717491,-0.227953332,0.376696726,0.665483645
1497534953757560000,90654,0.047705939,2.746283044,1.061579263,-0.603029776,-0.228509332,0.376925797,0.664880078
1497534953767540000,90655,0.039959963,2.746768228,1.060701778,-0.602689877,-0.230617832,0.377281405,0.664258285
1497534953777460000,90656,0.031870645,2.747427375,1.059709145,-0.603328522,-0.231158811,0.377395583,0.663425107
1497534953787560000,90657,0.023722354,2.748136258,1.05799227,-0.603894201,-0.232239322,0.377785224,0.662310362
1497534953797600000,90658,0.015158845,2.749178939,1.056054825,-0.606559684,-0.232704948,0.37750039,0.659869087
1497534953807570000,90659,0.006502247,2.750235253,1.053781278,-0.608644274,-0.233139811,0.376998376,0.658080695
1497534953817630000,90660,-0.002447971,2.75142771,1.051265545,-0.611274487,-0.234834604,0.376705373,0.655201703
1497534953827550000,90661,-0.012065432,2.75278097,1.048912188,-0.614338631,-0.235171331,0.376177955,0.652512558
1497534953837580000,90662,-0.021569137,2.753875668,1.046159931,-0.615894296,-0.23832149,0.376346519,0.649800262
1497534953847560000,90663,-0.031262246,2.75475809,1.04345294,-0.61675838,-0.24210823,0.37707192,0.647154907
1497534953857580000,90664,-0.041118588,2.755512943,1.040863412,-0.618064262,-0.24514814,0.377673628,0.644407937
1497534953867610000,90665,-0.050850442,2.756207788,1.038572429,-0.619399589,-0.249089774,0.377339708,0.641804626
1497534953877570000,90666,-0.060624651,2.756857631,1.036828061,-0.620570326,-0.249989222,0.378061475,0.639896383
1497534953887570000,90667,-0.06976276,2.757188954,1.035213886,-0.621180266,-0.25373906,0.379236233,0.637127496
1497534953897520000,90668,-0.079078365,2.757604674,1.033923155,-0.620484609,-0.25682338,0.382066795,0.634874449
1497534953907590000,90669,-0.08856844,2.758466308,1.033767454,-0.618873969,-0.256852899,0.384348414,0.635057395
1497534953917590000,90670,-0.09770193,2.758836039,1.034002324,-0.615346335,-0.258234191,0.389047989,0.635063504
1497534953927560000,90671,-0.106568223,2.759257179,1.035486232,-0.612560664,-0.257413963,0.392991247,0.63566136
1497534953937590000,90672,-0.115053995,2.759195279,1.037720065,-0.608503721,-0.25538684,0.397214582,0.637747097
1497534953947590000,90673,-0.123423301,2.758790417,1.040137687,-0.603472428,-0.251481501,0.400851949,0.641791086
1497534953957580000,90674,-0.131612642,2.758286179,1.042493664,-0.600950819,-0.248134337,0.402803011,0.644233808
1497534953967540000,90675,-0.140291009,2.758139896,1.04473474,-0.599951712,-0.245694459,0.403796169,0.645477211
1497534953977550000,90676,-0.149728696,2.758650453,1.047148671,-0.601890018,-0.246422554,0.402728598,0.644060562
1497534953987540000,90677,-0.159633852,2.759363832,1.048968795,-0.604200178,-0.248909468,0.401208579,0.641886203
1497534953997590000,90678,-0.169777637,2.759998463,1.050090344,-0.605764186,-0.25570102,0.399071943,0.639068326
1497534954007570000,90679,-0.180519241,2.760681054,1.050904973,-0.60745692,-0.260356115,0.397139964,0.636781464
1497534954017580000,90680,-0.191080045,2.761157944,1.051040116,-0.60835345,-0.266690333,0.395721681,0.634181911
1497534954027530000,90681,-0.201508078,2.761328385,1.050541236,-0.608403839,-0.272021296,0.395586077,0.631950028
1497534954037580000,90682,-0.211643094,2.761212856,1.049951492,-0.608511193,-0.276254938,0.396472526,0.629449659
1497534954047560000,90683,-0.221648159,2.760859478,1.049522328,-0.608186499,-0.279880681,0.398754183,0.626714519
1497534954057580000,90684,-0.231662335,2.760331163,1.049504648,-0.607482868,-0.284803279,0.401408747,0.623476283
1497534954067590000,90685,-0.241442035,2.759361729,1.049283772,-0.606489581,-0.291078247,0.403838625,0.619966295
1497534954077600000,90686,-0.251244004,2.758022762,1.048869318,-0.605029697,-0.298266733,0.405921404,0.616606711
1497534954087560000,90687,-0.261126547,2.756724472,1.049142835,-0.603949316,-0.306725235,0.407608984,0.612388578
1497534954097570000,90688,-0.27060406,2.755249553,1.049189094,-0.60246969,-0.315947557,0.409399719,0.607946777
1497534954107510000,90689,-0.279847254,2.753630845,1.048913398,-0.601189163,-0.324102461,0.411156201,0.603721594
1497534954117650000,90690,-0.288952368,2.752257815,1.049279004,-0.599463092,-0.332211548,0.413382787,0.599494921
1497534954127570000,90691,-0.297656038,2.750729647,1.049129073,-0.597826096,-0.338619342,0.415778783,0.595876584
1497534954137680000,90692,-0.306261046,2.749252643,1.048905838,-0.5967891,-0.343550054,0.418553556,0.592139385
1497534954147590000,90693,-0.314562821,2.747653373,1.048343296,-0.595944094,-0.347235567,0.422217863,0.588226294
1497534954157580000,90694,-0.323019088,2.746277349,1.048148347,-0.595694296,-0.350061794,0.426231482,0.583893629
1497534954167570000,90695,-0.331539164,2.745018053,1.048212375,-0.595838227,-0.352759861,0.430319768,0.57910464
1497534954177570000,90696,-0.340047112,2.74348483,1.047874078,-0.596057328,-0.355988885,0.43430827,0.573902346
1497534954187610000,90697,-0.348653397,2.741717869,1.04755141,-0.5966168,-0.359564305,0.438352229,0.567986996
1497534954197490000,90698,-0.357370567,2.739612517,1.046836338,-0.597258358,-0.36442857,0.441693821,0.561587784
1497534954207560000,90699,-0.366219754,2.73746729,1.046580948,-0.597886498,-0.369695528,0.44472929,0.55504307
1497534954217590000,90700,-0.37512452,2.735432978,1.0467239,-0.598135034,-0.375361417,0.447209633,0.548946111
1497534954227570000,90701,-0.383966762,2.732982211,1.046481422,-0.598122253,-0.381684567,0.449178257,0.542959994
1497534954237600000,90702,-0.392612448,2.730557435,1.046416057,-0.598600144,-0.386486864,0.451072177,0.537438054
1497534954247570000,90703,-0.401893818,2.727752772,1.045808007,-0.601738619,-0.398036473,0.450339344,0.52599627
1497534954257590000,90704,-0.410236752,2.724806154,1.045547287,-0.600970208,-0.403334599,0.451921155,0.521462636
1497534954267590000,90705,-0.41854635,2.721770004,1.04539146,-0.600711367,-0.408486731,0.45289875,0.51688216
1497534954277570000,90706,-0.426638128,2.71871322,1.045047748,-0.600029247,-0.412521389,0.454350285,0.513183032
1497534954287540000,90707,-0.434834815,2.715148607,1.044731823,-0.598135803,-0.419453006,0.453998171,0.510076856
1497534954297450000,90708,-0.442898381,2.712116824,1.044603979,-0.598360925,-0.423256099,0.454939853,0.505814402
1497534954307590000,90709,-0.451173302,2.708980462,1.044418026,-0.598879963,-0.42845412,0.454789008,0.500935939
1497534954317590000,90710,-0.459271577,2.705069036,1.043719766,0.597154704,0.434711893,-0.453475949,-0.49878993
1497534954327560000,90711,-0.466462333,2.694409276,1.041449382,-0.546817964,-0.445022512,0.479664559,0.522366719
1497534954337600000,90712,-0.469831577,2.691288092,1.03686644,-0.560852764,-0.423620302,0.481108983,0.523950534
1497534954347560000,90713,-0.478433506,2.686519292,1.039193227,-0.577556108,-0.441379821,0.463377627,0.506847088
1497534954357550000,90714,-0.485991207,2.68417941,1.035605939,-0.560590856,-0.431584731,0.480456694,0.518299023
1497534954367550000,90715,-0.494099104,2.680390306,1.034902808,-0.561833446,-0.43606002,0.478929387,0.514608083
1497534954377570000,90716,-0.503136573,2.673080205,1.039353456,0.598060143,0.450990164,-0.450549277,-0.48573376
1497534954387590000,90717,-0.511688108,2.668705313,1.038773506,0.598124488,0.454253408,-0.449978046,-0.483136313
1497534954397500000,90718,-0.519155258,2.664546313,1.037097899,0.597963574,0.458441791,-0.448790339,-0.480476764
1497534954407560000,90719,-0.519694249,2.662474938,1.029327304,0.596051305,0.463814704,-0.448738865,-0.477736532
1497534954417600000,90720,-0.529767415,2.660048874,1.027431991,0.565224908,0.480135064,-0.459865958,-0.488379386
1497534954427560000,90721,-0.542926693,2.655535199,1.025737594,-0.573861427,-0.46203419,0.444570374,0.509474879
1497534954437600000,90722,-0.543378005,2.649842356,1.022078745,0.566784108,0.486566952,-0.463483892,-0.476645632
1497534954447560000,90723,-0.558159085,2.644452852,1.024176188,0.558052516,0.486208987,-0.461873937,-0.488723517
1497534954457670000,90724,-0.563246515,2.640061685,1.018840817,0.55827634,0.47394671,-0.470561035,-0.49221373
1497534954467550000,90725,-0.570879354,2.635392067,1.016989246,0.557132752,0.478828011,-0.468981058,-0.490289302
1497534954477560000,90726,-0.577592161,2.630789239,1.014487322,0.558139612,0.479590133,-0.467221693,-0.49007894
1497534954487530000,90727,-0.584417312,2.626271726,1.012568066,0.558770666,0.480517831,-0.465418446,-0.490166939
1497534954497590000,90728,-0.59140512,2.621814184,1.010729751,0.558003816,0.481875909,-0.464355272,-0.490715325
1497534954507570000,90729,-0.598085229,2.617209983,1.008725977,0.557733207,0.481326177,-0.464581123,-0.49134831
1497534954517490000,90730,-0.605055094,2.612441519,1.007282604,0.558316743,0.482622072,-0.462924428,-0.490977926
1497534954527580000,90731,-0.611921795,2.607553022,1.006054768,0.558987483,0.483495107,-0.460335082,-0.491789678
1497534954537650000,90732,-0.618524806,2.602534947,1.004348588,0.557588563,0.481576913,-0.461758514,-0.493920789
1497534954547640000,90733,-0.625261748,2.597323733,1.003563408,0.558565097,0.481695818,-0.458445975,-0.495783682
1497534954557600000,90734,-0.632449593,2.592163805,1.002845699,0.557012653,0.481674608,-0.458804519,-0.497217145
1497534954567560000,90735,-0.638467937,2.586995831,1.001311282,0.561898502,0.475360736,-0.457474788,-0.499018099
1497534954577560000,90736,-0.646582402,2.581888933,1.002085914,-0.559108178,-0.477669713,0.457069512,0.500317052
1497534954587600000,90737,-0.653405928,2.576522358,1.002042396,-0.562352944,-0.473999452,0.455660759,0.501454841
1497534954597600000,90738,-0.660749472,2.571130507,1.002325588,-0.561396395,-0.471220868,0.458562752,0.50249894
1497534954607600000,90739,-0.667383243,2.565207523,1.002962161,-0.56368671,-0.46646007,0.459101579,0.503882959
1497534954617590000,90740,-0.674673224,2.5589727,1.004080763,-0.563822219,-0.465084068,0.461236168,0.503053191
1497534954627570000,90741,-0.681184204,2.552330384,1.004888625,-0.563424557,-0.460997875,0.465358415,0.503463279
1497534954637590000,90742,-0.687830301,2.545197506,1.006306916,-0.562151635,-0.460606636,0.469958633,0.500965018
1497534954647550000,90743,-0.693513244,2.537636107,1.007315063,-0.562231945,-0.4572281,0.473810558,0.500341144
1497534954657590000,90744,-0.699980526,2.530058458,1.009658737,0.555542102,0.459608937,-0.480499225,-0.499252534
1497534954667600000,90745,-0.705686859,2.52250248,1.011529825,0.550781478,0.459540766,-0.485555642,-0.499697675
1497534954677570000,90746,-0.710938504,2.514937847,1.013240352,-0.544831415,-0.45810908,0.492372399,0.500863476
1497534954687560000,90747,-0.716374317,2.507652515,1.015123259,-0.536828096,-0.456785815,0.499371674,0.503775988
1497534954697590000,90748,-0.717696033,2.500559826,1.012898186,-0.543204559,-0.437099196,0.504394611,0.509371354
1497534954707580000,90749,-0.722537838,2.49380834,1.014380039,-0.537647859,-0.434880255,0.509041373,0.51253373
1497534954717590000,90750,-0.727318284,2.487439224,1.015904466,-0.532297125,-0.432348365,0.512942073,0.516357522
1497534954727560000,90751,-0.732282762,2.481418389,1.016828205,-0.528055434,-0.42776818,0.516990424,0.520473576
1497534954737600000,90752,-0.740685622,2.475620759,1.021798679,-0.514092402,-0.441713923,0.519745926,0.520059597
1497534954747540000,90753,-0.745231434,2.470183126,1.022424551,-0.509844115,-0.434518732,0.525665569,0.524335922
1497534954757600000,90754,-0.750377414,2.464943566,1.023539004,-0.508937522,-0.431230055,0.528729176,0.524851118
1497534954767570000,90755,-0.754802235,2.459742817,1.024406609,-0.506607794,-0.424381736,0.534100546,0.527243105
1497534954777570000,90756,-0.759828358,2.454713083,1.025708197,-0.504649163,-0.420532569,0.538191334,0.528045139
1497534954787600000,90757,-0.764421525,2.449829457,1.026685791,-0.501892823,-0.414410379,0.544367463,0.529180212
1497534954797600000,90758,-0.76925727,2.444833009,1.028014686,-0.499686541,-0.410298992,0.548650966,0.530047371
1497534954807570000,90759,-0.773982134,2.439877961,1.029590628,-0.498458444,-0.40617859,0.551951398,0.530949892
1497534954817600000,90760,-0.778782639,2.434770692,1.031108014,-0.496997433,-0.40240151,0.554964924,0.532053108
1497534954827570000,90761,-0.783665547,2.429569873,1.033183758,-0.495398655,-0.401067791,0.557249085,0.532163749
1497534954837600000,90762,-0.788545147,2.424108815,1.035105051,-0.493583087,-0.400581824,0.559499255,0.531855734
1497534954847570000,90763,-0.793170789,2.418651162,1.036446778,-0.48846463,-0.396562793,0.564717463,0.534073444
1497534954857610000,90764,-0.68489581,2.520080372,0.902444637,-0.061219395,0.629878714,0.768863853,0.091396759
1497534954867590000,90765,-0.690898606,2.513817477,0.904234256,-0.061229955,0.628364961,0.769809227,0.093819623
1497534954877570000,90766,-0.812845825,2.407770566,1.047877912,-0.516143095,-0.421243196,0.545954292,0.508020065
1497534954887580000,90767,-0.818198196,2.401746658,1.049221599,-0.51388118,-0.42126565,0.549306055,0.506679626
1497534954897560000,90768,-0.82345798,2.39650262,1.051288163,-0.511963984,-0.42192184,0.552309064,0.504806436
1497534954907690000,90769,-0.821982413,2.38257349,1.048197143,-0.511546902,-0.418904032,0.555450059,0.504295956
1497534954917590000,90770,-0.826527552,2.376995485,1.048335964,-0.50878172,-0.419748268,0.559206535,0.502235606
1497534954927560000,90771,-0.832818545,2.371125323,1.050199694,-0.50680381,-0.421228944,0.562021827,0.499847518
1497534954937590000,90772,-0.839953853,2.365107086,1.052821179,-0.504399161,-0.4221325,0.56520152,0.49792859
1497534954947590000,90773,-0.845630441,2.359288968,1.053833322,-0.501901579,-0.423685257,0.568298151,0.495603491
1497534954957580000,90774,-0.851172416,2.353500521,1.054405487,-0.498589713,-0.425696077,0.571894011,0.493080509
1497534954967580000,90775,-0.85628188,2.347753609,1.054382348,-0.496304236,-0.428461725,0.574562932,0.489877631
1497534954977580000,90776,-0.861893562,2.341935454,1.054386332,-0.493726491,-0.431963665,0.577485424,0.485954863
1497534954987610000,90777,-0.866659267,2.336159557,1.053036376,-0.490112094,-0.434228691,0.581490327,0.48280905
1497534954997570000,90778,-0.872921413,2.330070371,1.052731993,-0.488120969,-0.437583629,0.583720761,0.47909139
1497534955007580000,90779,-0.879067056,2.323907134,1.051766574,-0.486357019,-0.442598424,0.585176155,0.474481141
1497534955017580000,90780,-0.884711093,2.317767468,1.050044531,-0.484447248,-0.448075421,0.586623175,0.469481129
1497534955027530000,90781,-0.890774323,2.311400757,1.04834999,-0.482184299,-0.455097541,0.58722045,0.464280813
1497534955037630000,90782,-0.897273594,2.304770358,1.04706323,-0.480969245,-0.461702708,0.587357191,0.458814478
1497534955047580000,90783,-0.903108019,2.298114575,1.044844785,-0.478708541,-0.469555811,0.58725082,0.453312196
1497534955057610000,90784,-0.909388753,2.291218154,1.043591238,-0.476450145,-0.477693429,0.587130053,0.447305878
1497534955067610000,90785,-0.91445455,2.284375037,1.041103865,-0.472867073,-0.483900544,0.588124637,0.443109925
1497534955077580000,90786,-0.920915186,2.277232929,1.04075173,-0.469768195,-0.49101786,0.588433634,0.438138292
1497534955087580000,90787,-0.925795698,2.270264173,1.038917714,-0.4657231,-0.496351623,0.589821858,0.434565572
1497534955097600000,90788,-0.930880615,2.263385448,1.038134299,-0.461373632,-0.501355202,0.591667575,0.430937134
1497534955107610000,90789,-0.935928627,2.256635768,1.03742085,-0.457505006,-0.504144917,0.594145238,0.428390603
1497534955117580000,90790,-0.940798594,2.250061713,1.037058772,-0.453403813,-0.506973527,0.596791875,0.425725595
1497534955127540000,90791,-0.945180441,2.243633329,1.036238395,-0.448696974,-0.507950471,0.600239075,0.424700361
1497534955137550000,90792,-0.950592814,2.237207019,1.036960415,-0.443864826,-0.508920008,0.603943201,0.42336397
1497534955147580000,90793,-0.955093285,2.230890461,1.0365613,-0.438480688,-0.508561911,0.608882156,0.422329243
1497534955157580000,90794,-0.959305057,2.224610322,1.035781764,-0.433934998,-0.50641694,0.613803279,0.422478207
1497534955167580000,90795,-0.964770896,2.218221664,1.036271989,-0.429870799,-0.505337512,0.618011302,0.42179038
1497534955177580000,90796,-0.969920706,2.211662381,1.03577306,-0.427012162,-0.502537388,0.62241777,0.421560087
1497534955187550000,90797,-0.975950457,2.20509538,1.03612446,-0.424497942,-0.501780997,0.626189277,0.419409487
1497534955197600000,90798,-0.98166593,2.198327434,1.035515827,-0.422079293,-0.501110534,0.629925184,0.417051035
1497534955207580000,90799,-0.987986764,2.19124375,1.035105357,-0.419798132,-0.500321869,0.633938466,0.41420958
1497534955217540000,90800,-0.994533807,2.183942687,1.034374407,-0.416752817,-0.501330669,0.637392246,0.410750258
1497534955227530000,90801,-1.001163039,2.176407277,1.033447919,-0.41301032,-0.502985982,0.641022407,0.406838853
1497534955237500000,90802,-1.008389476,2.168737187,1.032719157,-0.409336983,-0.505174595,0.644470166,0.402368074
1497534955247530000,90803,-1.014893916,2.160931229,1.030744236,-0.405643326,-0.506232515,0.648118455,0.398904251
1497534955257630000,90804,-1.021783354,2.153139529,1.029209611,-0.402209387,-0.507888132,0.651429826,0.394862553
1497534955267640000,90805,-1.029204792,2.145230475,1.027950586,-0.399067523,-0.509086686,0.65483755,0.390849895
1497534955277620000,90806,-1.036561524,2.13729953,1.026249546,-0.396610865,-0.508964622,0.658287405,0.387701596
1497534955287590000,90807,-1.044240544,2.129299802,1.02460076,-0.395245747,-0.509013334,0.66117905,0.384094375
1497534955297610000,90808,-1.052100868,2.121208531,1.022805823,-0.394623953,-0.508450391,0.664158351,0.380320681
1497534955307630000,90809,-1.060085654,2.113061179,1.020975335,-0.393507655,-0.509289754,0.66650541,0.376226275
1497534955317620000,90810,-1.068247069,2.104961966,1.019378022,-0.392600172,-0.509127311,0.669442093,0.37215826
1497534955327590000,90811,-1.076146688,2.096997289,1.017985324,-0.390958838,-0.509891033,0.672662871,0.366997252
1497534955337590000,90812,-1.084275074,2.089275061,1.017630553,-0.389481218,-0.510442866,0.675704385,0.362182337
1497534955347600000,90813,-1.091880651,2.081748744,1.017691326,-0.388976758,-0.509283315,0.678637366,0.358857788
1497534955357610000,90814,-1.099256504,2.074522439,1.018832078,-0.389789905,-0.509103308,0.680178151,0.355296121
1497534955367590000,90815,-1.106370289,2.067454465,1.020709892,-0.391214538,-0.510505021,0.680366429,0.351336493
1497534955377580000,90816,-1.113496897,2.060363815,1.023116358,-0.392924406,-0.513147247,0.679283251,0.347655835
1497534955387620000,90817,-1.120752482,2.053410738,1.026270179,-0.39327443,-0.515694483,0.678605186,0.344803459
1497534955397560000,90818,-1.127940113,2.046399112,1.029327149,-0.392375463,-0.51717955,0.678861822,0.343093917
1497534955407600000,90819,-1.134527265,2.039370156,1.031542944,-0.39122629,-0.517710329,0.678916396,0.343497499
1497534955417610000,90820,-1.141191722,2.032212156,1.033233396,-0.389978486,-0.517688111,0.678676046,0.34541949
1497534955427500000,90821,-1.147850802,2.025123407,1.034924015,-0.386683001,-0.517738691,0.679141649,0.34812286
1497534955437550000,90822,-1.154642065,2.018059471,1.036304515,-0.383639531,-0.518634252,0.679060249,0.350309008
1497534955447580000,90823,-1.161220943,2.011074811,1.037350557,-0.380657009,-0.519914914,0.678442475,0.352851998
1497534955457570000,90824,-1.167271427,2.004122867,1.037731085,-0.377808524,-0.52137609,0.677539803,0.355482079
1497534955467630000,90825,-1.172801217,1.99731914,1.037519822,-0.375085451,-0.523540662,0.676261013,0.35761309
1497534955477500000,90826,-1.179378198,1.990741354,1.038743906,-0.37420276,-0.527674227,0.673186113,0.358263397
1497534955487600000,90827,-1.185145423,1.984156723,1.038693342,-0.374968902,-0.532282119,0.669532994,0.357490752
1497534955497610000,90828,-1.191560791,1.977935218,1.039535859,-0.376759782,-0.53778548,0.665030397,0.355771578
1497534955507620000,90829,-1.197311714,1.971730526,1.039614396,-0.379793692,-0.542232375,0.660873818,0.35353444
1497534955517510000,90830,-1.203275089,1.965959778,1.040451671,-0.381957735,-0.546033222,0.657755485,0.351160549
1497534955527560000,90831,-1.207875858,1.960162887,1.039943232,-0.384236322,-0.548136689,0.65627613,0.34815264
1497534955537630000,90832,-1.212982546,1.954659535,1.040877612,-0.38489766,-0.549386423,0.65616649,0.345649948
1497534955547580000,90833,-1.217344245,1.948848874,1.040914371,-0.384095152,-0.551405558,0.65701412,0.341694703
1497534955557620000,90834,-1.221526693,1.942709144,1.040557568,-0.384224364,-0.553747645,0.656864465,0.338029967
1497534955567570000,90835,-1.226746218,1.936601348,1.041685961,-0.38318342,-0.556204948,0.656975304,0.334947716
1497534955577500000,90836,-1.230927271,1.930131615,1.041499639,-0.382929974,-0.55917712,0.656468727,0.33126182
1497534955587620000,90837,-1.235116595,1.923509997,1.041409461,-0.382330958,-0.562728902,0.655622801,0.327594208
1497534955597620000,90838,-1.239105722,1.916738203,1.04128759,-0.381004574,-0.566074065,0.65504964,0.324508299
1497534955607600000,90839,-1.243033494,1.909824084,1.041078518,-0.37990365,-0.569425505,0.654032999,0.321976161
1497534955617600000,90840,-1.246834514,1.902773584,1.040805791,-0.37840378,-0.573491073,0.652519885,0.31958781
1497534955627600000,90841,-1.25051648,1.895486661,1.040484342,-0.376625344,-0.578217554,0.650556978,0.317164671
1497534955637630000,90842,-1.254310003,1.888068954,1.040246357,-0.375119141,-0.583107714,0.647990673,0.315244527
1497534955647550000,90843,-1.258018445,1.880556169,1.039868639,-0.374355773,-0.587704117,0.645524616,0.31266531
1497534955657610000,90844,-1.261850892,1.872823509,1.039512582,-0.37252708,-0.592712453,0.643207721,0.3101602
1497534955667590000,90845,-1.265585154,1.865065079,1.039115016,-0.371070535,-0.597735946,0.640869983,0.307089664
1497534955677630000,90846,-1.269056181,1.857385228,1.038533529,-0.370334169,-0.601438932,0.638800008,0.305054691
1497534955687590000,90847,-1.272629225,1.849541026,1.037658123,-0.369951668,-0.605677555,0.63692684,0.301022697
1497534955697520000,90848,-1.27601418,1.841424252,1.036870807,-0.367907055,-0.61050871,0.634966996,0.297893316
1497534955707550000,90849,-1.280223995,1.832761615,1.034984999,-0.370241147,-0.622222504,0.626660807,0.288195909
1497534955717570000,90850,-1.283487492,1.824601226,1.034199517,0.367459453,0.625686104,-0.625426026,-0.286936815
1497534955727600000,90851,-1.287097457,1.816206193,1.03293935,0.366865425,0.631506763,-0.621533796,-0.283380854
1497534955737460000,90852,-1.290275783,1.807925292,1.031970697,0.364379482,0.635343666,-0.619534612,-0.282387824
1497534955747580000,90853,-1.29340437,1.79964036,1.030187541,0.365413642,0.639736479,-0.61637019,-0.278024991
1497534955757620000,90854,-1.296436395,1.791375766,1.028877403,0.364702193,0.643220361,-0.614022404,-0.276109336
1497534955767600000,90855,-1.299460588,1.783057755,1.02717657,0.365253163,0.646969185,-0.610879208,-0.273582883
1497534955777650000,90856,-1.302360343,1.774594806,1.025341502,0.366091151,0.650774151,-0.607690363,-0.270523005
1497534955787630000,90857,-1.305174759,1.766009191,1.023955482,0.364312526,0.653712823,-0.605519678,-0.270706202
1497534955797630000,90858,-1.30797733,1.757148134,1.022000954,0.364468422,0.658359369,-0.601875272,-0.26734223
1497534955807590000,90859,-1.310648376,1.748139434,1.020156926,0.363092885,0.661426807,-0.599783555,-0.266341554
1497534955817620000,90860,-1.313274402,1.73891212,1.018386457,0.361787283,0.664681477,-0.597731127,-0.264624254
1497534955827590000,90861,-1.315808558,1.729524847,1.016394512,0.3607822,0.668891199,-0.594603905,-0.262425159
1497534955837610000,90862,-1.317937212,1.72037121,1.014834415,0.35814697,0.669238555,-0.59465563,-0.265019218
1497534955847660000,90863,-1.32038286,1.710743626,1.012228256,0.359737159,0.673403913,-0.59121353,-0.259967128
1497534955857620000,90864,-1.322909207,1.701224398,1.010709964,0.357339141,0.67571646,-0.589568268,-0.261008164
1497534955867610000,90865,-1.325212459,1.691807473,1.008475137,0.357271654,0.676979839,-0.588394321,-0.260475307
1497534955877590000,90866,-1.327474806,1.682554255,1.00649042,0.3568836,0.677812784,-0.58714289,-0.261662287
1497534955887590000,90867,-1.329661069,1.672932316,1.00437852,0.357571969,0.67991418,-0.58527596,-0.259443725
1497534955897560000,90868,-1.331822466,1.663430718,1.002046745,0.357187693,0.681160641,-0.584113381,-0.259323528
1497534955907610000,90869,-1.33336206,1.654009845,1.000067514,0.356816132,0.680433467,-0.584890823,-0.259990902
1497534955917590000,90870,-1.335209467,1.644251502,0.997866556,0.356148059,0.681929311,-0.583703955,-0.259654901
1497534955927580000,90871,-1.33786381,1.634184937,0.995474155,0.356039084,0.686829514,-0.581061038,-0.252724079
1497534955937560000,90872,-1.339214473,1.624077941,0.993462445,0.354918738,0.688669488,-0.579947947,-0.251847981
1497534955947590000,90873,-1.340575238,1.614078508,0.991585421,0.353491323,0.688672114,-0.58110512,-0.251180101
1497534955957520000,90874,-1.341863686,1.603744999,0.990079946,0.352406628,0.690320198,-0.580456866,-0.249674628
1497534955967540000,90875,-1.34307043,1.593667874,0.98926417,0.352282134,0.688477149,-0.582445741,-0.250306755
1497534955977630000,90876,-1.344423448,1.583285475,0.988712822,0.352784149,0.688066264,-0.582975923,-0.249493954
1497534955987650000,90877,-1.345746088,1.573002493,0.988633539,0.353383835,0.686804423,-0.584112294,-0.24946418
1497534955997580000,90878,-1.346965767,1.56261992,0.989083039,0.354241857,0.685766083,-0.58535476,-0.248188217
1497534956007600000,90879,-1.347782571,1.552182034,0.990095303,0.356074666,0.684394087,-0.586709023,-0.246146478
1497534956017600000,90880,-1.348500747,1.541565363,0.991152081,0.356435595,0.682601658,-0.589407995,-0.244145158
1497534956027600000,90881,-1.348841496,1.530722111,0.992924879,0.356833973,0.680833728,-0.592419248,-0.241193668
1497534956037620000,90882,-1.348879623,1.519604221,0.994905493,0.354946371,0.679497538,-0.596614631,-0.237375548
1497534956047600000,90883,-1.34842451,1.508393589,0.997151542,0.352024831,0.678645254,-0.600801951,-0.233572588
1497534956057620000,90884,-1.347420781,1.497178163,0.999773763,0.347520416,0.677794316,-0.605805783,-0.229834243
1497534956067620000,90885,-1.346425916,1.486002252,1.002368667,0.341252278,0.676965938,-0.611678026,-0.226084044
1497534956077590000,90886,-1.344153059,1.475444995,1.005343751,0.331990331,0.669037207,-0.623756183,-0.230434068
1497534956087600000,90887,-1.343139748,1.464762657,1.007825446,0.324569251,0.66819356,-0.629966995,-0.226525391
1497534956097620000,90888,-1.341744166,1.454585192,1.010165776,0.317592992,0.666097443,-0.636363335,-0.224701122
1497534956107720000,90889,-1.340540552,1.444634599,1.012334546,0.310735014,0.664731313,-0.641723964,-0.223083812
1497534956117630000,90890,-1.339457704,1.43527337,1.014052076,0.305804575,0.661231297,-0.648070409,-0.221949271
1497534956127600000,90891,-1.338409827,1.426077313,1.015716973,0.30085135,0.65709367,-0.654040822,-0.223488204
1497534956137630000,90892,-1.337816985,1.417147257,1.016916409,-0.298552702,-0.651879506,0.659894593,0.224629739
1497534956147630000,90893,-1.337418981,1.408369208,1.018067016,-0.298029434,-0.647482087,0.664403257,0.224752567
1497534956157720000,90894,-1.337143968,1.399779703,1.019035628,-0.297801762,-0.643122838,0.668594027,0.225142518
1497534956167610000,90895,-1.337241223,1.391179258,1.020192702,-0.299345117,-0.638278712,0.672836074,0.224241842
1497534956177560000,90896,-1.336709059,1.383341589,1.020977485,-0.295454076,-0.633625257,0.679930876,0.221178494
1497534956187590000,90897,-1.336721889,1.37509665,1.022260185,-0.29595463,-0.628793116,0.684476636,0.220276664
1497534956197590000,90898,-1.336992876,1.366790881,1.023938645,-0.29690189,-0.624119426,0.688414528,0.220021926
1497534956207550000,90899,-1.337145239,1.358837411,1.025315593,-0.297035519,-0.618579958,0.693495092,0.219529709
1497534956217610000,90900,-1.337075799,1.350901045,1.026988515,-0.297061554,-0.61373342,0.697935823,0.219023535
1497534956227600000,90901,-1.337006147,1.342823127,1.028858223,-0.295800763,-0.610904159,0.701412224,0.217529102
1497534956237640000,90902,-1.33711872,1.334593749,1.031080791,-0.295072229,-0.60723587,0.704951378,0.217348872
1497534956247580000,90903,-1.33701777,1.326426917,1.033180245,-0.294848124,-0.602379681,0.708951622,0.218153389
1497534956257640000,90904,-1.336992367,1.318306393,1.035106724,-0.293688959,-0.599525215,0.712262951,0.216789762
1497534956267630000,90905,-1.336857394,1.31023382,1.036889874,-0.292122142,-0.596648334,0.715762798,0.215311489
1497534956277600000,90906,-1.33699914,1.301675436,1.039032246,-0.292129742,-0.592598246,0.719112723,0.215323996
1497534956287600000,90907,-1.33687754,1.293194276,1.040936812,-0.292116808,-0.58843648,0.722501872,0.215409667
1497534956297680000,90908,-1.338194113,1.283635647,1.043078225,-0.295049299,-0.595908082,0.717418811,0.207725101
1497534956307580000,90909,-1.336435343,1.276178433,1.043959628,-0.289304702,-0.583492873,0.727958449,0.214278682
1497534956317630000,90910,-1.336598066,1.267373678,1.045150238,-0.289234388,-0.581605501,0.729877737,0.212971826
1497534956327610000,90911,-1.336725735,1.258100626,1.046665677,-0.290609696,-0.577881575,0.73175901,0.214773463
1497534956337630000,90912,-1.336567463,1.249408705,1.047133105,-0.288130022,-0.57956245,0.732304734,0.211703173
1497534956347630000,90913,-1.336475987,1.2404488,1.047661488,-0.286507959,-0.578871643,0.733655444,0.211117265
1497534956357630000,90914,-1.336420811,1.231437945,1.047809811,-0.284271464,-0.580292142,0.734061854,0.20881561
1497534956367610000,90915,-1.336473734,1.222437506,1.047454723,-0.282835447,-0.580985455,0.73462117,0.206861664
1497534956377600000,90916,-1.33638885,1.213597111,1.046581952,-0.278589398,-0.58362247,0.734973557,0.203928
1497534956387620000,90917,-1.336617072,1.204300252,1.045900014,-0.279279149,-0.584682477,0.734326944,0.20227085
1497534956397590000,90918,-1.336853017,1.195063097,1.044778568,-0.278280321,-0.587078196,0.733376353,0.200145898
1497534956407610000,90919,-1.337213867,1.185756208,1.043189619,-0.277875206,-0.588326292,0.732842298,0.19899676
1497534956417630000,90920,-1.337672059,1.17641101,1.041324169,-0.277632692,-0.590441908,0.731748648,0.197084647
1497534956427610000,90921,-1.338289029,1.166988479,1.039126603,-0.278151298,-0.593315822,0.729685557,0.195364218
1497534956437610000,90922,-1.338876484,1.15754998,1.036626607,-0.27878592,-0.595281289,0.728043885,0.194603953
1497534956447610000,90923,-1.339633791,1.148166016,1.033985204,-0.279777467,-0.597779087,0.725934413,0.193401036
1497534956457680000,90924,-1.340435283,1.138779925,1.031121645,-0.280493191,-0.600038657,0.724213716,0.191811554
1497534956467640000,90925,-1.341534341,1.129278227,1.02823511,-0.280914315,-0.602791216,0.722225768,0.190052198
1497534956477610000,90926,-1.342716043,1.119701789,1.025004588,-0.271860665,-0.603260426,0.725782443,0.188171419
1497534956487590000,90927,-1.343822492,1.110155056,1.02205375,-0.273342758,-0.605448994,0.723510665,0.187743361
1497534956497630000,90928,-1.345039429,1.100473575,1.019625731,-0.274998398,-0.607391859,0.721500176,0.186784653
1497534956507720000,90929,-1.34589198,1.091100718,1.017337927,-0.284258228,-0.610225371,0.715444246,0.186980714
1497534956517660000,90930,-1.34684729,1.081958684,1.015236326,-0.286720853,-0.608572767,0.715614125,0.187954155
1497534956527600000,90931,-1.347832416,1.073048939,1.013201031,-0.288187768,-0.606748241,0.716422434,0.18852925
1497534956537640000,90932,-1.348268082,1.06464783,1.011121906,-0.286769513,-0.604799226,0.7185357,0.188911594
1497534956547630000,90933,-1.349037785,1.05567883,1.010082171,-0.289036594,-0.598547201,0.72157164,0.193735552
1497534956557630000,90934,-1.349592167,1.046840853,1.00850151,-0.287512367,-0.594919825,0.724409621,0.196564855
1497534956567600000,90935,-1.350500963,1.037401631,1.007367512,-0.289608494,-0.590850494,0.7261773,0.199221341
1497534956577610000,90936,-1.351442208,1.027519617,1.006319555,-0.289711226,-0.587957245,0.727961669,0.201110645
1497534956587630000,90937,-1.352461042,1.017131114,1.005441049,-0.289627716,-0.58630234,0.72922127,0.201498615
1497534956597640000,90938,-1.353350101,1.006444258,1.004445782,-0.288745492,-0.584668269,0.731012864,0.201020519
1497534956607610000,90939,-1.354346732,0.995079771,1.003691308,-0.288437752,-0.582954441,0.73262131,0.200583644
1497534956617640000,90940,-1.355318145,0.983228459,1.002582279,-0.286992019,-0.582003385,0.734513574,0.19848791
1497534956627610000,90941,-1.356213067,0.970548363,1.002074677,-0.285207545,-0.581051803,0.736499112,0.196480321
1497534956637640000,90942,-1.357131297,0.957202899,1.001411316,-0.281608663,-0.582370382,0.737903003,0.192458975
1497534956647600000,90943,-1.358036667,0.943365213,1.000695474,-0.276349977,-0.582511618,0.7405592,0.189428023
1497534956657550000,90944,-1.359064425,0.929119804,1.000093741,-0.272045797,-0.583968781,0.742120162,0.185011384
1497534956667630000,90945,-1.360381546,0.914738474,0.999570074,-0.267498833,-0.586643699,0.742908091,0.179947531
1497534956677600000,90946,-1.361656468,0.900577338,0.999190473,-0.263264677,-0.588895135,0.743727162,0.175397088
1497534956687600000,90947,-1.363308542,0.886443787,0.999757509,-0.260117119,-0.591767472,0.743534864,0.17119068
1497534956697580000,90948,-1.36518229,0.872825318,1.000903379,-0.259333986,-0.594359386,0.742234282,0.169029802
1497534956707690000,90949,-1.367263598,0.859926523,1.002630117,-0.262048317,-0.598318846,0.738435011,0.167508127
1497534956717550000,90950,-1.369829147,0.847588128,1.005308184,-0.266506756,-0.603330842,0.73268116,0.167762817
1497534956727630000,90951,-1.372295467,0.836011611,1.008103685,-0.269569163,-0.607707852,0.727837277,0.168156269
1497534956737690000,90952,-1.37513133,0.824996868,1.010923121,-0.270115385,-0.610919217,0.724907939,0.168296968
1497534956747690000,90953,-1.378015898,0.813969332,1.014379642,-0.2736406,-0.61165208,0.722700617,0.169429549
1497534956757760000,90954,-1.380245476,0.803466687,1.01694931,-0.274865665,-0.610893709,0.722409028,0.171414523
1497534956767610000,90955,-1.379196862,0.796181322,1.013506304,-0.27442076,-0.60747962,0.724648779,0.174773867
1497534956777600000,90956,-1.380575342,0.785311028,1.015730635,-0.272878415,-0.605195138,0.726164721,0.178776434
1497534956787580000,90957,-1.381486251,0.774379869,1.017404735,-0.269856861,-0.603532387,0.727637005,0.182948957
1497534956797650000,90958,-1.382243015,0.763441404,1.018650515,-0.264806257,-0.603592641,0.728526413,0.186555181
1497534956807570000,90959,-1.382742905,0.752708558,1.019333084,-0.259725993,-0.60421618,0.728880929,0.190257215
1497534956817550000,90960,-1.383511732,0.741837881,1.020180405,-0.254318905,-0.606426913,0.728249272,0.192928204
1497534956827450000,90961,-1.384434382,0.731186564,1.02057641,-0.251206159,-0.611150564,0.725128437,0.193853564
1497534956837590000,90962,-1.385892927,0.720466212,1.020995702,-0.250550349,-0.618597893,0.719349553,0.192606829
1497534956847570000,90963,-1.387818136,0.709819141,1.021171351,-0.252972711,-0.626354663,0.712350356,0.190372303
1497534956857650000,90964,-1.390117365,0.699158446,1.021512583,-0.257973891,-0.634125256,0.704486272,0.187172982
1497534956867600000,90965,-1.392468905,0.688699313,1.021774094,-0.263093378,-0.641026486,0.697463278,0.182789209
1497534956877570000,90966,-1.394719454,0.678406814,1.022427262,-0.267308377,-0.645614663,0.692794963,0.178221988
1497534956887560000,90967,-1.396337348,0.668756139,1.022593024,-0.270783232,-0.648171628,0.690100912,0.174099724
1497534956897580000,90968,-1.397795239,0.659221387,1.023141481,-0.272308631,-0.649232683,0.6893015,0.170904578
1497534956907590000,90969,-1.398904688,0.649974262,1.023455974,-0.273725276,-0.649459207,0.689023504,0.168889971
1497534956917600000,90970,-1.399787471,0.640961953,1.023652771,-0.27482238,-0.649111751,0.6892319,0.16758873
1497534956927570000,90971,-1.400631127,0.632094731,1.023620071,-0.274994906,-0.648069723,0.690248124,0.167155508
1497534956937590000,90972,-1.40174358,0.623094942,1.023763571,-0.275163806,-0.648532349,0.689821508,0.166844115
1497534956947600000,90973,-1.403054627,0.614071742,1.023702545,-0.275912276,-0.650581507,0.687509556,0.167172752
1497534956957590000,90974,-1.404707406,0.604912198,1.023595472,-0.278231517,-0.65333183,0.683845186,0.167632048
1497534956967570000,90975,-1.406386641,0.595935445,1.022958792,-0.281571926,-0.656713405,0.679131682,0.168002714
1497534956977560000,90976,-1.408436969,0.586808494,1.022612087,-0.285460472,-0.659734474,0.674423827,0.168568215
1497534956987600000,90977,-1.410259393,0.578049168,1.021598295,-0.289832399,-0.662510764,0.669779501,0.16873674
1497534956997580000,90978,-1.412095631,0.569249063,1.020872658,-0.294056126,-0.663983269,0.666275837,0.169510242
1497534957007620000,90979,-1.413710183,0.560490433,1.020001357,0.297150825,0.665484071,-0.663244788,-0.170113757
1497534957017590000,90980,-1.415005163,0.551738403,1.018783986,0.29958881,0.667062091,-0.660490713,-0.17037233
1497534957027570000,90981,-1.416247618,0.542678987,1.017817682,0.301402385,0.668165274,-0.658144724,-0.171922337
1497534957037600000,90982,-1.41736722,0.533345193,1.016605035,0.303008739,0.670218324,-0.655013507,-0.173061862
1497534957047580000,90983,-1.418387717,0.523695103,1.015143535,0.304611344,0.672518077,-0.651537924,-0.174441105
1497534957057610000,90984,-1.41926253,0.513839026,1.013591096,0.305195033,0.675381769,-0.647933707,-0.175776472
1497534957067550000,90985,-1.420402012,0.503551502,1.01253271,0.306099768,0.678899109,-0.643515193,-0.17688168
1497534957077560000,90986,-1.421285337,0.493132898,1.010753381,0.306694721,0.682332996,-0.639367385,-0.177677738
1497534957087550000,90987,-1.4227339,0.482115896,1.008659529,0.308084552,0.691372858,-0.630140442,-0.173235401
1497534957097590000,90988,-1.423568698,0.471336951,1.006712402,0.307959153,0.695626571,-0.625561274,-0.173025798
1497534957107590000,90989,-1.424273556,0.460413414,1.00475582,0.3069911,0.699573171,-0.621552798,-0.173280013
1497534957117580000,90990,-1.424856889,0.449637386,1.002645189,0.306792469,0.702205964,-0.618492358,-0.17393208
1497534957127560000,90991,-1.425434717,0.43867198,1.000707332,0.306236659,0.70575625,-0.614635055,-0.174215307
1497534957137600000,90992,-1.422623021,0.432050554,0.999553868,0.301945969,0.680721415,-0.639950297,-0.189500934
1497534957147600000,90993,-1.423136228,0.421088881,0.997363563,0.301251182,0.684674614,-0.635982007,-0.189724234
1497534957157600000,90994,-1.423488229,0.410591325,0.995120572,0.30113497,0.685747526,-0.634623021,-0.190582479
1497534957167580000,90995,-1.424065621,0.399823387,0.993067355,0.300311749,0.688787799,-0.631331205,-0.191846632
1497534957177570000,90996,-1.42445529,0.389580017,0.990859533,0.300130004,0.689312798,-0.630128256,-0.194186068
1497534957187590000,90997,-1.424960127,0.379309024,0.988937631,0.300523924,0.689737541,-0.62862115,-0.196933862
1497534957197600000,90998,-1.425521723,0.369050886,0.986907592,0.301488148,0.690423717,-0.62652359,-0.199720249
1497534957207610000,90999,-1.426172532,0.358935436,0.984884904,0.302911402,0.690325101,-0.625116094,-0.202301275
1497534957217650000,91000,-1.426935399,0.348811321,0.982956923,0.305660869,0.689585597,-0.623891876,-0.204455534
1497534957227820000,91001,-1.427677211,0.338504168,0.981168073,0.308278946,0.68883339,-0.62288349,-0.206128141
1497534957237650000,91002,-1.42834617,0.327977284,0.979492494,0.310813189,0.687968677,-0.622110869,-0.207538737
1497534957247620000,91003,-1.428920276,0.31752592,0.978195401,0.331012483,0.701927726,-0.593015689,-0.214617324
1497534957257620000,91004,-1.429313767,0.306602928,0.97704872,0.333326464,0.70057926,-0.592687552,-0.216341475
1497534957267630000,91005,-1.429679013,0.295590385,0.976397985,0.335605644,0.698918743,-0.592495545,-0.218701785
1497534957277630000,91006,-1.430299171,0.284383391,0.976129178,0.338795815,0.697539625,-0.591889108,-0.219825274
1497534957287620000,91007,-1.430967955,0.273128685,0.976094591,0.340870588,0.695025384,-0.593149523,-0.22118002
1497534957297660000,91008,-1.43163698,0.261891495,0.976639839,0.343853916,0.692980924,-0.593400691,-0.222300569
1497534957307610000,91009,-1.432077432,0.250731666,0.977243708,0.347319558,0.690331531,-0.594604168,-0.221940048
1497534957317650000,91010,-1.432446437,0.23951572,0.978106836,0.350674972,0.687901939,-0.596086089,-0.220225705
1497534957327610000,91011,-1.432386235,0.228399885,0.979199466,0.352996043,0.685212827,-0.598679642,-0.217852845
1497534957337640000,91012,-1.431892077,0.217321558,0.980562249,0.352619527,0.682804166,-0.602721102,-0.214860915
1497534957347640000,91013,-1.430869736,0.206397313,0.982071003,0.350608882,0.680343863,-0.608024339,-0.210978773
1497534957357640000,91014,-1.429445335,0.195709235,0.983971309,0.347217623,0.677766654,-0.613626755,-0.208649204
1497534957367620000,91015,-1.427843831,0.185262787,0.986037427,0.34153611,0.674381323,-0.621082445,-0.206928761
1497534957377610000,91016,-1.426113195,0.175207598,0.988362687,0.335832475,0.670830309,-0.628207828,-0.206296318
1497534957387640000,91017,-1.424506302,0.165303261,0.990683113,0.328614256,0.66638364,-0.636354744,-0.207359964
1497534957397600000,91018,-1.422743533,0.156049486,0.993158111,0.324625078,0.661280973,-0.64247641,-0.211068935
1497534957407610000,91019,-1.421669794,0.146757605,0.995453077,0.321791207,0.65654824,-0.647632437,-0.214399288
1497534957417560000,91020,-1.423704343,0.134078152,0.997126153,-0.303646689,-0.655880994,0.660631926,0.202939076
1497534957427550000,91021,-1.423197984,0.125329097,0.999291526,-0.302662542,-0.6497002,0.665672236,0.207763111
1497534957437700000,91022,-1.423234118,0.116830469,1.001326323,-0.304502431,-0.644378338,0.669169927,0.210395903
1497534957447660000,91023,-1.423527502,0.108591612,1.003347356,-0.307403765,-0.638348679,0.672960311,0.212457781
1497534957457660000,91024,-1.424020645,0.100570041,1.005277194,-0.311278469,-0.632610733,0.676200501,0.21368729
1497534957467660000,91025,-1.424361484,0.092842399,1.007312054,-0.314747747,-0.625230077,0.680912084,0.215360024
1497534957477590000,91026,-1.424882007,0.085065567,1.009441515,-0.318177113,-0.619097752,0.684763853,0.215823456
1497534957487640000,91027,-1.425185498,0.077460219,1.011565079,-0.321125313,-0.612309615,0.689225588,0.21661846
1497534957497610000,91028,-1.425408019,0.069869293,1.013881785,-0.322563648,-0.605909957,0.693867231,0.217655882
1497534957507590000,91029,-1.425920979,0.062390317,1.016056817,-0.32608133,-0.59874829,0.698761031,0.216574405
1497534957517650000,91030,-1.425778104,0.054674212,1.018358176,-0.325010261,-0.593601147,0.703173211,0.218067523
1497534957527600000,91031,-1.425679185,0.046803738,1.02070845,-0.323374632,-0.589854679,0.706630942,0.219483522
1497534957537650000,91032,-1.425573966,0.038938736,1.022961242,-0.32206911,-0.58589936,0.710181789,0.220534024
1497534957547650000,91033,-1.425301458,0.030874013,1.025185724,-0.319451316,-0.582718702,0.713491184,0.222081294
1497534957557650000,91034,-1.425042726,0.022854926,1.027279781,-0.317472664,-0.579368731,0.716742522,0.223210973
1497534957567620000,91035,-1.424770915,0.014658895,1.029171073,-0.314979303,-0.576811683,0.719752306,0.223680441
1497534957577630000,91036,-1.424734464,0.006246024,1.030963194,-0.313146658,-0.574688707,0.722027945,0.224382947
1497534957587660000,91037,-1.424681711,-0.002291536,1.032474387,-0.312013628,-0.573295648,0.723571259,0.2245534
1497534957597650000,91038,-1.424719289,-0.010993644,1.033749438,-0.310653556,-0.572552844,0.724750771,0.224530464
1497534957607600000,91039,-1.424835516,-0.019811482,1.034862232,-0.309940485,-0.572078174,0.725547718,0.224151662
1497534957617640000,91040,-1.424929024,-0.02871938,1.035601751,-0.308538587,-0.572409932,0.726146664,0.223297632
1497534957627620000,91041,-1.425105513,-0.03775944,1.036077599,-0.306861599,-0.572884239,0.726719507,0.222527226
1497534957637660000,91042,-1.425237429,-0.046952801,1.036320549,-0.304935485,-0.57452898,0.726604697,0.221306158
1497534957647620000,91043,-1.425416884,-0.056083001,1.036220896,-0.303219245,-0.575262785,0.72690746,0.220763135
1497534957657580000,91044,-1.425705805,-0.065435144,1.035631061,-0.301247065,-0.57758678,0.726209399,0.21968984
1497534957667660000,91045,-1.426010403,-0.074771961,1.034767297,-0.300550895,-0.578888109,0.725841618,0.218429993
1497534957677630000,91046,-1.426495308,-0.084451972,1.033657319,-0.29817564,-0.582425869,0.724367575,0.217170465
1497534957687640000,91047,-1.426712186,-0.094493786,1.032257766,-0.293323778,-0.58771931,0.722159617,0.216870149
1497534957697660000,91048,-1.427540878,-0.104390733,1.030389673,-0.292576748,-0.591406774,0.720201651,0.214351246
1497534957707640000,91049,-1.428320637,-0.114361829,1.028197246,-0.292011116,-0.594509022,0.718461433,0.212371609
1497534957717620000,91050,-1.429062791,-0.124432213,1.025929087,-0.291073233,-0.597314298,0.717021295,0.210647728
1497534957727620000,91051,-1.429883229,-0.134630123,1.023483934,-0.289212768,-0.59873558,0.716515785,0.210895258
1497534957737660000,91052,-1.431011036,-0.14523848,1.020888413,-0.287277674,-0.603165435,0.71427648,0.208499655
1497534957747660000,91053,-1.432250833,-0.156018111,1.017953198,-0.285931468,-0.606907406,0.712439388,0.205758876
1497534957757660000,91054,-1.433563002,-0.16700912,1.015378028,-0.283698789,-0.611702049,0.710171258,0.202465762
1497534957767640000,91055,-1.434567783,-0.177875508,1.012573253,-0.282367685,-0.613382055,0.709663955,0.201017452
1497534957777630000,91056,-1.43581854,-0.189036331,1.009961558,-0.28028493,-0.618213698,0.707360426,0.19721412
1497534957787660000,91057,-1.436765209,-0.19984066,1.007404197,-0.278512046,-0.619859839,0.707297541,0.194769115
1497534957797660000,91058,-1.437590857,-0.210293513,1.005073495,-0.277207467,-0.621283957,0.707538873,0.191183179
1497534957807650000,91059,-1.43816955,-0.220222874,1.003062937,-0.274482888,-0.620330819,0.710000006,0.189073558
1497534957817660000,91060,-1.438709581,-0.230015142,1.001338532,-0.271417051,-0.618674404,0.712785238,0.188446204
1497534957827620000,91061,-1.439521642,-0.239959039,0.999796787,-0.269214757,-0.617522725,0.714781591,0.187820061
1497534957837660000,91062,-1.440532237,-0.250145536,0.998411264,-0.268194563,-0.615080754,0.717214608,0.188017415
1497534957847620000,91063,-1.441883625,-0.260791796,0.997326046,-0.266750857,-0.612579893,0.719770334,0.188468887
1497534957857650000,91064,-1.44354661,-0.271921337,0.996290887,-0.266106809,-0.610789679,0.721671815,0.187917338
1497534957867660000,91065,-1.445461478,-0.28343394,0.995162641,-0.267459121,-0.60968875,0.722904997,0.18480696
1497534957877630000,91066,-1.447304991,-0.295162485,0.994272022,-0.267170399,-0.606664122,0.725935732,0.183291937
1497534957887650000,91067,-1.44936136,-0.307334844,0.99327467,-0.267678291,-0.605223336,0.727810483,0.17984701
1497534957897590000,91068,-1.451264933,-0.319529572,0.992750801,-0.267975258,-0.603365428,0.730012794,0.176693923
1497534957907660000,91069,-1.45300499,-0.331764988,0.992950346,-0.265127364,-0.600757529,0.733475873,0.175530671
1497534957917670000,91070,-1.455007856,-0.344156946,0.99361497,-0.262977263,-0.601225263,0.734588158,0.172485881
1497534957927610000,91071,-1.456579996,-0.356050751,0.995211423,-0.260178299,-0.600053752,0.73621893,0.173851757
1497534957937660000,91072,-1.458532936,-0.367566635,0.997841555,-0.258679545,-0.600672734,0.736123431,0.17435439
1497534957947650000,91073,-1.460751024,-0.378784666,1.00071561,-0.25729295,-0.60166019,0.735132193,0.177160979
1497534957957650000,91074,-1.463781548,-0.389797726,1.003854355,-0.258033847,-0.604994281,0.732398991,0.176045939
1497534957967640000,91075,-1.466932903,-0.400473612,1.0068729,-0.258195926,-0.606013805,0.731054985,0.177878442
1497534957977610000,91076,-1.470934603,-0.411277035,1.009986616,-0.259049332,-0.608902793,0.728701259,0.176423659
1497534957987660000,91077,-1.474454692,-0.421730538,1.012385616,-0.262296409,-0.607863353,0.728016839,0.178028705
1497534957997660000,91078,-1.478048302,-0.432082679,1.01458802,-0.266930859,-0.606670189,0.727191708,0.178581684
1497534958007620000,91079,-1.481409934,-0.442546717,1.016461107,-0.269187702,-0.605808591,0.726540761,0.180755231
1497534958017670000,91080,-1.484272667,-0.452850706,1.017732542,-0.272980898,-0.603803209,0.72615587,0.183305118
1497534958027600000,91081,-1.487063233,-0.4632824,1.018911212,-0.274253266,-0.604380568,0.72478052,0.184939107
1497534958037650000,91082,-1.48949342,-0.473635051,1.019948531,-0.27373885,-0.604455859,0.724171001,0.187820439
1497534958047630000,91083,-1.491400399,-0.483855411,1.02101604,-0.271659863,-0.605105652,0.723506648,0.191275193
1497534958057570000,91084,-1.493129298,-0.494264736,1.021776041,-0.270711785,-0.60606121,0.721987161,0.195293314
1497534958067630000,91085,-1.495154606,-0.504798972,1.022628916,-0.270996119,-0.608357838,0.719199003,0.198026862
1497534958077630000,91086,-1.494850652,-0.510993054,1.022812369,-0.259631136,-0.609560577,0.724606188,0.189666678
1497534958087630000,91087,-1.496647922,-0.520290279,1.023411502,-0.257463933,-0.615559754,0.720930298,0.187237864
1497534958097660000,91088,-1.498553797,-0.529395617,1.02420001,-0.256691632,-0.620707698,0.717443342,0.184679211
1497534958107620000,91089,-1.500603439,-0.538414841,1.024994383,-0.257594649,-0.62608628,0.713365176,0.181027879
1497534958117590000,91090,-1.502451908,-0.547088744,1.025635056,-0.257853593,-0.628902012,0.711339271,0.178858116
1497534958127520000,91091,-1.504267921,-0.555464081,1.026180625,-0.258097603,-0.631752117,0.709453949,0.175926075
1497534958137700000,91092,-1.505855713,-0.56335815,1.026450668,-0.258652712,-0.632838979,0.708891662,0.173453777
1497534958147680000,91093,-1.50732853,-0.571098471,1.026589291,-0.258918435,-0.633781485,0.708401017,0.171610816
1497534958157730000,91094,-1.508817931,-0.578688136,1.026829594,-0.260736236,-0.6331541,0.708361445,0.171337576
1497534958167650000,91095,-1.51046631,-0.586204036,1.026777621,-0.263361697,-0.63281947,0.707920238,0.170379199
1497534958177640000,91096,-1.512248544,-0.593603906,1.026718475,-0.264716902,-0.634547674,0.706190345,0.169024876
1497534958187680000,91097,-1.51410365,-0.601215628,1.026660652,-0.267831142,-0.636814329,0.703246402,0.167864493
1497534958197660000,91098,-1.516015247,-0.608745571,1.026615702,-0.270752046,-0.639360736,0.699896446,0.167499681
1497534958207540000,91099,-1.518015492,-0.616321101,1.02643249,-0.275404741,-0.640328698,0.696951712,0.168492428
1497534958217670000,91100,-1.519893638,-0.623807843,1.026175235,-0.278629234,-0.642170255,0.693780178,0.169269544
1497534958227560000,91101,-1.521627513,-0.631189055,1.025963315,-0.282247349,-0.644013557,0.690598122,0.169284397
1497534958237670000,91102,-1.523264768,-0.638766139,1.025686214,-0.285579209,-0.645430602,0.687539073,0.170745063
1497534958247610000,91103,-1.524632587,-0.64608079,1.02539675,-0.288498611,-0.64584318,0.685782441,0.171340542
1497534958257650000,91104,-1.526046283,-0.653702584,1.024958838,-0.289974694,-0.64771142,0.683095977,0.172523849
1497534958267650000,91105,-1.527158986,-0.661456568,1.024547582,-0.290438628,-0.650049694,0.68061265,0.172763479
1497534958277650000,91106,-1.528122256,-0.669695674,1.023920331,-0.291833547,-0.652133082,0.677895661,0.173242884
1497534958287670000,91107,-1.528964647,-0.678164412,1.023251184,-0.292293531,-0.654543915,0.675095216,0.174307788
1497534958297590000,91108,-1.530548622,-0.687164254,1.02228834,-0.291602677,-0.665769527,0.666013565,0.16776396
1497534958307580000,91109,-1.531230882,-0.695882015,1.021371431,0.29068799,0.669975051,-0.662203979,-0.167689634
1497534958317650000,91110,-1.531805863,-0.70475156,1.020320318,0.290474187,0.673962735,-0.658074419,-0.168336086
1497534958327610000,91111,-1.532468293,-0.713769222,1.019068722,0.290727039,0.67759033,-0.653979954,-0.169290737
1497534958337670000,91112,-1.533070084,-0.722722236,1.01792426,0.290362465,0.68090909,-0.650357685,-0.170550089
1497534958347610000,91113,-1.533905087,-0.73184736,1.016403066,0.291607808,0.684841963,-0.645702324,-0.170366901
1497534958357660000,91114,-1.534655512,-0.740975122,1.01486584,0.29201816,0.688431066,-0.641547283,-0.170895129
1497534958367620000,91115,-1.535493645,-0.750196085,1.013240587,0.293872839,0.691991813,-0.636781455,-0.171159176
1497534958377640000,91116,-1.536246603,-0.759522463,1.011526792,0.295516106,0.695055658,-0.632507911,-0.171760315
1497534958387670000,91117,-1.536944308,-0.768588053,1.009836027,0.296503652,0.697714041,-0.629130686,-0.171683667
1497534958397600000,91118,-1.537612336,-0.777613241,1.008001193,0.296939382,0.700107681,-0.626074935,-0.172355488
1497534958407730000,91119,-1.53819769,-0.78654037,1.006257493,0.297373431,0.702176113,-0.623347401,-0.173077342
1497534958417670000,91120,-1.538621745,-0.795329919,1.004608036,0.297844866,0.70367439,-0.621154421,-0.17406313
1497534958427610000,91121,-1.539014658,-0.803867739,1.002921911,0.297420513,0.704971896,-0.619408931,-0.175750504
1497534958437660000,91122,-1.539277715,-0.812258211,1.00129243,0.297418834,0.705582886,-0.618088235,-0.177937519
1497534958447620000,91123,-1.539657332,-0.82051884,0.999710531,0.297652969,0.70598562,-0.616746887,-0.1805832
1497534958457660000,91124,-1.539930209,-0.82869508,0.998205773,0.29850185,0.705871251,-0.61569897,-0.183186244
1497534958467670000,91125,-1.54033821,-0.83668447,0.996649117,0.299740152,0.706215773,-0.614446095,-0.184041082
1497534958477640000,91126,-1.540710999,-0.844751308,0.995134211,0.301210547,0.705594056,-0.613837798,-0.186044059
1497534958487640000,91127,-1.54107105,-0.85268573,0.993655557,0.302601742,0.704647027,-0.613778985,-0.187563615
1497534958497670000,91128,-1.541439792,-0.860794543,0.992225194,0.30492224,0.703610191,-0.613226793,-0.189494133
1497534958507680000,91129,-1.541735223,-0.868985044,0.990819046,0.307693469,0.702501929,-0.612583624,-0.19119904
1497534958517660000,91130,-1.542107544,-0.877541502,0.989312835,0.310476711,0.701009003,-0.612031755,-0.193927101
1497534958527610000,91131,-1.542414829,-0.88618164,0.987931727,0.313359469,0.700161672,-0.610774037,-0.196302194
1497534958537660000,91132,-1.542788169,-0.895172687,0.986687214,0.316234199,0.699200411,-0.609454757,-0.199197429
1497534958547660000,91133,-1.543237931,-0.904299154,0.985685026,0.319255161,0.69851649,-0.608063093,-0.20102271
1497534958557630000,91134,-1.543518825,-0.913701137,0.984913425,0.322366693,0.697846973,-0.606369667,-0.20348254
1497534958567620000,91135,-1.543725502,-0.923285363,0.984467424,0.325664045,0.696704827,-0.605220379,-0.205556819
1497534958577640000,91136,-1.543686928,-0.933068336,0.984288386,0.32822838,0.695349159,-0.604553264,-0.208016896
1497534958587670000,91137,-1.543439514,-0.943062052,0.984400707,0.330111626,0.693857619,-0.604600013,-0.209873158
1497534958597710000,91138,-1.542990152,-0.953353102,0.98470391,0.33265674,0.69312151,-0.603703456,-0.210865368
1497534958607640000,91139,-1.542336484,-0.963865428,0.985314232,0.333881795,0.692228359,-0.603831547,-0.211495411
1497534958617640000,91140,-1.541483741,-0.97461378,0.986059939,0.334906439,0.691328529,-0.604173495,-0.211841758
1497534958627580000,91141,-1.540341405,-0.985325102,0.98709699,0.334618221,0.690885537,-0.605324451,-0.210452204
1497534958637670000,91142,-1.538886123,-0.995858191,0.988293144,0.332524553,0.690816217,-0.607437343,-0.207894807
1497534958647630000,91143,-1.537235442,-1.006282539,0.989801705,0.329912139,0.689574,-0.61053217,-0.207113852
1497534958657660000,91144,-1.535259387,-1.016382409,0.991782469,0.327658963,0.688274703,-0.613960729,-0.204865225
1497534958667680000,91145,-1.53323265,-1.026323255,0.993851741,0.32600508,0.685769252,-0.617874695,-0.204137411
1497534958677640000,91146,-1.531164753,-1.035746226,0.996077493,0.323781939,0.6831358,-0.622334219,-0.2029553
1497534958687650000,91147,-1.528962678,-1.04487714,0.998364668,0.321617513,0.680233645,-0.626676002,-0.202784496
1497534958697670000,91148,-1.526693027,-1.053776282,1.000728585,0.318714809,0.676444818,-0.632118716,-0.203148239
1497534958707620000,91149,-1.524662012,-1.062098636,1.002672861,0.312919703,0.672724018,-0.638638579,-0.204118644
1497534958717670000,91150,-1.522719396,-1.070399168,1.004487321,0.309124645,0.669238394,-0.644087503,-0.204238133
1497534958727650000,91151,-1.520691458,-1.078474858,1.006333473,0.305970323,0.665211398,-0.64930822,-0.205608348
1497534958737670000,91152,-1.519142656,-1.08603238,1.007914059,0.30219952,0.661006769,-0.6550314,-0.206589852
1497534958747650000,91153,-1.51772665,-1.093607065,1.009219541,-0.300464072,-0.656188799,0.660101818,0.208334326
1497534958757620000,91154,-1.51633149,-1.100873456,1.010609799,-0.299901236,-0.65061083,0.665129867,0.210634889
1497534958767640000,91155,-1.515289911,-1.10783045,1.011951952,-0.300305775,-0.645014544,0.669895117,0.212163173
1497534958777640000,91156,-1.514361438,-1.114599356,1.013199038,-0.302041372,-0.638917766,0.674282638,0.214238238
1497534958787660000,91157,-1.513489438,-1.121014356,1.014635686,-0.303577892,-0.631932339,0.679702791,0.215652727
1497534958797670000,91158,-1.512590905,-1.127514776,1.01608925,-0.306702916,-0.625236378,0.684011237,0.217120752
1497534958807650000,91159,-1.511820347,-1.133916204,1.017618638,-0.309430032,-0.618952115,0.688106546,0.218313344
1497534958817670000,91160,-1.511114778,-1.140056312,1.019118723,-0.309877932,-0.612960764,0.693016603,0.219049665
1497534958827590000,91161,-1.510237676,-1.146310092,1.020930233,-0.311537788,-0.606954126,0.697298564,0.219830862
1497534958837640000,91162,-1.509464119,-1.152509087,1.022609988,-0.311545964,-0.60190582,0.701310626,0.22093416
1497534958847610000,91163,-1.508463694,-1.158702659,1.024468362,-0.311019625,-0.597110336,0.705406458,0.221647849
1497534958857650000,91164,-1.507408133,-1.164866352,1.026487678,-0.310277026,-0.591942273,0.709931452,0.222103231
1497534958867590000,91165,-1.506624377,-1.171631901,1.028656648,-0.309320197,-0.587851259,0.713439138,0.22306167
1497534958877680000,91166,-1.505376392,-1.177854824,1.030448585,-0.30718586,-0.58375931,0.717694168,0.223107588
1497534958887710000,91167,-1.504213113,-1.184040519,1.032156372,-0.304717932,-0.580127552,0.7216082,0.223339676
1497534958897690000,91168,-1.50304678,-1.19063363,1.033828975,-0.303581663,-0.576251265,0.72527518,0.223043868
1497534958907700000,91169,-1.50211041,-1.197113172,1.035217016,-0.301683131,-0.573402204,0.72839986,0.222779811
1497534958917790000,91170,-1.501230385,-1.203839024,1.03653866,-0.30051642,-0.570701647,0.731223273,0.22204062
1497534958927610000,91171,-1.500459694,-1.210758095,1.037528352,-0.299864766,-0.568113554,0.733524956,0.221966779
1497534958937650000,91172,-1.499687759,-1.217754019,1.038490471,-0.298525574,-0.56715269,0.735338213,0.22022266
1497534958947640000,91173,-1.498884822,-1.224740899,1.039039213,-0.296427789,-0.566433794,0.737159814,0.218812093
1497534958957660000,91174,-1.498293421,-1.231919629,1.039519536,-0.294795516,-0.565931449,0.738455073,0.217947941
1497534958967660000,91175,-1.497670617,-1.239171719,1.039802517,-0.293155465,-0.566021272,0.739339009,0.216927688
1497534958977660000,91176,-1.497094274,-1.24649079,1.039899751,-0.291569638,-0.566222011,0.74020915,0.215569466
1497534958987660000,91177,-1.496588503,-1.25397387,1.039760232,-0.290103282,-0.567016612,0.740463888,0.214582099
1497534958997650000,91178,-1.496215583,-1.261519249,1.039362309,-0.288885064,-0.56789468,0.740538175,0.213645181
1497534959007650000,91179,-1.495930148,-1.269195865,1.0387774,-0.288166521,-0.568972511,0.740442942,0.212072129
1497534959017680000,91180,-1.49573599,-1.277032141,1.037967649,-0.287218065,-0.570835091,0.739707443,0.210916999
1497534959027560000,91181,-1.495596187,-1.284901484,1.036722077,-0.286782953,-0.572495987,0.739185801,0.208825848
1497534959037620000,91182,-1.495377699,-1.293312668,1.035535986,-0.286615288,-0.574852704,0.737680721,0.207901899
1497534959047590000,91183,-1.495369269,-1.301424439,1.033887078,-0.286253399,-0.577616854,0.736235336,0.205852596
1497534959057670000,91184,-1.495306075,-1.309809579,1.031941641,-0.286089975,-0.579666982,0.735307481,0.20362128
1497534959067680000,91185,-1.495424638,-1.318674553,1.030168359,-0.285761377,-0.584585308,0.732044892,0.201768997
1497534959077650000,91186,-1.495547616,-1.32761172,1.027950473,-0.284564765,-0.588044171,0.730257354,0.199877825
1497534959087650000,91187,-1.495730737,-1.336778708,1.025698733,-0.282391055,-0.592278151,0.728323455,0.197501463
1497534959097680000,91188,-1.495931248,-1.346205716,1.023497668,-0.280254446,-0.596848993,0.725960222,0.195475015
1497534959107670000,91189,-1.496128942,-1.355868466,1.021287861,-0.278285042,-0.601097814,0.723903291,0.192880478
1497534959117570000,91190,-1.496194251,-1.365542852,1.018950037,-0.275759456,-0.604702805,0.722469622,0.190601377
1497534959127600000,91191,-1.495852943,-1.37538718,1.016915345,-0.274539788,-0.607767579,0.72098102,0.188236136
1497534959137630000,91192,-1.495328699,-1.384823563,1.014838777,-0.272178996,-0.609455424,0.721188587,0.185390674
1497534959147610000,91193,-1.494850769,-1.393502895,1.01285124,-0.268476979,-0.609553394,0.723404761,0.181797478
1497534959157600000,91194,-1.494002425,-1.402490022,1.011499789,-0.266146438,-0.609599621,0.724840268,0.179334776
1497534959167660000,91195,-1.4932419,-1.41595866,1.013274261,-0.258212261,-0.602752199,0.734241939,0.175798151
1497534959177660000,91196,-1.492342905,-1.427429972,1.014125855,-0.256028254,-0.599678207,0.737557388,0.175626539
1497534959187660000,91197,-1.492412626,-1.431956597,1.01032852,-0.252655298,-0.596668867,0.741416285,0.174509187
1497534959197690000,91198,-1.491794308,-1.445489484,1.012367872,-0.251873392,-0.592640198,0.745120002,0.173590244
1497534959207640000,91199,-1.492077487,-1.453224847,1.010095513,-0.250745667,-0.589408232,0.748469519,0.171807815
1497534959217680000,91200,-1.492297799,-1.462238047,1.008366262,-0.250464497,-0.585958356,0.751844108,0.169265409
1497534959227660000,91201,-1.492401326,-1.473522782,1.007632069,-0.250096272,-0.583339134,0.754674013,0.166236108
1497534959237690000,91202,-1.492490831,-1.484857725,1.006494443,-0.248710422,-0.582984917,0.756495235,0.161203819
1497534959247650000,91203,-1.492638851,-1.496766852,1.005174375,-0.246376167,-0.582108985,0.759098795,0.155617912
1497534959257660000,91204,-1.492577341,-1.508708628,1.003850505,-0.242264205,-0.582679568,0.761128648,0.14991917
1497534959267670000,91205,-1.492290908,-1.521746134,1.003285796,-0.238643179,-0.584193522,0.762136753,0.144619961
1497534959277660000,91206,-1.491939444,-1.534306223,1.002858464,-0.234699093,-0.585018664,0.763713184,0.139325775
1497534959287600000,91207,-1.49160456,-1.546893827,1.002994674,-0.231112187,-0.586962264,0.764139999,0.134731283
1497534959297690000,91208,-1.491346372,-1.558974273,1.003485167,-0.228058999,-0.590248943,0.763332534,0.13007198
1497534959307590000,91209,-1.491205672,-1.570684177,1.004543875,-0.22520649,-0.595528615,0.760904728,0.125106759
1497534959317690000,91210,-1.491226816,-1.582544209,1.00658932,-0.222215773,-0.600496141,0.75847144,0.121431498
1497534959327650000,91211,-1.491151979,-1.593565386,1.008898109,-0.218607156,-0.605511942,0.756031884,0.118245466
1497534959337700000,91212,-1.490767822,-1.604407013,1.012019634,-0.214096122,-0.607277338,0.756133606,0.116786366
1497534959347680000,91213,-1.490163529,-1.614795438,1.015122316,-0.209167445,-0.60836027,0.756715595,0.116311089
1497534959357620000,91214,-1.489562998,-1.625252175,1.018032334,-0.206370801,-0.608271048,0.757438176,0.117067649
1497534959367660000,91215,-1.48915283,-1.635055847,1.020093198,-0.204118181,-0.60862598,0.75754995,0.118440942
1497534959377670000,91216,-1.488505465,-1.645299456,1.022315175,-0.201235076,-0.609311185,0.757689191,0.118959713
1497534959387590000,91217,-1.487752181,-1.655432168,1.024271416,-0.197723961,-0.610199077,0.757825712,0.119425759
1497534959397660000,91218,-1.486976819,-1.665520542,1.026027775,-0.193466962,-0.611804379,0.75767258,0.119156188
1497534959407660000,91219,-1.48614165,-1.675041181,1.027247528,-0.187928758,-0.614994205,0.756609127,0.118353444
1497534959417690000,91220,-1.485149503,-1.685083666,1.028825855,-0.182053652,-0.619367739,0.754674518,0.117074523
1497534959427690000,91221,-1.484176938,-1.694594776,1.029616935,-0.176207498,-0.62608952,0.750696667,0.115833263
1497534959437680000,91222,-1.482803855,-1.704025933,1.030805681,-0.170517146,-0.631532268,0.747799802,0.113518074
1497534959447660000,91223,-1.481477664,-1.712605784,1.03124642,-0.165328705,-0.637353698,0.744323718,0.111484917
1497534959457680000,91224,-1.479994353,-1.721063844,1.031839923,-0.160334828,-0.642874323,0.74111632,0.108406398
1497534959467680000,91225,-1.478306707,-1.729213514,1.032575201,-0.155492236,-0.646993764,0.739007389,0.105305807
1497534959477660000,91226,-1.476672514,-1.736598028,1.032751621,-0.151986763,-0.649976424,0.737614124,0.101764814
1497534959487650000,91227,-1.475081551,-1.743845088,1.032806612,-0.149287165,-0.653758343,0.735374415,0.097661871
1497534959497690000,91228,-1.473359406,-1.751563935,1.033346942,-0.145886692,-0.657504779,0.733285088,0.093260489
1497534959507670000,91229,-1.471631021,-1.758529969,1.033326465,-0.144192355,-0.660718355,0.731335606,0.088363182
1497534959517680000,91230,-1.469865765,-1.765556844,1.033282715,-0.142667532,-0.663376864,0.729802366,0.083460276
1497534959527670000,91231,-1.468009201,-1.772908241,1.033528787,-0.140456428,-0.667188794,0.727282491,0.078684702
1497534959537630000,91232,-1.465990898,-1.77906466,1.033175841,-0.139303911,-0.668640891,0.726642777,0.074189307
1497534959547660000,91233,-1.463963871,-1.78575214,1.033117411,-0.136704745,-0.671609149,0.724870449,0.069395933
1497534959557650000,91234,-1.461744431,-1.792023593,1.032882253,-0.134876887,-0.673107197,0.724170362,0.065667443
1497534959567620000,91235,-1.459447236,-1.798441851,1.032686942,-0.132745317,-0.675703162,0.722495878,0.061673525
1497534959577590000,91236,-1.457077052,-1.805366358,1.033048676,-0.130467505,-0.677463754,0.721539654,0.058323408
1497534959587610000,91237,-1.454762385,-1.81139541,1.032492386,-0.127623634,-0.680048025,0.719886485,0.054866563
1497534959597700000,91238,-1.452243199,-1.817686835,1.032255198,-0.12579789,-0.682138682,0.718424583,0.052228613
1497534959607660000,91239,-1.449707553,-1.824312615,1.032192562,-0.124049175,-0.685262368,0.715949459,0.049433409
1497534959617740000,91240,-1.447005825,-1.831036988,1.032160066,-0.122103347,-0.6877564,0.714050913,0.047044652
1497534959627660000,91241,-1.444241002,-1.837266054,1.031546787,-0.11890984,-0.691223964,0.711424253,0.044106831
1497534959637660000,91242,-1.441214186,-1.844199356,1.031464748,-0.11583625,-0.694195693,0.709205185,0.041259042
1497534959647670000,91243,-1.438098762,-1.850622932,1.030818077,-0.112173381,-0.69796756,0.706292671,0.037537728
1497534959657620000,91244,-1.434876499,-1.85704671,1.030061801,-0.108292807,-0.701693118,0.703353379,0.034546491
1497534959667680000,91245,-1.431507859,-1.863962154,1.029631498,0.104716767,0.703719084,-0.701980984,-0.032195464
1497534959677690000,91246,-1.427984131,-1.870410174,1.028669909,0.10051695,0.707331757,-0.699118143,-0.02849475
1497534959687670000,91247,-1.424280871,-1.877054083,1.027993941,0.095521713,0.71179975,-0.695402804,-0.025132815
1497534959697700000,91248,-1.420612704,-1.883455646,1.027012042,0.092045649,0.713583363,-0.694103416,-0.023384414
1497534959707680000,91249,-1.416834162,-1.890337602,1.026231845,0.088487586,0.716548895,-0.691588279,-0.02081539
1497534959717690000,91250,-1.413016284,-1.896819779,1.025088535,0.084878177,0.719952922,-0.688545162,-0.019210556
1497534959727660000,91251,-1.409209945,-1.903500626,1.024141992,0.081408125,0.723609912,-0.685178828,-0.017070007
1497534959737700000,91252,-1.405366004,-1.910544283,1.023273453,0.078410433,0.726210235,-0.682800758,-0.015925556
1497534959747680000,91253,-1.40150808,-1.917228797,1.022021396,0.074609808,0.729777307,-0.679464393,-0.013660027
1497534959757690000,91254,-1.397523535,-1.924324064,1.0209522,0.071237474,0.733413994,-0.675923884,-0.012491577
1497534959767660000,91255,-1.393493757,-1.931320976,1.019452041,0.068804334,0.736376947,-0.672967655,-0.011379399
1497534959777660000,91256,-1.389316837,-1.938508067,1.018095267,0.065585593,0.740005441,-0.669315379,-0.010363392
1497534959787680000,91257,-1.385082579,-1.946017314,1.016761462,0.062093834,0.744558238,-0.664602687,-0.00898076
1497534959797680000,91258,-1.38071578,-1.953306653,1.015132065,0.060200474,0.748076191,-0.660824913,-0.008267421
1497534959807680000,91259,-1.376311397,-1.960554473,1.013730087,0.056465149,0.751789195,-0.656944006,-0.007018978
1497534959817690000,91260,-1.371813903,-1.967449722,1.011973813,0.05408665,0.754515126,-0.654022162,-0.006047346
1497534959827660000,91261,-1.367190872,-1.974466485,1.010608088,0.051163491,0.757006676,-0.651383186,-0.004809791
1497534959837690000,91262,-1.362480913,-1.981028053,1.009049957,0.04857214,0.758381769,-0.649985981,-0.004008132
1497534959847680000,91263,-1.35767562,-1.987461105,1.007576212,0.045786533,0.76013741,-0.648139333,-0.003180719
1497534959857680000,91264,-1.352768126,-1.994003399,1.00635114,0.044124181,0.760728174,-0.647566086,-0.001966184
1497534959867680000,91265,-1.347747371,-2.000488848,1.005223245,0.041748706,0.762285364,-0.645892628,-0.000884601
1497534959877670000,91266,-1.342631297,-2.006585869,1.003939218,0.040012723,0.762921594,-0.645251524,0.000308166
1497534959887670000,91267,-1.33734167,-2.012764204,1.002809642,0.037557605,0.762830629,-0.645504328,0.001737921
1497534959897690000,91268,-1.331967103,-2.018871426,1.001640551,0.035727771,0.763326748,-0.645016022,0.003183443
1497534959907660000,91269,-1.326485557,-2.025070467,1.000523645,0.033987868,0.763037022,-0.645447071,0.004172128
1497534959917700000,91270,-1.320815277,-2.031667947,0.999703848,0.032813037,0.762534485,-0.646098118,0.00465675
1497534959927640000,91271,-1.315106833,-2.037790188,0.998492155,0.032109463,0.762685336,-0.645947901,0.005600862
1497534959937580000,91272,-1.30919994,-2.044050185,0.997367316,0.031975159,0.76249953,-0.646169612,0.006073649
1497534959947680000,91273,-1.303131741,-2.050508873,0.996337956,0.032006384,0.761713527,-0.647092797,0.006245583
1497534959957680000,91274,-1.29674112,-2.057129174,0.99549446,0.032120189,0.761659476,-0.647150745,0.006248914
1497534959967680000,91275,-1.290069019,-2.063651563,0.994749957,0.033013105,0.761509863,-0.647283198,0.006109472
1497534959977670000,91276,-1.283090682,-2.070280262,0.994167894,0.032791836,0.761339996,-0.647491877,0.006354191
1497534959987660000,91277,-1.275680778,-2.076686798,0.993756098,0.033170361,0.760576264,-0.648364938,0.00681029
1497534959997700000,91278,-1.267927386,-2.08316261,0.993643403,0.033058856,0.760016803,-0.649022088,0.007204157
1497534960007680000,91279,-1.259765155,-2.08957267,0.993950792,0.032424088,0.759755168,-0.649342546,0.008661478
1497534960017700000,91280,-1.251302789,-2.0959719,0.994765589,0.030766348,0.75962441,-0.649532079,0.011500663
1497534960027660000,91281,-1.242499732,-2.102084085,0.99561028,0.02856735,0.758624897,-0.650738872,0.014529006
1497534960037690000,91282,-1.233461096,-2.107986324,0.996844414,0.026271046,0.75765361,-0.651866348,0.018468995
1497534960047680000,91283,-1.224116499,-2.113478248,0.998074343,0.02261464,0.756303135,-0.653415512,0.023287637
1497534960057680000,91284,-1.21462253,-2.118782203,0.999494806,0.019657941,0.754669074,-0.655184278,0.028665586
1497534960067680000,91285,-1.204979139,-2.124191452,1.001482841,0.016183451,0.752386294,-0.657637646,0.034142156
1497534960077670000,91286,-1.195271242,-2.129251285,1.003556651,0.011972548,0.75065455,-0.659369189,0.04008338
1497534960087680000,91287,-1.185607162,-2.133928436,1.005436646,0.007458256,0.74789514,-0.662185749,0.045904998
1497534960097690000,91288,-1.1760232,-2.138466277,1.007602915,0.003231056,0.744777024,-0.665317593,0.051470823
1497534960107700000,91289,-1.16660961,-2.142940999,1.009604473,-0.001289006,0.741371751,-0.668705849,0.056557526
1497534960117710000,91290,-1.157333333,-2.146985077,1.011186204,-0.006432651,0.738060598,-0.671913838,0.061294114
1497534960127660000,91291,-1.148475037,-2.151232817,1.01300036,-0.011607868,0.734278102,-0.675491383,0.066425272
1497534960137700000,91292,-1.139971524,-2.155100011,1.014202063,-0.017121495,0.730139964,-0.679363913,0.071183993
1497534960147670000,91293,-1.131864952,-2.159314994,1.015605818,-0.021399752,0.726184323,-0.682972872,0.075805247
1497534960157660000,91294,-1.124132931,-2.163349501,1.016614864,-0.024314372,0.722078264,-0.686743525,0.079969512
1497534960167690000,91295,-1.1167636,-2.167370744,1.01723508,-0.025008155,0.717498312,-0.691119777,0.083211891
1497534960177660000,91296,-1.109687177,-2.171243002,1.017687463,-0.025516133,0.714211516,-0.693948996,0.087667716
1497534960187680000,91297,-1.102807563,-2.175142542,1.018128001,-0.0234319,0.709693806,-0.6980963,0.09190867
1497534960197710000,91298,-1.096032309,-2.179002636,1.018654935,-0.02177792,0.706253404,-0.700933028,0.097081116
1497534960207710000,91299,-1.089329804,-2.182915621,1.019225113,0.019763289,-0.703076935,0.703390607,-0.10263474
1497534960217690000,91300,-1.082668973,-2.186572861,1.019846215,0.017731731,-0.699325027,0.706306561,-0.108448762
1497534960227660000,91301,-1.075937498,-2.190181001,1.020488318,0.01590285,-0.696694701,0.708040304,-0.114203853
1497534960237700000,91302,-1.069205587,-2.193994394,1.021626143,0.015803341,-0.694030385,0.709635159,-0.120374501
1497534960247660000,91303,-1.062472901,-2.19792085,1.023151372,0.015909642,-0.691140358,0.711468236,-0.126035068
1497534960257640000,91304,-1.055630124,-2.201157133,1.024226827,0.017014034,-0.688244237,0.713276702,-0.131402962
1497534960267690000,91305,-1.048705805,-2.20476834,1.025777811,0.018371266,-0.686124439,0.714247563,-0.136916656
1497534960277670000,91306,-1.041757098,-2.208144091,1.027501121,0.02090286,-0.68261612,0.716409819,-0.142671912
1497534960287670000,91307,-1.034644212,-2.211429441,1.028999897,0.022427147,-0.680032899,0.717780501,-0.147795234
1497534960297710000,91308,-1.027522931,-2.214726701,1.030615728,0.025842248,-0.676740168,0.719631168,-0.153251118
1497534960307670000,91309,-1.020264257,-2.218141167,1.032447321,0.028522912,-0.673041899,0.721717442,-0.159138243
1497534960317650000,91310,-1.012761151,-2.221637884,1.034139562,0.031797619,-0.671070278,0.722126264,-0.164885577
1497534960327640000,91311,-1.005238686,-2.224930466,1.035552714,0.036611491,-0.668212707,0.723034167,-0.171385445
1497534960337670000,91312,-0.997449946,-2.228463185,1.03722161,0.041009779,-0.666383477,0.722915179,-0.177890145
1497534960347600000,91313,-0.989611489,-2.231654623,1.038309506,0.047275645,-0.664122271,0.722975776,-0.184425185
1497534960357750000,91314,-0.981659652,-2.2350879,1.039640021,0.052774098,-0.660638352,0.724227187,-0.190438556
1497534960367730000,91315,-0.973717939,-2.238394913,1.040893797,0.059590304,-0.65826373,0.724084342,-0.19707796
1497534960377610000,91316,-0.965723939,-2.241686952,1.041857688,0.066188167,-0.655656429,0.724253282,-0.202955552
1497534960387680000,91317,-0.957733028,-2.244507906,1.042279873,0.073517181,-0.653347189,0.724028544,-0.208603312
1497534960397660000,91318,-0.949829088,-2.24793081,1.043190397,0.080345657,-0.651230362,0.723541153,-0.214317034
1497534960407650000,91319,-0.941819008,-2.250873479,1.043327038,0.086779441,-0.648729716,0.723585206,-0.219188353
1497534960417640000,91320,-0.933985278,-2.253968377,1.043524242,0.09315896,-0.647333768,0.722561166,-0.224021792
1497534960427700000,91321,-0.926121784,-2.25738136,1.043625859,0.098379663,-0.645379377,0.722319594,-0.228169465
1497534960437700000,91322,-0.918256724,-2.26063433,1.043385505,0.104204574,-0.644728628,0.72066373,-0.232615975
1497534960447690000,91323,-0.910329141,-2.264150159,1.043058368,0.109163128,-0.643993126,0.719348809,-0.23641818
1497534960457720000,91324,-0.902422377,-2.267596869,1.042498549,0.114495,-0.643533956,0.717816292,-0.239780552
1497534960467690000,91325,-0.894364585,-2.271386037,1.042001906,0.119152829,-0.644176839,0.715380808,-0.243041359
1497534960477680000,91326,-0.886345918,-2.275178244,1.041248086,0.124942421,-0.645251036,0.712290872,-0.246337584
1497534960487680000,91327,-0.878117586,-2.279032509,1.040197003,0.129898303,-0.646098282,0.70997567,-0.248229708
1497534960497720000,91328,-0.869804569,-2.282956572,1.039088498,0.134855519,-0.647108681,0.707276725,-0.250647121
1497534960507670000,91329,-0.861145399,-2.286784724,1.037549347,0.140028342,-0.648228148,0.704504799,-0.252715886
1497534960517710000,91330,-0.852306355,-2.290852115,1.036010242,0.146352833,-0.649509618,0.701055551,-0.255419693
1497534960527670000,91331,-0.843030144,-2.294582146,1.033902022,0.153483182,-0.650109696,0.697985183,-0.258102654
1497534960537700000,91332,-0.833593595,-2.298744929,1.032415553,0.160347812,-0.650887191,0.6946626,-0.260918217
1497534960547690000,91333,-0.82399325,-2.302479601,1.030696955,0.167174534,-0.650705563,0.692013869,-0.264105567
1497534960557700000,91334,-0.814383512,-2.306202071,1.029039717,0.173177476,-0.649935869,0.689954839,-0.267498128
1497534960567650000,91335,-0.804890294,-2.309524524,1.027193387,0.178291528,-0.64946349,0.687359399,-0.271930805
1497534960577680000,91336,-0.795709153,-2.313139239,1.025640188,0.182266611,-0.648021201,0.685746091,-0.276766514
1497534960587680000,91337,-0.786667882,-2.316412117,1.024068276,0.185675205,-0.645326025,0.685407056,-0.281595822
1497534960597710000,91338,-0.777814971,-2.320069946,1.022930047,0.187701376,-0.643826104,0.684729519,-0.285309703
1497534960607670000,91339,-0.769007663,-2.323567737,1.021913664,0.189254742,-0.641203742,0.685229623,-0.288964995
1497534960617710000,91340,-0.760005788,-2.327089131,1.020961444,0.190572138,-0.638125045,0.686136921,-0.292736763
1497534960627660000,91341,-0.750945392,-2.331018862,1.020501492,0.190729237,-0.634457722,0.687968798,-0.296284812
1497534960637710000,91342,-0.741617334,-2.334945912,1.020040475,0.190653097,-0.630926974,0.689665078,-0.299907701
1497534960647690000,91343,-0.73208968,-2.339023041,1.019429389,0.189869941,-0.627261094,0.691588337,-0.303642057
1497534960657700000,91344,-0.722257892,-2.343385743,1.019030752,0.188913875,-0.625375971,0.692121974,-0.306893494
1497534960667690000,91345,-0.712341135,-2.347790704,1.018499313,0.187310638,-0.62244626,0.69346453,-0.310776968
1497534960677680000,91346,-0.702206226,-2.35214612,1.017839958,0.186906555,-0.619775252,0.694217008,-0.314654291
1497534960687680000,91347,-0.691949784,-2.356527261,1.017520627,0.187141508,-0.616715617,0.695412129,-0.317870846
1497534960697720000,91348,-0.681836687,-2.360948793,1.017471024,0.187489731,-0.613710526,0.696589653,-0.320889151
1497534960707670000,91349,-0.671904125,-2.365180083,1.017876145,0.188432589,-0.61187499,0.697027603,-0.322884929
1497534960717710000,91350,-0.662119283,-2.369535364,1.018963908,0.188960766,-0.610809431,0.697466846,-0.323644351
1497534960727710000,91351,-0.652768162,-2.373871574,1.020389086,0.189912892,-0.610987036,0.696931085,-0.323905847
1497534960737720000,91352,-0.643239344,-2.378665856,1.021997203,0.190521694,-0.613551928,0.694581026,-0.323747918
1497534960747700000,91353,-0.633999131,-2.383834868,1.023889107,0.192544116,-0.616240791,0.691503919,-0.324031452
1497534960757680000,91354,-0.624701225,-2.389148429,1.025555686,0.194225896,-0.618465665,0.688933831,-0.324263318
1497534960767680000,91355,-0.615313529,-2.394542754,1.027027362,0.195239583,-0.619955973,0.687686978,-0.32345435
1497534960777690000,91356,-0.60626074,-2.399836982,1.02839692,0.193935525,-0.621287158,0.687400606,-0.322291305
1497534960787690000,91357,-0.597487168,-2.405153892,1.029950679,0.191571208,-0.622674353,0.687362742,-0.32110681
1497534960797720000,91358,-0.588784121,-2.410324998,1.031268849,0.188281427,-0.623629313,0.688272958,-0.319244296
1497534960807690000,91359,-0.580071084,-2.415302971,1.032456848,0.18554402,-0.626652868,0.687158252,-0.317321817
1497534960817720000,91360,-0.571718582,-2.420369353,1.03406885,0.181922022,-0.628256489,0.687689291,-0.31508983
1497534960827680000,91361,-0.563177962,-2.425141144,1.035454032,0.180985515,-0.630808413,0.686958853,-0.312109792
1497534960837700000,91362,-0.554737246,-2.429391972,1.036608982,0.181118283,-0.633059677,0.685753684,-0.310118522
1497534960847670000,91363,-0.546338523,-2.433470102,1.037880694,0.183757037,-0.634746094,0.684080835,-0.308810879
1497534960857800000,91364,-0.537934722,-2.437232728,1.038960545,0.188800543,-0.637134157,0.68063075,-0.30847399
1497534960867690000,91365,-0.529393683,-2.440654187,1.039822502,0.194166036,-0.638929962,0.677486006,-0.308351691
1497534960877650000,91366,-0.52107529,-2.443898258,1.040650381,0.199584958,-0.63968608,0.674997802,-0.308780716
1497534960887690000,91367,-0.512724703,-2.446916738,1.041380649,0.205795666,-0.640948929,0.671545973,-0.309610433
1497534960897720000,91368,-0.504589341,-2.450018202,1.042050526,0.211416415,-0.641937875,0.668353127,-0.310681446
1497534960907690000,91369,-0.496351717,-2.453307805,1.042352595,0.219173826,-0.646951585,0.660011097,-0.312732845
1497534960917720000,91370,-0.489119519,-2.4556276,1.042872915,0.220579312,-0.644067488,0.661868607,-0.313770275
1497534960927680000,91371,-0.481660923,-2.458409006,1.042937863,0.222992119,-0.645139522,0.659395032,-0.315067777
1497534960937710000,91372,-0.474326461,-2.461262327,1.042853159,0.2253966,-0.647330074,0.655731646,-0.316506171
1497534960947690000,91373,-0.467335388,-2.464195218,1.042808167,0.22661719,-0.649707744,0.652194515,-0.318067307
1497534960957790000,91374,-0.460435131,-2.467251847,1.042747717,-0.225973648,0.651688737,-0.650087691,0.318784716
1497534960967700000,91375,-0.453766462,-2.470349626,1.04268076,-0.225524147,0.65433378,-0.647175145,0.319609912
1497534960977690000,91376,-0.447131548,-2.473291853,1.042626087,-0.225563723,0.657366665,-0.644205691,0.319357327
1497534960987690000,91377,-0.440614554,-2.476088548,1.042434926,-0.224496635,0.659831536,-0.642099209,0.319268243
1497534960997710000,91378,-0.434137902,-2.478928184,1.042393701,-0.223911381,0.661644306,-0.640963856,0.318207231
1497534961007680000,91379,-0.427829415,-2.481531038,1.042183016,-0.223679403,0.664715663,-0.638051457,0.317822198
1497534961017700000,91380,-0.421520565,-2.484133019,1.042068778,-0.222812957,0.666671864,-0.636755378,0.31693154
1497534961027670000,91381,-0.41508011,-2.486553395,1.041781987,-0.221776146,0.668781477,-0.635553611,0.315623644
1497534961037610000,91382,-0.408696102,-2.48912467,1.041490052,-0.221482094,0.671205769,-0.633593279,0.31462367
1497534961047680000,91383,-0.40221942,-2.4914137,1.041026329,-0.220934662,0.673591303,-0.631761636,0.313591881
1497534961057640000,91384,-0.395668332,-2.493616594,1.040409426,-0.220930118,0.675257899,-0.630769055,0.31200489
1497534961067580000,91385,-0.389006032,-2.495723694,1.039831528,-0.222347802,0.677591715,-0.628076371,0.311369546
1497534961077700000,91386,-0.382267993,-2.497778274,1.039140309,-0.22311556,0.679862745,-0.62621288,0.309618351
1497534961087710000,91387,-0.37551245,-2.499786658,1.038362483,-0.223869246,0.681605832,-0.624890556,0.307908823
1497534961097780000,91388,-0.368621279,-2.501801625,1.0375528,-0.225496312,0.683587878,-0.622971009,0.306212586
1497534961107680000,91389,-0.361828527,-2.503633361,1.036743658,-0.226156662,0.685138588,-0.622131469,0.303958411
1497534961117720000,91390,-0.35487067,-2.505653482,1.035758711,-0.227006443,0.687622781,-0.620152818,0.301750671
1497534961127690000,91391,-0.348034422,-2.507532612,1.034832972,-0.227631456,0.689887262,-0.618234653,0.30004233
1497534961137730000,91392,-0.341132151,-2.509402122,1.033822531,-0.22727908,0.691666623,-0.617461383,0.297796815
1497534961147700000,91393,-0.334147174,-2.511352348,1.032775707,-0.227081481,0.693095181,-0.617166069,0.295227225
1497534961157750000,91394,-0.326972368,-2.513228514,1.031620308,-0.226886348,0.695317609,-0.615856446,0.292876843
1497534961167680000,91395,-0.319646948,-2.514968008,1.030496408,-0.227298751,0.698184285,-0.613443898,0.290792996
1497534961177690000,91396,-0.312280052,-2.516650213,1.029235851,-0.227447537,0.699600643,-0.612748577,0.288731257
1497534961187690000,91397,-0.304564262,-2.518319755,1.027824814,-0.228315118,0.70196691,-0.610849588,0.286317035
1497534961197720000,91398,-0.296590148,-2.519960885,1.026373651,-0.229752044,0.704240326,-0.60859923,0.284370425
1497534961207700000,91399,-0.288524041,-2.521432984,1.024889911,-0.231845156,0.706491931,-0.605533798,0.283629678
1497534961217720000,91400,-0.280261956,-2.522969816,1.023373929,-0.232715973,0.708545107,-0.603638827,0.281828446
1497534961227700000,91401,-0.271573488,-2.524439269,1.021886399,-0.235076968,0.709240996,-0.602747349,0.280020824
1497534961237710000,91402,-0.263302057,-2.52568052,1.020383654,-0.237700034,0.711790696,-0.599195299,0.278958228
1497534961247670000,91403,-0.254901323,-2.526977196,1.018893798,-0.239374849,0.712564616,-0.598975129,0.276007506
1497534961257760000,91404,-0.246540263,-2.528237339,1.017277059,-0.2407762,0.714250261,-0.597114176,0.274459556
1497534961267700000,91405,-0.238091071,-2.530200446,1.015427149,-0.243190682,0.718149455,-0.593249122,0.270509022
1497534961277690000,91406,-0.2298049,-2.531388633,1.013619943,-0.243905161,0.719335165,-0.592541069,0.26825785
1497534961287690000,91407,-0.221875222,-2.53261964,1.012153916,-0.244017776,0.720911622,-0.592023667,0.265046667
1497534961297720000,91408,-0.213705437,-2.53370135,1.01055722,-0.243928212,0.722804429,-0.590862225,0.262554025
1497534961307700000,91409,-0.205772223,-2.534646504,1.009121532,-0.243178762,0.724205874,-0.59039441,0.260431148
1497534961317680000,91410,-0.197742899,-2.535657633,1.007763007,-0.241928127,0.725565257,-0.590313143,0.257984946
1497534961327700000,91411,-0.189277054,-2.53629195,1.006415696,-0.241239356,0.726993317,-0.589378873,0.256742739
1497534961337710000,91412,-0.180456207,-2.536523509,1.005468749,-0.236204457,0.72649587,-0.591771533,0.25732792
1497534961347700000,91413,-0.171865593,-2.537042499,1.0043572,-0.236338092,0.726166194,-0.593098457,0.255070942
1497534961357700000,91414,-0.162482654,-2.537288244,1.003865281,-0.235025357,0.727718247,-0.591666959,0.255185116
1497534961367700000,91415,-0.153306175,-2.53768348,1.00340387,-0.235655451,0.728947085,-0.590315227,0.254225467
1497534961377660000,91416,-0.143821934,-2.53772966,1.003434104,-0.234873991,0.729459516,-0.590126969,0.253915699
1497534961387700000,91417,-0.134488662,-2.537537376,1.003713846,-0.234652909,0.729725825,-0.590064179,0.253500487
1497534961397720000,91418,-0.124481769,-2.537102515,1.004461233,-0.231860545,0.729625023,-0.590575045,0.255164905
1497534961407690000,91419,-0.114858958,-2.536634509,1.005218735,-0.233393309,0.729343304,-0.590050154,0.255786481
1497534961417730000,91420,-0.104822847,-2.535860106,1.006504154,-0.232581881,0.729249359,-0.589935837,0.25705398
1497534961427700000,91421,-0.094788774,-2.534839849,1.008065017,-0.232845448,0.728059032,-0.590071926,0.259861819
1497534961437700000,91422,-0.084761393,-2.53361693,1.009811832,-0.233175352,0.7268027,-0.5903132,0.262521268
1497534961447690000,91423,-0.074791406,-2.532161826,1.011806202,-0.232864574,0.724976608,-0.591234343,0.265753571
1497534961457760000,91424,-0.064922938,-2.530568436,1.014098818,-0.232826476,0.722579809,-0.592465752,0.269545143
1497534961467660000,91425,-0.055301575,-2.528734812,1.016447646,-0.232595304,0.720009513,-0.594332095,0.272497864
1497534961477710000,91426,-0.04582284,-2.526917649,1.018827438,-0.232638922,0.716453527,-0.597278022,0.275376904
1497534961487700000,91427,-0.036569688,-2.524956755,1.021162225,-0.232548041,0.713184511,-0.599479857,0.279129295
1497534961497680000,91428,-0.027483104,-2.523168171,1.023346209,-0.232550444,0.708657839,-0.603297365,0.282412193
1497534961507670000,91429,-0.018520507,-2.52165608,1.025348608,-0.234079618,0.704580998,-0.605832694,0.285900499
1497534961517670000,91430,-0.009700372,-2.520060325,1.026964424,-0.235088071,0.698935776,-0.609948093,0.290147728
1497534961527700000,91431,-0.001227985,-2.518794298,1.028423112,-0.236366349,0.694907164,-0.612653176,0.293071782
1497534961537690000,91432,0.006991868,-2.517784499,1.02954714,-0.237641377,0.690557715,-0.615396025,0.296554127
1497534961547710000,91433,0.014755949,-2.516800863,1.030522355,-0.237293328,0.686344618,-0.618868517,0.299373848
1497534961557720000,91434,0.022100142,-2.516041068,1.031356026,-0.23528988,0.681903325,-0.623218766,0.302067703
1497534961567690000,91435,0.029290338,-2.515467613,1.032168657,-0.232535711,0.678462079,-0.626670025,0.304796704
1497534961577660000,91436,0.036264663,-2.515049056,1.032831819,-0.229493577,0.676813597,-0.628386657,0.307223472
1497534961587700000,91437,0.04307988,-2.514710689,1.033589983,-0.225615704,0.674839458,-0.630972855,0.309131875
1497534961597720000,91438,0.049619104,-2.514362845,1.034458112,-0.219911074,0.671388432,-0.63512639,0.312235747
1497534961607700000,91439,0.05628428,-2.514071782,1.035342959,-0.215689289,0.669002253,-0.637806576,0.314828348
1497534961617770000,91440,0.062800065,-2.513970578,1.036442166,-0.210969668,0.666691916,-0.640310802,0.317829774
1497534961627680000,91441,0.069399432,-2.51384989,1.037709951,-0.206749738,0.663898972,-0.643144049,0.320715503
1497534961637720000,91442,0.075907322,-2.513783581,1.039135979,-0.20283599,0.661753951,-0.644627327,0.324645774
1497534961647700000,91443,0.082514498,-2.513709859,1.040859631,-0.200091457,0.658513483,-0.647732047,0.326751583
1497534961657680000,91444,0.089109622,-2.513668896,1.042490278,-0.197672469,0.655133864,-0.649891072,0.330706531
1497534961667700000,91445,0.095738349,-2.513458607,1.044305465,0.195561104,-0.651843893,0.651928249,-0.334432282
1497534961677700000,91446,0.102420848,-2.51336908,1.046261765,0.194849877,-0.648742245,0.653940468,-0.336940482
1497534961687700000,91447,0.109180319,-2.513178142,1.048201465,0.193667816,-0.645193716,0.656006444,-0.340401808
1497534961697700000,91448,0.115863135,-2.513268318,1.050073588,0.192826185,-0.642723864,0.657368838,-0.342914431
1497534961707700000,91449,0.122766251,-2.513380194,1.05181987,0.192191755,-0.638908673,0.659529309,-0.346235653
1497534961717720000,91450,0.129613336,-2.513455921,1.053457557,0.190344049,-0.636593507,0.660618201,-0.349430169
1497534961727670000,91451,0.136597248,-2.513782806,1.055111133,0.19084787,-0.634424771,0.66147491,-0.351472964
1497534961737690000,91452,0.143460272,-2.514076706,1.056484257,0.190515382,-0.631854125,0.662661685,-0.354039186
1497534961747640000,91453,0.150501102,-2.514261777,1.057823883,0.190536261,-0.629926588,0.66354701,-0.355800214
1497534961757670000,91454,0.157671209,-2.514722557,1.05901504,0.191391434,-0.62786835,0.664195629,-0.357763638
1497534961767680000,91455,0.164687088,-2.515270061,1.060142039,0.193326858,-0.627015033,0.66413058,-0.358339848
1497534961777720000,91456,0.172035018,-2.515604594,1.060957141,0.193209319,-0.624164312,0.666217276,-0.359504677
1497534961787710000,91457,0.179272965,-2.516030633,1.061513092,0.194981307,-0.622752106,0.666875089,-0.359777322
1497534961797690000,91458,0.186752883,-2.516703595,1.06193384,0.196737383,-0.621772361,0.666991633,-0.36029945
1497534961807660000,91459,0.194278144,-2.517042754,1.062045175,0.19759597,-0.620424195,0.66774836,-0.360751685
1497534961817670000,91460,0.202050586,-2.517839398,1.061847405,0.200136102,-0.619940898,0.667158839,-0.361272622
1497534961827630000,91461,0.20984914,-2.518513609,1.061479571,0.200928245,-0.619704159,0.667021368,-0.361492863
1497534961837820000,91462,0.217781496,-2.519331938,1.060852791,0.201993835,-0.619505812,0.666935658,-0.361397106
1497534961847670000,91463,0.225967439,-2.520270005,1.059806537,0.203796979,-0.62067511,0.664934288,-0.362065728
1497534961857640000,91464,0.234302509,-2.521127702,1.058508977,0.205289416,-0.62171205,0.663750044,-0.36161618
1497534961867610000,91465,0.24240011,-2.522048781,1.05699944,0.205458611,-0.621246779,0.663959902,-0.361934313
1497534961877620000,91466,0.251086307,-2.522997222,1.055088749,0.207459689,-0.622424191,0.662145662,-0.362093533
1497534961887610000,91467,0.259748659,-2.524221158,1.053138727,0.210078806,-0.62356237,0.660097881,-0.362363979
1497534961897620000,91468,0.26859735,-2.525539097,1.05093118,0.214014472,-0.625346167,0.657126936,-0.362386764
1497534961907610000,91469,0.277350422,-2.526977691,1.048744121,0.217430419,-0.626315611,0.655003695,-0.362523004
1497534961917640000,91470,0.286387202,-2.528477462,1.04663023,0.219045257,-0.627578651,0.653357814,-0.362336555
1497534961927610000,91471,0.295271272,-2.529740129,1.044463073,0.221070158,-0.628331223,0.651906848,-0.362415951
1497534961937610000,91472,0.304099707,-2.530902261,1.042442749,0.222291709,-0.628876373,0.650551189,-0.363158443
1497534961947620000,91473,0.312795035,-2.531855781,1.040445939,0.222558339,-0.629282234,0.649108668,-0.364869281
1497534961957640000,91474,0.321273971,-2.53266907,1.038630131,0.223797876,-0.627880584,0.648331026,-0.36789586
1497534961967620000,91475,0.329841567,-2.533446659,1.037029799,0.223566884,-0.626207329,0.648247257,-0.371022537
1497534961977620000,91476,0.338131302,-2.534338126,1.035497244,0.224054086,-0.623653875,0.649287273,-0.373204567
1497534961987590000,91477,0.347050256,-2.53521464,1.03430304,0.223601553,-0.621527298,0.65089167,-0.374227468
1497534961997580000,91478,0.35609843,-2.536252492,1.033312811,0.224143615,-0.619054697,0.652333748,-0.375488487
1497534962007620000,91479,0.36568435,-2.537522253,1.032538438,0.223603548,-0.616200888,0.654554756,-0.376637744
1497534962017650000,91480,0.375335309,-2.53886653,1.031813644,0.222545661,-0.613358167,0.65657736,-0.378379912
1497534962027610000,91481,0.385273641,-2.540584877,1.031175747,0.222564364,-0.611372373,0.657446151,-0.380070366
1497534962037620000,91482,0.395549308,-2.542353793,1.030741453,0.221395699,-0.608403187,0.65930948,-0.382283293
1497534962047630000,91483,0.406111254,-2.544214077,1.030639884,0.221383533,-0.606194831,0.659833162,-0.384886161
1497534962057640000,91484,0.416765237,-2.546109243,1.030899438,0.221540645,-0.603459329,0.660731595,-0.387543985
1497534962067620000,91485,0.427617644,-2.548046235,1.031876051,0.222030253,-0.601054727,0.661279099,-0.39005863
1497534962077620000,91486,0.438086419,-2.549936215,1.03323103,0.223976087,-0.598832147,0.661457018,-0.392057886
1497534962087620000,91487,0.448336103,-2.552072525,1.035330816,0.226957659,-0.598019336,0.660882045,-0.392553204
1497534962097640000,91488,0.458760339,-2.55443171,1.037858728,0.227661202,-0.598384149,0.660915058,-0.391532979
1497534962107630000,91489,0.468179672,-2.557219836,1.040213429,0.230299396,-0.598856259,0.659988105,-0.390831256
1497534962117650000,91490,0.478300774,-2.560326508,1.043023498,0.230578223,-0.600282879,0.659951288,-0.388533712
1497534962127620000,91491,0.487749063,-2.56392436,1.045246746,0.232423308,-0.601913497,0.658569294,-0.38725448
1497534962137610000,91492,0.497263386,-2.56752049,1.047617336,0.231613308,-0.603343817,0.658519111,-0.385595766
1497534962147620000,91493,0.506377764,-2.571221863,1.049709072,0.230690438,-0.60462563,0.659214022,-0.382944698
1497534962157580000,91494,0.515278823,-2.574898758,1.051629466,0.227972353,-0.60579269,0.660411109,-0.380658627
1497534962167620000,91495,0.524275603,-2.578618943,1.053562153,0.224667683,-0.608096854,0.661184954,-0.377593835
1497534962177620000,91496,0.532908678,-2.582101569,1.055193659,0.222431391,-0.609353544,0.662713316,-0.374197268
1497534962187620000,91497,0.541317456,-2.585332708,1.056883364,0.220154674,-0.610767443,0.664095405,-0.370772631
1497534962197670000,91498,0.549704236,-2.588382787,1.058210436,0.220914656,-0.613023753,0.663939899,-0.366854746
1497534962207620000,91499,0.557954125,-2.591024082,1.05942661,0.222065108,-0.61512891,0.663759875,-0.362941235
1497534962217650000,91500,0.565895028,-2.593392598,1.060613772,0.224077511,-0.617105257,0.663159494,-0.359429905
1497534962227610000,91501,0.573269384,-2.595538799,1.061437131,0.228189483,-0.618915456,0.66112801,-0.357467443
1497534962237640000,91502,0.58093123,-2.597852395,1.062241429,0.231266622,-0.621230481,0.659284133,-0.354870219
1497534962247720000,91503,0.588316001,-2.600085995,1.063355335,0.233628702,-0.624177821,0.656503288,-0.353303142
1497534962257740000,91504,0.595452957,-2.602422642,1.064160912,0.236354195,-0.627060201,0.653534967,-0.351886693
1497534962267720000,91505,0.602282622,-2.604417944,1.065056816,0.236871835,-0.62961673,0.651631781,-0.350500399
1497534962277720000,91506,0.608616279,-2.60672661,1.065585754,0.238103729,-0.632122784,0.64871443,-0.350566668
1497534962287710000,91507,0.615076625,-2.608750631,1.06619749,0.238160644,-0.635353793,0.645703872,-0.350245023
1497534962297750000,91508,0.621049081,-2.610630718,1.066534288,0.236455108,-0.637002879,0.645419551,-0.348926809
1497534962307700000,91509,0.626818343,-2.612589209,1.066837736,0.235152398,-0.639567225,0.643226095,-0.349166587
1497534962317740000,91510,0.632561754,-2.61453091,1.067155985,-0.234162786,0.642715127,-0.640665131,0.34875958
1497534962327680000,91511,0.638204302,-2.616465437,1.067369584,-0.232263014,0.645063635,-0.639696755,0.347469222
1497534962337760000,91512,0.643422885,-2.618401623,1.067441049,-0.229682045,0.648014657,-0.638687317,0.345545472
1497534962347710000,91513,0.648683937,-2.620288197,1.067494723,-0.227244983,0.650904225,-0.637403853,0.344092627
1497534962357720000,91514,0.653808639,-2.621894593,1.067687794,-0.224747015,0.652612692,-0.637212,0.342850288
1497534962367710000,91515,0.658869364,-2.62360564,1.067799156,-0.222629418,0.655317448,-0.636373871,0.340622198
1497534962377630000,91516,0.663800714,-2.625197698,1.067877735,-0.220379101,0.658197339,-0.635276104,0.338575822
1497534962387670000,91517,0.668718141,-2.626657891,1.067897129,-0.218012005,0.659955952,-0.635518714,0.336221462
1497534962397730000,91518,0.673390375,-2.628126542,1.067875725,-0.21657099,0.662339098,-0.634458065,0.334465081
1497534962407650000,91519,0.678128913,-2.629495183,1.067757223,-0.214736779,0.663902576,-0.634508165,0.332446798
1497534962417740000,91520,0.683140399,-2.630833532,1.067659194,-0.213444156,0.665768621,-0.634341745,0.329854947
1497534962427740000,91521,0.688071457,-2.631973822,1.067460082,-0.213452559,0.667530159,-0.633859165,0.327206434
1497534962437760000,91522,0.693156144,-2.633251905,1.067271672,-0.212597636,0.668765253,-0.63425406,0.324464279
1497534962447700000,91523,0.698345151,-2.634231169,1.067035454,-0.212041634,0.670044716,-0.634461777,0.321771157
1497534962457740000,91524,0.703661573,-2.635196136,1.066855055,-0.21062097,0.671419762,-0.635196348,0.318370711
1497534962467720000,91525,0.708918608,-2.636471787,1.066385656,-0.210599911,0.6737726,-0.634386705,0.315010587
1497534962477720000,91526,0.714139543,-2.637717158,1.065946598,-0.21108557,0.675388983,-0.633872028,0.312248069
1497534962487590000,91527,0.719758601,-2.638788343,1.065703586,-0.209614223,0.67777229,-0.6337182,0.308363168
1497534962497730000,91528,0.72544076,-2.639937035,1.065289491,-0.209130518,0.679871746,-0.633388941,0.304724933
1497534962507690000,91529,0.731228132,-2.641328502,1.064773583,-0.208611854,0.682131253,-0.632845663,0.301138531
1497534962517690000,91530,0.736996862,-2.642529347,1.064200925,-0.209054565,0.684492138,-0.631529772,0.298222818
1497534962527610000,91531,0.743232544,-2.643680033,1.063818489,-0.207959689,0.687634179,-0.63026623,0.2944087
1497534962537630000,91532,0.749397434,-2.644771693,1.06327191,-0.207459084,0.689758228,-0.629440026,0.291546854
1497534962547660000,91533,0.755784519,-2.645942256,1.062579676,-0.208824568,0.692939448,-0.626912178,0.288458562
1497534962557720000,91534,0.762514781,-2.646953022,1.061971695,-0.209034317,0.695447083,-0.625276004,0.285811
1497534962567710000,91535,0.769136841,-2.647936273,1.061341155,-0.209432467,0.697459863,-0.623855164,0.283712029
1497534962577730000,91536,0.776010121,-2.64864035,1.060557063,-0.21047692,0.699316367,-0.622458927,0.281426669
1497534962587700000,91537,0.782896812,-2.649443886,1.059770939,-0.211764977,0.701394648,-0.62043347,0.279756059
1497534962597750000,91538,0.78998162,-2.650028088,1.059038331,-0.213007779,0.703264335,-0.618718575,0.277910574
1497534962607700000,91539,0.797165325,-2.650612381,1.05825253,-0.215286214,0.704683832,-0.616950748,0.276485654
1497534962617600000,91540,0.804409404,-2.651088659,1.057365149,-0.216015578,0.705738401,-0.615842852,0.275695777
1497534962627710000,91541,0.811578577,-2.651484885,1.056541004,-0.217281548,0.706410515,-0.615093176,0.27465123
1497534962637620000,91542,0.818840335,-2.651854293,1.055695609,-0.219695673,0.708009157,-0.612823632,0.273686028
1497534962647730000,91543,0.82604676,-2.651857943,1.054882065,-0.22039397,0.708195682,-0.612346742,0.273709411
1497534962657630000,91544,0.833114047,-2.651975106,1.054022201,-0.221751416,0.708191054,-0.612043273,0.273303445
1497534962667730000,91545,0.840202886,-2.652067788,1.053145163,-0.223225008,0.70946138,-0.610295065,0.27271795
1497534962677730000,91546,0.847359129,-2.651885263,1.05256987,-0.224025626,0.709766163,-0.609944664,0.272051502
1497534962687710000,91547,0.85450503,-2.651744056,1.051746346,-0.223979125,0.709562517,-0.610287154,0.271852857
1497534962697650000,91548,0.861358445,-2.651665444,1.050809606,-0.22462139,0.709547404,-0.610656128,0.270530602
1497534962707730000,91549,0.868461383,-2.651574021,1.049957415,-0.22467267,0.709962878,-0.610624791,0.269466635
1497534962717570000,91550,0.875700599,-2.651455106,1.049055541,-0.223763843,0.710030317,-0.611215718,0.268704368
1497534962727700000,91551,0.883067046,-2.651247067,1.048125614,-0.2232928,0.710234421,-0.611672029,0.267515836
1497534962737710000,91552,0.890635061,-2.650935995,1.047287489,-0.222164987,0.710353385,-0.612419639,0.266426299
1497534962747680000,91553,0.898281451,-2.650610725,1.046397717,-0.221862243,0.7107825,-0.61262136,0.265066882
1497534962757830000,91554,0.906315759,-2.650258517,1.045486561,-0.221345143,0.711083922,-0.613323248,0.263060024
1497534962767700000,91555,0.914298722,-2.649868379,1.044426621,-0.221260581,0.711373434,-0.613592513,0.261717062
1497534962777700000,91556,0.922790692,-2.649247509,1.043629716,-0.220860115,0.711571884,-0.614336377,0.259763506
1497534962787670000,91557,0.931301187,-2.648533775,1.042646254,-0.220142098,0.711549911,-0.615100539,0.258622327
1497534962797720000,91558,0.940110013,-2.647891621,1.041688699,-0.219855281,0.712182488,-0.615171676,0.256950518
1497534962807660000,91559,0.948947322,-2.647096346,1.040732798,-0.219977702,0.7125326,-0.61541471,0.255287757
1497534962817750000,91560,0.958027897,-2.646348287,1.039909863,-0.220768303,0.713179534,-0.614588685,0.254788259
1497534962827740000,91561,0.967303251,-2.645281887,1.03923649,-0.220072217,0.71315508,-0.614440834,0.255813432
1497534962837660000,91562,0.976820042,-2.64403181,1.03895693,-0.220893405,0.713175675,-0.613744031,0.256719351
1497534962847720000,91563,0.986543863,-2.642386432,1.038955527,-0.221110718,0.712270644,-0.613401146,0.259845365
1497534962857750000,91564,0.996424617,-2.640430361,1.039328717,-0.22305091,0.711352583,-0.612457441,0.262910017
1497534962867740000,91565,1.006554187,-2.638018697,1.03994369,-0.224936812,0.70970863,-0.611684674,0.267505048
1497534962877710000,91566,1.016831348,-2.635233428,1.040923997,-0.228327705,0.707566267,-0.611063534,0.271694305
1497534962887720000,91567,1.027386274,-2.63207474,1.042563653,-0.232876359,0.705083932,-0.609735141,0.277215275
1497534962897750000,91568,1.037700259,-2.628584714,1.044402733,-0.237586128,0.701804134,-0.609053591,0.282979704
1497534962907730000,91569,1.047668176,-2.624684666,1.046535277,-0.242686361,0.69749783,-0.609179894,0.288963604
1497534962917760000,91570,1.057588785,-2.620516143,1.049127124,-0.247165569,0.692948774,-0.6104625,0.29337129
1497534962927730000,91571,1.06696289,-2.616369591,1.051755387,-0.251557993,0.687661162,-0.612312393,0.298184902
1497534962937750000,91572,1.07679755,-2.611886511,1.055120812,-0.255709448,0.68176231,-0.614527165,0.303593797
1497534962947680000,91573,1.086211341,-2.607772764,1.058294427,-0.259666277,0.675483633,-0.617286227,0.308630847
1497534962957740000,91574,1.093700292,-2.604346616,1.059810109,-0.263983654,0.669105562,-0.619656531,0.314063944
1497534962967720000,91575,1.102833198,-2.600377463,1.063162021,-0.267261858,0.663358486,-0.622526737,0.317784644
1497534962977770000,91576,1.110128563,-2.597289583,1.064522234,-0.268975619,0.657583053,-0.625845724,0.321797724
1497534962987710000,91577,1.119117138,-2.593588239,1.067663811,-0.269012012,0.652800452,-0.628912176,0.325505118
1497534962997740000,91578,1.126665698,-2.590621992,1.068981153,-0.269479187,0.648344639,-0.631319472,0.329341648
1497534963007750000,91579,1.134024478,-2.587787043,1.069910451,-0.26922052,0.643996464,-0.633257463,0.334325967
1497534963017680000,91580,1.142028644,-2.584687737,1.071431486,-0.2692959,0.639806203,-0.63492742,0.339108998
1497534963027660000,91581,1.149486399,-2.5816442,1.072281668,-0.269030304,0.636144307,-0.635758073,0.344608167
1497534963037690000,91582,1.158022689,-2.578323097,1.074088506,0.2689231,-0.632798896,0.635984093,-0.350385726
1497534963047630000,91583,1.164999349,-2.575583933,1.074068703,0.270184999,-0.628997701,0.635896502,-0.356367223
1497534963057750000,91584,1.173183192,-2.572349977,1.075504184,0.271303833,-0.62615922,0.634681919,-0.362626149
1497534963067750000,91585,1.180191156,-2.569551222,1.075456514,0.273548813,-0.622664111,0.633246118,-0.369404663
1497534963077750000,91586,1.189142691,-2.565679296,1.078045438,0.275885402,-0.619326493,0.631637103,-0.375974081
1497534963087660000,91587,1.197573188,-2.561838103,1.080165126,0.279023113,-0.615891219,0.629628829,-0.382611612
1497534963097680000,91588,1.203896359,-2.558826495,1.079862306,0.282056827,-0.611719214,0.62792873,-0.389806439
1497534963107730000,91589,1.212906032,-2.554352337,1.083046505,0.285468843,-0.607775496,0.626073067,-0.396420233
1497534963117760000,91590,1.220066437,-2.550631353,1.084049938,0.288655923,-0.603725282,0.624085739,-0.403373936
1497534963127730000,91591,1.227932354,-2.546481741,1.085686888,0.292087673,-0.599493441,0.622142222,-0.410160288
1497534963137780000,91592,1.234740106,-2.542917802,1.085742065,0.296352888,-0.595893604,0.618901464,-0.417189114
1497534963147760000,91593,1.243200944,-2.538506611,1.087744551,0.30110728,-0.592908526,0.614845375,-0.423980012
1497534963157710000,91594,1.251901241,-2.533880569,1.089943289,0.305294509,-0.589219768,0.611451483,-0.430978435
1497534963167730000,91595,1.259025214,-2.529812099,1.089838387,0.310864121,-0.585333541,0.607021793,-0.438489096
1497534963177720000,91596,1.267293495,-2.525058044,1.091083937,0.316834645,-0.581688425,0.602280583,-0.445547398
1497534963187730000,91597,1.273785395,-2.520801519,1.089951222,0.323760167,-0.577559128,0.596943269,-0.453060197
1497534963197750000,91598,1.282033815,-2.515620174,1.090873277,0.329686184,-0.573063193,0.592307578,-0.460518544
1497534963207720000,91599,1.289849353,-2.510488314,1.0911864,0.337435886,-0.568821314,0.58630086,-0.46779337
1497534963217750000,91600,1.297654124,-2.505207984,1.091574991,0.346246945,-0.564345471,0.579714235,-0.474930151
1497534963227680000,91601,1.304794035,-2.500117686,1.090895168,0.354143241,-0.559417934,0.574048394,-0.481770258
1497534963237750000,91602,1.312586901,-2.494504863,1.091450346,0.361301035,-0.554390748,0.56826603,-0.48906664
1497534963247640000,91603,1.319665152,-2.489023176,1.091348301,0.36931703,-0.548546906,0.562407834,-0.496385588
1497534963257750000,91604,1.325969421,-2.483720108,1.090402817,-0.376840504,0.542421661,-0.556908708,0.503609638
1497534963267740000,91605,1.333794971,-2.477628447,1.091881235,-0.384082386,0.536607977,-0.551443124,0.510336242
1497534963277790000,91606,1.339384237,-2.47225649,1.090671039,-0.391722958,0.530032051,-0.54559839,0.517630704
1497534963287760000,91607,1.345380713,-2.466553859,1.090467249,-0.397327344,0.523143357,-0.541229855,0.524902137
1497534963297840000,91608,1.35218676,-2.460562976,1.091237619,-0.403804812,0.516196256,-0.536162572,0.53198947
1497534963307770000,91609,1.357576873,-2.455078088,1.090341081,-0.411603089,0.509620209,-0.530069819,0.538420028
1497534963317740000,91610,1.363206952,-2.449474754,1.089744856,-0.416953184,0.503104286,-0.524965777,0.545387066
1497534963327760000,91611,1.369739909,-2.443402901,1.090560909,-0.422793578,0.497104655,-0.519553359,0.551540442
1497534963337760000,91612,1.375445207,-2.43763722,1.090317623,-0.428838169,0.491005081,-0.513993178,0.557514886
1497534963347740000,91613,1.381351991,-2.431851545,1.090008098,-0.435007619,0.484893724,-0.508108988,0.563446274
1497534963357750000,91614,1.387516328,-2.425829549,1.089949237,-0.441027314,0.479575062,-0.502261189,0.568538799
1497534963367670000,91615,1.393540025,-2.419726107,1.089910542,-0.447243069,0.473910966,-0.496309997,0.573636139
1497534963377680000,91616,1.399903083,-2.413350741,1.090198802,-0.452937557,0.467729105,-0.490795693,0.578961692
1497534963387720000,91617,1.405169744,-2.407247029,1.088964237,-0.458773814,0.462463743,-0.484536457,0.583847836
1497534963397590000,91618,1.411230707,-2.40072967,1.088842749,-0.464650265,0.455806023,-0.479157015,0.588854444
1497534963407720000,91619,1.416793329,-2.394349727,1.087884424,-0.470224479,0.449724685,-0.473605402,0.593577771
1497534963417760000,91620,1.423187814,-2.387548285,1.087869685,-0.475852069,0.444597973,-0.467891035,0.597474208
1497534963427710000,91621,1.428991565,-2.380933915,1.086766644,-0.481179607,0.439190139,-0.461959718,0.601806802
1497534963437760000,91622,1.435029223,-2.374196764,1.085856956,-0.487311554,0.433810468,-0.45567732,0.605552729
1497534963447740000,91623,1.441691715,-2.367161231,1.085809508,-0.492733973,0.429083462,-0.449506925,0.609133925
1497534963457750000,91624,1.447705829,-2.360363152,1.08442513,-0.497889429,0.424798252,-0.443037276,0.6126749
1497534963467730000,91625,1.453908932,-2.353362247,1.083426062,-0.502725702,0.419686848,-0.43683413,0.616689356
1497534963477730000,91626,1.46028055,-2.346231749,1.082708787,-0.507357444,0.415289796,-0.430730382,0.62015655
1497534963487730000,91627,1.465888348,-2.339319898,1.080738846,-0.510987852,0.410425134,-0.424814681,0.624479873
1497534963497810000,91628,1.472206136,-2.332055813,1.079889509,-0.514185768,0.406244431,-0.419474162,0.628187779
1497534963507760000,91629,1.477852374,-2.325023518,1.078047692,-0.517634479,0.401696177,-0.413614564,0.63215324
1497534963517780000,91630,1.484676649,-2.31758652,1.07799887,-0.52104122,0.397308856,-0.4082079,0.635631993
1497534963527710000,91631,1.490777098,-2.310393473,1.076952391,-0.523476834,0.393842521,-0.403512683,0.638778199
1497534963537780000,91632,1.497201268,-2.303028365,1.076266278,-0.526049494,0.390337953,-0.398225659,0.642125017
1497534963547740000,91633,1.503359037,-2.295715293,1.075319326,-0.526923593,0.386658986,-0.394646181,0.645833374
1497534963557730000,91634,1.509865576,-2.28843027,1.074775846,-0.528433714,0.383168881,-0.390239192,0.649347974
1497534963567730000,91635,1.516217524,-2.281107496,1.073801323,-0.528570308,0.380195869,-0.386603996,0.653147672
1497534963577680000,91636,1.523261226,-2.273600902,1.073939624,-0.52880011,0.377728743,-0.382736632,0.656661337
1497534963587600000,91637,1.530223598,-2.266075291,1.073682172,-0.528195448,0.374966921,-0.37891439,0.660933628
1497534963597720000,91638,1.53676083,-2.258489626,1.072445278,-0.528431007,0.372013521,-0.374967655,0.664654699
1497534963607730000,91639,1.543747753,-2.250753277,1.072216673,-0.528238687,0.369247892,-0.370545561,0.668816769
1497534963617760000,91640,1.550617796,-2.242881541,1.071843493,-0.528645345,0.367262761,-0.365902097,0.672136757
1497534963627710000,91641,1.557826137,-2.234842643,1.072513352,-0.529169289,0.366172403,-0.361871594,0.674497282
1497534963637760000,91642,1.56407578,-2.227058984,1.072368412,-0.530019277,0.365906405,-0.357537296,0.676283337
1497534963647730000,91643,1.570529615,-2.219187358,1.073599526,-0.532183518,0.365192076,-0.352935701,0.677386036
1497534963657760000,91644,1.576880817,-2.211166883,1.07522917,-0.535222229,0.365572454,-0.349528201,0.676553016
1497534963667720000,91645,1.582608198,-2.203324616,1.076324972,-0.539032762,0.364260187,-0.34648119,0.675802473
1497534963677720000,91646,1.588758187,-2.195465222,1.078635017,-0.543682591,0.361579492,-0.344153232,0.674705909
1497534963687720000,91647,1.594411013,-2.18787141,1.080349656,-0.546551327,0.357571814,-0.34285412,0.675185232
1497534963697720000,91648,1.599606028,-2.180468414,1.081048985,-0.548216913,0.353571359,-0.342347991,0.676197726
1497534963707670000,91649,1.605550365,-2.172967931,1.082936886,-0.5503709,0.350874249,-0.34167985,0.676190812
1497534963717700000,91650,1.610998747,-2.165686819,1.08350846,-0.551493995,0.348734162,-0.341617529,0.676414312
1497534963727720000,91651,1.617164367,-2.158347996,1.085151979,-0.552343309,0.347495445,-0.341639492,0.676347723
1497534963737760000,91652,1.623084484,-2.15133928,1.086133361,-0.55333931,0.347653072,-0.341221399,0.675663308
1497534963747740000,91653,1.628741154,-2.144585241,1.086809956,-0.555669764,0.347529772,-0.340097869,0.674379426
1497534963757600000,91654,1.634368521,-2.13790901,1.087343062,-0.55877482,0.34732908,-0.33890496,0.672515159
1497534963767740000,91655,1.640131124,-2.131242187,1.088659264,-0.562887063,0.347006931,-0.337036601,0.670187044
1497534963777720000,91656,1.6451518,-2.124650325,1.088756849,-0.568452856,0.346207181,-0.334777112,0.667027903
1497534963787700000,91657,1.650472261,-2.117943628,1.089756422,-0.574483442,0.345698531,-0.331234365,0.663886357
1497534963797730000,91658,1.654926986,-2.111456481,1.089414191,-0.579494947,0.344525243,-0.327981644,0.661752224
1497534963807750000,91659,1.659416303,-2.104937535,1.089730308,-0.585222152,0.343630228,-0.32379877,0.659232626
1497534963817760000,91660,1.663579327,-2.098482137,1.089947733,-0.590136488,0.341921181,-0.319978723,0.657603565
1497534963827770000,91661,1.667052219,-2.09221326,1.089621161,-0.594075538,0.339576917,-0.316349106,0.657027409
1497534963837700000,91662,1.670374806,-2.085847495,1.089338727,-0.597540119,0.337134063,-0.313248191,0.656629271
1497534963847750000,91663,1.673369691,-2.079608024,1.088748429,-0.600786314,0.33387619,-0.30979089,0.656971916
1497534963857780000,91664,1.676751746,-2.073410087,1.089352237,-0.604158096,0.331097361,-0.306231173,0.656955099
1497534963867740000,91665,1.679672898,-2.067274922,1.088709502,-0.606889755,0.329379145,-0.302947168,0.656823582
1497534963877750000,91666,1.68269175,-2.061240644,1.088355371,-0.609312093,0.328612462,-0.299517594,0.656537763
1497534963887780000,91667,1.685858354,-2.055277435,1.088346795,-0.611301507,0.328605492,-0.296059648,0.656260301
1497534963897770000,91668,1.689671282,-2.048839042,1.087862718,-0.620267866,0.330268014,-0.287069154,0.650985494
1497534963907740000,91669,1.692342492,-2.043292213,1.087977193,-0.616085801,0.329957462,-0.287964119,0.654708351
1497534963917720000,91670,1.695790869,-2.036882568,1.087504822,-0.624435357,0.331415217,-0.279761661,0.649598223
1497534963927750000,91671,1.69853727,-2.030904221,1.086917638,-0.625456626,0.33215841,-0.276723568,0.649537426
1497534963937770000,91672,1.702151266,-2.024948283,1.087945903,-0.627208425,0.334635837,-0.271561345,0.648754872
1497534963947760000,91673,1.703863175,-2.018540286,1.085651849,-0.629914402,0.3326212,-0.269579755,0.647995169
1497534963957770000,91674,1.707419904,-2.012234884,1.086725621,-0.633191015,0.334255987,-0.263826214,0.64632639
1497534963967780000,91675,1.70921043,-2.00720258,1.088137046,-0.607487645,0.336730614,-0.280184107,0.662622156
1497534963977770000,91676,1.711515393,-1.999094916,1.084601734,-0.638900001,0.331033748,-0.258336705,0.64458172
1497534963987740000,91677,1.714068161,-1.992553727,1.084515776,-0.641255029,0.330556321,-0.254991301,0.643819806
1497534963997760000,91678,1.716006569,-1.985772202,1.0835355,-0.643825957,0.328756244,-0.252383658,0.643202891
1497534964007740000,91679,1.718152456,-1.979023806,1.082858848,-0.646715069,0.327554257,-0.249094449,0.642199177
1497534964017740000,91680,1.719486727,-1.972095414,1.081040701,-0.649149418,0.325116075,-0.248303957,0.641287545
1497534964027730000,91681,1.722046973,-1.965404724,1.081157325,-0.651710254,0.325417943,-0.244608682,0.639955858
1497534964037730000,91682,1.723725623,-1.958604075,1.079874907,-0.653612553,0.324939138,-0.243051069,0.638851598
1497534964047720000,91683,1.725664099,-1.951796496,1.079395517,-0.655550009,0.32419439,-0.241773173,0.637728716
1497534964057770000,91684,1.727639992,-1.945031619,1.078994211,-0.656889991,0.323991296,-0.24028874,0.637013737
1497534964067750000,91685,1.729105795,-1.938037123,1.077333352,-0.658682459,0.323671304,-0.239449103,0.635640175
1497534964077800000,91686,1.730968847,-1.931079416,1.076595481,-0.66029261,0.324373196,-0.23717256,0.634464244
1497534964087690000,91687,1.732587242,-1.923863703,1.075527481,-0.661983942,0.323999649,-0.2365495,0.633123859
1497534964097770000,91688,1.734272811,-1.916688582,1.07461753,-0.663653607,0.324245215,-0.235360221,0.631691773
1497534964107760000,91689,1.735733573,-1.909140815,1.073238636,-0.66625708,0.32341571,-0.234239009,0.629790337
1497534964117720000,91690,1.736960343,-1.901466223,1.071492754,-0.668187926,0.323113311,-0.232750293,0.628450464
1497534964127700000,91691,1.738384199,-1.893865627,1.070532744,-0.670474719,0.321814096,-0.232167918,0.626895044
1497534964137760000,91692,1.739724888,-1.886075411,1.069050724,-0.672320515,0.321461313,-0.2306744,0.625649319
1497534964147760000,91693,1.740930377,-1.878069547,1.067489713,-0.674416646,0.321225031,-0.229474394,0.62395366
1497534964157700000,91694,1.74199728,-1.870028287,1.06552723,-0.676009852,0.321027821,-0.228844132,0.622560986
1497534964167630000,91695,1.743177869,-1.861706101,1.063810904,-0.679603311,0.319226593,-0.228914821,0.619541546
1497534964177750000,91696,1.744388972,-1.853483568,1.062066021,-0.681481586,0.319105994,-0.228120782,0.617830982
1497534964187770000,91697,1.745677094,-1.845401967,1.060880681,-0.682662026,0.319825069,-0.227748921,0.616291256
1497534964197780000,91698,1.746384292,-1.837042119,1.05836485,-0.684925744,0.319436499,-0.228107596,0.613843606
1497534964207740000,91699,1.747249268,-1.828753677,1.056568761,-0.685960923,0.320058732,-0.228456755,0.6122316
1497534964217710000,91700,1.747944522,-1.820428211,1.054734894,-0.688369943,0.319523495,-0.2294844,0.609416498
1497534964227750000,91701,1.748166821,-1.811973144,1.05222523,-0.689667237,0.31951661,-0.23012416,0.607709724
1497534964237790000,91702,1.748939423,-1.803834233,1.051381938,-0.690504782,0.319912542,-0.230897469,0.606255285
1497534964247730000,91703,1.749052226,-1.795274711,1.049445671,-0.691388224,0.320125414,-0.232027227,0.604702745
1497534964257780000,91704,1.749011765,-1.786518123,1.047577565,-0.692899067,0.319995558,-0.232858611,0.602719333
1497534964267780000,91705,1.748990563,-1.777561676,1.046031938,-0.693862494,0.320150229,-0.233416889,0.601311255
1497534964277750000,91706,1.74856051,-1.768479607,1.044265227,-0.69441443,0.320614451,-0.234102893,0.600158987
1497534964287760000,91707,1.748063529,-1.758193193,1.04352238,-0.700630618,0.315409521,-0.237198662,0.594449632
1497534964297720000,91708,1.747840487,-1.748858053,1.042970939,-0.700509155,0.317082276,-0.236956755,0.593798998
1497534964307690000,91709,1.746879476,-1.739040445,1.0418355,-0.699834574,0.317182735,-0.238841724,0.593785578
1497534964317780000,91710,1.746668293,-1.729576935,1.042844396,-0.698678496,0.318329482,-0.238982165,0.59447643
1497534964327740000,91711,1.745496741,-1.719475257,1.042295705,-0.697702633,0.319119072,-0.238722646,0.595302908
1497534964337760000,91712,1.744821543,-1.709612533,1.043523902,-0.696364994,0.320745022,-0.236828217,0.596750217
1497534964347720000,91713,1.743326301,-1.699107172,1.044141744,-0.695918105,0.319815965,-0.235932067,0.598123565
1497534964357700000,91714,1.74196839,-1.688651954,1.045267752,-0.695432795,0.320038188,-0.23301003,0.599712524
1497534964367740000,91715,1.739684852,-1.677721856,1.045618551,-0.694600133,0.318368155,-0.231430629,0.602172929
1497534964377750000,91716,1.737726693,-1.66707246,1.047172736,-0.693930639,0.316772434,-0.228528456,0.604888616
1497534964387750000,91717,1.735595952,-1.656650713,1.049067432,-0.692643107,0.315347731,-0.225745005,0.608145154
1497534964397780000,91718,1.733022927,-1.646157699,1.050619906,-0.691420115,0.31301926,-0.223567827,0.611534622
1497534964407760000,91719,1.730364939,-1.635950908,1.052311721,-0.689446532,0.310459044,-0.221716367,0.61572763
1497534964417710000,91720,1.72770993,-1.625968429,1.053867075,-0.687686921,0.308097053,-0.219590452,0.619631292
1497534964427760000,91721,1.725120835,-1.616311948,1.055505348,-0.684813611,0.305516212,-0.217745457,0.6247216
1497534964437800000,91722,1.722708807,-1.606946315,1.057484017,-0.682510169,0.301960862,-0.216785417,0.629288161
1497534964447760000,91723,1.720039192,-1.597580924,1.058592862,-0.679307778,0.298407526,-0.216221445,0.634619712
1497534964457870000,91724,1.717647175,-1.588467569,1.059729906,-0.677038932,0.294882683,-0.215099827,0.63905755
1497534964467750000,91725,1.715351263,-1.5795727,1.060862118,-0.673755787,0.290977115,-0.215509168,0.64415934
1497534964477760000,91726,1.713319407,-1.57086609,1.061803897,-0.670491663,0.28867856,-0.214135366,0.649039031
1497534964487760000,91727,1.711529831,-1.562274712,1.063075631,-0.668231252,0.285439271,-0.213905187,0.652867512
1497534964497780000,91728,1.710033399,-1.553934473,1.064634118,-0.666202427,0.283668014,-0.212635882,0.656119475
1497534964507750000,91729,1.708833069,-1.545487436,1.06653882,-0.666015513,0.282062578,-0.211296462,0.657432767
1497534964517760000,91730,1.707436772,-1.53707632,1.06775906,-0.665242401,0.280704842,-0.210168224,0.659156019
1497534964527750000,91731,1.706815949,-1.529049082,1.069640963,-0.666080875,0.281453085,-0.205629573,0.659421646
1497534964537780000,91732,1.705752278,-1.520996802,1.070789647,-0.66590282,0.281463829,-0.202476792,0.660571492
1497534964547740000,91733,1.699744005,-1.518132538,1.069285438,-0.626246328,0.279123092,-0.21186713,0.696432449
1497534964557780000,91734,1.699268089,-1.509933184,1.07068572,-0.629712304,0.280518814,-0.206298637,0.694415208
1497534964567750000,91735,1.697129014,-1.504022049,1.072504433,-0.618847417,0.278380842,-0.208915254,0.704192018
1497534964577780000,91736,1.695788926,-1.497203751,1.074023186,-0.61443129,0.278796049,-0.207026655,0.708439776
1497534964587720000,91737,1.695041035,-1.488812539,1.076658033,-0.622874971,0.275065203,-0.205496647,0.702948813
1497534964597790000,91738,1.693526536,-1.482171979,1.078538016,-0.618395999,0.273181713,-0.20599557,0.707477183
1497534964607760000,91739,1.692042441,-1.475462997,1.080386655,-0.614861387,0.27128473,-0.205365369,0.711459862
1497534964617690000,91740,1.690880492,-1.468461711,1.082158538,-0.613639764,0.269286754,-0.203462796,0.713816346
1497534964627770000,91741,1.688121136,-1.463192198,1.0845538,-0.609404109,0.274339447,-0.212191428,0.71297917
1497534964637680000,91742,1.688624333,-1.454519883,1.08550293,-0.610028576,0.265271995,-0.199833483,0.719418157
1497534964647740000,91743,1.687528018,-1.447625114,1.086863974,-0.60721985,0.263707635,-0.198166746,0.722822439
1497534964657690000,91744,1.686676645,-1.440593798,1.088316493,-0.606834826,0.262328895,-0.194718382,0.724582498
1497534964667720000,91745,1.685753143,-1.433683571,1.089609423,-0.605078854,0.2605095,-0.192958904,0.727173461
1497534964677790000,91746,1.684854543,-1.426735879,1.090488233,-0.603222691,0.259381231,-0.19038575,0.729792456
1497534964687740000,91747,1.683904465,-1.419795785,1.091638872,-0.601739419,0.25697611,-0.189510314,0.732092065
1497534964697790000,91748,1.683056944,-1.412598046,1.092392629,-0.601068155,0.255396886,-0.187592674,0.73368828
1497534964707740000,91749,1.682265762,-1.40532311,1.093212048,-0.601137135,0.253091663,-0.18634128,0.734748721
1497534964717740000,91750,1.681310326,-1.398136236,1.09393662,-0.598962345,0.250263633,-0.187356033,0.737231266
1497534964727770000,91751,1.680268638,-1.390957128,1.094660175,-0.595431876,0.24711009,-0.190045182,0.740459529
1497534964737770000,91752,1.679561424,-1.382836925,1.094710178,-0.59817346,0.246693298,-0.18525177,0.739603076
1497534964747770000,91753,1.678671414,-1.373882466,1.092443945,-0.610144936,0.248408014,-0.166558702,0.733672144
1497534964757780000,91754,1.677831652,-1.365967567,1.092285969,-0.611503775,0.246398227,-0.164853916,0.733603594
1497534964767750000,91755,1.677012258,-1.35786894,1.091750651,-0.614188265,0.244615279,-0.1621262,0.732564834
1497534964777770000,91756,1.676168715,-1.349770116,1.090970657,-0.615977748,0.242800687,-0.160226578,0.732083795
1497534964787700000,91757,1.673675488,-1.342925693,1.089103859,-0.610551889,0.236220868,-0.162781586,0.738192554
1497534964797750000,91758,1.672647381,-1.3348044,1.087731845,-0.612863591,0.233202979,-0.161203511,0.737582549
1497534964807720000,91759,1.672071559,-1.326416113,1.086183423,-0.615202021,0.232125547,-0.159158295,0.736418931
1497534964817750000,91760,1.671394289,-1.317941877,1.084619409,-0.6182024,0.230655081,-0.157726234,0.734674391
1497534964827790000,91761,1.67035329,-1.30952106,1.082595355,-0.617274481,0.228633302,-0.158538935,0.735910615
1497534964837830000,91762,1.670161092,-1.300244172,1.081050676,-0.620800027,0.228762378,-0.157126497,0.733202813
1497534964847780000,91763,1.669409777,-1.291465903,1.078757248,-0.622834068,0.226883103,-0.155868814,0.732329635
1497534964857830000,91764,1.668835592,-1.282351395,1.076691411,-0.625253327,0.225616376,-0.155004171,0.730841456
1497534964867750000,91765,1.668216249,-1.273089951,1.07467511,-0.626905553,0.224902219,-0.153795285,0.729900973
1497534964877780000,91766,1.667436579,-1.264157906,1.072287266,-0.628644166,0.223323441,-0.151935085,0.729279701
1497534964887770000,91767,1.666590487,-1.254924712,1.070376233,-0.629453232,0.222507927,-0.150752546,0.729076485
1497534964897800000,91768,1.66600517,-1.245843676,1.068499652,-0.628792928,0.223580086,-0.149356029,0.729605493
1497534964907860000,91769,1.665338588,-1.237260427,1.066648278,-0.629679807,0.222804612,-0.146601967,0.729636423
1497534964917720000,91770,1.664290815,-1.228825611,1.06481265,-0.629571939,0.221637382,-0.145202963,0.730364391
1497534964927780000,91771,1.663773695,-1.219902719,1.063538028,-0.629060087,0.221846608,-0.144772613,0.730827189
1497534964937780000,91772,1.663191175,-1.211160356,1.062324026,-0.628049315,0.221264942,-0.143853023,0.732053408
1497534964947760000,91773,1.662361606,-1.202365257,1.060821477,-0.625373221,0.220216984,-0.144444386,0.734539743
1497534964957790000,91774,1.660884827,-1.19425379,1.058526559,-0.618655451,0.217124331,-0.146493423,0.740717311
1497534964967700000,91775,1.660459986,-1.184639742,1.057394608,-0.615361927,0.218733935,-0.146539643,0.742974628
1497534964977780000,91776,1.660050473,-1.174757937,1.056168876,-0.613037964,0.219500802,-0.146102803,0.744753532
1497534964987770000,91777,1.659664047,-1.164481387,1.055025344,-0.610859253,0.220713049,-0.144784017,0.746441097
1497534964997750000,91778,1.659386105,-1.153564894,1.05391606,-0.608104084,0.222517444,-0.143902086,0.748323192
1497534965007740000,91779,1.658987619,-1.142503588,1.052774387,-0.604698017,0.222220901,-0.142904295,0.751356468
1497534965017720000,91780,1.658518942,-1.131183616,1.051835158,-0.603220564,0.220399993,-0.14011534,0.753602339
1497534965027780000,91781,1.658385623,-1.11912333,1.051174767,-0.601637492,0.220159835,-0.139532759,0.755044757
1497534965037770000,91782,1.658112939,-1.107236427,1.050651808,-0.602484665,0.217627078,-0.136478511,0.755661498
1497534965047780000,91783,1.658030035,-1.094935651,1.050560213,-0.601565402,0.217743861,-0.136155761,0.756418064
1497534965057830000,91784,1.658084813,-1.082911982,1.051128851,-0.604898169,0.216591755,-0.133608799,0.754542845
1497534965067700000,91785,1.657980047,-1.071648805,1.05168562,-0.605730161,0.216903518,-0.133577436,0.753791022
1497534965077790000,91786,1.658159153,-1.06046122,1.053344742,-0.608473112,0.219780878,-0.134406857,0.750594187
1497534965087700000,91787,1.658468321,-1.049743671,1.055521029,-0.611747941,0.222125308,-0.135732075,0.746995053
1497534965097800000,91788,1.658973776,-1.039319062,1.057850243,-0.614408922,0.222848133,-0.13683442,0.744390172
1497534965107770000,91789,1.659806261,-1.029010747,1.060423707,-0.616121706,0.223751277,-0.139052368,0.742289599
1497534965117800000,91790,1.66070996,-1.018853256,1.062987647,-0.616622441,0.225349903,-0.142705659,0.740695134
1497534965127790000,91791,1.661684713,-1.008789123,1.065786555,-0.61522278,0.229030529,-0.146859508,0.73991772
1497534965137730000,91792,1.662593455,-0.998943683,1.067885616,-0.613373035,0.231082089,-0.151257687,0.739929524
1497534965147790000,91793,1.663439765,-0.989217872,1.069710023,-0.611544523,0.232896604,-0.155592548,0.739975288
1497534965157770000,91794,1.664177678,-0.979568129,1.071208166,-0.610764636,0.233961677,-0.15936912,0.739479531
1497534965167820000,91795,1.664840471,-0.969797666,1.072545851,-0.609931424,0.235446751,-0.16390995,0.738702927
1497534965177790000,91796,1.665338056,-0.960120584,1.073704072,-0.610410765,0.236400293,-0.16851,0.736965385
1497534965187790000,91797,1.665668629,-0.950686371,1.074538256,-0.613004684,0.236049373,-0.170622229,0.73443448
1497534965197690000,91798,1.665982408,-0.941364424,1.07497775,-0.617140512,0.235334057,-0.171335078,0.731026512
1497534965207780000,91799,1.666553512,-0.931942653,1.075671451,-0.623465132,0.236509687,-0.169867176,0.725602881
1497534965217800000,91800,1.667314099,-0.922496572,1.076414301,-0.629803901,0.238886456,-0.168248845,0.719703157
1497534965227800000,91801,1.668140602,-0.913295449,1.076959025,-0.635741869,0.241230782,-0.166064929,0.714186548
1497534965237740000,91802,1.668852887,-0.904256135,1.077667637,-0.640405396,0.244083092,-0.163613344,0.709602034
1497534965247770000,91803,1.669335202,-0.895622018,1.078461928,-0.643929898,0.24563421,-0.160842233,0.706503996
1497534965257800000,91804,1.669650262,-0.887213479,1.079251861,-0.64662283,0.24650429,-0.15840355,0.704288908
1497534965267770000,91805,1.669649933,-0.879305985,1.079578971,-0.647085907,0.24630133,-0.157298873,0.704182184
1497534965277800000,91806,1.669729944,-0.871303264,1.08024735,-0.648357593,0.247472877,-0.156701467,0.702733418
1497534965287780000,91807,1.669709864,-0.863846354,1.08022026,-0.648214374,0.24663675,-0.156677851,0.703164625
1497534965297790000,91808,1.669835802,-0.856212443,1.080734095,-0.649447281,0.247492497,-0.156697603,0.701720425
1497534965307910000,91809,1.670197269,-0.84859137,1.081000811,-0.651249083,0.247821624,-0.158145673,0.699606333
1497534965317810000,91810,1.670514775,-0.841219163,1.080936412,-0.652996089,0.248464482,-0.159506731,0.697437532
1497534965327790000,91811,1.671129763,-0.833919401,1.08095902,-0.655313648,0.249993732,-0.160833193,0.694406106
1497534965337710000,91812,1.671807277,-0.826574509,1.080665254,-0.657954782,0.252235036,-0.16264621,0.690665767
1497534965347790000,91813,1.672806793,-0.819149749,1.080853755,-0.660451067,0.256850496,-0.164163535,0.68620882
1497534965357800000,91814,1.673633996,-0.812181076,1.080198719,-0.662510488,0.259060254,-0.164695028,0.683259238
1497534965367770000,91815,1.674464745,-0.805264092,1.079980281,-0.663911319,0.262966291,-0.165208755,0.680276824
1497534965377780000,91816,1.675361226,-0.798323695,1.079234079,-0.664481867,0.266600117,-0.166805886,0.677911515
1497534965387790000,91817,1.676071184,-0.791277528,1.078869841,-0.666348846,0.270468765,-0.166998419,0.674490467
1497534965397640000,91818,1.676804884,-0.784093172,1.07780222,-0.667636506,0.273252923,-0.168336254,0.671756832
1497534965407540000,91819,1.677516148,-0.776589071,1.077146035,-0.669982375,0.27648125,-0.169688387,0.667748146
1497534965417780000,91820,1.677986143,-0.769184277,1.076181165,-0.673069409,0.278339349,-0.170085347,0.663758806
1497534965427680000,91821,1.678450236,-0.761638281,1.074767627,-0.675683825,0.279113052,-0.171261066,0.660467198
1497534965437750000,91822,1.67890639,-0.753961516,1.073730152,-0.678225883,0.281101636,-0.173079778,0.656532491
1497534965447770000,91823,1.679587774,-0.746131709,1.072965175,-0.680779934,0.284491198,-0.174033002,0.652162521
1497534965457790000,91824,1.679823908,-0.73842712,1.072016953,-0.682258007,0.285467782,-0.176402336,0.649549361
1497534965467790000,91825,1.68003985,-0.730762376,1.070964617,-0.683722192,0.287411078,-0.178035757,0.64670094
1497534965477800000,91826,1.680294746,-0.722972894,1.069814675,-0.683650545,0.288521214,-0.180480826,0.645603681
1497534965487770000,91827,1.680405296,-0.715047341,1.068908705,-0.684826721,0.292042844,-0.18161961,0.642446618
1497534965497800000,91828,1.680528179,-0.706887475,1.06773709,-0.685139146,0.293063424,-0.183409695,0.64113888
1497534965507740000,91829,1.680655325,-0.698548395,1.06652351,-0.685882355,0.2956549,-0.184290433,0.638897966
1497534965517780000,91830,1.68055558,-0.689987234,1.065166332,-0.687259945,0.296362433,-0.1850003,0.636881438
1497534965527760000,91831,1.680425468,-0.681104973,1.063760926,-0.688651845,0.29747743,-0.185403445,0.634737251
1497534965537780000,91832,1.680198829,-0.672064344,1.062296043,-0.690059536,0.29775386,-0.185812794,0.632956618
1497534965547740000,91833,1.679741089,-0.662888176,1.060697902,-0.691611926,0.297293546,-0.186543446,0.631261462
1497534965557720000,91834,1.679321433,-0.653635697,1.059161437,-0.693215686,0.297015478,-0.187316951,0.629401445
1497534965567790000,91835,1.678706233,-0.644236347,1.057652685,-0.694282089,0.296677663,-0.188293392,0.628092624
1497534965577700000,91836,1.678105413,-0.634934366,1.056185499,-0.695282681,0.295942642,-0.189520594,0.626962432
1497534965587750000,91837,1.677239275,-0.625596617,1.054610511,-0.696786878,0.297045422,-0.1907831,0.624382794
1497534965597810000,91838,1.676475705,-0.61635696,1.05287589,-0.698000069,0.297266448,-0.191492677,0.622703073
1497534965607770000,91839,1.675787327,-0.607007995,1.051219536,-0.698513685,0.297194544,-0.192902047,0.621725691
1497534965617790000,91840,1.675228063,-0.597637474,1.049481086,-0.699641802,0.297859052,-0.193262067,0.620025086
1497534965627780000,91841,1.674577857,-0.588187545,1.047680998,-0.699944629,0.298455004,-0.19478852,0.618918056
1497534965637860000,91842,1.674030821,-0.578748869,1.045892305,-0.701029843,0.299729268,-0.194422141,0.617186808
1497534965647780000,91843,1.673315158,-0.569210114,1.044097477,-0.700965802,0.300373751,-0.196181724,0.616388908
1497534965657730000,91844,1.6715647,-0.560229218,1.040733216,-0.699893043,0.300651151,-0.198495584,0.616731803
1497534965667780000,91845,1.670584467,-0.550457192,1.038990253,-0.699936288,0.301860196,-0.20014533,0.615557846
1497534965677710000,91846,1.669596987,-0.540351894,1.037730095,-0.699418472,0.303286038,-0.202772149,0.614585093
1497534965687800000,91847,1.668474855,-0.530055863,1.036438552,-0.699663688,0.304403911,-0.204693924,0.613114492
1497534965697610000,91848,1.667369049,-0.519579311,1.035416126,-0.698952798,0.30559327,-0.207692696,0.612324656
1497534965707540000,91849,1.666378345,-0.508972855,1.034795369,-0.698329876,0.307877709,-0.210113048,0.611063997
1497534965717780000,91850,1.665056245,-0.498334194,1.033956343,-0.69724822,0.30875274,-0.212711832,0.610958544
1497534965727810000,91851,1.664006574,-0.487670631,1.033756582,-0.695903205,0.31160432,-0.21422565,0.610515232
1497534965737800000,91852,1.662762131,-0.476861529,1.033675187,-0.694972841,0.31332433,-0.215310466,0.610313049
1497534965747790000,91853,1.661336118,-0.466109991,1.033672393,-0.69285807,0.314881517,-0.216654734,0.611439327
1497534965757810000,91854,1.661330547,-0.454543449,1.036477025,-0.690865519,0.31463258,-0.216711846,0.61379732
1497534965767790000,91855,1.659781359,-0.443673332,1.036887163,-0.689525213,0.315349665,-0.21540339,0.615394954
1497534965777740000,91856,1.65817655,-0.43293483,1.037758069,-0.688353092,0.315507651,-0.213513234,0.617281979
1497534965787800000,91857,1.654678173,-0.42299742,1.035971959,-0.686102468,0.316240275,-0.211423652,0.620125416
1497534965797810000,91858,1.652529328,-0.412701123,1.037209724,-0.683060176,0.314659176,-0.208797477,0.62515759
1497534965807780000,91859,1.65132116,-0.402051036,1.040538152,-0.68088255,0.309306355,-0.206486499,0.63094521
1497534965817810000,91860,1.648829835,-0.39225996,1.041787945,-0.678540415,0.3051708,-0.203763459,0.636344357
1497534965827720000,91861,1.645103872,-0.383472442,1.040764343,-0.675213577,0.302978492,-0.201752957,0.641550001
1497534965837810000,91862,1.642744671,-0.374395422,1.042338877,-0.671631173,0.298877743,-0.200610745,0.647563889
1497534965847740000,91863,1.640203108,-0.365611363,1.043531859,-0.667179869,0.294785012,-0.201139644,0.653846819
1497534965857800000,91864,1.637786078,-0.357061476,1.044682143,-0.662665358,0.291806969,-0.20204152,0.65947141
1497534965867810000,91865,1.635760324,-0.348597782,1.046216923,-0.657936437,0.289773947,-0.203462492,0.664645559
1497534965877770000,91866,1.633793561,-0.340322807,1.047441926,-0.652646538,0.288446237,-0.205285323,0.669857598
1497534965887790000,91867,1.632140757,-0.332320949,1.049022222,-0.647869468,0.288158364,-0.206657678,0.674182849
1497534965897800000,91868,1.630657749,-0.324420954,1.050687761,-0.641727439,0.288773203,-0.207690616,0.679456061
1497534965907800000,91869,1.629261905,-0.316876097,1.052248932,-0.636342046,0.289243721,-0.208387661,0.684091699
1497534965917810000,91870,1.628132048,-0.309398448,1.054109098,-0.630254081,0.290481934,-0.208766111,0.689069482
1497534965927730000,91871,1.627172236,-0.301959287,1.05607958,-0.625012799,0.291431424,-0.208355346,0.693552287
1497534965937810000,91872,1.626149728,-0.294789916,1.058026015,-0.619848342,0.291162409,-0.208288074,0.698304062
1497534965947790000,91873,1.625387257,-0.287643565,1.060262497,-0.615165313,0.29135973,-0.208416959,0.702312977
1497534965957800000,91874,1.624619104,-0.280552797,1.062489964,-0.610425139,0.291551013,-0.208942575,0.706202632
1497534965967790000,91875,1.623817528,-0.273581653,1.064927322,-0.606328978,0.290849518,-0.209251984,0.709919246
1497534965977800000,91876,1.622928729,-0.266590049,1.067265141,-0.602121278,0.289663022,-0.210021599,0.713748015
1497534965987800000,91877,1.621811953,-0.25959558,1.069354949,-0.59784702,0.287762658,-0.210404834,0.717984261
1497534965997810000,91878,1.620877484,-0.252412582,1.071819764,-0.594547382,0.285371118,-0.210094193,0.72175977
1497534966007880000,91879,1.619986066,-0.245036486,1.074030093,-0.592175355,0.282542843,-0.209458687,0.724999965
1497534966017760000,91880,1.619125451,-0.237424618,1.075925912,-0.590295267,0.280383025,-0.208090022,0.727760537
1497534966027760000,91881,1.618234338,-0.229701774,1.077455846,-0.588100828,0.27841331,-0.20697492,0.730605795
1497534966037800000,91882,1.617537108,-0.22174371,1.078984643,-0.587234563,0.276387913,-0.205011867,0.732622293
1497534966047750000,91883,1.616918555,-0.213659305,1.080301874,-0.586219148,0.273926628,-0.203163712,0.734871295
1497534966057790000,91884,1.616234106,-0.205549648,1.081240285,-0.585825824,0.271710168,-0.201140081,0.736562527
1497534966067810000,91885,1.615637942,-0.19735997,1.082150262,-0.586096361,0.269142826,-0.19921646,0.737811627
1497534966077810000,91886,1.614875069,-0.189101011,1.082490041,-0.585804492,0.266825014,-0.197382081,0.739376645
1497534966087800000,91887,1.614251418,-0.180761882,1.082787807,-0.585829956,0.26417023,-0.195914325,0.740698946
1497534966097810000,91888,1.613629857,-0.172452577,1.082649785,-0.587315477,0.26084679,-0.19398079,0.741209104
1497534966107800000,91889,1.613124005,-0.163919872,1.082189688,-0.588500202,0.258678389,-0.192397745,0.741441914
1497534966117810000,91890,1.612835052,-0.155289178,1.081718932,-0.59074853,0.256642987,-0.190132895,0.740945365
1497534966127800000,91891,1.612580742,-0.146634718,1.080724321,-0.592405582,0.254759538,-0.188373728,0.740721637
1497534966137820000,91892,1.612401853,-0.137827405,1.079390972,-0.593949775,0.253641213,-0.186078887,0.740448815
1497534966147770000,91893,1.612475778,-0.128999835,1.077970943,-0.596683616,0.252962403,-0.183457922,0.739135898
1497534966157780000,91894,1.612650757,-0.119992331,1.07623312,-0.599096438,0.252730209,-0.181187659,0.737822426
1497534966167790000,91895,1.612864767,-0.110897439,1.074239535,-0.60159323,0.253039957,-0.179097854,0.73619313
1497534966177790000,91896,1.613174659,-0.10176344,1.072186091,-0.604389621,0.253121167,-0.17775191,0.734198283
1497534966187810000,91897,1.613460437,-0.09248354,1.06991675,-0.606373695,0.253498789,-0.176601486,0.732708142
1497534966197820000,91898,1.613875802,-0.083025043,1.067748744,-0.609673459,0.253768124,-0.175084897,0.730236463
1497534966207790000,91899,1.614285032,-0.073355522,1.065337364,-0.612492431,0.253493254,-0.174015777,0.728225721
1497534966217790000,91900,1.614769102,-0.063519419,1.06314123,-0.615517269,0.253015369,-0.172389322,0.72622561
1497534966227770000,91901,1.615132234,-0.0534628,1.060933935,-0.618422123,0.251786092,-0.170859447,0.724544609
1497534966237810000,91902,1.615449264,-0.043298111,1.059017679,-0.620590812,0.250387709,-0.170129484,0.723345698
1497534966247620000,91903,1.615476758,-0.033004198,1.056937252,-0.622240003,0.248973434,-0.168366452,0.722829403
1497534966257800000,91904,1.615318256,-0.022757631,1.055217958,-0.623718627,0.246558023,-0.167073145,0.722683042
1497534966267800000,91905,1.615194825,-0.01276541,1.053442791,-0.623313559,0.244863686,-0.1647179,0.724147772
1497534966277760000,91906,1.615014865,-0.003044128,1.051954246,-0.62263993,0.243239211,-0.162293668,0.725820204
1497534966287780000,91907,1.614537833,0.006613688,1.050274152,-0.619829296,0.241441638,-0.161502692,0.728995515
1497534966297810000,91908,1.614396064,0.016481547,1.048898811,-0.617113386,0.240704792,-0.160620813,0.731733029
1497534966307770000,91909,1.614412161,0.02649186,1.04752209,-0.614040193,0.240779894,-0.159548199,0.734523013
1497534966317810000,91910,1.614527394,0.037116112,1.046206107,-0.611656163,0.239467162,-0.159029422,0.737049428
1497534966327680000,91911,1.61489326,0.048147043,1.045020298,-0.608994269,0.238902956,-0.158309816,0.73958729
1497534966337720000,91912,1.615576419,0.059590365,1.043843034,-0.607141591,0.238674876,-0.156367875,0.741594552
1497534966347760000,91913,1.615972139,0.071258689,1.042726073,-0.60478794,0.237327871,-0.15470156,0.744294603
1497534966357770000,91914,1.616640539,0.083319581,1.041836607,-0.603230767,0.236207061,-0.152298608,0.746407395
1497534966367730000,91915,1.617241134,0.095835414,1.041128759,-0.601518065,0.233495123,-0.14968472,0.749166557
1497534966377810000,91916,1.617786503,0.108299681,1.04090932,-0.600826035,0.231293965,-0.147245012,0.750886199
1497534966387810000,91917,1.618515827,0.120811341,1.041345217,-0.600963774,0.228570901,-0.14493471,0.752058386
1497534966397820000,91918,1.619167439,0.132782616,1.042473208,-0.599275316,0.226030936,-0.144783529,0.75419947
1497534966407860000,91919,1.620411154,0.145693524,1.044326373,-0.609330039,0.22166155,-0.141516588,0.748034836
1497534966417800000,91920,1.621841065,0.156907721,1.046539445,-0.610446292,0.223307965,-0.142063528,0.74652986
1497534966427780000,91921,1.623374549,0.168080891,1.049050808,-0.612533708,0.222289208,-0.144137829,0.744724278
1497534966437750000,91922,1.625492001,0.178970093,1.051629051,-0.613628992,0.222913597,-0.145262087,0.743416381
1497534966447800000,91923,1.627853483,0.189902396,1.054020343,-0.614567803,0.223989622,-0.146203806,0.742131734
1497534966457800000,91924,1.629117351,0.201143671,1.054987147,-0.615975665,0.223599776,-0.149353398,0.740453026
1497534966467770000,91925,1.632085748,0.21147025,1.05775239,-0.614669668,0.225781743,-0.152537032,0.740227166
1497534966477800000,91926,1.634433652,0.22186968,1.059635096,-0.613452462,0.228624139,-0.156317155,0.739575572
1497534966487790000,91927,1.637271074,0.231948369,1.061529382,-0.612188575,0.23334519,-0.158377932,0.738709416
1497534966497820000,91928,1.639336887,0.242062188,1.063096287,-0.611502588,0.234677013,-0.163381681,0.73776535
1497534966507900000,91929,1.641550943,0.252017654,1.064189719,-0.611506768,0.239119713,-0.165540044,0.735851703
1497534966517750000,91930,1.643339761,0.261638123,1.065732683,-0.612504336,0.238479627,-0.170744347,0.734038332
1497534966527820000,91931,1.644849723,0.271272017,1.066850126,-0.615803934,0.237278812,-0.174347093,0.730812816
1497534966537820000,91932,1.646355723,0.280696294,1.067480289,-0.62005719,0.236791192,-0.174361552,0.727363088
1497534966547810000,91933,1.64782336,0.289966516,1.068900108,-0.624141219,0.235027219,-0.175534171,0.724153091
1497534966557850000,91934,1.649439194,0.299108265,1.069652586,-0.628514602,0.236918288,-0.173674949,0.720191732
1497534966567780000,91935,1.65105249,0.308211857,1.070823408,-0.633446944,0.236911077,-0.173013684,0.716019815
1497534966577810000,91936,1.652748371,0.317181467,1.071666822,-0.637421527,0.239258417,-0.169253752,0.712602536
1497534966587810000,91937,1.654163228,0.325739409,1.072848302,-0.640622235,0.239360485,-0.168244483,0.709932042
1497534966597820000,91938,1.655463452,0.333845562,1.073638865,-0.641162285,0.241243567,-0.16598845,0.709337931
1497534966607770000,91939,1.656858221,0.341972518,1.074440532,-0.643101553,0.241906204,-0.164809217,0.707629637
1497534966617820000,91940,1.658244057,0.349771479,1.074773191,-0.643530185,0.244902021,-0.162695526,0.706698002
1497534966627820000,91941,1.659477467,0.357418118,1.075331697,-0.641225411,0.247806481,-0.16415469,0.707442689
1497534966637670000,91942,1.661026176,0.365005244,1.075675019,-0.640823481,0.25168112,-0.164217464,0.706423743
1497534966647810000,91943,1.662549542,0.372488365,1.0757886,-0.643268385,0.253460493,-0.164918677,0.703395616
1497534966657750000,91944,1.664186804,0.380109289,1.076072353,-0.648406768,0.255604033,-0.16297215,0.69833754
1497534966667820000,91945,1.665944599,0.387401083,1.075954333,-0.651686894,0.259289212,-0.163333287,0.693826732
1497534966677720000,91946,1.66752215,0.394461919,1.076198345,-0.65156832,0.262797367,-0.165870253,0.692013965
1497534966687770000,91947,1.669117937,0.401499172,1.076108649,-0.652018393,0.26774478,-0.1675943,0.689272731
1497534966697800000,91948,1.670856596,0.408573032,1.076144641,-0.653594774,0.272651228,-0.168085854,0.685727588
1497534966707790000,91949,1.672231836,0.415437312,1.075969187,-0.653948201,0.276313472,-0.170751811,0.683261615
1497534966717800000,91950,1.673493184,0.422320195,1.075745702,-0.655329716,0.279615756,-0.171719054,0.680345911
1497534966727800000,91951,1.674450476,0.429011267,1.074861915,-0.656617104,0.28073636,-0.172775269,0.678372893
1497534966737820000,91952,1.674612907,0.435157391,1.074584371,-0.657914206,0.290534162,-0.178216251,0.671548782
1497534966747820000,91953,1.675433981,0.442209914,1.074133795,-0.657374897,0.29272056,-0.181922773,0.670132094
1497534966757850000,91954,1.676621494,0.449591747,1.072636905,-0.657307221,0.286079532,-0.179814143,0.673626449
1497534966767800000,91955,1.676718734,0.457633627,1.069919108,-0.656611494,0.293568874,-0.176326791,0.672002623
1497534966777790000,91956,1.677860727,0.465307835,1.06926342,-0.657801844,0.296945592,-0.179134699,0.668603626
1497534966787820000,91957,1.678639258,0.473135952,1.067949589,-0.661744788,0.297723424,-0.180173308,0.664072419
1497534966797830000,91958,1.678939294,0.48105902,1.066790801,-0.663073388,0.297382846,-0.18450775,0.661705384
1497534966807770000,91959,1.679976751,0.489027105,1.06557609,-0.665511035,0.300161837,-0.185713338,0.657653776
1497534966817830000,91960,1.680919197,0.497169698,1.064398116,-0.667649924,0.30348119,-0.186549454,0.653714041
1497534966827740000,91961,1.681529507,0.505082468,1.063014664,-0.670518762,0.302884136,-0.188918407,0.650365763
1497534966837780000,91962,1.682263854,0.513591472,1.061673067,-0.672014861,0.305647753,-0.190442513,0.647075828
1497534966847800000,91963,1.682991693,0.522234104,1.060373251,-0.674262282,0.307169309,-0.19198103,0.643553163
1497534966857840000,91964,1.683854475,0.531231408,1.05923562,-0.676085437,0.30944026,-0.193517882,0.640082836
1497534966867830000,91965,1.68416712,0.539278117,1.057526668,-0.679849516,0.308367295,-0.193485513,0.636614172
1497534966877740000,91966,1.684646189,0.547945671,1.056145443,-0.680161334,0.310222855,-0.195599213,0.634730878
1497534966887810000,91967,1.6850005,0.556578943,1.054909592,-0.682047363,0.310149306,-0.195917938,0.63264126
1497534966897830000,91968,1.685270673,0.565121771,1.053537949,-0.682576432,0.311148694,-0.198600375,0.630740672
1497534966907750000,91969,1.685488989,0.573070288,1.051914692,-0.68433588,0.309528782,-0.200387082,0.629063871
1497534966917830000,91970,1.68582175,0.581360989,1.050615565,-0.684950834,0.310811087,-0.201782352,0.627313882
1497534966927730000,91971,1.686052901,0.589611275,1.049124943,-0.68477307,0.311441136,-0.204983167,0.62615666
1497534966937830000,91972,1.686223939,0.597809649,1.047644147,-0.683952045,0.313452931,-0.207062583,0.62536545
1497534966947810000,91973,1.686554012,0.605943752,1.046108607,-0.684160696,0.315362802,-0.208321879,0.623756716
1497534966957830000,91974,1.686682835,0.613996358,1.044358191,-0.683990946,0.316756839,-0.209361501,0.622887834
1497534966967800000,91975,1.68699508,0.622422758,1.042915163,-0.683400694,0.319634064,-0.210628542,0.621637494
1497534966977760000,91976,1.68719721,0.630956082,1.041405944,-0.683161169,0.321770099,-0.212149625,0.620280063
1497534966987820000,91977,1.687060468,0.639575655,1.039727517,-0.683108705,0.323676506,-0.212177817,0.619335604
1497534966997780000,91978,1.686908814,0.648523318,1.038251845,-0.683454063,0.324457119,-0.213925892,0.617943228
1497534967007770000,91979,1.686656476,0.657990608,1.036876648,-0.682620578,0.327276844,-0.216293948,0.616551654
1497534967017800000,91980,1.68632935,0.667590634,1.035744272,-0.683590841,0.327714235,-0.216702058,0.615099309
1497534967027720000,91981,1.685971651,0.67750852,1.034702751,-0.682614171,0.329692882,-0.219167509,0.614252473
1497534967037810000,91982,1.685506683,0.687364884,1.033630204,-0.684085059,0.330638917,-0.219931928,0.611829622
1497534967047790000,91983,1.684981055,0.69754709,1.03307176,-0.683539132,0.332053168,-0.221429526,0.611133303
1497534967057840000,91984,1.684342952,0.707744336,1.032901615,-0.683563509,0.332023069,-0.222325569,0.610796981
1497534967067780000,91985,1.68334395,0.717934274,1.032404057,-0.683573981,0.332834519,-0.222558091,0.610258709
1497534967077680000,91986,1.682484205,0.728564535,1.032498615,-0.682391438,0.333845041,-0.223182939,0.61080176
1497534967087820000,91987,1.681538452,0.739360721,1.032793282,-0.681952961,0.334487518,-0.223450246,0.610842244
1497534967097850000,91988,1.680528849,0.750353331,1.033308965,-0.681429241,0.334931387,-0.222903485,0.611383016
1497534967107880000,91989,1.679217139,0.761364747,1.033880531,-0.681289526,0.33494521,-0.221305777,0.612111135
1497534967117870000,91990,1.677728087,0.772459144,1.034742947,-0.680939563,0.33392516,-0.219601334,0.613669743
1497534967127710000,91991,1.675893485,0.783487199,1.035863216,-0.680545621,0.332267065,-0.217354793,0.615802849
1497534967137830000,91992,1.673847958,0.794173116,1.037144736,-0.679404271,0.329832298,-0.215445974,0.619034348
1497534967147830000,91993,1.67192556,0.804824533,1.038591273,-0.677420295,0.328289893,-0.214385266,0.622387698
1497534967157860000,91994,1.670016179,0.815247752,1.040287817,-0.675384233,0.325767202,-0.212888042,0.626426811
1497534967167810000,91995,1.667884305,0.825162819,1.042024308,-0.672743748,0.322717529,-0.211720333,0.631224007
1497534967177750000,91996,1.665941617,0.834924087,1.044130989,-0.669531771,0.319136341,-0.210364127,0.636887853
1497534967187830000,91997,1.663972489,0.844313017,1.045625465,-0.667508191,0.314964798,-0.209266256,0.641434038
1497534967197830000,91998,1.662194841,0.853420847,1.047535271,-0.663191281,0.311799124,-0.208659409,0.647626345
1497534967207740000,91999,1.660669482,0.862251018,1.049065712,-0.659454792,0.308686276,-0.208662679,0.652910444
1497534967217830000,92000,1.659301093,0.870812779,1.050808633,-0.655578287,0.305979785,-0.208534679,0.658108478
1497534967227700000,92001,1.658173701,0.87903281,1.052341571,-0.650243027,0.304371958,-0.209046853,0.663958681
1497534967237830000,92002,1.657302534,0.887106759,1.053884958,-0.645879468,0.303765786,-0.209407325,0.668367139
1497534967247790000,92003,1.656572901,0.89496026,1.055776086,-0.640417396,0.303780248,-0.209922412,0.673435744
1497534967257930000,92004,1.655861769,0.90242362,1.057456651,-0.63538815,0.304433399,-0.210267389,0.677783025
1497534967267830000,92005,1.655206879,0.909648457,1.059356358,-0.629211818,0.305938758,-0.21104509,0.682608185
1497534967277740000,92006,1.654720821,0.916764703,1.061145212,-0.623572387,0.306885636,-0.211787509,0.687113336
1497534967287810000,92007,1.654219447,0.923732068,1.063014562,-0.618165181,0.308130614,-0.21265245,0.691162983
1497534967297840000,92008,1.653619183,0.930414107,1.064893184,-0.613108641,0.308313135,-0.212215637,0.695704915
1497534967307850000,92009,1.653284092,0.937377644,1.066948388,-0.607517003,0.309441473,-0.213665071,0.699654417
1497534967317840000,92010,1.652798242,0.944185961,1.069067177,-0.602738004,0.309382369,-0.214512421,0.703543793
1497534967327750000,92011,1.652129923,0.951053078,1.071175123,-0.599387704,0.307438193,-0.214647241,0.707207677
1497534967337840000,92012,1.651546177,0.957759792,1.073288464,-0.594900893,0.306174019,-0.215177603,0.711371209
1497534967347830000,92013,1.651062659,0.964846163,1.075395087,-0.592372825,0.303569434,-0.215559325,0.714474781
1497534967357820000,92014,1.650613646,0.971834724,1.077543499,-0.587886778,0.301585137,-0.21644282,0.718740598
1497534967367790000,92015,1.650247682,0.978890277,1.079295728,-0.585523363,0.299178734,-0.216000819,0.721801997
1497534967377710000,92016,1.649991915,0.986004531,1.080834998,-0.58249025,0.297770332,-0.216525345,0.724675592
1497534967387810000,92017,1.649740066,0.993218173,1.082235493,-0.580633204,0.295504848,-0.216197456,0.72718679
1497534967397840000,92018,1.649667301,1.000555536,1.083491588,-0.578223322,0.293928708,-0.215902837,0.72982852
1497534967407760000,92019,1.649497527,1.007861358,1.084373108,-0.576133172,0.291900574,-0.215960897,0.732274207
1497534967417850000,92020,1.649388654,1.015286569,1.08501391,-0.574679032,0.290417044,-0.215917098,0.734017546
1497534967427770000,92021,1.649243318,1.022893474,1.085598022,-0.573349822,0.287962612,-0.215329879,0.73619329
1497534967437840000,92022,1.649294012,1.030648748,1.085820157,-0.572641515,0.286636239,-0.215797554,0.737124669
1497534967447820000,92023,1.649266068,1.038632325,1.085764991,-0.572242082,0.284736238,-0.216053844,0.738095529
1497534967457730000,92024,1.649294992,1.046655914,1.085453718,-0.573018765,0.283019607,-0.216046241,0.738155416
1497534967467850000,92025,1.649401847,1.054924231,1.085022288,-0.574455291,0.280475558,-0.214163108,0.738558558
1497534967477730000,92026,1.649684815,1.06335299,1.084348556,-0.575592672,0.278999807,-0.213626855,0.738387263
1497534967487800000,92027,1.649925049,1.072006668,1.083319938,-0.577159504,0.27721052,-0.212029618,0.7382985
1497534967497840000,92028,1.650507757,1.080940764,1.082080217,-0.579118317,0.27710572,-0.211053714,0.737082576
1497534967507840000,92029,1.650939909,1.089710873,1.080356164,-0.580595161,0.276675976,-0.209485685,0.7365293
1497534967517850000,92030,1.651536333,1.098852845,1.078455643,-0.583839073,0.275937807,-0.207302642,0.734857727
1497534967527730000,92031,1.652298973,1.108195217,1.076265694,-0.585968466,0.276301709,-0.20623198,0.733325775
1497534967537840000,92032,1.65323001,1.11785523,1.073865353,-0.589680289,0.276411272,-0.204849657,0.730691853
1497534967547830000,92033,1.654258625,1.127725306,1.071191681,-0.593488001,0.276575826,-0.203047762,0.728044924
1497534967557860000,92034,1.655309991,1.137663228,1.068731187,-0.597582668,0.275501087,-0.200894179,0.725696655
1497534967567800000,92035,1.65655512,1.147930526,1.066120215,-0.602027628,0.274421604,-0.19862957,0.723050353
1497534967577780000,92036,1.65786141,1.158408439,1.063716025,-0.605806443,0.273867699,-0.196865553,0.720582397
1497534967587830000,92037,1.65895515,1.168705448,1.061280505,-0.608768875,0.272672071,-0.195223457,0.718984145
1497534967597690000,92038,1.659876723,1.178924601,1.059140038,-0.611634686,0.271477665,-0.192977065,0.717609044
1497534967607580000,92039,1.660567475,1.188746995,1.05691386,-0.611523952,0.269867421,-0.191004758,0.718837405
1497534967617820000,92040,1.661139827,1.198253586,1.055100589,-0.610864075,0.268481888,-0.188562599,0.720559993
1497534967627760000,92041,1.661422696,1.207196225,1.053494741,-0.608728134,0.266577201,-0.186663958,0.723562866
1497534967637840000,92042,1.661686332,1.216110919,1.05201971,-0.605456762,0.264083272,-0.185515827,0.72750671
1497534967647790000,92043,1.662266074,1.225435652,1.05091276,-0.601630485,0.262259509,-0.186395619,0.731106956
1497534967657850000,92044,1.662916627,1.234803424,1.04975499,-0.59577613,0.26225716,-0.188393359,0.735377405
1497534967667830000,92045,1.664068541,1.244862028,1.048533896,-0.591759624,0.260924119,-0.18867298,0.739013977
1497534967677780000,92046,1.665586501,1.255531298,1.047522936,-0.588560114,0.260677826,-0.188325035,0.741739675
1497534967687820000,92047,1.667257324,1.266666092,1.046453833,-0.585804303,0.260890253,-0.187014181,0.744174234
1497534967697850000,92048,1.66895742,1.27820243,1.045408111,-0.583091317,0.259830722,-0.184762692,0.747231731
1497534967707870000,92049,1.670638858,1.289996296,1.044386431,-0.58012212,0.258827072,-0.182920731,0.750337844
1497534967717850000,92050,1.672421112,1.302161785,1.043832903,-0.577860784,0.255790227,-0.180390267,0.753729146
1497534967727800000,92051,1.674094783,1.314420968,1.043730589,-0.576998845,0.252286855,-0.178032375,0.756127072
1497534967737790000,92052,1.675993584,1.326860142,1.044515518,-0.576911126,0.247791633,-0.17556265,0.75825498
1497534967747810000,92053,1.677965216,1.339222704,1.04572117,-0.578671245,0.244576958,-0.174308106,0.758246916
1497534967757900000,92054,1.680328696,1.351214644,1.047661591,-0.582022042,0.242794418,-0.173100945,0.756529759
1497534967767750000,92055,1.682838044,1.362868489,1.049755718,-0.585384667,0.241943218,-0.171784983,0.754505262
1497534967777760000,92056,1.685747996,1.374305921,1.051754503,-0.588422508,0.241891148,-0.172071733,0.752089717
1497534967787810000,92057,1.688859641,1.385228856,1.053945175,-0.590291873,0.242017495,-0.173040787,0.750359863
1497534967797830000,92058,1.691921517,1.395802539,1.0562864,-0.59105946,0.242113166,-0.174317665,0.749428636
1497534967807880000,92059,1.695046512,1.406149483,1.058644914,-0.590971162,0.243326323,-0.177197345,0.748429346
1497534967817780000,92060,1.698184986,1.416473864,1.060857795,-0.591326763,0.245192155,-0.179317381,0.747033295
1497534967827760000,92061,1.701033843,1.42663017,1.063208919,-0.591806018,0.246763201,-0.181413816,0.745628988
1497534967837880000,92062,1.703821444,1.436739302,1.065375074,-0.591954487,0.248303278,-0.184872499,0.744148861
1497534967847920000,92063,1.706226915,1.44661309,1.067405396,-0.593168062,0.248598386,-0.187334448,0.742466361
1497534967857910000,92064,1.708318238,1.456269796,1.069021114,-0.593959384,0.248495891,-0.189969224,0.741197502
1497534967867840000,92065,1.710175437,1.465747379,1.07042577,-0.596738876,0.24706017,-0.191659437,0.739006527
1497534967877830000,92066,1.711851575,1.475035778,1.071654893,-0.601068215,0.244246214,-0.191880545,0.736371268
1497534967887820000,92067,1.71349558,1.484223975,1.072718566,-0.605790863,0.242026439,-0.191396233,0.733354018
1497534967897820000,92068,1.715318531,1.493273816,1.073639526,-0.611001162,0.240755061,-0.190795835,0.729596827
1497534967907850000,92069,1.717133586,1.502037298,1.074487084,-0.616111525,0.239828162,-0.189457629,0.725944108
1497534967917840000,92070,1.719050221,1.510465041,1.075273834,-0.621426132,0.24033055,-0.187391926,0.721772163
1497534967927810000,92071,1.720961291,1.518560659,1.075875957,-0.62478964,0.242238308,-0.185744652,0.718649728
1497534967937850000,92072,1.722949167,1.52627593,1.076667148,-0.626979242,0.243326963,-0.184005562,0.716820042
1497534967947810000,92073,1.724827204,1.533609816,1.077139576,-0.629090163,0.245486956,-0.181940564,0.714758247
1497534967957840000,92074,1.726599097,1.540730355,1.077560479,-0.630340861,0.24815657,-0.180151414,0.713185939
1497534967967650000,92075,1.728445781,1.547840443,1.077888288,-0.631102809,0.25031537,-0.17843606,0.712188201
1497534967977820000,92076,1.730224116,1.554799619,1.078081202,-0.632091327,0.254354096,-0.177994174,0.709987762
1497534967987840000,92077,1.732070847,1.561715191,1.078214125,-0.633422784,0.257725974,-0.177416908,0.707726034
1497534967997850000,92078,1.733924964,1.568609937,1.078323947,-0.634759557,0.260354734,-0.177024538,0.705661414
1497534968007830000,92079,1.735629276,1.575385471,1.078405225,-0.636316807,0.263347458,-0.177091175,0.703127125
1497534968017810000,92080,1.737335509,1.582128059,1.07837159,-0.637994937,0.266089991,-0.177452893,0.700477728
1497534968027800000,92081,1.739026003,1.588807964,1.078273689,-0.639685441,0.269054233,-0.178442263,0.697546209
1497534968037850000,92082,1.740626425,1.595450353,1.078144253,-0.641404915,0.271984684,-0.179150492,0.694643195
1497534968047820000,92083,1.742264747,1.602113198,1.077855881,-0.642984594,0.274341177,-0.179837846,0.692073753
1497534968057830000,92084,1.74375259,1.608793055,1.07751255,-0.644788628,0.277167615,-0.180263761,0.689152171
1497534968067830000,92085,1.745174837,1.615440243,1.077030582,-0.646430963,0.27940823,-0.181425163,0.686398544
1497534968077820000,92086,1.746506771,1.622186659,1.07648684,-0.648117472,0.281823771,-0.182053122,0.683648861
1497534968087830000,92087,1.747601198,1.628964082,1.075900885,-0.650554302,0.283070308,-0.18186322,0.680864209
1497534968097840000,92088,1.748547759,1.635721613,1.075254708,-0.65279829,0.284615574,-0.184012956,0.677486236
1497534968107850000,92089,1.749640973,1.642766807,1.074539897,-0.655282083,0.285243551,-0.18418268,0.674772739
1497534968117850000,92090,1.750642241,1.649780489,1.073735104,-0.656813389,0.286870389,-0.185495889,0.672229743
1497534968127810000,92091,1.751618209,1.656830868,1.072941642,-0.65985391,0.287446918,-0.185994338,0.668859621
1497534968137850000,92092,1.752741912,1.664036093,1.072042262,-0.661249585,0.289579345,-0.187517079,0.666130719
1497534968147850000,92093,1.753728261,1.671055815,1.071121444,-0.662996253,0.291591711,-0.189140435,0.66305063
1497534968157840000,92094,1.754754433,1.678215985,1.070315241,-0.664764333,0.293040926,-0.190750992,0.660173807
1497534968167830000,92095,1.755718242,1.685313641,1.06944499,-0.666434328,0.295335957,-0.191976279,0.657105065
1497534968177820000,92096,1.756769105,1.692747239,1.068551187,-0.667771531,0.296901551,-0.193217305,0.654673754
1497534968187850000,92097,1.757542874,1.700178927,1.06777578,-0.669329771,0.29765897,-0.1939894,0.652506635
1497534968197860000,92098,1.758500223,1.707640895,1.066665823,-0.670075636,0.299704666,-0.195604373,0.65031891
1497534968207830000,92099,1.75918827,1.715238587,1.065699528,-0.671188263,0.300716342,-0.19676648,0.648350946
1497534968217850000,92100,1.759804562,1.722837631,1.064700078,-0.67295613,0.301729357,-0.197888954,0.645700707
1497534968227820000,92101,1.760423899,1.730544055,1.063572856,-0.674104546,0.302393171,-0.198591573,0.643974237
1497534968237830000,92102,1.761619799,1.738896427,1.062110453,-0.681984237,0.303510528,-0.195007843,0.636200284
1497534968247830000,92103,1.761513582,1.745967839,1.061429699,-0.676045466,0.303997457,-0.202543654,0.639940733
1497534968257930000,92104,1.762760597,1.754307113,1.059852904,-0.68364284,0.305318924,-0.198402535,0.632494471
1497534968267850000,92105,1.762677075,1.761259772,1.059100337,-0.678278075,0.306140399,-0.206017208,0.635431994
1497534968277820000,92106,1.763945646,1.769390532,1.057523281,-0.685102985,0.307883471,-0.20201203,0.628516355
1497534968287830000,92107,1.764486111,1.776687776,1.056380647,-0.684930264,0.309259159,-0.204607837,0.627188121
1497534968297850000,92108,1.764235999,1.783213707,1.055899225,-0.677070375,0.310742901,-0.213695452,0.631940512
1497534968307900000,92109,1.764703826,1.790308564,1.05463858,-0.676719249,0.313316957,-0.215879932,0.630301037
1497534968317860000,92110,1.765259794,1.79764137,1.053426601,-0.676356567,0.315541315,-0.217578129,0.628995414
1497534968327800000,92111,1.765515524,1.804968567,1.052253679,-0.675264929,0.317284303,-0.219568636,0.628599682
1497534968337850000,92112,1.765705114,1.8123973,1.051055001,-0.674818943,0.320002269,-0.22134002,0.627077776
1497534968347850000,92113,1.765824056,1.820158073,1.049794277,-0.674651093,0.321923837,-0.22368614,0.625440211
1497534968357940000,92114,1.765731953,1.828042122,1.04856887,-0.674129527,0.323645439,-0.226232253,0.624197067
1497534968367820000,92115,1.765453478,1.836020997,1.047296021,-0.672949906,0.325684883,-0.229441962,0.623236846
1497534968377760000,92116,1.765031136,1.8442063,1.046261184,-0.671896892,0.326545662,-0.233549814,0.622396161
1497534968387850000,92117,1.764403465,1.852430591,1.045199456,-0.670771614,0.329314998,-0.237328381,0.620719191
1497534968397920000,92118,1.76381335,1.860919981,1.044152356,-0.670250399,0.331580185,-0.239876234,0.619094804
1497534968407830000,92119,1.763096617,1.869502042,1.043533186,-0.668548581,0.333136876,-0.244400082,0.618329376
1497534968417810000,92120,1.762281648,1.8781576,1.042934986,-0.667527019,0.335822213,-0.247481573,0.616752779
1497534968427830000,92121,1.761370176,1.886911695,1.042636479,-0.665580619,0.337721489,-0.249954299,0.616822085
1497534968437860000,92122,1.760147423,1.895684334,1.042646294,-0.662785145,0.339388116,-0.253573288,0.617439994
1497534968447850000,92123,1.759037688,1.904731736,1.042528935,-0.660958966,0.341482282,-0.254729747,0.617766827
1497534968457850000,92124,1.757579702,1.913873983,1.042885182,-0.658899805,0.342913436,-0.255432478,0.618882599
1497534968467850000,92125,1.756092618,1.923231146,1.043314,-0.656799202,0.343416794,-0.254440248,0.621240593
1497534968477810000,92126,1.75422432,1.932661548,1.043946584,-0.655821957,0.343565218,-0.252543847,0.622962364
1497534968487840000,92127,1.751782091,1.942116798,1.044907153,-0.653919431,0.342390368,-0.251226489,0.626133743
1497534968497860000,92128,1.749097955,1.951513067,1.045949535,-0.65167738,0.340781886,-0.249676561,0.629957073
1497534968507940000,92129,1.746212568,1.960975228,1.047029079,-0.650602498,0.337516219,-0.245920698,0.634288737
1497534968517860000,92130,1.742822042,1.969911096,1.048472417,-0.647515788,0.3331173,-0.244205754,0.640405901
1497534968527820000,92131,1.739411336,1.978697129,1.04998298,-0.644045514,0.328970167,-0.242930401,0.646505085
1497534968537710000,92132,1.735840178,1.987114931,1.051473184,-0.640363595,0.324005521,-0.241874014,0.653032809
1497534968547850000,92133,1.732155387,1.995189387,1.053010824,-0.637008739,0.31989053,-0.241669405,0.658396396
1497534968557800000,92134,1.728753119,2.003081443,1.054526998,-0.631582083,0.315913982,-0.24371172,0.664760879
1497534968567800000,92135,1.725564444,2.010696484,1.055855931,-0.626259616,0.313242599,-0.245684709,0.670311116
1497534968577820000,92136,1.722809202,2.018122015,1.057091135,-0.620836056,0.311607704,-0.247957146,0.67526327
1497534968587890000,92137,1.720403056,2.025233753,1.058223757,-0.615110402,0.311114268,-0.24989257,0.680000595
1497534968597880000,92138,1.718327214,2.032165607,1.059272383,-0.607745009,0.312342735,-0.252187261,0.685193115
1497534968607900000,92139,1.716567913,2.038937744,1.060388301,-0.601221317,0.314710716,-0.253204649,0.68947625
1497534968617970000,92140,1.714942441,2.045519437,1.061566566,-0.593974941,0.317517521,-0.253811335,0.694230653
1497534968627800000,92141,1.713407988,2.052068617,1.062713655,-0.587829768,0.32077792,-0.252879875,0.698290383
1497534968637860000,92142,1.712067521,2.058691133,1.063982698,-0.582020769,0.322295091,-0.251354632,0.702992566
1497534968647790000,92143,1.710692416,2.065223246,1.065216348,-0.577994363,0.324089939,-0.248589912,0.70646393
1497534968657850000,92144,1.709321207,2.071898037,1.066598782,-0.574589878,0.325349987,-0.246340455,0.709443612
1497534968667840000,92145,1.707877785,2.078548494,1.067997155,-0.570045266,0.325714513,-0.244972824,0.71340505
1497534968677820000,92146,1.706279446,2.085305219,1.069626266,-0.567046809,0.324377589,-0.243401924,0.716932772
1497534968687840000,92147,1.704813081,2.092224879,1.070972448,-0.565942833,0.323132599,-0.239501288,0.719675737
1497534968697890000,92148,1.702824788,2.099015808,1.072664757,-0.564420466,0.319846439,-0.238631228,0.72262226
1497534968707860000,92149,1.700884607,2.105872517,1.074220505,-0.562771457,0.316798803,-0.23551117,0.726265306
1497534968717860000,92150,1.698798162,2.112921253,1.075958048,-0.562326957,0.312533948,-0.233881178,0.728979094
1497534968727820000,92151,1.696957452,2.120205865,1.077498954,-0.561914408,0.309061102,-0.23137009,0.731574545
1497534968737860000,92152,1.695061499,2.127220542,1.078922729,-0.560858494,0.307041296,-0.229032413,0.733966992
1497534968747860000,92153,1.693184281,2.134689177,1.080218832,-0.561403014,0.30320158,-0.225648956,0.736191556
1497534968757860000,92154,1.691654937,2.141923655,1.08114072,-0.560723751,0.300734303,-0.221783107,0.738891066
1497534968767850000,92155,1.689925477,2.149398022,1.08184168,-0.561996718,0.297965281,-0.217686916,0.740262647
1497534968777770000,92156,1.688268375,2.156896116,1.082508941,-0.562307885,0.2946136,-0.214507732,0.742293137
1497534968787830000,92157,1.686629125,2.164313638,1.082873169,-0.562593584,0.29178449,-0.210943486,0.744213085
1497534968797830000,92158,1.685013199,2.171720703,1.082916013,-0.562598188,0.288880366,-0.206743773,0.746517532
1497534968807810000,92159,1.683131721,2.179137785,1.083342726,-0.562654018,0.28504916,-0.205700278,0.748234474
1497534968817870000,92160,1.681566932,2.186767694,1.083238638,-0.564392268,0.281810565,-0.201543529,0.749282576
1497534968827820000,92161,1.679996138,2.194458539,1.082986913,-0.566633479,0.278347326,-0.196904877,0.750118481
1497534968837860000,92162,1.678597204,2.202358391,1.082460113,-0.570136676,0.274467528,-0.191987055,0.75016846
1497534968847830000,92163,1.677335419,2.210407169,1.081934878,-0.572969656,0.271216202,-0.1876198,0.750297511
1497534968857900000,92164,1.675876139,2.218445728,1.081341879,-0.576256121,0.267397389,-0.18243012,0.750431056
1497534968867860000,92165,1.674398124,2.226427341,1.080600473,-0.578287295,0.265013401,-0.178114894,0.750750815
1497534968877830000,92166,1.672865213,2.23456072,1.079963197,-0.580520817,0.260882676,-0.173370669,0.751583942
1497534968887830000,92167,1.671362934,2.242946449,1.079136219,-0.584575305,0.257308024,-0.168175033,0.750853815
1497534968897860000,92168,1.669696337,2.251281485,1.078163314,-0.588095249,0.25434289,-0.163519748,0.750143296
1497534968907860000,92169,1.667962388,2.259931799,1.07739424,-0.592915419,0.248541651,-0.158600274,0.749349255
1497534968917840000,92170,1.665946774,2.268435848,1.076457508,-0.596491362,0.243869309,-0.154327738,0.748938425
1497534968927780000,92171,1.663942949,2.277251074,1.075625063,-0.600433488,0.237721628,-0.150363195,0.748571282
1497534968937860000,92172,1.661855753,2.286319001,1.074748732,-0.604350464,0.232363933,-0.146128331,0.747939857
1497534968947860000,92173,1.6596071,2.295503349,1.074116299,-0.607505453,0.227895657,-0.143402131,0.747286105
1497534968957860000,92174,1.65704201,2.304162523,1.073053941,-0.610710415,0.219395778,-0.136572036,0.748496066
1497534968967840000,92175,1.654657253,2.313555855,1.072067518,-0.614402213,0.214353958,-0.132009037,0.747753914
1497534968977830000,92176,1.652205229,2.323100169,1.071237659,-0.618446298,0.208377124,-0.127086231,0.746962007
1497534968987850000,92177,1.649663158,2.332830536,1.070499007,-0.620982592,0.203699948,-0.123191078,0.746800449
1497534968997870000,92178,1.6471785,2.342520607,1.069571026,-0.623355551,0.198163938,-0.118313117,0.747101678
1497534969007840000,92179,1.644496281,2.351991965,1.068532218,-0.624422509,0.193277144,-0.113204431,0.74828152
1497534969017860000,92180,1.641821681,2.361657011,1.067538668,-0.62607966,0.189339898,-0.108440186,0.748608969
1497534969027820000,92181,1.639193538,2.371079466,1.066411034,-0.628073076,0.184465663,-0.102189181,0.74903538
1497534969037800000,92182,1.636645835,2.380689288,1.065249246,-0.629085097,0.180942671,-0.097003186,0.749734668
1497534969047850000,92183,1.634192804,2.390286921,1.064247307,-0.630708417,0.177261426,-0.091177052,0.74998135
1497534969057920000,92184,1.631821899,2.399938261,1.063224132,-0.631794798,0.173526697,-0.08539292,0.750620988
1497534969067870000,92185,1.629299093,2.409619269,1.062365241,-0.632418479,0.170760063,-0.080314,0.751290576
1497534969077820000,92186,1.626908788,2.419366427,1.061411158,-0.632448353,0.166602799,-0.07519929,0.752726813
1497534969087850000,92187,1.624247535,2.42915689,1.060524638,-0.632734415,0.163412655,-0.069425098,0.753739756
1497534969097870000,92188,1.621399357,2.439112139,1.059843039,-0.633397221,0.161377335,-0.064084334,0.754094499
1497534969107860000,92189,1.618378922,2.448665283,1.05907738,-0.63364212,0.158868634,-0.057847545,0.754925217
1497534969117880000,92190,1.615295038,2.458216156,1.05853707,-0.634746294,0.156543391,-0.05232733,0.75488619
1497534969127740000,92191,1.611914599,2.467453696,1.058266142,-0.635450173,0.153842281,-0.046661581,0.755220714
1497534969137870000,92192,1.608350752,2.476610845,1.058339123,-0.637396472,0.15099489,-0.041961227,0.754430604
1497534969147860000,92193,1.604718526,2.485668284,1.058758984,-0.639032184,0.145246567,-0.037779986,0.754396431
1497534969157850000,92194,1.600949034,2.494534067,1.059689057,-0.641835538,0.137598644,-0.03551512,0.75355984
1497534969167840000,92195,1.597211462,2.503210355,1.060772165,-0.644740329,0.127443113,-0.034092103,0.752931531
1497534969177800000,92196,1.59353823,2.511539097,1.062316732,-0.646801904,0.118108875,-0.033951409,0.752691764
1497534969187850000,92197,1.59002805,2.519452261,1.063779314,-0.647290919,0.108572564,-0.033864147,0.75371061
1497534969197860000,92198,1.586879058,2.527341288,1.065083532,-0.64739437,0.101280778,-0.034093316,0.754625986
1497534969207840000,92199,1.583808143,2.535564496,1.066606029,-0.6486326,0.099619176,-0.034059413,0.753784933
1497534969217860000,92200,1.58131578,2.543588204,1.067583389,-0.648833707,0.097855784,-0.033616625,0.753862712
1497534969227810000,92201,1.579223771,2.551430822,1.067979827,-0.648735325,0.096428563,-0.031785764,0.754210631
1497534969237860000,92202,1.576930036,2.55980088,1.068771918,-0.650960657,0.098742546,-0.029841564,0.752070219
1497534969247840000,92203,1.574498241,2.567951109,1.069306134,-0.655116869,0.098342984,-0.026443389,0.748632949
1497534969257750000,92204,1.57214344,2.576084094,1.069457034,-0.659771981,0.094941509,-0.022330053,0.745109664
1497534969267830000,92205,1.569176611,2.584438181,1.069985071,-0.665860459,0.092864708,-0.01796167,0.740056331
1497534969277750000,92206,1.565983244,2.592596507,1.070350208,-0.673130119,0.086485424,-0.012989479,0.734334657
1497534969287790000,92207,1.562460326,2.600443969,1.070484518,-0.678423757,0.079230944,-0.007004866,0.730352378
1497534969297840000,92208,1.558654227,2.607867862,1.070334739,-0.682721042,0.070012273,-0.000164092,0.727317147
1497534969307880000,92209,1.554383846,2.614800886,1.070156314,-0.686958967,0.060691805,0.006763088,0.724125779
1497534969317930000,92210,1.548565684,2.623233334,1.072666475,-0.691085049,0.053893068,0.013357204,0.720637618
1497534969327940000,92211,1.543619119,2.629735727,1.07267159,-0.693594282,0.044059083,0.019754261,0.718745809
1497534969337900000,92212,1.538797882,2.635433083,1.072047974,-0.695340501,0.032876577,0.026891865,0.717424244
1497534969347850000,92213,1.533872905,2.64121899,1.071704777,-0.697590851,0.022352084,0.03378336,0.715350316
1497534969357850000,92214,1.528871622,2.647105381,1.07167176,-0.699488246,0.013876253,0.040720909,0.713348058
1497534969367860000,92215,1.524407554,2.652269861,1.070563803,-0.701904141,0.005074333,0.0485545,0.710596431
1497534969377720000,92216,1.519771041,2.657963705,1.070352602,-0.703514162,-0.000702928,0.055675006,0.708496735
1497534969387860000,92217,1.515303445,2.663499899,1.070085456,-0.706488064,-0.007618246,0.062808749,0.704891225
1497534969397870000,92218,1.510966815,2.668879193,1.069839461,-0.707664678,-0.011774942,0.069292889,0.703043775
1497534969407850000,92219,1.507004894,2.673714107,1.068834266,-0.71018797,-0.016942561,0.075816075,0.699712741
1497534969417830000,92220,1.502771334,2.679062071,1.068660135,-0.711189823,-0.0199678,0.081233119,0.698005374
1497534969427880000,92221,1.49843408,2.684542478,1.068873369,-0.714107849,-0.024234416,0.086566709,0.694239784
1497534969437870000,92222,1.494292224,2.689353678,1.068027169,-0.71525074,-0.028364835,0.092823828,0.692095046
1497534969447830000,92223,1.489947784,2.694274734,1.067454819,-0.717175872,-0.032744701,0.098228334,0.689157274
1497534969457880000,92224,1.485004158,2.699802275,1.067924881,-0.71898751,-0.037190358,0.103128509,0.686322336
1497534969467810000,92225,1.480374803,2.704282513,1.066707364,-0.719884825,-0.042100473,0.108477584,0.684270416
1497534969477870000,92226,1.475462884,2.708916239,1.065880349,-0.721649073,-0.047888514,0.113641939,0.681186329
1497534969487840000,92227,1.470333352,2.713517645,1.065067605,-0.723649057,-0.054072815,0.118709448,0.677728736
1497534969497870000,92228,1.464889598,2.718347373,1.064675857,-0.725533944,-0.060240719,0.12358575,0.674313068
1497534969507870000,92229,1.459313377,2.723140005,1.064344385,-0.727355391,-0.066894105,0.128187508,0.67085563
1497534969517870000,92230,1.453895747,2.727354573,1.063342126,-0.728516894,-0.073339815,0.13251115,0.668075745
1497534969527770000,92231,1.448308583,2.731766413,1.062849194,-0.729446791,-0.078678688,0.136289542,0.66568927
1497534969537870000,92232,1.442759219,2.735970727,1.062024236,-0.730882493,-0.084485753,0.139490675,0.662733197
1497534969547850000,92233,1.437300868,2.73980979,1.060933117,-0.730932493,-0.088851836,0.142434244,0.661479802
1497534969557810000,92234,1.431707228,2.743783797,1.060169664,-0.731922779,-0.093054633,0.144905387,0.659266494
1497534969567840000,92235,1.4261299,2.747349095,1.058893182,-0.73258581,-0.097559575,0.147313435,0.65734231
1497534969577920000,92236,1.420298481,2.751300161,1.058507191,-0.733108473,-0.101753405,0.149817897,0.655555344
1497534969587860000,92237,1.414428944,2.754795176,1.057437816,-0.733275051,-0.105723113,0.152461458,0.654129824
1497534969597880000,92238,1.408265754,2.758745578,1.056941357,-0.734459477,-0.110276147,0.155390629,0.651354128
1497534969607850000,92239,1.402264381,2.761924543,1.055234622,-0.735266336,-0.115081817,0.157443729,0.6491156
1497534969617880000,92240,1.395777665,2.765632996,1.054324115,-0.736101934,-0.119917731,0.159621293,0.646757082
1497534969627850000,92241,1.389285675,2.769028408,1.052840507,-0.73841884,-0.125142177,0.162032831,0.642512579
1497534969637860000,92242,1.38265422,2.772170268,1.051125384,-0.738947989,-0.129256974,0.163824478,0.640632535
1497534969647850000,92243,1.375788972,2.775427266,1.049889898,-0.740448723,-0.134201768,0.166189198,0.637265035
1497534969657950000,92244,1.368756602,2.778444719,1.04831468,-0.741165939,-0.13895007,0.168278343,0.634860873
1497534969667870000,92245,1.361756612,2.781105228,1.046515414,-0.741920135,-0.143486087,0.170619457,0.632341093
1497534969677840000,92246,1.354483612,2.784134988,1.045014031,-0.744078651,-0.148882866,0.173400723,0.627784232
1497534969687840000,92247,1.347238237,2.786792734,1.043097144,-0.744603355,-0.153034192,0.17508147,0.625693902
1497534969697880000,92248,1.339826214,2.789864357,1.041907837,-0.7464125,-0.157499154,0.177167374,0.621831262
1497534969707960000,92249,1.332537344,2.79230678,1.04010719,-0.747488827,-0.162317955,0.178624237,0.618875364
1497534969717880000,92250,1.32539391,2.794539134,1.038536664,-0.748421048,-0.165861949,0.180069402,0.616385235
1497534969727840000,92251,1.318126868,2.796638705,1.037476953,-0.748413751,-0.170210385,0.181760956,0.614709881
1497534969737860000,92252,1.31111275,2.798016357,1.035555246,-0.747848632,-0.1727761,0.183278017,0.614231236
1497534969747870000,92253,1.303221452,2.801040759,1.036256577,-0.748336866,-0.176531951,0.183938044,0.612368517
1497534969757810000,92254,1.295995298,2.802384772,1.034834817,-0.749266554,-0.181679338,0.185585206,0.609221126
1497534969767870000,92255,1.288700961,2.803864593,1.033657422,-0.748936667,-0.183680213,0.186846452,0.608640987
1497534969777830000,92256,1.281258035,2.805533598,1.032059146,-0.752641858,-0.188092195,0.188815369,0.602079992
1497534969787810000,92257,1.27384108,2.806766336,1.031135075,-0.752907247,-0.190165012,0.189549511,0.60086515
1497534969797880000,92258,1.266395527,2.808045591,1.030500495,-0.752263308,-0.191838912,0.190043356,0.600983586
1497534969807860000,92259,1.258928734,2.809113992,1.029966803,-0.750828405,-0.192471479,0.189479279,0.602751225
1497534969817890000,92260,1.251009496,2.810587623,1.028575838,-0.755230081,-0.195807079,0.189121031,0.596255271
1497534969827860000,92261,1.243129527,2.811680835,1.028837424,-0.75357005,-0.196691389,0.188629697,0.598216946
1497534969837830000,92262,1.235062459,2.812595091,1.027861232,-0.756204452,-0.197109998,0.188515539,0.59478094
1497534969847850000,92263,1.226591159,2.81337515,1.028441473,-0.753819237,-0.197348675,0.187720366,0.59797251
1497534969857940000,92264,1.217801194,2.814149934,1.028178655,-0.755611237,-0.198928747,0.188027453,0.595083766
1497534969867880000,92265,1.209022056,2.814366955,1.02873383,-0.751614192,-0.197499114,0.187769032,0.600677115
1497534969877810000,92266,1.199740754,2.81456701,1.02875926,-0.752232908,-0.199094982,0.189456259,0.598843191
1497534969887890000,92267,1.190081752,2.814811408,1.029299576,-0.751054551,-0.201097711,0.190134828,0.599437669
1497534969897870000,92268,1.180163575,2.814867044,1.029236796,-0.753126023,-0.20379847,0.193313578,0.594892628
1497534969907880000,92269,1.170333758,2.814423405,1.030262773,-0.749795991,-0.204588223,0.195686736,0.598043755
1497534969917870000,92270,1.1604116,2.813731103,1.03076087,-0.748343133,-0.205679224,0.198565576,0.59854016
1497534969927850000,92271,1.150385564,2.81298202,1.031095704,-0.748301742,-0.208015242,0.202992357,0.596295451
1497534969937880000,92272,1.140616117,2.811978338,1.032041789,-0.745551717,-0.209910456,0.207175524,0.597635792
1497534969947870000,92273,1.130915268,2.811065522,1.033082027,-0.74274933,-0.21088609,0.211440074,0.599285896
1497534969957870000,92274,1.121172082,2.810209311,1.033958428,-0.740860814,-0.213698215,0.215975746,0.599009853
1497534969967830000,92275,1.11203231,2.808919056,1.034878322,-0.73755322,-0.214126383,0.220883705,0.601145181
1497534969977830000,92276,1.102837518,2.807841142,1.035902148,-0.734132122,-0.215293252,0.225361609,0.603250353
1497534969987850000,92277,1.094151351,2.80663178,1.036486724,-0.730423397,-0.21580734,0.229145183,0.606136402
1497534969997870000,92278,1.08533493,2.806004318,1.037981557,-0.724595909,-0.220084601,0.234140253,0.609673584
1497534970007820000,92279,1.077131671,2.804832397,1.038734433,-0.719586788,-0.219857126,0.238009518,0.614173565
1497534970017830000,92280,1.068855907,2.804107063,1.039430991,-0.716426991,-0.221416366,0.242948159,0.615372531
1497534970027780000,92281,1.061067895,2.803241528,1.040027341,-0.711654062,-0.220008768,0.246691937,0.61990945
1497534970037900000,92282,1.053227092,2.802895783,1.041170466,-0.708696536,-0.219762362,0.252646851,0.620985743
1497534970047840000,92283,1.045689877,2.802276854,1.041891065,-0.704800185,-0.218750191,0.257255509,0.623878719
1497534970057890000,92284,1.038725244,2.800908467,1.043189937,-0.693613251,-0.213975764,0.262369673,0.635827952
1497534970067960000,92285,1.031455505,2.800362979,1.044447928,-0.689405461,-0.213064099,0.268558844,0.638122204
1497534970077890000,92286,1.024471021,2.799598833,1.045569005,-0.685363593,-0.211792428,0.272305876,0.641303534
1497534970087860000,92287,1.017595358,2.79900292,1.047185964,-0.680792129,-0.209975712,0.277752227,0.644426859
1497534970097890000,92288,1.010800309,2.798397503,1.04865085,-0.676004225,-0.209273381,0.282070105,0.647811235
1497534970107890000,92289,1.004155679,2.798117254,1.050774693,-0.672948066,-0.209219746,0.286529825,0.649052123
1497534970117890000,92290,0.997877555,2.797464687,1.052374715,-0.668893972,-0.207521853,0.289869202,0.652297003
1497534970127850000,92291,0.991589459,2.797139748,1.054262513,-0.665337596,-0.207645201,0.293851245,0.654110693
1497534970137890000,92292,0.985496184,2.796683327,1.056179133,-0.661385952,-0.205201728,0.29725986,0.657341196
1497534970147870000,92293,0.979399255,2.796400156,1.057831827,-0.658019549,-0.20469906,0.300393627,0.659448434
1497534970157890000,92294,0.973350259,2.796230875,1.059704637,-0.655060187,-0.203784787,0.304421898,0.660829191
1497534970167860000,92295,0.967158153,2.796221493,1.061285618,-0.653121706,-0.202387026,0.307938681,0.661547653
1497534970177860000,92296,0.9610168,2.796288258,1.062850372,-0.650660689,-0.201728525,0.311448157,0.662530238
1497534970187890000,92297,0.954845037,2.796450966,1.064319277,-0.649057544,-0.20130183,0.315555224,0.662289044
1497534970197890000,92298,0.948538203,2.796566626,1.065787715,-0.646168696,-0.201387336,0.319596095,0.663149676
1497534970207870000,92299,0.942301668,2.796539201,1.066964187,-0.644020903,-0.202245416,0.322790699,0.663430503
1497534970217860000,92300,0.935971442,2.796530521,1.067984958,-0.641187834,-0.203155867,0.325590618,0.664527354
1497534970227840000,92301,0.929635948,2.796471166,1.068802126,-0.639211376,-0.204537145,0.327762028,0.664940167
1497534970237890000,92302,0.923228355,2.796362045,1.069290553,-0.636007843,-0.206371331,0.329508347,0.666580187
1497534970247810000,92303,0.91675469,2.796327739,1.069723966,-0.633707664,-0.208627605,0.331126535,0.667266316
1497534970257900000,92304,0.91021518,2.796407466,1.069937033,-0.631107895,-0.21055365,0.332794283,0.668294808
1497534970267880000,92305,0.903668471,2.796574231,1.070013902,-0.629565984,-0.213889265,0.335052442,0.667561169
1497534970277750000,92306,0.896960999,2.796802654,1.069998102,-0.62781597,-0.215316921,0.336035591,0.6682558
1497534970287880000,92307,0.890268896,2.796951487,1.069422167,-0.626572821,-0.217454419,0.337205496,0.6681411
1497534970297890000,92308,0.883516961,2.797422253,1.069269256,-0.624997884,-0.219152352,0.339577961,0.667859791
1497534970307880000,92309,0.876636076,2.797762958,1.068852661,-0.624831451,-0.220257088,0.340540661,0.667161548
1497534970317890000,92310,0.869592959,2.798241192,1.068159675,-0.624463391,-0.221615662,0.3417188,0.666453474
1497534970327860000,92311,0.862550848,2.798761687,1.067538932,-0.624228305,-0.223192924,0.343519159,0.665220662
1497534970337890000,92312,0.855282039,2.799199674,1.06652417,-0.624609072,-0.224567375,0.344383465,0.663952582
1497534970347810000,92313,0.847846983,2.799987404,1.065693083,-0.624825859,-0.226353518,0.345807248,0.662400241
1497534970357900000,92314,0.840255582,2.800644313,1.064389294,-0.625046107,-0.228162044,0.346985946,0.660954007
1497534970367870000,92315,0.832320955,2.801538932,1.062780431,-0.626791719,-0.230584299,0.347088744,0.658401416
1497534970377850000,92316,0.824366444,2.802416886,1.060952579,-0.627970948,-0.232054868,0.348159648,0.656191958
1497534970387880000,92317,0.816018677,2.803373997,1.059040125,-0.62877956,-0.235070052,0.348642443,0.654084691
1497534970397900000,92318,0.80749881,2.804405982,1.05708101,-0.630635405,-0.238636717,0.34962573,0.650471638
1497534970407870000,92319,0.798790241,2.80543833,1.055038396,-0.631545363,-0.24069993,0.350091117,0.648575522
1497534970417880000,92320,0.789698879,2.806810527,1.053117618,-0.635919417,-0.245723465,0.351005639,0.641889021
1497534970427860000,92321,0.780725966,2.807546955,1.051036595,-0.636047985,-0.247911448,0.352005343,0.640371075
1497534970437890000,92322,0.771876179,2.808088315,1.048830143,-0.634912369,-0.24837757,0.353950562,0.640245161
1497534970447880000,92323,0.762803291,2.808717604,1.046748437,-0.635494391,-0.251842309,0.355670942,0.637354306
1497534970457920000,92324,0.754044113,2.809353996,1.044893413,-0.635596438,-0.25328653,0.358027022,0.635357972
1497534970467870000,92325,0.745597572,2.809946303,1.043132778,-0.634696145,-0.253132557,0.360756311,0.634775233
1497534970477860000,92326,0.737225433,2.810679976,1.041705015,-0.633323367,-0.252463242,0.363453355,0.634874384
1497534970487860000,92327,0.728848495,2.811341707,1.040291637,-0.631134055,-0.251821,0.365644173,0.63605057
1497534970497900000,92328,0.720408027,2.812181604,1.039126685,-0.628390866,-0.250363768,0.367981974,0.637990729
1497534970507900000,92329,0.711499978,2.813278513,1.038179785,-0.626855495,-0.250021928,0.369562727,0.638721077
1497534970517890000,92330,0.702475376,2.814469465,1.037156101,-0.624640133,-0.2481375,0.371521599,0.64048746
1497534970527820000,92331,0.6930077,2.815817473,1.036005461,-0.622933284,-0.246385502,0.373313591,0.641782884
1497534970537890000,92332,0.683258333,2.817325729,1.034921411,-0.620723574,-0.243580415,0.376013642,0.643416325
1497534970547900000,92333,0.673206782,2.818891561,1.034044929,-0.619372,-0.241130629,0.378117092,0.644408108
1497534970557900000,92334,0.662758362,2.82057296,1.033157848,-0.617297101,-0.238932574,0.380244695,0.645963998
1497534970567870000,92335,0.651913301,2.822388677,1.032325556,-0.615871992,-0.238320221,0.382462975,0.646240848
1497534970577870000,92336,0.640932952,2.824281121,1.031785614,-0.614137926,-0.238745294,0.384878696,0.646299993
1497534970587890000,92337,0.629753289,2.826101665,1.031561786,-0.61169042,-0.239761306,0.387475473,0.646693208
1497534970597900000,92338,0.618354197,2.827997486,1.031471326,-0.610754057,-0.241108417,0.389447875,0.645892069
1497534970607870000,92339,0.607131865,2.829819552,1.032103739,-0.611894059,-0.243186075,0.389954163,0.643725053
1497534970617840000,92340,0.596314573,2.831538355,1.032970001,-0.613365997,-0.242519657,0.389888223,0.642614614
1497534970627860000,92341,0.585787716,2.833211186,1.034052128,-0.614578081,-0.24227166,0.389730041,0.641645323
1497534970637870000,92342,0.575313331,2.835183608,1.035661197,-0.616707825,-0.243996814,0.388884263,0.639457617
1497534970647870000,92343,0.565043393,2.837398125,1.037674453,-0.619347594,-0.247021467,0.387892435,0.636339855
1497534970657900000,92344,0.554950735,2.83983756,1.039632547,-0.620697872,-0.246827502,0.386480544,0.635958431
1497534970667890000,92345,0.54492234,2.842275225,1.041582887,-0.622580953,-0.245312239,0.384953372,0.63563021
1497534970677890000,92346,0.535125686,2.844615419,1.04370186,-0.623378819,-0.241447081,0.382980391,0.637517196
1497534970687860000,92347,0.525317251,2.846909296,1.045827882,-0.624312423,-0.238313722,0.380557572,0.639231181
1497534970697890000,92348,0.515652333,2.848925775,1.047562384,-0.624977871,-0.236542623,0.378266574,0.640597102
1497534970707880000,92349,0.50664537,2.850294761,1.04850403,-0.62267297,-0.236291525,0.377643292,0.643296379
1497534970717880000,92350,0.497585286,2.851434259,1.049375706,-0.621710203,-0.239137994,0.3765798,0.643798957
1497534970727830000,92351,0.488720511,2.852361778,1.050227838,-0.619508464,-0.24137938,0.375704398,0.645593884
1497534970737840000,92352,0.47940701,2.853430195,1.050970643,-0.619700641,-0.246296369,0.37371817,0.64470454
1497534970747850000,92353,0.470664022,2.854159272,1.051407549,-0.619578649,-0.249916619,0.373061783,0.643808114
1497534970757940000,92354,0.46166434,2.855190496,1.051967817,-0.62175335,-0.256178609,0.372355492,0.639645746
1497534970767880000,92355,0.452986465,2.856182768,1.05224314,-0.623951962,-0.260616011,0.372452747,0.635643136
1497534970777820000,92356,0.444370224,2.857343218,1.052580343,-0.627012166,-0.266767782,0.373167057,0.629632466
1497534970787930000,92357,0.435878555,2.858516327,1.052986131,-0.630404443,-0.271082728,0.373471762,0.624198074
1497534970798010000,92358,0.427782558,2.859561064,1.053246446,-0.63249489,-0.275064722,0.374136673,0.619928515
1497534970808090000,92359,0.419911589,2.860456726,1.053556415,-0.634326648,-0.278150684,0.374892885,0.616211997
1497534970817840000,92360,0.412461694,2.861102842,1.053433076,-0.634220073,-0.27965447,0.376758836,0.614500656
1497534970827860000,92361,0.405027562,2.861802663,1.053526851,-0.635757724,-0.282490718,0.377846648,0.610936184
1497534970837900000,92362,0.397812812,2.862380338,1.053672145,-0.636754456,-0.284658415,0.378788556,0.608303032
1497534970847870000,92363,0.390910363,2.862844726,1.053602213,-0.635730251,-0.283912222,0.3798535,0.609058467
1497534970857900000,92364,0.383534048,2.863766129,1.054467423,-0.638290124,-0.286492235,0.37943025,0.605425968
1497534970867850000,92365,0.376525742,2.864639305,1.054546952,-0.640778435,-0.287381838,0.378929308,0.602683379
1497534970877880000,92366,0.369857371,2.865226229,1.054582298,-0.642426046,-0.288853184,0.378293888,0.600621634
1497534970887880000,92367,0.363282565,2.865850963,1.054332519,-0.644469111,-0.288903587,0.376688718,0.599416293
1497534970897840000,92368,0.357237909,2.86618634,1.053635116,-0.645859695,-0.290097162,0.376528206,0.597440709
1497534970907860000,92369,0.35071983,2.867001146,1.053428333,-0.648854539,-0.290049911,0.374757335,0.595328293
1497534970917810000,92370,0.344390658,2.867685589,1.052951871,-0.651128469,-0.290288143,0.373836219,0.593305142
1497534970927850000,92371,0.338064256,2.868367694,1.052691213,-0.653608425,-0.290230571,0.372311182,0.591562867
1497534970937840000,92372,0.332010021,2.868747287,1.052034663,-0.654522745,-0.289997731,0.371985468,0.590870632
1497534970947890000,92373,0.32565817,2.869324643,1.051609971,-0.656635947,-0.290705864,0.369934649,0.5894639
1497534970957890000,92374,0.319315184,2.869610528,1.05093629,-0.657681133,-0.290740679,0.368968684,0.588886657
1497534970967840000,92375,0.31304612,2.869815727,1.050429428,-0.658325179,-0.29254125,0.367878763,0.587956454
1497534970977860000,92376,0.306332393,2.870084911,1.049838422,-0.660184073,-0.292492455,0.365830324,0.587174019
1497534970987900000,92377,0.299830785,2.870184637,1.049137301,-0.660929083,-0.294801161,0.364602963,0.585943429
1497534970997900000,92378,0.293111455,2.870333785,1.048513475,-0.662017079,-0.29424808,0.362494717,0.586301148
1497534971007940000,92379,0.28647315,2.870435307,1.047627569,-0.663494136,-0.295993917,0.360846436,0.58476746
1497534971017950000,92380,0.279805772,2.870405054,1.046854664,-0.664569678,-0.29738511,0.359081954,0.583925843
1497534971027840000,92381,0.273014195,2.870452746,1.045962228,-0.665626985,-0.297905605,0.357116793,0.583661343
1497534971037900000,92382,0.266133901,2.870565286,1.045286376,-0.667349351,-0.298161329,0.355194412,0.5827363
1497534971047870000,92383,0.259062359,2.870524586,1.044311387,-0.668773368,-0.299489426,0.353113225,0.581686613
1497534971057890000,92384,0.25202962,2.870549221,1.043430642,-0.670585999,-0.300512519,0.351139426,0.580265239
1497534971067880000,92385,0.244850577,2.870626454,1.042339206,-0.672560698,-0.302315823,0.349158313,0.578235006
1497534971077870000,92386,0.237628897,2.870539043,1.041292238,-0.67435812,-0.303809168,0.347317278,0.576464938
1497534971087870000,92387,0.230289766,2.870470451,1.040200486,-0.675966488,-0.305041292,0.345600699,0.574960236
1497534971097900000,92388,0.222857639,2.870446707,1.039074204,-0.678270864,-0.30594981,0.343610966,0.572952749
1497534971107870000,92389,0.215582166,2.870330665,1.037628156,-0.679954824,-0.307711959,0.342145921,0.570886115
1497534971117880000,92390,0.208069503,2.870171019,1.03633793,-0.681985041,-0.30952051,0.339768503,0.568903175
1497534971127860000,92391,0.200771016,2.86993091,1.034987013,-0.683410113,-0.311392868,0.338943724,0.566658848
1497534971137890000,92392,0.193117149,2.869981154,1.033822497,-0.685760998,-0.311386864,0.33659912,0.565217752
1497534971147900000,92393,0.185580743,2.869943013,1.03254486,-0.688272466,-0.314381006,0.334234798,0.561900965
1497534971157900000,92394,0.177946362,2.869993403,1.031417722,-0.690362077,-0.315744401,0.332044712,0.559867828
1497534971167870000,92395,0.170851668,2.869563773,1.029930764,-0.691468752,-0.316725509,0.330135641,0.559076359
1497534971177880000,92396,0.16350573,2.869434249,1.028680913,-0.692392938,-0.317587876,0.328065998,0.558661491
1497534971187900000,92397,0.156671141,2.86891425,1.026997263,-0.693541173,-0.319223531,0.324940991,0.558131106
1497534971197910000,92398,0.149708778,2.868325927,1.025490705,-0.694015398,-0.319770379,0.322387478,0.558709089
1497534971207890000,92399,0.14283852,2.867857232,1.024096496,-0.694885,-0.320260161,0.319688989,0.558898217
1497534971217920000,92400,0.135751478,2.867552808,1.022907904,-0.695739474,-0.319619389,0.31656788,0.559977506
1497534971227860000,92401,0.128958794,2.866892771,1.021219294,-0.696945949,-0.318560415,0.313245262,0.560948316
1497534971237900000,92402,0.122124894,2.866219608,1.019902013,-0.697939044,-0.318595744,0.31015932,0.561408086
1497534971247880000,92403,0.114841427,2.865782142,1.01869887,-0.699377563,-0.317057338,0.306684321,0.56239701
1497534971257990000,92404,0.107681419,2.86515237,1.017497218,-0.7000115,-0.314507268,0.30394154,0.564525126
1497534971267890000,92405,0.100316829,2.864263856,1.016303242,-0.701013934,-0.31361369,0.301288715,0.56519999
1497534971277860000,92406,0.092716849,2.863508134,1.015273612,-0.70256105,-0.311976779,0.297481316,0.566200784
1497534971287880000,92407,0.085151572,2.862310529,1.014008199,-0.703101307,-0.310666215,0.294672671,0.567717423
1497534971297910000,92408,0.077073786,2.861354948,1.013330701,-0.70420897,-0.308403468,0.291284517,0.569324474
1497534971307990000,92409,0.068938358,2.859983118,1.012563282,-0.704534574,-0.307262297,0.288367154,0.571021278
1497534971317910000,92410,0.060566637,2.85845581,1.011606278,-0.7052377,-0.305070217,0.285334268,0.572849287
1497534971327860000,92411,0.051996297,2.856802734,1.010900489,-0.705818076,-0.30394391,0.282753985,0.574011434
1497534971337910000,92412,0.043160755,2.855037717,1.010271342,-0.706346169,-0.301963071,0.280464632,0.575528439
1497534971347890000,92413,0.034179763,2.853227009,1.009787664,-0.706460551,-0.300232813,0.278860895,0.577070489
1497534971358000000,92414,0.024926924,2.85114941,1.009183106,-0.707165005,-0.298608005,0.277681738,0.577619051
1497534971367870000,92415,0.015355032,2.84908976,1.009067786,-0.707065973,-0.29656945,0.277616842,0.57882049
1497534971377870000,92416,0.005764047,2.846901309,1.009149798,-0.706643767,-0.295550852,0.277585746,0.579871049
1497534971387910000,92417,-0.004134268,2.844426477,1.009103646,-0.70580679,-0.295033232,0.278633402,0.58065101
1497534971397860000,92418,-0.014185686,2.841809434,1.009361182,-0.705175854,-0.29450967,0.281526883,0.580287586
1497534971407890000,92419,-0.0244833,2.839053252,1.00989819,-0.705082018,-0.294326032,0.284108941,0.579235397
1497534971417890000,92420,-0.034336165,2.835667447,1.010536498,-0.70250283,-0.294903072,0.288597148,0.579856567
1497534971427830000,92421,-0.044308857,2.831938038,1.011489791,-0.699300527,-0.297410462,0.293660751,0.579904435
1497534971437900000,92422,-0.054172489,2.828114577,1.012784744,-0.696084249,-0.299461406,0.298950125,0.580015867
1497534971447870000,92423,-0.063621853,2.824017068,1.014167572,-0.691597492,-0.302509379,0.305302534,0.580492332
1497534971458060000,92424,-0.073047962,2.820271851,1.015940014,-0.687325092,-0.303710553,0.311331873,0.581735836
1497534971467870000,92425,-0.082006462,2.81615648,1.017609865,-0.68300161,-0.305614002,0.316926823,0.582808949
1497534971477870000,92426,-0.090700765,2.812213546,1.019342199,-0.677807756,-0.30706576,0.322215227,0.585204761
1497534971487780000,92427,-0.099025292,2.808486812,1.021237043,-0.672192738,-0.307896038,0.326859411,0.58865939
1497534971497830000,92428,-0.107130537,2.804812226,1.023051401,-0.666547979,-0.308757045,0.331509781,0.592017013
1497534971507920000,92429,-0.115082691,2.801352072,1.024685154,-0.661668183,-0.308908222,0.335761077,0.595008761
1497534971517920000,92430,-0.122947655,2.798386349,1.026359339,-0.657462311,-0.307781325,0.33993781,0.597876451
1497534971527820000,92431,-0.130660074,2.795466029,1.027852496,-0.654029377,-0.306014851,0.344026345,0.600205264
1497534971537920000,92432,-0.138132661,2.792708151,1.029173243,-0.651709182,-0.302826753,0.347846666,0.602141011
1497534971547890000,92433,-0.145472833,2.790057225,1.03029349,-0.648811735,-0.298854943,0.353272189,0.604092556
1497534971557910000,92434,-0.1527009,2.787747946,1.031967026,-0.646841567,-0.294190625,0.357721251,0.605874055
1497534971567790000,92435,-0.159759501,2.785568806,1.033159676,-0.645211853,-0.290485357,0.362301301,0.606677583
1497534971577890000,92436,-0.166614095,2.783377103,1.034349693,-0.643291953,-0.286402617,0.367345824,0.607623279
1497534971587900000,92437,-0.173275272,2.781309633,1.035482555,-0.641496556,-0.282977951,0.37164898,0.608508573
1497534971597910000,92438,-0.179881152,2.779285255,1.036869804,-0.640260318,-0.278819623,0.375409861,0.609420856
1497534971607890000,92439,-0.186335995,2.777415597,1.038206639,-0.638920509,-0.276147076,0.379284956,0.609644403
1497534971617910000,92440,-0.192637923,2.775175733,1.039470821,-0.637876312,-0.272328669,0.382297991,0.610572807
1497534971627880000,92441,-0.19912385,2.773299279,1.041155233,-0.635399985,-0.269067256,0.385953411,0.612298649
1497534971637910000,92442,-0.205428004,2.77090349,1.042284942,-0.632389598,-0.267407172,0.389619759,0.613818576
1497534971647880000,92443,-0.212144832,2.76867144,1.04361031,-0.628960473,-0.266501465,0.393575623,0.615210469
1497534971657900000,92444,-0.218969126,2.766289697,1.044910378,-0.625908553,-0.266456113,0.397120749,0.616063904
1497534971667910000,92445,-0.226028833,2.763951335,1.045908256,-0.622946748,-0.267791355,0.40051254,0.616291201
1497534971677870000,92446,-0.23335177,2.761444544,1.046807479,-0.619717382,-0.269462707,0.404262584,0.616370003
1497534971687870000,92447,-0.2408936,2.759052848,1.047677548,-0.617155779,-0.270314533,0.407729759,0.61628341
1497534971697920000,92448,-0.248295587,2.756525116,1.048189028,-0.615124767,-0.271957654,0.411225434,0.615267582
1497534971707910000,92449,-0.255921797,2.753984943,1.048925368,-0.611951412,-0.274993903,0.415696801,0.614076536
1497534971717840000,92450,-0.263506698,2.751375694,1.049781683,-0.610107943,-0.277204958,0.419541157,0.612299703
1497534971727870000,92451,-0.270991212,2.748547669,1.050173856,-0.607562184,-0.279500525,0.423860551,0.61081084
1497534971737910000,92452,-0.278662257,2.745889314,1.050916345,-0.60560982,-0.281998669,0.42757795,0.609007876
1497534971747890000,92453,-0.286226547,2.742917888,1.051165169,-0.602341078,-0.284472649,0.431410262,0.608396025
1497534971757910000,92454,-0.293850226,2.739820279,1.051138616,-0.600029387,-0.287784888,0.434944593,0.606603489
1497534971767920000,92455,-0.301447393,2.736611224,1.051023056,-0.596776774,-0.290643541,0.438640641,0.605787257
1497534971777890000,92456,-0.308815178,2.732822089,1.049962294,-0.593187381,-0.293238406,0.442176657,0.605491348
1497534971787830000,92457,-0.316564104,2.729865527,1.049995026,-0.591131415,-0.296264274,0.444903315,0.604029942
1497534971797910000,92458,-0.324344986,2.727035125,1.050240496,-0.589253046,-0.298512968,0.447678124,0.602706523
1497534971807990000,92459,-0.332051458,2.724070043,1.049713073,-0.587549523,-0.302150539,0.449847209,0.600939347
1497534971817920000,92460,-0.339752152,2.721020258,1.048594623,-0.586188147,-0.305291282,0.451418157,0.599501741
1497534971827920000,92461,-0.347625,2.7183901,1.048081318,-0.585637243,-0.307935675,0.452385329,0.597956648
1497534971837920000,92462,-0.355510159,2.71556066,1.046811205,-0.585577386,-0.310826207,0.453021348,0.59603511
1497534971847880000,92463,-0.363446217,2.712938909,1.045684645,-0.585263557,-0.313607257,0.45346195,0.594549676
1497534971857930000,92464,-0.371504929,2.710402822,1.044458246,-0.585351509,-0.316341651,0.453418942,0.59304539
1497534971867920000,92465,-0.37970888,2.707501197,1.042371681,-0.585303845,-0.319460975,0.453412332,0.591423158
1497534971877890000,92466,-0.388295066,2.706644404,1.043728297,-0.590486081,-0.323420389,0.449366066,0.587192966
1497534971887890000,92467,-0.396835919,2.703545126,1.041042299,-0.587920852,-0.326823326,0.451848818,0.585976305
1497534971897930000,92468,-0.405362345,2.701027099,1.039718112,-0.588409222,-0.330085228,0.450877169,0.584404063
1497534971907910000,92469,-0.414064968,2.69883153,1.038986791,-0.589457069,-0.332535909,0.449663079,0.582892228
1497534971917850000,92470,-0.422800181,2.695776237,1.036706079,-0.58871065,-0.33503616,0.450753222,0.581370859
1497534971927880000,92471,-0.431735268,2.692284721,1.03368711,-0.585233575,-0.33584761,0.455389828,0.580799578
1497534971937890000,92472,-0.440568155,2.689169035,1.031231416,-0.583782887,-0.336746959,0.459156313,0.578769822
1497534971947880000,92473,-0.449263224,2.685984921,1.028986542,-0.581594524,-0.336705969,0.462791381,0.578101235
1497534971958000000,92474,-0.45790422,2.683015344,1.026969781,-0.57949768,-0.33671232,0.466533283,0.577194896
1497534971967910000,92475,-0.466549717,2.680463693,1.026084733,-0.579151766,-0.335157666,0.468418149,0.576920279
1497534971977900000,92476,-0.475289786,2.677339991,1.024287167,-0.57678255,-0.334562915,0.471271489,0.577315104
1497534971987910000,92477,-0.48433992,2.674495924,1.02347035,-0.575623629,-0.333095226,0.473324305,0.577640988
1497534971997920000,92478,-0.493680683,2.671383428,1.021997513,-0.573701343,-0.33233934,0.476555145,0.577332249
1497534972007900000,92479,-0.503300531,2.668016611,1.020313914,-0.570501082,-0.330420477,0.480891977,0.578008417
1497534972017920000,92480,-0.513344901,2.664915057,1.01957588,-0.569987743,-0.329537572,0.483766556,0.576618488
1497534972027830000,92481,-0.523791571,2.661283716,1.018116228,-0.5673453,-0.327643685,0.488496053,0.576316348
1497534972037920000,92482,-0.534708167,2.658057503,1.017249257,-0.566267903,-0.326775729,0.492063871,0.574831655
1497534972047850000,92483,-0.54589082,2.654282155,1.016336375,-0.564904171,-0.327403892,0.495989008,0.572437658
1497534972057910000,92484,-0.557732265,2.649184298,1.013401374,-0.557898152,-0.326958979,0.504974536,0.57170639
1497534972067910000,92485,-0.569550328,2.645068268,1.012344887,-0.555847666,-0.328623211,0.50899851,0.569175433
1497534972077890000,92486,-0.581565263,2.641154779,1.011694568,-0.554146413,-0.330254884,0.512299344,0.566924022
1497534972087890000,92487,-0.593370358,2.637010137,1.011409791,-0.5520907,-0.332362179,0.514725987,0.565498364
1497534972097870000,92488,-0.605005045,2.633012825,1.011684979,-0.551060896,-0.336851786,0.516204392,0.562490701
1497534972107920000,92489,-0.616529072,2.629113466,1.012546438,-0.550086504,-0.340795751,0.515808929,0.561430532
1497534972117910000,92490,-0.627730911,2.626072214,1.014550056,-0.552246828,-0.346085637,0.513676276,0.558018688
1497534972127880000,92491,-0.638511517,2.623052892,1.016705839,-0.554173533,-0.3509299,0.510621332,0.555882863
1497534972137910000,92492,-0.648343305,2.620030329,1.018968732,-0.552718082,-0.353551239,0.507871924,0.558184872
1497534972147820000,92493,-0.657876371,2.617618009,1.021401742,-0.552150723,-0.35452759,0.505601092,0.560185061
1497534972158050000,92494,-0.66701843,2.615769609,1.023931792,-0.551530482,-0.353548968,0.50356498,0.563240238
1497534972167880000,92495,-0.6760329,2.614090983,1.026367082,-0.551604994,-0.350457292,0.501259247,0.567142649
1497534972177880000,92496,-0.684990844,2.612630206,1.028522393,-0.552974355,-0.346591233,0.498131776,0.570927854
1497534972187870000,92497,-0.694048887,2.611198107,1.030377686,-0.555160611,-0.344352985,0.494634849,0.573196375
1497534972197870000,92498,-0.702750634,2.609594007,1.031894155,-0.557370898,-0.341667471,0.491060173,0.575726434
1497534972207850000,92499,-0.711415849,2.60808284,1.033161543,-0.559428344,-0.340907722,0.487702354,0.577034025
1497534972217930000,92500,-0.719847482,2.605931048,1.033867466,-0.560400917,-0.341865431,0.48491296,0.577873913
1497534972227870000,92501,-0.728188808,2.603847132,1.034589643,-0.562461368,-0.344318846,0.481711317,0.577092669
1497534972237940000,92502,-0.73636295,2.601826398,1.035436971,-0.563457651,-0.348156943,0.479351852,0.575781226
1497534972247810000,92503,-0.744285607,2.599285459,1.03612181,-0.564476191,-0.353324846,0.476622867,0.573897922
1497534972257930000,92504,-0.752196021,2.596535396,1.036670368,-0.565719632,-0.358540073,0.474494122,0.571196675
1497534972267920000,92505,-0.759633455,2.594259372,1.03756257,-0.566982122,-0.361500338,0.473252085,0.569105652
1497534972277900000,92506,-0.766824818,2.592041466,1.038515041,-0.568818162,-0.364979114,0.472804491,0.565413175
1497534972287920000,92507,-0.773645939,2.589330128,1.039347421,-0.568904262,-0.367233763,0.472470416,0.564144493
1497534972297910000,92508,-0.780186826,2.586632535,1.03999704,-0.568679425,-0.369976846,0.472758293,0.562334813
1497534972307920000,92509,-0.786531229,2.584264353,1.040419367,-0.569528392,-0.37041307,0.474578165,0.559649116
1497534972317910000,92510,-0.792616102,2.581966675,1.041120315,-0.569527705,-0.370275237,0.474939102,0.559434796
1497534972327900000,92511,-0.79871287,2.579408761,1.041506259,-0.569702938,-0.371585868,0.475872632,0.557591018
1497534972337920000,92512,-0.804810223,2.577113551,1.041699942,-0.571807889,-0.371918316,0.476433464,0.554728454
1497534972347910000,92513,-0.811172348,2.574803427,1.042146925,-0.572468388,-0.373915324,0.475577002,0.553438155
1497534972357930000,92514,-0.817213874,2.572808468,1.042759397,-0.57504422,-0.372414439,0.47532537,0.551994043
1497534972367890000,92515,-0.822832833,2.56939482,1.041610639,-0.573349449,-0.377527541,0.477446476,0.548441636
1497534972527920000,92516,-0.915134044,2.512396663,1.050939357,-0.558274201,-0.424943163,0.444038424,0.557299832
1497534972537920000,92517,-0.922330328,2.509095102,1.050733931,-0.526148796,-0.424620495,0.472750303,0.565130101
1497534972547930000,92518,-0.928734991,2.505743609,1.04953582,-0.541014565,-0.435283762,0.454699612,0.557745057
1497534972557920000,92519,-0.936726546,2.502335367,1.050079471,-0.53020581,-0.428773319,0.470568629,0.560000362
1497534972567840000,92520,-0.94354821,2.498487169,1.048779787,-0.535667063,-0.437144367,0.462908084,0.554690639
1497534972577910000,92521,-0.95065664,2.494643346,1.047986747,-0.530729531,-0.442115386,0.465764182,0.553103857
1497534972587930000,92522,-0.95801924,2.490452968,1.047466189,-0.52973395,-0.443552932,0.468542114,0.550555199
1497534972597960000,92523,-0.964638414,2.486214621,1.046018404,-0.532703962,-0.453898218,0.460938675,0.545654134
1497534972607920000,92524,-0.971642044,2.481659818,1.045126507,-0.527438627,-0.458399099,0.465033192,0.543528188
1497534972617840000,92525,-0.978535079,2.477093556,1.044435276,-0.525441321,-0.460584626,0.467506572,0.541489451
1497534972627900000,92526,-0.984703937,2.472572591,1.04328371,-0.524571566,-0.467455198,0.464435305,0.5390827
1497534972637870000,92527,-0.991370208,2.468047382,1.04272786,-0.516900713,-0.468271083,0.472715405,0.538587033
1497534972647910000,92528,-0.997481609,2.463441914,1.042117782,-0.520239306,-0.470269766,0.470129286,0.535887923
1497534972657930000,92529,-0.993753045,2.464420548,1.023882342,0.597732384,0.454104992,-0.436336938,-0.496099517
1497534972667860000,92530,-0.999629241,2.459778584,1.023006557,0.59691678,0.45631544,-0.437365693,-0.49414353
1497534972677900000,92531,-1.005592379,2.454943621,1.022289271,0.595849775,0.457640558,-0.439207955,-0.492569323
1497534972687940000,92532,-1.011719264,2.449560465,1.023126587,0.59454035,0.45388716,-0.442010716,-0.495110841
1497534972697930000,92533,-1.017755143,2.444422202,1.022209022,0.593739299,0.456638939,-0.443208152,-0.492464272
1497534972707940000,92534,-1.021305985,2.438735828,1.02014352,-0.583739905,-0.450257167,0.44967523,0.504289991
1497534972717930000,92535,-1.028156626,2.432908245,1.020128236,-0.582964185,-0.452479857,0.45070813,0.502271759
1497534972727910000,92536,-1.03385501,2.427248104,1.018618167,0.582069396,0.455506421,-0.451594412,-0.499771554
1497534972737930000,92537,-1.039885687,2.42135881,1.017653454,0.581269719,0.457916231,-0.452108002,-0.498032724
1497534972747920000,92538,-1.046274083,2.415244942,1.01718769,0.580763637,0.460227869,-0.45216924,-0.496434169
1497534972757930000,92539,-1.052434548,2.409059594,1.016465301,0.580242194,0.46293753,-0.452027926,-0.49464997
1497534972767880000,92540,-1.058748717,2.402735484,1.015896796,0.580085583,0.464249698,-0.451730877,-0.49387463
1497534972777910000,92541,-1.064911043,2.39620184,1.015363156,0.579657226,0.466550089,-0.450984833,-0.492890653
1497534972787920000,92542,-1.071734689,2.389336014,1.015569827,0.579530046,0.467893545,-0.450702931,-0.492023805
1497534972797940000,92543,-1.077695919,2.382493868,1.014823481,0.578523121,0.469769387,-0.450698728,-0.491424845
1497534972807920000,92544,-1.08397307,2.375358144,1.014069246,0.577934553,0.471262816,-0.450423156,-0.490939906
1497534972817990000,92545,-1.090731257,2.36783074,1.014094076,0.576925103,0.473961228,-0.450608416,-0.489356962
1497534972827900000,92546,-1.097444617,2.359968046,1.013860384,0.575941681,0.476117394,-0.451068412,-0.487996614
1497534972837900000,92547,-1.104088326,2.351732298,1.013904466,0.574336911,0.478498696,-0.452368599,-0.486352507
1497534972847900000,92548,-1.110626572,2.343271911,1.013502166,0.572991922,0.481026023,-0.453664089,-0.484234569
1497534972857910000,92549,-1.117354204,2.334530903,1.013457677,0.571161403,0.483809954,-0.455605388,-0.481794884
1497534972867880000,92550,-1.124218683,2.325525304,1.014022202,0.56868837,0.4866346,-0.459043871,-0.478601117
1497534972877900000,92551,-1.130360939,2.316311555,1.013984482,0.565853511,0.489317019,-0.462752829,-0.475645329
1497534972887880000,92552,-1.136599132,2.306837395,1.014598013,0.562482428,0.492212917,-0.467075761,-0.472419513
1497534972897930000,92553,-1.141871638,2.297206925,1.01455568,0.558884769,0.495000686,-0.471703816,-0.46916697
1497534972907840000,92554,-1.147469521,2.287378211,1.015670648,0.554048641,0.497295354,-0.476992057,-0.467125264
1497534972917870000,92555,-1.152763678,2.277472548,1.016740182,0.549748528,0.499938458,-0.481724198,-0.464521142
1497534972927930000,92556,-1.157713928,2.267607548,1.018064369,0.54446999,0.502587159,-0.487254015,-0.462106159
1497534972937960000,92557,-1.162314159,2.257803708,1.019403433,0.538528725,0.503881841,-0.493390709,-0.461145868
1497534972947960000,92558,-1.166504449,2.248105782,1.020794511,0.531591131,0.505151966,-0.500122314,-0.460554048
1497534972957940000,92559,-1.169989409,2.238643051,1.02137139,0.524920212,0.506396444,-0.506527502,-0.459838343
1497534972967960000,92560,-1.174003976,2.229370033,1.02280206,0.518289085,0.506122079,-0.513060801,-0.460418809
1497534972977970000,92561,-1.177396659,2.220526054,1.023606032,-0.51188923,-0.506847474,0.519314775,0.459768659
1497534972987890000,92562,-1.181315747,2.211967915,1.024907169,-0.506485071,-0.50547304,0.525603242,0.460120756
1497534972997940000,92563,-1.185256864,2.203653256,1.026190207,-0.500637955,-0.50594901,0.531950244,0.458700529
1497534973007920000,92564,-1.18867686,2.195646412,1.026861228,-0.495356431,-0.503815407,0.539063645,0.458478384
1497534973017930000,92565,-1.191916319,2.187838376,1.027274692,-0.490930843,-0.501971183,0.546241521,0.456762564
1497534973027920000,92566,-1.195391489,2.180147821,1.028279874,-0.486995956,-0.500404456,0.552722111,0.45489404
1497534973037940000,92567,-1.199181189,2.172470144,1.029689663,-0.483997544,-0.499167682,0.55891679,0.451873904
1497534973047920000,92568,-1.202982704,2.164841896,1.031292778,-0.481054153,-0.49755435,0.564977424,0.449251691
1497534973057940000,92569,-1.20598696,2.157259232,1.03203357,-0.477373743,-0.496389397,0.571575904,0.446108577
1497534973067890000,92570,-1.209334779,2.14968518,1.033499578,-0.474301631,-0.495545683,0.577492995,0.442689822
1497534973077910000,92571,-1.212538111,2.142036544,1.034912003,-0.470822668,-0.494941435,0.583702143,0.438920038
1497534973087920000,92572,-1.215529281,2.134237329,1.036326552,-0.466173026,-0.49496333,0.59012258,0.435257799
1497534973098000000,92573,-1.218283835,2.126359286,1.037530102,-0.461435746,-0.495376281,0.595958001,0.431872034
1497534973107920000,92574,-1.221311527,2.118451918,1.039361122,-0.45593099,-0.496875611,0.601808745,0.427864223
1497534973117940000,92575,-1.223812801,2.110414528,1.040408513,-0.450827521,-0.497161221,0.607923496,0.424280908
1497534973127910000,92576,-1.226521524,2.102342248,1.041658942,-0.444997379,-0.498948983,0.613742348,0.419937584
1497534973137910000,92577,-1.229215277,2.094248057,1.042637156,-0.438852316,-0.501207029,0.619641013,0.415024306
1497534973147940000,92578,-1.232288877,2.086045717,1.044145753,-0.433017661,-0.502853505,0.625725975,0.410001296
1497534973157940000,92579,-1.235296532,2.077751208,1.045214439,-0.427794903,-0.505584563,0.630811572,0.404292631
1497534973167780000,92580,-1.23831755,2.069473861,1.046057466,-0.421729837,-0.508403434,0.63657579,0.398046675
1497534973177910000,92581,-1.240813547,2.061096376,1.046026518,-0.416216547,-0.510363158,0.642275494,0.392142095
1497534973187930000,92582,-1.243642047,2.052681497,1.046421329,-0.410853632,-0.512688056,0.647844514,0.385548616
1497534973197940000,92583,-1.246824415,2.044198197,1.047215974,-0.405109891,-0.515736347,0.653195478,0.37846752
1497534973207910000,92584,-1.249565732,2.035622495,1.047382383,-0.399685551,-0.519251097,0.657881989,0.371242571
1497534973217950000,92585,-1.25248441,2.027003819,1.047902922,-0.393746256,-0.523238667,0.662450866,0.363791195
1497534973227920000,92586,-1.255370145,2.01815211,1.048250687,-0.3871346,-0.52689359,0.667365883,0.356556762
1497534973237950000,92587,-1.257926905,2.009244185,1.048173624,-0.380926491,-0.531911162,0.671198923,0.348507575
1497534973247920000,92588,-1.260338628,2.00018077,1.048024124,-0.374526049,-0.53610693,0.675213474,0.341183766
1497534973257930000,92589,-1.262854505,1.99116121,1.048121693,-0.36734522,-0.541303211,0.678984315,0.333209579
1497534973267900000,92590,-1.265297206,1.982157353,1.048280141,-0.359582542,-0.546317318,0.68287039,0.325462463
1497534973277920000,92591,-1.267429008,1.973138863,1.047980214,-0.352400333,-0.551494371,0.686122112,0.317654546
1497534973287910000,92592,-1.269660658,1.964384743,1.047950355,-0.345185358,-0.555678104,0.689662572,0.310538965
1497534973297950000,92593,-1.271583806,1.955626194,1.047450346,-0.338512718,-0.559771006,0.69280244,0.303463903
1497534973307930000,92594,-1.273512374,1.946960319,1.046843028,-0.332299094,-0.564157079,0.695212676,0.296620022
1497534973317940000,92595,-1.275665351,1.938407863,1.046594469,-0.326181495,-0.568309815,0.697285967,0.290554411
1497534973327810000,92596,-1.277581644,1.929827587,1.045754596,-0.320826638,-0.571719173,0.699269037,0.285009242
1497534973337940000,92597,-1.279614173,1.921301456,1.044925281,-0.316079589,-0.575341109,0.700572805,0.279774994
1497534973347940000,92598,-1.282016595,1.912940812,1.044586839,-0.311014563,-0.57915966,0.701798105,0.274451179
1497534973357940000,92599,-1.284156737,1.904465562,1.043599357,-0.306887327,-0.582550474,0.702720536,0.269516164
1497534973367900000,92600,-1.286522816,1.895978789,1.042737377,-0.302939362,-0.585721888,0.703621128,0.26471668
1497534973377900000,92601,-1.288863764,1.887554515,1.041860536,-0.298630777,-0.589052957,0.704522511,0.259777411
1497534973387940000,92602,-1.292311417,1.879312174,1.042564013,-0.294552951,-0.592373907,0.704876473,0.255892304
1497534973397940000,92603,-1.29446068,1.870796968,1.041423469,-0.290603392,-0.59490702,0.705933683,0.251580884
1497534973407920000,92604,-1.296484792,1.862278974,1.040126385,-0.287255362,-0.598155859,0.706379092,0.246419365
1497534973417930000,92605,-1.298650194,1.853803239,1.039025367,-0.284431462,-0.60005918,0.707388764,0.242133972
1497534973427890000,92606,-1.300599389,1.845344427,1.037558184,-0.280976986,-0.602195051,0.708342407,0.238042199
1497534973437920000,92607,-1.302530796,1.837001382,1.036337253,-0.277757033,-0.603766421,0.709560963,0.234180228
1497534973447930000,92608,-1.304604124,1.828677622,1.035054768,-0.274587193,-0.604888168,0.711011997,0.230595138
1497534973457930000,92609,-1.306553973,1.820408379,1.033700354,-0.272266464,-0.605026543,0.712788525,0.227478294
1497534973467850000,92610,-1.308433938,1.812176773,1.032029816,-0.270911936,-0.604532313,0.715055785,0.223254631
1497534973477920000,92611,-1.310415844,1.803868397,1.030688035,-0.269231246,-0.603595572,0.717515517,0.219905443
1497534973487910000,92612,-1.312219716,1.795451194,1.02933043,-0.267296534,-0.602195915,0.720393234,0.216670792
1497534973497950000,92613,-1.31433974,1.786346503,1.028296383,-0.262505591,-0.606872943,0.719546975,0.212245604
1497534973507950000,92614,-1.315867118,1.778176762,1.026386797,-0.263417042,-0.598828832,0.726634119,0.209805504
1497534973517900000,92615,-1.317728971,1.768996637,1.024681352,-0.262339924,-0.59722874,0.729521466,0.205655116
1497534973527920000,92616,-1.319505379,1.759690154,1.02312895,-0.259930627,-0.595545976,0.732774359,0.201997028
1497534973537950000,92617,-1.321690271,1.749141786,1.022138586,-0.254473195,-0.6032367,0.73000631,0.196060357
1497534973547950000,92618,-1.323575611,1.738812752,1.020331076,-0.252674625,-0.604007196,0.731536883,0.190222581
1497534973557940000,92619,-1.326428998,1.727962164,1.018418889,-0.254424388,-0.608233544,0.729871661,0.180575592
1497534973567920000,92620,-1.328594084,1.717017239,1.017157449,-0.252750798,-0.610527819,0.729635413,0.176082312
1497534973577920000,92621,-1.331184856,1.705705491,1.015507722,-0.252702569,-0.61369326,0.728584173,0.169372659
1497534973587930000,92622,-1.332423282,1.694685458,1.015142767,-0.245205395,-0.612996402,0.731186591,0.171685455
1497534973597940000,92623,-1.334981761,1.683283093,1.013868129,-0.244353441,-0.615551178,0.730479598,0.16669643
1497534973607930000,92624,-1.338454325,1.672161297,1.012043791,-0.251111765,-0.617387883,0.729368862,0.154259993
1497534973617940000,92625,-1.341464606,1.660747982,1.011510073,-0.252322979,-0.622342231,0.726101243,0.147649068
1497534973627910000,92626,-1.34436008,1.649931181,1.012023697,-0.251041454,-0.625248026,0.724770797,0.144049943
1497534973637930000,92627,-1.346856715,1.639907997,1.012893367,-0.251654675,-0.624988995,0.72489699,0.143467887
1497534973647880000,92628,-1.342513257,1.638865318,1.012102027,-0.243340301,-0.558685792,0.773764155,0.173045415
1497534973657810000,92629,-1.344717095,1.629629086,1.013670876,-0.244068131,-0.555538737,0.77512297,0.176044995
1497534973667920000,92630,-1.347077838,1.620305275,1.015242539,-0.244287511,-0.552651686,0.77648606,0.178799122
1497534973677820000,92631,-1.350172362,1.609907394,1.017253387,-0.244315549,-0.557508739,0.772552361,0.180711835
1497534973687960000,92632,-1.352904369,1.600416458,1.019157508,-0.245008129,-0.554580686,0.773366953,0.185242638
1497534973697960000,92633,-1.3558216,1.590950427,1.020832323,-0.245022778,-0.552140398,0.773737209,0.190880986
1497534973708000000,92634,-1.359380516,1.580313971,1.023086007,-0.246750264,-0.559560618,0.76747684,0.192316204
1497534973717990000,92635,-1.362458207,1.57150903,1.024555848,-0.247959255,-0.55474386,0.769238748,0.197603659
1497534973727930000,92636,-1.365716117,1.562323646,1.02605185,-0.25006509,-0.554477498,0.767392856,0.202806209
1497534973737920000,92637,-1.368937125,1.553059716,1.027578117,-0.252323057,-0.557401717,0.763546408,0.206478286
1497534973747930000,92638,-1.372089532,1.544398998,1.028595565,-0.254804539,-0.558615884,0.760875225,0.209980556
1497534973758040000,92639,-1.375099512,1.535719202,1.029412241,-0.257032027,-0.562168827,0.756925044,0.212050055
1497534973767940000,92640,-1.37792042,1.526853745,1.030266002,-0.258875701,-0.568981639,0.750839796,0.213267125
1497534973777930000,92641,-1.380787373,1.518562358,1.031013956,-0.260798302,-0.573703845,0.746675558,0.212893765
1497534973787910000,92642,-1.383536426,1.510321751,1.031840544,-0.262818282,-0.578496186,0.742350877,0.212565022
1497534973797960000,92643,-1.386262996,1.502269946,1.032741595,-0.264937857,-0.583422723,0.738133494,0.211151138
1497534973808020000,92644,-1.388576647,1.494793099,1.03332294,-0.266415903,-0.584613404,0.736586889,0.21139889
1497534973817930000,92645,-1.390828518,1.487661072,1.033986699,-0.268393521,-0.58548615,0.735501593,0.210257682
1497534973827920000,92646,-1.393016697,1.480300736,1.034569808,-0.270024807,-0.588415026,0.732916247,0.209017071
1497534973837950000,92647,-1.395084604,1.473139385,1.035137413,-0.272214698,-0.589776373,0.731094936,0.208717951
1497534973847930000,92648,-1.397167417,1.46611841,1.035616441,-0.274292702,-0.590880665,0.729688938,0.20779222
1497534973857950000,92649,-1.399459461,1.459179189,1.035896344,-0.27744879,-0.59228906,0.727390043,0.207652506
1497534973867940000,92650,-1.401569697,1.452130901,1.036269542,-0.279613534,-0.595184522,0.724083461,0.208025955
1497534973877920000,92651,-1.409464949,1.441226206,1.036226188,-0.288329222,-0.630393032,0.695624462,0.188619967
1497534973887890000,92652,-1.410895146,1.435927866,1.034617382,-0.282557011,-0.60802436,0.718797934,0.183840809
1497534973897940000,92653,-1.413117206,1.429024604,1.034936261,-0.28135456,-0.607621026,0.719648182,0.183692117
1497534973907950000,92654,-1.415584574,1.422166025,1.035473738,-0.282692666,-0.612546196,0.714568033,0.185106833
1497534973917910000,92655,-1.417692453,1.415755023,1.035596873,-0.285244199,-0.615382394,0.710724909,0.186575347
1497534973927930000,92656,-1.419753112,1.409359175,1.035689381,-0.287689747,-0.617121072,0.707906416,0.187788974
1497534973937950000,92657,-1.421474152,1.403374185,1.035183593,-0.289732539,-0.615352791,0.708345065,0.188794247
1497534973947950000,92658,-1.423467012,1.396867584,1.035247482,-0.292540586,-0.619025099,0.703692787,0.189853611
1497534973958050000,92659,-1.424776434,1.389974514,1.036333106,-0.320840127,-0.642701151,0.666465417,0.199551226
1497534973967930000,92660,-1.426237314,1.383770825,1.035834017,-0.323214428,-0.643558363,0.664050943,0.201001026
1497534973977930000,92661,-1.425578644,1.382195533,1.029530579,-0.304922981,-0.623861999,0.693140939,0.193323098
1497534973987980000,92662,-1.42663406,1.376165505,1.028286755,-0.305596339,-0.622994,0.693524688,0.193682371
1497534973997960000,92663,-1.428119622,1.369090323,1.028135946,-0.308803785,-0.626194098,0.688574718,0.195923534
1497534974007960000,92664,-1.429238241,1.362632337,1.027180202,-0.31074551,-0.628123696,0.685649523,0.196932941
1497534974017930000,92665,-1.431283393,1.354135624,1.028688472,-0.321100949,-0.649623653,0.657775388,0.205462475
1497534974027940000,92666,-1.4322996,1.345462731,1.030844395,-0.330059054,-0.643150784,0.656311436,0.216040248
1497534974038160000,92667,-1.433464792,1.338644533,1.029845314,-0.331844848,-0.643725451,0.654237055,0.217877067
1497534974047910000,92668,-1.434612221,1.331638731,1.028928081,-0.333965569,-0.646019457,0.650686253,0.218479427
1497534974057890000,92669,-1.435770635,1.324497727,1.027956645,-0.335102939,-0.647343995,0.648301152,0.219903136
1497534974067930000,92670,-1.436923418,1.317269203,1.026800628,0.337306164,0.648778412,-0.645442431,-0.220715185
1497534974077930000,92671,-1.438208092,1.309662007,1.025759482,0.339244129,0.65151003,-0.641762234,-0.220429891
1497534974087970000,92672,-1.439463598,1.302093892,1.024317289,0.340342298,0.653018712,-0.639222908,-0.221647821
1497534974097960000,92673,-1.44095729,1.29422478,1.022724664,0.333463852,0.654293529,-0.641878394,-0.22066709
1497534974107970000,92674,-1.441905227,1.286259575,1.021318239,0.334251575,0.657116821,-0.638304932,-0.22145018
1497534974117950000,92675,-1.442954086,1.277964046,1.019957688,0.335055625,0.658925598,-0.635567744,-0.222729492
1497534974127920000,92676,-1.443860539,1.269504755,1.018595735,0.335785445,0.660971795,-0.632655929,-0.223854633
1497534974137920000,92677,-1.444505109,1.261129625,1.017036626,0.335133407,0.663924867,-0.629701348,-0.224422778
1497534974147930000,92678,-1.445286972,1.252523823,1.015479923,0.335357919,0.666447,-0.626677284,-0.225075642
1497534974157960000,92679,-1.4459825,1.243936565,1.013766888,0.335010752,0.669105882,-0.623730302,-0.225888524
1497534974167990000,92680,-1.446574037,1.235209129,1.012334385,0.336209564,0.671389232,-0.620398698,-0.226506254
1497534974177920000,92681,-1.447325564,1.226529741,1.010747615,0.335892498,0.672893142,-0.618762105,-0.226990106
1497534974188000000,92682,-1.447965909,1.217888958,1.009163557,0.337056892,0.673914331,-0.616673609,-0.227916181
1497534974197970000,92683,-1.448430497,1.209371776,1.007520181,0.337876991,0.674520002,-0.615222196,-0.228830844
1497534974208030000,92684,-1.448978863,1.200832901,1.005935892,0.338770252,0.675163833,-0.613943975,-0.229044341
1497534974217960000,92685,-1.449430492,1.192237639,1.004194255,0.340155768,0.676140777,-0.612147068,-0.228918479
1497534974227930000,92686,-1.449719696,1.18356365,1.002558465,0.341358696,0.676197726,-0.611072079,-0.229829916
1497534974237930000,92687,-1.449838025,1.174595579,1.001320427,0.349332339,0.678080111,-0.604435348,-0.22985254
1497534974247940000,92688,-1.450025277,1.165573423,0.999640639,0.34988696,0.678495658,-0.603278586,-0.230819636
1497534974257960000,92689,-1.450185383,1.156386486,0.997871307,0.351229005,0.679183783,-0.601525043,-0.231333521
1497534974267950000,92690,-1.450314021,1.146932348,0.996339467,0.352616285,0.678617385,-0.600660048,-0.233125949
1497534974277930000,92691,-1.450373303,1.137309263,0.99479445,0.353360076,0.679175914,-0.599222987,-0.234069536
1497534974287930000,92692,-1.450302327,1.127542263,0.993437598,0.355141216,0.679591093,-0.597367706,-0.234909528
1497534974297960000,92693,-1.450154161,1.117404006,0.992314821,0.357855553,0.679299235,-0.59557153,-0.236191671
1497534974308030000,92694,-1.450113992,1.106992248,0.991494446,0.358868178,0.67906512,-0.594794377,-0.237284309
1497534974317960000,92695,-1.449764885,1.096341497,0.99097773,0.360291918,0.678539621,-0.593820806,-0.239061846
1497534974327920000,92696,-1.449293532,1.085453173,0.990747588,0.361114336,0.677537113,-0.593617945,-0.241158937
1497534974337920000,92697,-1.448630373,1.07427551,0.990696105,0.362782858,0.676608591,-0.593060377,-0.24262894
1497534974347950000,92698,-1.447987681,1.062787891,0.99079566,0.363477128,0.676209478,-0.592944829,-0.242984669
1497534974358040000,92699,-1.447181246,1.051077464,0.991072033,0.363512168,0.676025781,-0.593283463,-0.242616529
1497534974367900000,92700,-1.44624833,1.039068444,0.991763056,0.363346962,0.676065685,-0.593909084,-0.241218107
1497534974377900000,92701,-1.444872267,1.02716443,0.992289754,0.361710692,0.676129097,-0.595560331,-0.239421618
1497534974387860000,92702,-1.443071564,1.015336673,0.993211169,0.359364717,0.675121173,-0.598459448,-0.238568001
1497534974397950000,92703,-1.441542451,1.003478671,0.994536737,0.357157146,0.675746893,-0.600537881,-0.23485988
1497534974407990000,92704,-1.439509818,0.992057041,0.995967036,0.35419789,0.674221812,-0.604491438,-0.233578476
1497534974418030000,92705,-1.437584598,0.980998947,0.997729691,0.351350661,0.673022872,-0.608276576,-0.231500613
1497534974427950000,92706,-1.435651473,0.970248532,0.999477856,0.348262436,0.670463126,-0.613243671,-0.230487899
1497534974437890000,92707,-1.433707307,0.959930544,1.001342409,0.344918295,0.667475125,-0.618564627,-0.229969845
1497534974447940000,92708,-1.43197846,0.949683226,1.003304334,0.343240615,0.664452126,-0.622946779,-0.229404802
1497534974457970000,92709,-1.430326339,0.939858292,1.004741219,0.339011065,0.661740663,-0.628378067,-0.228717723
1497534974467960000,92710,-1.4287445,0.930284247,1.006050037,0.336269409,0.659142202,-0.632860206,-0.227908758
1497534974477940000,92711,-1.427607306,0.920693039,1.00755252,0.33416605,0.655783214,-0.637632953,-0.227388751
1497534974487940000,92712,-1.426405452,0.911501708,1.008537358,0.331524873,0.652592946,-0.642610512,-0.226418716
1497534974497970000,92713,-1.425467004,0.90239901,1.009665543,0.329334188,0.648602192,-0.648052337,-0.225571181
1497534974507980000,92714,-1.424586223,0.89356673,1.010736184,-0.327336245,-0.644846497,0.653288661,0.224138135
1497534974517970000,92715,-1.423800239,0.884997897,1.011787752,-0.326912745,-0.641005914,0.657856025,0.222407118
1497534974527890000,92716,-1.423236238,0.876495211,1.013114031,-0.326985064,-0.636376211,0.662922258,0.220545154
1497534974537890000,92717,-1.422785128,0.868202946,1.014482459,-0.326509016,-0.631855252,0.668026981,0.218839564
1497534974547970000,92718,-1.422274132,0.860223633,1.015942969,-0.325933189,-0.62820536,0.672414306,0.216759275
1497534974557950000,92719,-1.421860381,0.852265651,1.017521477,-0.32529512,-0.624068723,0.677115036,0.215026838
1497534974567930000,92720,-1.421306075,0.844614557,1.019116917,-0.32397191,-0.6200464,0.681842767,0.213717346
1497534974577930000,92721,-1.42079226,0.837127124,1.021004605,-0.322701773,-0.616352095,0.686176157,0.212452212
1497534974587960000,92722,-1.420268393,0.829636938,1.023151097,-0.321488533,-0.612670262,0.690287165,0.211622075
1497534974597950000,92723,-1.419674112,0.82235974,1.025276899,-0.319134891,-0.609581545,0.694308121,0.210949032
1497534974607940000,92724,-1.418970712,0.815165281,1.027547759,-0.316583102,-0.60643125,0.698306213,0.210676794
1497534974617970000,92725,-1.41822205,0.808033004,1.029768795,-0.3134913,-0.603343563,0.702493629,0.210243788
1497534974627860000,92726,-1.417615898,0.800927066,1.031943066,-0.31083934,-0.600405641,0.70628023,0.209905233
1497534974638080000,92727,-1.417018424,0.793871991,1.033844643,-0.307902548,-0.59783912,0.70989034,0.209380309
1497534974647950000,92728,-1.416603838,0.786627352,1.03585174,-0.305974793,-0.595722488,0.712812973,0.208307009
1497534974657960000,92729,-1.41618345,0.779343753,1.037523243,-0.304142307,-0.593377277,0.715810799,0.20740242
1497534974667970000,92730,-1.415951502,0.771880321,1.039019452,-0.301741914,-0.592295697,0.718086725,0.206128797
1497534974677930000,92731,-1.415798576,0.764267021,1.040331145,-0.299336274,-0.591952633,0.71978178,0.204704824
1497534974687950000,92732,-1.416027885,0.756147497,1.042067636,-0.298893829,-0.592109304,0.720088638,0.203817086
1497534974697970000,92733,-1.41593942,0.748017292,1.043084617,-0.295103828,-0.593051965,0.721103803,0.203008379
1497534974707960000,92734,-1.415772425,0.73966386,1.043892365,-0.291134379,-0.594874284,0.721441712,0.202205875
1497534974717980000,92735,-1.428159536,0.744389008,1.027544718,0.746108494,0.11344559,0.48425807,-0.44265826
1497534974728000000,92736,-1.427975208,0.735494267,1.028022533,0.746428427,0.114211525,0.480255687,-0.44626764
1497534974738000000,92737,-1.427664426,0.726425171,1.02815605,0.746286903,0.115494223,0.47608744,-0.450619233
1497534974747970000,92738,-1.411326976,0.707199502,1.038751087,-0.248600494,-0.592058689,0.742128025,0.19212053
1497534974758050000,92739,-1.410881996,0.697672828,1.038192845,-0.242089044,-0.593477651,0.744244818,0.187821254
1497534974767950000,92740,-1.410499966,0.687926383,1.03739913,-0.238198808,-0.59736258,0.743383599,0.183848037
1497534974777940000,92741,-1.409874675,0.678226041,1.035774918,-0.235107251,-0.601961504,0.741679505,0.179662018
1497534974787970000,92742,-1.409341103,0.66802959,1.034255864,-0.23067014,-0.605801845,0.741192338,0.174440045
1497534974797970000,92743,-1.408677403,0.657761666,1.03231386,-0.226309923,-0.610744007,0.739696727,0.169187259
1497534974808030000,92744,-1.408006294,0.647335925,1.030191784,-0.221291737,-0.615157002,0.738782396,0.16374493
1497534974817970000,92745,-1.406481513,0.637483379,1.02684041,-0.234733691,-0.630268869,0.721275482,0.165598692
1497534974827950000,92746,-1.405597971,0.626775949,1.02435592,-0.229173713,-0.634973732,0.720244238,0.159799896
1497534974837970000,92747,-1.404698503,0.615885852,1.021963257,-0.222710506,-0.640085109,0.719085954,0.153643984
1497534974847950000,92748,-1.403630094,0.604964529,1.01960927,-0.215445156,-0.644696431,0.718516785,0.147253271
1497534974857950000,92749,-1.402483679,0.593862136,1.017353061,-0.208118123,-0.649810554,0.717453228,0.140335155
1497534974867970000,92750,-1.401233341,0.582821742,1.01544404,-0.200959571,-0.653580736,0.717276708,0.134020881
1497534974877950000,92751,-1.399817626,0.571934429,1.013549819,-0.193070483,-0.656924035,0.717505344,0.127908881
1497534974887960000,92752,-1.398379892,0.561238109,1.012072627,-0.185410203,-0.659122904,0.718573538,0.121787213
1497534974897980000,92753,-1.396959067,0.550728781,1.010825049,-0.177878099,-0.660360611,0.720306336,0.115939757
1497534974907970000,92754,-1.395492688,0.540422413,1.009528954,-0.172035307,-0.660423792,0.722456418,0.110909838
1497534974917970000,92755,-1.394508468,0.52991657,1.009101198,-0.166087878,-0.660110892,0.724719652,0.107003988
1497534974927940000,92756,-1.39362695,0.519398717,1.008572199,-0.161265791,-0.659106168,0.727224856,0.103520104
1497534974937970000,92757,-1.393045238,0.508717864,1.008024708,-0.156666467,-0.657720993,0.729869323,0.100744655
1497534974947970000,92758,-1.392748378,0.49778267,1.007854582,-0.152521977,-0.656341047,0.732450166,0.097315106
1497534974957940000,92759,-1.392665847,0.486559919,1.007594481,-0.148084965,-0.654547652,0.735443359,0.093601714
1497534974967920000,92760,-1.392657498,0.475062396,1.007168262,-0.143985206,-0.65301514,0.738121916,0.089529467
1497534974978000000,92761,-1.392769443,0.463315929,1.006655883,-0.140005621,-0.651482637,0.740749613,0.085198658
1497534974987960000,92762,-1.392898496,0.451243991,1.006263392,-0.135454401,-0.650173238,0.743279839,0.080386233
1497534974997980000,92763,-1.392971247,0.439160607,1.005541844,-0.130859417,-0.648377102,0.746194598,0.075343002
1497534975008040000,92764,-1.393175244,0.426950684,1.005345068,-0.126554117,-0.647385864,0.748315922,0.069991999
1497534975017950000,92765,-1.393357117,0.41489607,1.004921722,-0.122656406,-0.645866416,0.750699753,0.065282917
1497534975027940000,92766,-1.393775139,0.40280565,1.005296053,-0.119189463,-0.644659885,0.752610727,0.061519089
1497534975037960000,92767,-1.394345998,0.390919754,1.005918179,-0.116461459,-0.644660794,0.753266001,0.058647427
1497534975047970000,92768,-1.395106869,0.379089594,1.007062461,-0.114769555,-0.645077781,0.753331495,0.056517823
1497534975057900000,92769,-1.396147164,0.367507186,1.008561663,-0.112914322,-0.646003551,0.752907675,0.055315474
1497534975067920000,92770,-1.397498557,0.356219958,1.010540304,-0.111665779,-0.646883267,0.752371945,0.05485662
1497534975077980000,92771,-1.398923004,0.345354614,1.012286896,-0.111109762,-0.64729897,0.752099534,0.05481748
1497534975087860000,92772,-1.400766934,0.334536523,1.014573314,-0.110551529,-0.647526453,0.751974749,0.054971169
1497534975097810000,92773,-1.402706066,0.323694658,1.016756438,-0.110584545,-0.648314424,0.751291301,0.054962233
1497534975107920000,92774,-1.404868463,0.313037176,1.018862644,-0.111829658,-0.648646966,0.75085289,0.054508519
1497534975117950000,92775,-1.407005028,0.302559675,1.020786939,-0.112553319,-0.648930619,0.750489351,0.054649205
1497534975127910000,92776,-1.409238295,0.292391417,1.022558745,-0.114210437,-0.649271046,0.749951404,0.054552513
1497534975138010000,92777,-1.411354557,0.28261628,1.024116639,-0.115022133,-0.649794899,0.749357225,0.054774515
1497534975148000000,92778,-1.413473648,0.273113154,1.025572315,-0.115543536,-0.649793969,0.749286079,0.054661322
1497534975158060000,92779,-1.415323467,0.26387392,1.026529946,-0.115697756,-0.65166264,0.747661877,0.054328169
1497534975167950000,92780,-1.417199077,0.254837016,1.027649824,-0.115640169,-0.653942452,0.745655924,0.054624751
1497534975177890000,92781,-1.419198529,0.245798925,1.02823138,-0.116321932,-0.658759029,0.741349437,0.053914387
1497534975187960000,92782,-1.420767508,0.236493629,1.02897092,-0.112122648,-0.667649836,0.734027854,0.053621996
1497534975197990000,92783,-1.422734722,0.227989234,1.029224844,-0.114264929,-0.671730117,0.730057678,0.052325547
1497534975207950000,92784,-1.424721504,0.220007585,1.029303655,-0.11746869,-0.674466533,0.72711712,0.050957787
1497534975217990000,92785,-1.426665872,0.212348895,1.029383021,-0.120258916,-0.67600982,0.725298099,0.04991176
1497534975227970000,92786,-1.42832239,0.205072788,1.029388649,-0.122100341,-0.677170969,0.723909331,0.049862468
1497534975237990000,92787,-1.430146565,0.197877638,1.029284174,-0.124894041,-0.679463576,0.721392614,0.048201898
1497534975247970000,92788,-1.431594101,0.190937017,1.029098456,-0.125980188,-0.681298966,0.719436347,0.048703733
1497534975258000000,92789,-1.433364798,0.183849957,1.028694405,-0.128523581,-0.685004716,0.71554854,0.047334068
1497534975267980000,92790,-1.434710852,0.177061409,1.028637899,-0.128555763,-0.686848706,0.713558277,0.050466395
1497534975277960000,92791,-1.436351529,0.170466491,1.028302934,-0.131310062,-0.689086298,0.710793566,0.051867595
1497534975287970000,92792,-1.43812551,0.164039651,1.027992058,-0.135051423,-0.691109121,0.708021312,0.053245814
1497534975297990000,92793,-1.439967484,0.157851301,1.027662892,-0.139580739,-0.692240211,0.705905471,0.054937906
1497534975307960000,92794,-1.4416562,0.151844586,1.027610334,-0.142473716,-0.692442458,0.704786457,0.059166988
1497534975317990000,92795,-1.443917251,0.145778238,1.027090624,-0.150648212,-0.69443804,0.701130796,0.058962123
1497534975327970000,92796,-1.445801951,0.139804096,1.026765603,-0.155702051,-0.69509193,0.698999763,0.063272516
1497534975338000000,92797,-1.447842532,0.133706765,1.026247617,0.162609847,0.697027618,-0.695280984,-0.065535418
1497534975347970000,92798,-1.449701779,0.127652879,1.025799467,0.168169997,0.698720617,-0.691929477,-0.068861814
1497534975357970000,92799,-1.45240422,0.121422775,1.024501586,0.179748183,0.703290165,-0.684733845,-0.064908366
1497534975367960000,92800,-1.453930695,0.115519033,1.023783693,0.184769154,0.704289052,-0.682051155,-0.068143326
1497534975377900000,92801,-1.45526015,0.109596366,1.022767651,0.189116542,0.705715541,-0.679036489,-0.071483956
1497534975387970000,92802,-1.456674845,0.103666634,1.021914455,0.194416555,0.70711795,-0.675796467,-0.07406446
1497534975397990000,92803,-1.457885341,0.097724903,1.021124167,0.19847509,0.707996343,-0.673218576,-0.078265995
1497534975407970000,92804,-1.458860301,0.091772983,1.019968731,0.202906562,0.709080542,-0.670329961,-0.081801315
1497534975417990000,92805,-1.4601365,0.085795158,1.019278914,0.208082114,0.710167726,-0.667173376,-0.085107703
1497534975427950000,92806,-1.460303202,0.07980106,1.019064966,0.20659876,0.709371681,-0.667048678,-0.095680883
1497534975437980000,92807,-1.461252751,0.073612478,1.018083235,0.211032604,0.710807094,-0.663624607,-0.09910044
1497534975447960000,92808,-1.461128217,0.068274221,1.017420672,0.214008325,0.704975827,-0.66710358,-0.110373608
1497534975457980000,92809,-1.461954148,0.061888659,1.016460698,0.218094875,0.70626757,-0.663778784,-0.114098516
1497534975467970000,92810,-1.462579089,0.05535663,1.015299158,0.221886924,0.707595874,-0.660408393,-0.118046713
1497534975477940000,92811,-1.463204802,0.048588819,1.014085964,0.22655999,0.7090603,-0.656693306,-0.121070082
1497534975487960000,92812,-1.463677753,0.041620185,1.013111839,0.229408879,0.709938887,-0.654024036,-0.124943599
1497534975497990000,92813,-1.464151187,0.034441449,1.011948312,0.232922983,0.711746484,-0.650163092,-0.128264492
1497534975507990000,92814,-1.464604274,0.027000533,1.010657681,0.235739754,0.713672656,-0.646584429,-0.13048634
1497534975517970000,92815,-1.464720108,0.019504647,1.008894608,0.238358686,0.714511027,-0.644066126,-0.133558805
1497534975527940000,92816,-1.465003244,0.011911978,1.007743434,0.240034276,0.716103416,-0.641198045,-0.135810568
1497534975537960000,92817,-1.464970762,0.004326956,1.00600452,0.242500696,0.716692884,-0.639324926,-0.137143578
1497534975547980000,92818,-1.464977362,-0.003387886,1.004357734,0.244339798,0.717804131,-0.637181018,-0.138042181
1497534975557980000,92819,-1.464606396,-0.011056588,1.002724164,0.244932495,0.71796306,-0.636087307,-0.14117385
1497534975567960000,92820,-1.464323599,-0.018763033,1.001167855,0.245473909,0.718391919,-0.634908097,-0.14334336
1497534975577910000,92821,-1.464150072,-0.026423776,0.999622628,0.246180039,0.71881259,-0.633714883,-0.145290384
1497534975587980000,92822,-1.463704676,-0.033926399,0.997651459,0.248465153,0.718742026,-0.632573352,-0.146717153
1497534975597990000,92823,-1.463470162,-0.041273917,0.99604424,0.250329451,0.718567424,-0.631616782,-0.148513511
1497534975607970000,92824,-1.462961859,-0.048546858,0.994446571,0.251787616,0.717211276,-0.631850432,-0.151578406
1497534975617990000,92825,-1.462438776,-0.055795036,0.992942011,0.254126238,0.71622163,-0.631345698,-0.154431347
1497534975627970000,92826,-1.462015427,-0.063099897,0.99130894,0.257724464,0.714905787,-0.630963935,-0.156116397
1497534975637980000,92827,-1.461239105,-0.070589768,0.989592743,0.260245291,0.713574798,-0.630578214,-0.159544703
1497534975647970000,92828,-1.460480424,-0.078205654,0.987542453,0.265360731,0.712234908,-0.62956923,-0.161082907
1497534975657980000,92829,-1.459703744,-0.086195503,0.986122341,0.267590863,0.711603873,-0.628458319,-0.164484647
1497534975667980000,92830,-1.458892173,-0.094224634,0.984545279,0.27193805,0.710720132,-0.626998341,-0.166732333
1497534975677920000,92831,-1.457935779,-0.10243117,0.983277663,0.275099943,0.709534446,-0.625853674,-0.170845161
1497534975687960000,92832,-1.45713163,-0.110690004,0.982528483,0.280141904,0.708438481,-0.624314611,-0.172819842
1497534975697990000,92833,-1.455895076,-0.119242708,0.981704695,0.283889273,0.707171686,-0.623098604,-0.1762476
1497534975707980000,92834,-1.454410652,-0.127774971,0.981104439,0.289173691,0.705001224,-0.622235552,-0.179373268
1497534975717990000,92835,-1.45287432,-0.136512852,0.981669019,0.292208466,0.703088029,-0.622089423,-0.182445022
1497534975727960000,92836,-1.451090578,-0.145336778,0.982112416,0.2958472,0.699994522,-0.623098234,-0.185015389
1497534975737980000,92837,-1.449307915,-0.154499136,0.983319454,0.297326861,0.698304764,-0.623648582,-0.187162069
1497534975747980000,92838,-1.448657158,-0.162810089,0.983082985,0.312200734,0.693919153,-0.624459154,-0.176231879
1497534975757980000,92839,-1.444608219,-0.173105091,0.985598937,0.30045849,0.69394853,-0.626738673,-0.188039276
1497534975767970000,92840,-1.442086934,-0.182454555,0.986876188,0.302280213,0.692145318,-0.628668513,-0.185303622
1497534975777980000,92841,-1.439321421,-0.191786158,0.988595308,0.301403148,0.689444338,-0.632043158,-0.185321596
1497534975787980000,92842,-1.436498274,-0.200868851,0.990362584,0.302268122,0.686515555,-0.635419979,-0.183226156
1497534975797950000,92843,-1.433659942,-0.209811107,0.992659096,0.301389807,0.682599675,-0.640235245,-0.182539583
1497534975807930000,92844,-1.430460655,-0.218682991,0.994650513,0.300270219,0.679066426,-0.644620949,-0.182127473
1497534975817970000,92845,-1.427295605,-0.227390611,0.996981912,0.297685045,0.674565415,-0.650259585,-0.183050777
1497534975827860000,92846,-1.424125734,-0.236047557,0.999100885,0.294746514,0.670767734,-0.655195076,-0.184159038
1497534975837980000,92847,-1.421013634,-0.244601452,1.001018861,0.291609227,0.666733163,-0.660317275,-0.185504836
1497534975847970000,92848,-1.41798473,-0.253099284,1.002790197,-0.287823293,-0.66236992,0.665828668,0.187339333
1497534975857990000,92849,-1.416018775,-0.261535251,1.004124828,-0.288775057,-0.660652418,0.668478666,0.182437993
1497534975867880000,92850,-1.413471705,-0.269905073,1.005491718,-0.287110686,-0.656641645,0.67268279,0.184084406
1497534975877960000,92851,-1.410931155,-0.27799258,1.007236718,-0.284796517,-0.651937261,0.677557174,0.186507444
1497534975887950000,92852,-1.408628022,-0.28588047,1.008875033,-0.284110805,-0.647481851,0.681786482,0.187657924
1497534975898000000,92853,-1.406692183,-0.29358955,1.010363835,-0.284767177,-0.643217388,0.685603859,0.18742037
1497534975907980000,92854,-1.404801346,-0.300934633,1.012068377,-0.285089425,-0.637889657,0.690006732,0.188974904
1497534975918140000,92855,-1.403420206,-0.308315292,1.013443394,-0.287313021,-0.635102133,0.692182904,0.187027635
1497534975927940000,92856,-1.401883133,-0.315310801,1.014944452,-0.288545276,-0.630046253,0.696031478,0.187945537
1497534975937990000,92857,-1.40047741,-0.322145026,1.016753746,-0.288900788,-0.625136793,0.699957695,0.189207689
1497534975947970000,92858,-1.399177372,-0.328756477,1.018485317,-0.290213541,-0.619880003,0.703752151,0.190414793
1497534975958000000,92859,-1.398092926,-0.335368793,1.020288331,-0.291467772,-0.616140017,0.706386663,0.190881899
1497534975967990000,92860,-1.397014334,-0.341944459,1.022206006,-0.291592522,-0.612350561,0.709305332,0.192058683
1497534975977940000,92861,-1.395824726,-0.348394579,1.024164857,-0.29161127,-0.607191296,0.713029613,0.194603107
1497534975987980000,92862,-1.394633962,-0.354984829,1.026003292,-0.292444182,-0.603148425,0.716017381,0.194955089
1497534975997990000,92863,-1.393656338,-0.361903448,1.027640484,-0.292757827,-0.600702526,0.718008951,0.194711262
1497534976007970000,92864,-1.392505736,-0.368850155,1.029306305,-0.29181399,-0.597756874,0.720472217,0.196089516
1497534976017990000,92865,-1.3913559,-0.376003759,1.030691621,-0.291622763,-0.595234285,0.722713636,0.195799157
1497534976027940000,92866,-1.390257228,-0.383303867,1.032038772,-0.290476948,-0.593284052,0.724946505,0.195165931
1497534976038010000,92867,-1.389332708,-0.390816568,1.032977966,-0.289522388,-0.592732202,0.726151235,0.19377747
1497534976047960000,92868,-1.387966775,-0.398446454,1.033743221,-0.287191565,-0.590985437,0.728298528,0.194521136
1497534976057990000,92869,-1.386802,-0.40620052,1.034549906,-0.285170623,-0.590783298,0.72946555,0.193733893
1497534976067980000,92870,-1.385538963,-0.414206766,1.034871235,-0.283439607,-0.590354152,0.730503519,0.1936713
1497534976077950000,92871,-1.384638168,-0.422509932,1.035048375,-0.281641458,-0.592445755,0.729758162,0.192715181
1497534976087990000,92872,-1.383391516,-0.430751743,1.035262992,-0.27907337,-0.592772125,0.730363079,0.193155467
1497534976097980000,92873,-1.382393238,-0.439193984,1.0351367,-0.277058951,-0.593967892,0.730250752,0.192806432
1497534976108000000,92874,-1.381481428,-0.447821824,1.034768384,-0.274341262,-0.594835194,0.730365412,0.193582876
1497534976117950000,92875,-1.3807327,-0.456529471,1.03455632,-0.272011605,-0.596762508,0.729978532,0.192394227
1497534976127960000,92876,-1.380006299,-0.465466442,1.033858049,-0.27057709,-0.599252618,0.728990146,0.190414561
1497534976137960000,92877,-1.379245763,-0.474565379,1.03304465,-0.269375398,-0.602068559,0.727787052,0.187819999
1497534976148000000,92878,-1.378471258,-0.483796998,1.032054207,-0.268085891,-0.604428551,0.726702914,0.186276561
1497534976157970000,92879,-1.377804116,-0.493205029,1.031058361,-0.266797198,-0.607470775,0.725005599,0.184838834
1497534976167980000,92880,-1.377195626,-0.502826048,1.029890103,-0.265499889,-0.611326645,0.722767011,0.182749527
1497534976177950000,92881,-1.376680176,-0.512697672,1.028505073,-0.264063222,-0.616162523,0.7195,0.181477572
1497534976187980000,92882,-1.375093233,-0.518977961,1.025827029,-0.26276012,-0.601014466,0.732920285,0.180462149
1497534976197990000,92883,-1.374663136,-0.528520802,1.023842752,-0.261559386,-0.60394632,0.731488264,0.178214616
1497534976208000000,92884,-1.374261924,-0.538056993,1.021706118,-0.259554722,-0.60686673,0.730340472,0.175917349
1497534976218010000,92885,-1.373919213,-0.547744402,1.019651367,-0.257776632,-0.610276495,0.728664282,0.173672599
1497534976227970000,92886,-1.37349885,-0.557544233,1.017466975,-0.255641136,-0.613493312,0.72713353,0.171902286
1497534976238000000,92887,-1.373076324,-0.567131,1.015538922,-0.253322592,-0.615460976,0.726718296,0.170046963
1497534976247990000,92888,-1.372576531,-0.576613392,1.013656935,-0.252066355,-0.616518169,0.726616044,0.168514168
1497534976257990000,92889,-1.372022452,-0.585827935,1.011766322,-0.251891302,-0.615648581,0.727916136,0.166330082
1497534976267990000,92890,-1.371433929,-0.59520337,1.010073258,-0.251782584,-0.615878726,0.728210884,0.1643406
1497534976277900000,92891,-1.371009715,-0.604378774,1.008393189,-0.251617881,-0.614403379,0.729861251,0.16278662
1497534976287970000,92892,-1.370669167,-0.613600646,1.00687,-0.251237126,-0.612587194,0.731662298,0.162133027
1497534976297980000,92893,-1.370354739,-0.622960418,1.005238915,-0.251345284,-0.609578516,0.734051065,0.162507277
1497534976307990000,92894,-1.371168902,-0.634056962,1.003785405,-0.253996847,-0.614840685,0.729791514,0.157673333
1497534976318000000,92895,-1.370109038,-0.642490304,1.002506337,-0.253489393,-0.602660626,0.738503712,0.164789456
1497534976327970000,92896,-1.370367438,-0.652642538,1.00155998,-0.254405421,-0.598376731,0.741156717,0.167062538
1497534976338000000,92897,-1.370613733,-0.662919445,1.001109577,-0.25599695,-0.593851957,0.743648518,0.169682928
1497534976347990000,92898,-1.370577234,-0.673449135,1.001398782,-0.257539924,-0.590728935,0.745329171,0.170871118
1497534976358080000,92899,-1.370530336,-0.683284784,1.001907481,-0.253007091,-0.60025728,0.741934663,0.158781503
1497534976367990000,92900,-1.370465016,-0.694791166,1.003695658,-0.251979854,-0.600806408,0.741462474,0.160534148
1497534976377960000,92901,-1.370316747,-0.705554837,1.005639972,-0.249788902,-0.601110995,0.741806298,0.161228075
1497534976387980000,92902,-1.370195078,-0.716245655,1.008150907,-0.246952513,-0.602955069,0.741190203,0.161544807
1497534976398000000,92903,-1.370493679,-0.72708413,1.010625419,-0.246477728,-0.603463945,0.740663204,0.162782107
1497534976408090000,92904,-1.370937453,-0.737524648,1.013080149,-0.245414172,-0.604993999,0.73973564,0.162927372
1497534976418000000,92905,-1.371950293,-0.748235789,1.01532446,-0.247166497,-0.605025216,0.738797464,0.164412645
1497534976427970000,92906,-1.37313919,-0.758564787,1.017324974,-0.248364166,-0.606465667,0.737168764,0.164611203
1497534976437970000,92907,-1.37461387,-0.769047435,1.019049045,-0.249593111,-0.606921079,0.736250762,0.165181409
1497534976447960000,92908,-1.375972209,-0.779734228,1.020361747,-0.252093963,-0.607550504,0.734714784,0.165907219
1497534976458080000,92909,-1.377304738,-0.790705458,1.021821438,-0.254578179,-0.608253,0.732601648,0.168858118
1497534976467990000,92910,-1.377967563,-0.80061139,1.022727499,-0.253702352,-0.609296638,0.731646096,0.170548273
1497534976477970000,92911,-1.378490396,-0.811039443,1.023687708,-0.252680846,-0.610644514,0.729885814,0.174735132
1497534976487980000,92912,-1.378506528,-0.821298255,1.024708856,-0.251042228,-0.611615872,0.728683226,0.178674512
1497534976498010000,92913,-1.378229125,-0.831210623,1.025512354,-0.248850554,-0.614200661,0.72681258,0.18048386
1497534976508070000,92914,-1.37816332,-0.84179371,1.026520401,-0.248121644,-0.61693928,0.724423082,0.181749201
1497534976517990000,92915,-1.377799637,-0.851257139,1.027388113,-0.245086151,-0.621772255,0.721956285,0.179195883
1497534976527960000,92916,-1.377394061,-0.860837854,1.02830469,-0.242864745,-0.625837114,0.719491463,0.177979372
1497534976537960000,92917,-1.377306405,-0.870375476,1.02946615,-0.240986439,-0.630881831,0.716372533,0.175282758
1497534976547950000,92918,-1.377379985,-0.879941151,1.030489605,-0.240265576,-0.634680052,0.713776777,0.173136933
1497534976557940000,92919,-1.37733543,-0.88905051,1.031340296,-0.23890252,-0.638854382,0.711301089,0.169827634
1497534976567980000,92920,-1.377150145,-0.898324534,1.03235068,-0.240337838,-0.640053348,0.709959047,0.168901117
1497534976577930000,92921,-1.376813427,-0.907069707,1.032988302,-0.240096533,-0.641982096,0.708882293,0.166428777
1497534976588060000,92922,-1.376402382,-0.915556285,1.033375681,-0.23902532,-0.644740446,0.707679515,0.162377206
1497534976597970000,92923,-1.375870179,-0.923960586,1.033548078,-0.237795627,-0.646986969,0.706651093,0.159703895
1497534976607970000,92924,-1.375408944,-0.932802045,1.033952586,-0.239651464,-0.648016004,0.705273535,0.158844814
1497534976618000000,92925,-1.374751854,-0.941533041,1.034217512,-0.239843641,-0.650372054,0.7034029,0.157211894
1497534976627970000,92926,-1.37409405,-0.950457073,1.034463977,-0.241058687,-0.653342774,0.700440046,0.156261545
1497534976638010000,92927,-1.373228002,-0.959312498,1.034814226,-0.238810956,-0.662144755,0.693493905,0.153622443
1497534976647990000,92928,-1.372315158,-0.968107027,1.035038052,-0.240569069,-0.664567852,0.690886724,0.152156588
1497534976658000000,92929,-1.371479335,-0.976808498,1.034897016,-0.241610028,-0.667594363,0.688066763,0.150021634
1497534976668000000,92930,-1.370410353,-0.985254772,1.034727254,-0.240441415,-0.66965677,0.686743601,0.148764791
1497534976677910000,92931,-1.368954496,-0.994036178,1.034474813,-0.241800099,-0.670732284,0.685375304,0.148025701
1497534976687980000,92932,-1.36775247,-1.002572119,1.033872392,-0.23872505,-0.676452701,0.681582571,0.144455161
1497534976698010000,92933,-1.365172657,-1.009544095,1.032799821,-0.238380602,-0.666108849,0.690834661,0.149067637
1497534976708000000,92934,-1.364229977,-1.020195613,1.032520245,0.235868705,0.680678633,-0.67856343,-0.143506877
1497534976718000000,92935,-1.362861263,-1.028835015,1.031140519,0.231042465,0.687445627,-0.674153857,-0.139837288
1497534976727980000,92936,-1.360611446,-1.038046442,1.030328063,0.231209651,0.688169309,-0.673197311,-0.140607539
1497534976738000000,92937,-1.358909767,-1.04657212,1.029193256,0.227380594,0.691914802,-0.67086243,-0.13962655
1497534976748000000,92938,-1.35703465,-1.055747363,1.028105011,0.227464131,0.694789241,-0.668083829,-0.138535112
1497534976758040000,92939,-1.355184015,-1.064334106,1.026813794,0.225082871,0.697559604,-0.666094684,-0.138080309
1497534976768000000,92940,-1.352512333,-1.07124867,1.025220682,0.224640023,0.689265579,-0.674088697,-0.14161303
1497534976777970000,92941,-1.350561229,-1.080085295,1.024020008,0.223889702,0.692689407,-0.67101118,-0.140708146
1497534976788000000,92942,-1.348567171,-1.08903626,1.022850828,0.223875005,0.694717344,-0.668938996,-0.140600192
1497534976798000000,92943,-1.346315438,-1.097766459,1.021517876,0.223703359,0.695259794,-0.668414824,-0.140684927
1497534976808000000,92944,-1.344037866,-1.106847804,1.020218645,0.223168699,0.697308546,-0.666491046,-0.140521203
1497534976818000000,92945,-1.341534405,-1.116442549,1.019095712,0.223532548,0.69954267,-0.664007512,-0.140596147
1497534976827980000,92946,-1.339212452,-1.125965766,1.017555187,0.222306796,0.705402761,-0.658940425,-0.137055277
1497534976838000000,92947,-1.336217525,-1.135640967,1.016027528,0.220415336,0.706992465,-0.657531659,-0.138675344
1497534976847990000,92948,-1.333215946,-1.145282474,1.014390673,0.218068175,0.709403873,-0.655851595,-0.138025731
1497534976858110000,92949,-1.329896554,-1.155474884,1.012798994,0.217625105,0.711393123,-0.653567028,-0.139317183
1497534976868000000,92950,-1.326594847,-1.165306489,1.011113477,0.215415028,0.714025538,-0.651390654,-0.139478001
1497534976878010000,92951,-1.323205621,-1.175259945,1.009333955,0.213272286,0.716254302,-0.649295537,-0.141102846
1497534976888020000,92952,-1.319818586,-1.184979767,1.007586792,0.210964758,0.717782243,-0.648160952,-0.142020783
1497534976898000000,92953,-1.316439116,-1.19477802,1.006004202,0.211735036,0.718363139,-0.646602814,-0.145008539
1497534976908010000,92954,-1.312906897,-1.204160988,1.004297944,0.21126247,0.719561057,-0.644896401,-0.14733868
1497534976918010000,92955,-1.309375403,-1.213332709,1.002615191,0.210640325,0.719922665,-0.644039233,-0.15018481
1497534976927970000,92956,-1.305663998,-1.222717805,1.001066149,0.212431654,0.719967333,-0.642789696,-0.152778399
1497534976938020000,92957,-1.301904171,-1.232028488,0.999637007,0.213878187,0.719498849,-0.642441642,-0.154422359
1497534976948000000,92958,-1.297860479,-1.241651427,0.998265512,0.215849036,0.718999255,-0.641875616,-0.156348837
1497534976958010000,92959,-1.293608192,-1.251134946,0.997186324,0.215835093,0.718962498,-0.641743676,-0.157077033
1497534976967960000,92960,-1.289043225,-1.260671203,0.996428186,0.21528813,0.718761924,-0.642287522,-0.156521748
1497534976977980000,92961,-1.284476108,-1.270435827,0.995925638,0.215339321,0.717690258,-0.643625068,-0.155873164
1497534976988000000,92962,-1.279359704,-1.280389783,0.995842607,0.215319319,0.716984401,-0.644612752,-0.155065663
1497534976998010000,92963,-1.274209556,-1.290010024,0.996069846,0.214225702,0.716250322,-0.646278288,-0.153026794
1497534977008010000,92964,-1.2686155,-1.299893075,0.996543508,0.213005459,0.715234874,-0.648451388,-0.150261591
1497534977018000000,92965,-1.262765746,-1.309592562,0.997355659,0.211673592,0.715362902,-0.649636094,-0.146366506
1497534977027980000,92966,-1.256656207,-1.319398976,0.998356811,0.210194727,0.714189845,-0.652339077,-0.142143484
1497534977038010000,92967,-1.250279352,-1.329436651,1.00006162,0.208141203,0.714510062,-0.653588494,-0.137748654
1497534977047990000,92968,-1.243509967,-1.339229328,1.002064642,0.207130014,0.71309015,-0.656387151,-0.133249782
1497534977058010000,92969,-1.236645478,-1.348152726,1.003865933,0.202705208,0.711162344,-0.660879076,-0.128052982
1497534977068000000,92970,-1.229504698,-1.357034289,1.006062963,0.199023446,0.708356175,-0.665699572,-0.124359464
1497534977077980000,92971,-1.222343679,-1.365674588,1.008436289,0.194025568,0.705132192,-0.671222724,-0.120841738
1497534977088010000,92972,-1.214974517,-1.374218001,1.011113533,0.189310186,0.703077167,-0.675212893,-0.11803262
1497534977098000000,92973,-1.207831455,-1.382064061,1.01315402,0.183017979,0.699465481,-0.680919966,-0.116621008
1497534977108010000,92974,-1.20079194,-1.389899774,1.015354192,0.178138775,0.695646268,-0.686250428,-0.115772175
1497534977118010000,92975,-1.194089994,-1.397302529,1.017236457,0.172412434,0.692092818,-0.691410758,-0.115033243
1497534977127980000,92976,-1.187843141,-1.404629181,1.018723813,-0.169079941,-0.687135313,0.69714117,0.11511396
1497534977138010000,92977,-1.181949055,-1.412073468,1.020347168,-0.167157086,-0.683445416,0.701222323,0.115100498
1497534977148010000,92978,-1.176492262,-1.419434986,1.021603259,-0.167382661,-0.678812325,0.705710553,0.114758389
1497534977157960000,92979,-1.171299971,-1.426374434,1.022716348,-0.168086898,-0.673445416,0.71093353,0.113099879
1497534977167990000,92980,-1.166322619,-1.433892832,1.024025574,-0.170424917,-0.668968841,0.714777841,0.111931567
1497534977177980000,92981,-1.161362266,-1.441234862,1.02530135,-0.172370659,-0.665374867,0.718086702,0.109161031
1497534977188000000,92982,-1.156394751,-1.448512188,1.02658645,-0.174080921,-0.660601095,0.722599482,0.105603103
1497534977198010000,92983,-1.15125783,-1.455628449,1.027730244,-0.175011199,-0.65907301,0.72445641,0.100780741
1497534977208000000,92984,-1.146055993,-1.463266869,1.029287876,-0.174345539,-0.655928763,0.728112705,0.095984261
1497534977218000000,92985,-1.140706309,-1.470880501,1.03073288,-0.17331309,-0.653153133,0.731474525,0.09109652
1497534977227980000,92986,-1.135189946,-1.47886572,1.032627326,-0.170268612,-0.651608969,0.734180125,0.085987758
1497534977238010000,92987,-1.129499608,-1.486276909,1.034049841,-0.167214305,-0.650794698,0.736167456,0.081013051
1497534977247990000,92988,-1.123624121,-1.493413542,1.035456482,-0.16361314,-0.64754037,0.740282827,0.076834539
1497534977258050000,92989,-1.117680352,-1.501034605,1.037213627,-0.158599761,-0.647463475,0.7419584,0.071658192
1497534977267990000,92990,-1.111634095,-1.508360705,1.038732481,-0.154274057,-0.646792151,0.743881678,0.067078155
1497534977277970000,92991,-1.105612365,-1.515724463,1.040280401,-0.150426239,-0.645571068,0.746141203,0.062315709
1497534977287960000,92992,-1.099433749,-1.523040684,1.041795462,-0.146486964,-0.643697647,0.748954426,0.057115466
1497534977297950000,92993,-1.093255055,-1.530730585,1.0434827,-0.142088137,-0.643478606,0.750407046,0.051337234
1497534977308010000,92994,-1.086995805,-1.53751873,1.044365058,-0.138390104,-0.642234595,0.752515334,0.045864768
1497534977318070000,92995,-1.080661051,-1.544823849,1.04539036,-0.13477148,-0.64078877,0.754713249,0.040426629
1497534977328010000,92996,-1.0741793,-1.551918984,1.046165721,-0.129976808,-0.640407867,0.756199941,0.033844395
1497534977338010000,92997,-1.067556774,-1.559547198,1.04695747,-0.125435667,-0.64033929,0.757259028,0.028111409
1497534977347990000,92998,-1.060821144,-1.566946004,1.04751881,-0.12011697,-0.639779089,0.758787398,0.022278143
1497534977358060000,92999,-1.053968479,-1.574755016,1.048088488,-0.113266116,-0.640613145,0.759293758,0.016080262
1497534977368010000,93000,-1.046979248,-1.582216314,1.048357083,-0.106874683,-0.642289412,0.758907304,0.010090465
1497534977377960000,93001,-1.040058166,-1.589782094,1.049085201,-0.098742896,-0.642737601,0.759693459,0.002016108
1497534977388010000,93002,-1.033059568,-1.596960303,1.049298155,-0.091355219,-0.643859334,0.759657195,-0.004508692
1497534977398010000,93003,-1.026116673,-1.604023481,1.049902166,-0.084808506,-0.643762974,0.760393714,-0.013347317
1497534977408100000,93004,-1.019169542,-1.610214728,1.049743189,-0.077209354,-0.643445111,0.761290643,-0.021299357
1497534977418010000,93005,-1.012208266,-1.616634774,1.049690278,-0.069797666,-0.642669644,0.762417502,-0.028697864
1497534977427970000,93006,-1.005372969,-1.623042654,1.049795294,-0.063251947,-0.640465639,0.764526137,-0.036093532
1497534977437980000,93007,-0.998395489,-1.629329783,1.049376046,-0.0562938,-0.640438055,0.764754945,-0.04266121
1497534977448000000,93008,-0.991455433,-1.635562898,1.049003542,-0.049258855,-0.640312959,0.764945711,-0.049304554
1497534977458020000,93009,-0.98463268,-1.642155734,1.0484598,-0.042083431,-0.641476611,0.76399965,-0.055147777
1497534977467990000,93010,-0.977798095,-1.648754769,1.048010622,-0.035488885,-0.642485016,0.762995521,-0.061574162
1497534977477990000,93011,-0.971095757,-1.655293661,1.047163957,-0.030509377,-0.644028506,0.761523863,-0.06616545
1497534977488020000,93012,-0.964375568,-1.661774128,1.045965973,-0.024401724,-0.645313394,0.760194954,-0.071265773
1497534977497980000,93013,-0.957756435,-1.668220054,1.044651577,-0.01912553,-0.645307251,0.759912042,-0.075805371
1497534977508030000,93014,-0.951168636,-1.674821386,1.043358263,-0.014100539,-0.646343615,0.758647508,-0.080591966
1497534977518030000,93015,-0.944509149,-1.681515246,1.042047405,-0.008343817,-0.64721729,0.757406694,-0.085879337
1497534977527980000,93016,-0.937685392,-1.688111484,1.040684941,-0.004224117,-0.648922338,0.755463157,-0.090318182
1497534977538030000,93017,-0.930803466,-1.694815406,1.039257612,-5.73E-05,-0.64973544,0.754162813,-0.095301138
1497534977547960000,93018,-0.923884974,-1.701601289,1.037858088,0.004306155,-0.650364808,0.753013894,-0.099885681
1497534977558020000,93019,-0.916791298,-1.708436788,1.036460323,0.007797514,-0.650976457,0.7518129,-0.104624159
1497534977568000000,93020,-0.909578569,-1.71521268,1.035181055,0.010541637,-0.651743057,0.750466677,-0.109177051
1497534977577980000,93021,-0.902319841,-1.722094867,1.033795857,0.014601674,-0.651067762,0.750305902,-0.113748027
1497534977588020000,93022,-0.894840242,-1.728964388,1.032502813,0.018152738,-0.650709501,0.749710549,-0.119087009
1497534977598010000,93023,-0.887347381,-1.735658299,1.031109331,0.020539445,-0.649981134,0.749616299,-0.123199272
1497534977608020000,93024,-0.879867002,-1.742453999,1.03003457,0.02386524,-0.647484938,0.750706776,-0.12896915
1497534977618020000,93025,-0.872312565,-1.748897273,1.028733012,0.026896928,-0.645601336,0.75123708,-0.134604308
1497534977627980000,93026,-0.864709714,-1.75533399,1.027706915,0.030320659,-0.642559836,0.752482897,-0.141304648
1497534977637980000,93027,-0.856875403,-1.761713369,1.026519941,0.031665782,-0.637480416,0.755717096,-0.146654931
1497534977648060000,93028,-0.848879207,-1.768463793,1.025509371,0.034033601,-0.636611798,0.755134569,-0.152770794
1497534977658100000,93029,-0.840587831,-1.775442585,1.024678457,0.035862994,-0.632988313,0.756859322,-0.158756446
1497534977667950000,93030,-0.831902925,-1.782381113,1.023586919,0.037525963,-0.633261584,0.755415768,-0.164068845
1497534977677970000,93031,-0.823023026,-1.789849594,1.022704374,0.040948094,-0.630653714,0.756026026,-0.170363713
1497534977688020000,93032,-0.813826425,-1.797228736,1.021756491,0.04459757,-0.629058847,0.755745337,-0.176479485
1497534977698000000,93033,-0.804455943,-1.804722927,1.020769188,0.048170721,-0.628371967,0.754898255,-0.181540289
1497534977708080000,93034,-0.794755414,-1.81233796,1.019822998,0.053239537,-0.627432925,0.753845279,-0.187645333
1497534977718020000,93035,-0.785064677,-1.820011967,1.01897826,0.057119621,-0.626638546,0.753017268,-0.19242265
1497534977727940000,93036,-0.775303299,-1.827759756,1.01834608,0.061122846,-0.625979507,0.752058267,-0.197033038
1497534977738020000,93037,-0.765717716,-1.835609332,1.018565902,0.064198305,-0.627009642,0.749620969,-0.202004677
1497534977747980000,93038,-0.756223456,-1.843493023,1.019050731,0.066877533,-0.626849507,0.748392269,-0.206145831
1497534977758020000,93039,-0.746816573,-1.851091039,1.020089651,0.069090051,-0.629915365,0.744772792,-0.209157086
1497534977768020000,93040,-0.737435668,-1.858349155,1.021717178,0.070973384,-0.63366737,0.740703344,-0.21162939
1497534977777990000,93041,-0.728060048,-1.865839902,1.023817914,0.073908956,-0.637525829,0.736990023,-0.211999974
1497534977788020000,93042,-0.718752783,-1.872664686,1.025814436,0.078750748,-0.639206751,0.735021591,-0.212029029
1497534977798200000,93043,-0.709528303,-1.879452315,1.028278262,0.083582903,-0.639479774,0.73421468,-0.212151644
1497534977807970000,93044,-0.700269636,-1.885781904,1.030456562,0.087395219,-0.63763337,0.735370608,-0.212169343
1497534977818020000,93045,-0.691368824,-1.892313442,1.032795097,0.09050095,-0.636787372,0.735799214,-0.211922008
1497534977827940000,93046,-0.682454368,-1.899335618,1.035065688,0.093320649,-0.637074621,0.735517048,-0.21081237
1497534977838010000,93047,-0.673479461,-1.905840248,1.036695437,0.095339603,-0.636396665,0.736273767,-0.20930978
1497534977848000000,93048,-0.664763184,-1.912133926,1.038263099,0.098725548,-0.636083137,0.736029482,-0.209552169
1497534977858020000,93049,-0.656011144,-1.918556921,1.039574939,0.102697518,-0.636951085,0.734793503,-0.209344315
1497534977868020000,93050,-0.647211576,-1.924549405,1.040552231,0.108265017,-0.638432217,0.732620601,-0.209642662
1497534977878000000,93051,-0.638355891,-1.930693194,1.041509171,0.116811242,-0.641303817,0.728497777,-0.210655019
1497534977888020000,93052,-0.629497954,-1.936677015,1.042243803,0.124309702,-0.64530348,0.723256202,-0.21220505
1497534977898020000,93053,-0.620742475,-1.942236922,1.042819283,0.132156371,-0.649302127,0.717740929,-0.213984577
1497534977908020000,93054,-0.612080331,-1.947588593,1.043296555,0.139324812,-0.653819788,0.71130916,-0.217134891
1497534977918020000,93055,-0.603598705,-1.952803167,1.043785345,0.145489066,-0.656481121,0.706392416,-0.221077415
1497534977927930000,93056,-0.595102418,-1.957616435,1.044294055,0.151589061,-0.659289157,0.700939275,-0.22592631
1497534977938030000,93057,-0.586842466,-1.962151233,1.044645827,0.1572374,-0.661186418,0.696243023,-0.230986089
1497534977947980000,93058,-0.578678319,-1.966271819,1.045024171,0.162361233,-0.662417525,0.692254267,-0.235851399
1497534977958010000,93059,-0.570392796,-1.970325424,1.045174132,0.167862057,-0.664067096,0.687761679,-0.240460171
1497534977968010000,93060,-0.562313937,-1.974037805,1.045348661,0.173698997,-0.665339061,0.683574165,-0.244701765
1497534977977990000,93061,-0.55436417,-1.977712142,1.04546744,0.179235633,-0.666157974,0.680065655,-0.248231438
1497534977988000000,93062,-0.546682196,-1.981407932,1.045555744,0.184041917,-0.667301689,0.676643514,-0.25097925
1497534977998020000,93063,-0.539239042,-1.98492951,1.045547689,0.187607321,-0.668041897,0.674181378,-0.252988116
1497534978007920000,93064,-0.531910795,-1.988555734,1.045202514,0.190155881,-0.669446274,0.671226035,-0.255221542
1497534978017970000,93065,-0.524832111,-1.992347318,1.044948056,-0.192522914,0.671254465,-0.668255185,0.256490502
1497534978027980000,93066,-0.517877159,-1.996223379,1.044586448,-0.193671682,0.67441351,-0.664264434,0.257702268
1497534978038010000,93067,-0.510994065,-2.000101442,1.044078457,-0.194279454,0.67718008,-0.660827071,0.258824678
1497534978047990000,93068,-0.504174973,-2.004086684,1.043593533,-0.195036631,0.680973043,-0.656575601,0.259123343
1497534978058070000,93069,-0.49737512,-2.00782681,1.042908883,-0.195724056,0.683872958,-0.652747878,0.260633995
1497534978068020000,93070,-0.490526888,-2.01127386,1.042135721,-0.197395922,0.686165679,-0.649346005,0.261842084
1497534978078010000,93071,-0.483614263,-2.014735186,1.041250839,-0.199815849,0.688335205,-0.645811016,0.263052094
1497534978088030000,93072,-0.476667673,-2.017897074,1.040322515,-0.201576211,0.689780341,-0.64331381,0.264040629
1497534978098020000,93073,-0.469459474,-2.021138588,1.039323616,-0.204735718,0.691194535,-0.640325366,0.265173198
1497534978107980000,93074,-0.462330301,-2.024342698,1.038357257,-0.207015784,0.693126587,-0.637585975,0.264960608
1497534978117970000,93075,-0.455021643,-2.027450596,1.037218849,-0.209466615,0.694843995,-0.634616181,0.265664945
1497534978128040000,93076,-0.447264993,-2.031268707,1.035809466,-0.21442995,0.701301999,-0.625534084,0.266275069
1497534978138020000,93077,-0.4403014,-2.03386775,1.034968227,-0.213476995,0.699326137,-0.6284179,0.265445794
1497534978148020000,93078,-0.432850395,-2.03718758,1.03377089,-0.215076033,0.700955429,-0.626046517,0.265461004
1497534978158030000,93079,-0.42536126,-2.040279744,1.032657429,-0.21600914,0.702816461,-0.624028999,0.264531441
1497534978168030000,93080,-0.417709979,-2.043485308,1.031397571,-0.21723199,0.705052515,-0.621470915,0.263600296
1497534978177980000,93081,-0.409824398,-2.046671361,1.03026509,-0.219027357,0.706293394,-0.619941361,0.262391628
1497534978188040000,93082,-0.401944358,-2.049607189,1.028822763,-0.220045743,0.708197561,-0.618014107,0.260949515
1497534978198020000,93083,-0.393702844,-2.052527613,1.027454901,-0.221732221,0.708917144,-0.617106577,0.259712876
1497534978208000000,93084,-0.385348712,-2.055221321,1.025895242,-0.223201512,0.710956741,-0.615120406,0.257581993
1497534978218040000,93085,-0.376826417,-2.05808037,1.024456794,-0.224741319,0.711280495,-0.614651608,0.256465978
1497534978228010000,93086,-0.367949363,-2.060584971,1.022624236,-0.227171641,0.714391737,-0.61095071,0.254512715
1497534978237960000,93087,-0.358970449,-2.063412263,1.021005255,-0.229953157,0.715011255,-0.609536994,0.253663369
1497534978248020000,93088,-0.350040115,-2.065889148,1.019192768,-0.233230215,0.7168126,-0.606588571,0.252653259
1497534978258020000,93089,-0.341139264,-2.068343397,1.017547212,-0.236141339,0.71761997,-0.605082379,0.251265122
1497534978268030000,93090,-0.332466959,-2.070804475,1.016026803,-0.238903305,0.717807248,-0.6039169,0.250922984
1497534978278000000,93091,-0.324138664,-2.073239301,1.014373105,-0.240175039,0.717711087,-0.604009488,0.249758452
1497534978288010000,93092,-0.315889973,-2.075638815,1.013117655,-0.241471212,0.718371167,-0.602846359,0.249420906
1497534978298020000,93093,-0.30780195,-2.07806995,1.01171004,-0.241468225,0.718847303,-0.602422152,0.249076701
1497534978308030000,93094,-0.299560297,-2.080471174,1.010312953,-0.241525282,0.71951983,-0.601703047,0.248817594
1497534978318040000,93095,-0.291361457,-2.082790641,1.009178019,-0.241257633,0.720180702,-0.601074718,0.248683923
1497534978328010000,93096,-0.282934277,-2.08501786,1.008085969,-0.240984034,0.720774513,-0.59999278,0.249838868
1497534978337990000,93097,-0.274397483,-2.087127056,1.007219857,-0.242152479,0.721048888,-0.599181029,0.249865509
1497534978348020000,93098,-0.265410897,-2.089190793,1.006481226,-0.241381182,0.721551947,-0.599015784,0.24955561
1497534978358070000,93099,-0.256503553,-2.091178638,1.006201046,-0.241586417,0.721555016,-0.598611246,0.250317674
1497534978368020000,93100,-0.2471739,-2.09346624,1.006165918,-0.243316914,0.724095829,-0.595071465,0.249743993
1497534978378010000,93101,-0.238037457,-2.095265019,1.006615079,-0.243789902,0.725059294,-0.593312072,0.250671674
1497534978388030000,93102,-0.228692767,-2.096866968,1.007520723,-0.243438936,0.725342458,-0.592670053,0.251710172
1497534978397970000,93103,-0.219266624,-2.098206507,1.008848131,-0.243391581,0.725824971,-0.591196266,0.253822036
1497534978408030000,93104,-0.209684684,-2.099559774,1.010667004,-0.244395996,0.726780485,-0.588757444,0.255783885
1497534978418000000,93105,-0.200038515,-2.100715215,1.012837263,-0.245060656,0.726829485,-0.587546608,0.2577851
1497534978427990000,93106,-0.190168617,-2.101540231,1.015292547,-0.244992239,0.726148989,-0.587571191,0.259704723
1497534978438010000,93107,-0.180559947,-2.102430595,1.018204669,-0.244006379,0.724752357,-0.588931755,0.261446546
1497534978447990000,93108,-0.170834889,-2.103031374,1.021064291,-0.243740077,0.7223988,-0.591086411,0.263339329
1497534978458120000,93109,-0.160965618,-2.103718742,1.023879032,-0.242909523,0.719799294,-0.593555082,0.265662013
1497534978468030000,93110,-0.151422122,-2.104280251,1.026732958,-0.243029886,0.71658521,-0.596479908,0.267682333
1497534978478010000,93111,-0.141749286,-2.104965341,1.029139218,-0.244158043,0.714391782,-0.597756383,0.269663749
1497534978488030000,93112,-0.132386195,-2.105529294,1.031465691,-0.244702289,0.70965079,-0.6017889,0.272702522
1497534978497880000,93113,-0.123162492,-2.106146512,1.033351909,-0.24647405,0.705161232,-0.604855606,0.275949046
1497534978508130000,93114,-0.114267512,-2.106727638,1.034755573,-0.248552123,0.700739483,-0.607487818,0.279543503
1497534978518040000,93115,-0.105591357,-2.107088249,1.036009932,-0.249719203,0.695480865,-0.610929126,0.284099083
1497534978528010000,93116,-0.097219076,-2.107531273,1.036889655,-0.251235928,0.690061654,-0.614577037,0.288080697
1497534978537990000,93117,-0.089216391,-2.107844919,1.037569008,-0.252253012,0.684457936,-0.618401425,0.29234471
1497534978547950000,93118,-0.081390369,-2.108300984,1.038061666,-0.252577723,0.678931889,-0.622210497,0.296833423
1497534978558040000,93119,-0.073603812,-2.108749614,1.038598534,-0.252616734,0.673586231,-0.625824026,0.301348077
1497534978568020000,93120,-0.066346557,-2.109300445,1.039105687,-0.252877167,0.668734116,-0.629053623,0.305187418
1497534978578010000,93121,-0.059267912,-2.109933436,1.039801322,-0.251439455,0.66417464,-0.632398565,0.309390211
1497534978588030000,93122,-0.052457541,-2.110867167,1.040617016,-0.248742083,0.659756334,-0.636874132,0.311833764
1497534978597980000,93123,-0.046011585,-2.111566778,1.041907037,-0.245833102,0.654822781,-0.641849871,0.314327782
1497534978608030000,93124,-0.040037692,-2.112807586,1.043170329,-0.241877938,0.651526501,-0.645746928,0.316258103
1497534978618050000,93125,-0.034383833,-2.114408573,1.04440609,0.235197281,-0.648846497,0.650468452,-0.317129715
1497534978628010000,93126,-0.028970806,-2.115920285,1.046109254,0.230476882,-0.645735191,0.655337621,-0.316921239
1497534978638000000,93127,-0.023651603,-2.117309359,1.0479242,0.224329085,-0.642689162,0.659678374,-0.318514593
1497534978648020000,93128,-0.018440924,-2.118861284,1.049809661,0.218470464,-0.639472019,0.665128705,-0.317726296
1497534978658030000,93129,-0.012932312,-2.120388007,1.051913776,0.212844118,-0.63690664,0.669328556,-0.317878276
1497534978668020000,93130,-0.007198491,-2.121995435,1.053966623,0.208914493,-0.635084338,0.672715318,-0.316980627
1497534978677960000,93131,-0.001127107,-2.123546004,1.056108769,0.205828271,-0.632443299,0.676279067,-0.316696732
1497534978688020000,93132,0.005156622,-2.12504115,1.058265487,0.203945808,-0.630112797,0.679121536,-0.316477344
1497534978698100000,93133,0.011699487,-2.126558468,1.060266169,0.204172676,-0.628184642,0.68082141,-0.316511897
1497534978708020000,93134,0.018212433,-2.128125907,1.062259812,0.203476688,-0.626416578,0.682650531,-0.316524502
1497534978718000000,93135,0.024851659,-2.129498996,1.063845773,0.202913446,-0.624165656,0.684932181,-0.316403658
1497534978727970000,93136,0.03136286,-2.131092553,1.065410502,0.202942638,-0.622885363,0.686041393,-0.316504845
1497534978738090000,93137,0.038242917,-2.132666482,1.066455818,0.201934247,-0.6212765,0.688018025,-0.316020992
1497534978748010000,93138,0.045249925,-2.134273142,1.067400876,0.20206682,-0.620706423,0.688833453,-0.315279258
1497534978758060000,93139,0.052265422,-2.135994442,1.068162826,0.202902289,-0.619213219,0.689942318,-0.31525426
1497534978768090000,93140,0.059433489,-2.137682753,1.068636092,0.204941711,-0.619189811,0.689864362,-0.314149702
1497534978778090000,93141,0.066728683,-2.139558902,1.068805195,0.207392906,-0.618152438,0.690119291,-0.314024061
1497534978788030000,93142,0.074202465,-2.141254427,1.068791928,0.210356409,-0.618196075,0.689385439,-0.313578555
1497534978798060000,93143,0.081992398,-2.143200284,1.068372146,0.21257398,-0.617788544,0.688990143,-0.313755
1497534978808040000,93144,0.089760437,-2.145407607,1.067705742,0.215925236,-0.618383603,0.687562075,-0.313426873
1497534978818050000,93145,0.097634844,-2.147652313,1.066701701,0.218700484,-0.619430061,0.68571198,-0.313489357
1497534978828010000,93146,0.10554705,-2.150001888,1.065336256,0.221276665,-0.619711131,0.684320761,-0.314165318
1497534978838070000,93147,0.113711558,-2.152461095,1.063821595,0.224312926,-0.621971097,0.68120796,-0.314310962
1497534978848000000,93148,0.121890471,-2.155127691,1.061833225,0.226106431,-0.623448771,0.678956347,-0.314969508
1497534978858030000,93149,0.13012134,-2.157899249,1.059621427,0.227233027,-0.625591982,0.676545638,-0.315096529
1497534978868040000,93150,0.138430993,-2.160616933,1.057224309,0.229418919,-0.627780147,0.673519625,-0.315642775
1497534978878000000,93151,0.147151142,-2.163563201,1.054751852,0.229774753,-0.628546317,0.672000856,-0.31709295
1497534978888010000,93152,0.155865434,-2.16632961,1.05228252,0.23223644,-0.629466619,0.669643574,-0.318457996
1497534978898030000,93153,0.164609785,-2.169400753,1.049651186,0.231681935,-0.629482445,0.668669113,-0.320869053
1497534978908040000,93154,0.173832009,-2.172172262,1.047437761,0.236266654,-0.629645214,0.665217214,-0.3243625
1497534978918050000,93155,0.183158354,-2.175149828,1.045159774,0.240067564,-0.630582586,0.662191616,-0.325937773
1497534978928010000,93156,0.191808654,-2.177651228,1.042724029,0.240701677,-0.629142266,0.661549,-0.329538516
1497534978938040000,93157,0.201019143,-2.180306092,1.041011614,0.244176019,-0.629087115,0.659250871,-0.331686242
1497534978948010000,93158,0.209570558,-2.183215716,1.039002582,0.244158468,-0.627743096,0.658970701,-0.334787788
1497534978958000000,93159,0.218100614,-2.186138547,1.037521408,0.245750444,-0.626472893,0.658289265,-0.337333185
1497534978968040000,93160,0.226889038,-2.189214989,1.036409285,0.246894174,-0.624788891,0.658197422,-0.339791499
1497534978978020000,93161,0.23555697,-2.192532996,1.035519018,0.246266928,-0.621863581,0.660019924,-0.34207015
1497534978988050000,93162,0.244326299,-2.196165453,1.034533106,0.243538626,-0.619390791,0.662252533,-0.344188274
1497534978998000000,93163,0.253601102,-2.200113852,1.033775695,0.242143166,-0.618788399,0.662139891,-0.346465538
1497534979008130000,93164,0.262782231,-2.204141547,1.032755879,0.238174141,-0.616552093,0.664170592,-0.349305053
1497534979018050000,93165,0.2722114,-2.20812943,1.031804263,0.235271728,-0.614047531,0.665632805,-0.352882151
1497534979028020000,93166,0.281811246,-2.212123194,1.030979395,0.233468173,-0.611346185,0.666791417,-0.356563683
1497534979038050000,93167,0.29176132,-2.216012103,1.030719296,0.231652445,-0.608546407,0.668213757,-0.359859404
1497534979048050000,93168,0.301379106,-2.21981672,1.030857005,0.231959457,-0.60591454,0.669263482,-0.362144684
1497534979057920000,93169,0.310850385,-2.223444336,1.031959918,0.233447068,-0.604272081,0.66939377,-0.363689014
1497534979068040000,93170,0.320248236,-2.22714392,1.034116193,0.235588251,-0.604266977,0.669067735,-0.362915916
1497534979078030000,93171,0.329237634,-2.230765214,1.037120074,0.237314579,-0.604016758,0.670157686,-0.360186372
1497534979088040000,93172,0.337754143,-2.234685451,1.040219952,0.239861859,-0.604404494,0.670011067,-0.358115436
1497534979098020000,93173,0.346540041,-2.238894885,1.043411542,0.241643829,-0.603371348,0.671136784,-0.356548304
1497534979108130000,93174,0.355317384,-2.243389886,1.046280565,0.240725152,-0.602995991,0.672556802,-0.355126152
1497534979118050000,93175,0.364028189,-2.248106646,1.04852189,0.238861595,-0.604369369,0.67233955,-0.354460623
1497534979128020000,93176,0.372751661,-2.252907453,1.05036997,0.235592125,-0.607172784,0.671104494,-0.354198136
1497534979138050000,93177,0.381328652,-2.257523553,1.051885749,0.230953457,-0.609664918,0.670692135,-0.35375309
1497534979148030000,93178,0.389757008,-2.261929164,1.053142978,0.22856366,-0.612971398,0.669204596,-0.352405912
1497534979158100000,93179,0.397822193,-2.265893182,1.054356551,0.227557153,-0.614358801,0.668514924,-0.351950001
1497534979168040000,93180,0.406114143,-2.269692944,1.055538576,0.2295442,-0.616280054,0.66728511,-0.349626854
1497534979177950000,93181,0.414335213,-2.273231512,1.056853319,0.232905154,-0.617787242,0.66591122,-0.347356244
1497534979188040000,93182,0.422353137,-2.276475935,1.05793962,0.23782048,-0.620131887,0.663926945,-0.343626068
1497534979198020000,93183,0.430055299,-2.279438195,1.05890105,0.242128236,-0.622194712,0.662484012,-0.339650691
1497534979208100000,93184,0.437382971,-2.282254301,1.059523046,0.246419861,-0.624154946,0.660938073,-0.335959402
1497534979218050000,93185,0.44447555,-2.284776231,1.06028914,0.24922378,-0.625193817,0.659784628,-0.334222147
1497534979228000000,93186,0.451561065,-2.287218837,1.060777397,0.252433878,-0.626560377,0.658250032,-0.332274174
1497534979237990000,93187,0.458551378,-2.2894245,1.061109198,0.255136295,-0.627955057,0.65631277,-0.331408306
1497534979247960000,93188,0.465160937,-2.291355472,1.061283674,0.256350217,-0.628121244,0.655486579,-0.331791522
1497534979258030000,93189,0.472173902,-2.29324434,1.061367406,0.259432022,-0.629949293,0.652407844,-0.331998372
1497534979267960000,93190,0.479230531,-2.294816137,1.061560856,0.26110238,-0.630902789,0.650044107,-0.333511434
1497534979278000000,93191,0.4862989,-2.296234488,1.061804298,0.264040087,-0.632075735,0.64647021,-0.335915712
1497534979288030000,93192,0.493690658,-2.297524817,1.062048466,0.268296736,-0.634082308,0.641698924,-0.337903802
1497534979298010000,93193,0.50113814,-2.298680847,1.062196268,0.270248726,-0.635603139,0.638249437,-0.340017547
1497534979308050000,93194,0.508727833,-2.299859584,1.062390642,-0.27342039,0.638257032,-0.633374563,0.341622474
1497534979318050000,93195,0.516142214,-2.30077012,1.062399435,-0.276521873,0.640185983,-0.62844972,0.344599058
1497534979328030000,93196,0.523808428,-2.301687865,1.062423957,-0.280011757,0.64248728,-0.623979366,0.345620112
1497534979338050000,93197,0.53133978,-2.302408245,1.062286572,-0.282613894,0.643545168,-0.620583046,0.347643044
1497534979347960000,93198,0.538926436,-2.302884328,1.062372965,-0.28671673,0.644726978,-0.616685582,0.349026552
1497534979358040000,93199,0.546495712,-2.303422459,1.06208936,-0.28893166,0.64543743,-0.614113575,0.350419087
1497534979368010000,93200,0.554313258,-2.303737861,1.061878771,-0.293671478,0.646753815,-0.6100689,0.351116081
1497534979378020000,93201,0.561884718,-2.304040534,1.061562111,-0.297347414,0.647426897,-0.607043921,0.352023588
1497534979388030000,93202,0.569884281,-2.304187253,1.061326746,-0.301458563,0.648001053,-0.604310724,0.352173138
1497534979398020000,93203,0.577583106,-2.304245035,1.060676004,-0.305877843,0.648551013,-0.600919159,0.353152223
1497534979408010000,93204,0.585610624,-2.30421694,1.060229521,-0.310392423,0.649236714,-0.597056694,0.354501816
1497534979418020000,93205,0.593356116,-2.30409043,1.059648396,-0.315081254,0.649863616,-0.593999376,0.354352685
1497534979427920000,93206,0.601194123,-2.303864492,1.059086548,-0.319442457,0.650542141,-0.590805578,0.354542253
1497534979438050000,93207,0.609262821,-2.303529337,1.058419614,-0.322687029,0.650184112,-0.588818585,0.355564868
1497534979448150000,93208,0.61688633,-2.303061269,1.057498796,-0.327484971,0.650173773,-0.585874395,0.356060179
1497534979458090000,93209,0.624909302,-2.30233256,1.056866566,-0.331858516,0.650324395,-0.583369826,0.355847936
1497534979468050000,93210,0.633029122,-2.301418945,1.056258147,-0.334546725,0.649282588,-0.582609458,0.356478372
1497534979478020000,93211,0.641050293,-2.300315506,1.055484113,-0.338420773,0.648157029,-0.581425161,0.356803347
1497534979488010000,93212,0.649443257,-2.299049969,1.055010909,-0.34322044,0.647334386,-0.579301718,0.357165846
1497534979498100000,93213,0.657704059,-2.297705106,1.054269235,-0.347178081,0.645329082,-0.578648595,0.358027316
1497534979508050000,93214,0.666209524,-2.29603258,1.053593264,-0.35198886,0.643385888,-0.577516551,0.358654533
1497534979518060000,93215,0.674846491,-2.294483844,1.052730136,-0.355937327,0.640777912,-0.57743906,0.359550301
1497534979528030000,93216,0.683508153,-2.292681284,1.051953998,-0.360316567,0.639884207,-0.575796198,0.359414679
1497534979538050000,93217,0.692590629,-2.290943552,1.051072865,-0.363655536,0.639519565,-0.574084489,0.359438975
1497534979548110000,93218,0.701460596,-2.289325235,1.049877606,-0.366210743,0.637830361,-0.574342857,0.359433451
1497534979558060000,93219,0.710423475,-2.287709636,1.048775727,-0.370170687,0.638300167,-0.571905482,0.358428067
1497534979568010000,93220,0.719609582,-2.285924597,1.047728527,-0.37163013,0.63909018,-0.570290622,0.358082944
1497534979578020000,93221,0.728740781,-2.284359455,1.046462716,-0.375178955,0.640159427,-0.567807159,0.356415053
1497534979588000000,93222,0.737654581,-2.282496951,1.04533848,-0.376638898,0.641169086,-0.566108911,0.355761218
1497534979598050000,93223,0.746363219,-2.280826165,1.044002782,-0.380179275,0.641618395,-0.563605708,0.355159345
1497534979608040000,93224,0.75526349,-2.278817129,1.043138142,-0.38103574,0.642846915,-0.561997905,0.354567289
1497534979618060000,93225,0.763970835,-2.27723353,1.042044139,-0.382173206,0.643409025,-0.561118248,0.353715674
1497534979628050000,93226,0.772728556,-2.275330634,1.041352,-0.382411759,0.644305324,-0.560196682,0.353286814
1497534979638060000,93227,0.781320652,-2.273364984,1.040616809,-0.382547496,0.644442183,-0.559861762,0.353421127
1497534979648010000,93228,0.790203082,-2.271164011,1.040082281,-0.383066559,0.644254416,-0.559465326,0.353828784
1497534979658050000,93229,0.799122951,-2.268569683,1.039516365,-0.383217077,0.64338469,-0.559846832,0.354643958
1497534979668060000,93230,0.808384938,-2.265654494,1.039072069,-0.384334788,0.642526792,-0.559590257,0.355393917
1497534979677960000,93231,0.817761041,-2.262478313,1.038624033,-0.386350408,0.640861362,-0.559475921,0.356394122
1497534979687960000,93232,0.827268081,-2.259074279,1.038216543,-0.38850245,0.639422173,-0.559049009,0.35730846
1497534979698030000,93233,0.837110287,-2.255342407,1.038580104,-0.390122985,0.637975383,-0.558566037,0.358880829
1497534979708060000,93234,0.846546087,-2.251464048,1.038895357,-0.39118256,0.636175887,-0.558778374,0.360587264
1497534979718060000,93235,0.855961427,-2.247383261,1.03944905,-0.392085227,0.634494962,-0.558331874,0.363250377
1497534979728030000,93236,0.865415159,-2.242923867,1.040625416,-0.391692932,0.632368257,-0.558935678,0.366439547
1497534979738060000,93237,0.874980165,-2.238109805,1.042147451,-0.392631527,0.629767264,-0.558486517,0.370575885
1497534979747990000,93238,0.884291171,-2.232896667,1.043967787,-0.394779078,0.626803922,-0.556843697,0.375754468
1497534979758060000,93239,0.893591079,-2.227106213,1.045968081,-0.396280549,0.622591605,-0.556825126,0.38116558
1497534979768060000,93240,0.902622488,-2.220806841,1.048253208,-0.399827448,0.617452581,-0.555879248,0.387154471
1497534979778030000,93241,0.911612804,-2.214014916,1.050898259,-0.403401491,0.611280777,-0.555137515,0.394240268
1497534979788020000,93242,0.920499675,-2.207064365,1.053563889,-0.406061583,0.604311339,-0.555863324,0.401170488
1497534979798000000,93243,0.92901166,-2.199852657,1.056265915,-0.410105658,0.597055264,-0.55572327,0.408056378
1497534979808060000,93244,0.937349158,-2.192688133,1.058698994,-0.413114576,0.589452325,-0.556656805,0.414747519
1497534979818070000,93245,0.945262909,-2.185667283,1.060830042,-0.41526769,0.581340366,-0.558499828,0.421514016
1497534979828040000,93246,0.952979602,-2.178922334,1.062696873,-0.416816507,0.573988822,-0.559751152,0.428345048
1497534979838070000,93247,0.960800398,-2.172417667,1.064555035,-0.416916314,0.567363262,-0.561418588,0.434843518
1497534979847990000,93248,0.968163312,-2.166301222,1.065809421,0.416204347,-0.56079224,0.56285365,-0.442133209
1497534979858060000,93249,0.976270112,-2.160347678,1.067725303,0.414543052,-0.55640357,0.563450126,-0.448434032
1497534979868080000,93250,0.983421448,-2.154607675,1.068830889,0.4137228,-0.552403894,0.562003611,-0.455889597
1497534979878030000,93251,0.990709413,-2.148995314,1.070215284,0.410601671,-0.548515138,0.561671944,-0.463747818
1497534979888010000,93252,0.999549669,-2.143196856,1.073037985,0.409864048,-0.546418298,0.558662799,-0.470461882
1497534979897970000,93253,1.00598214,-2.137568205,1.073735474,0.407809785,-0.542460643,0.556909745,-0.478831041
1497534979908130000,93254,1.013188703,-2.13181419,1.075187496,0.408259067,-0.539670351,0.552347072,-0.486819431
1497534979918060000,93255,1.019964696,-2.125809176,1.076438535,0.409047414,-0.535676834,0.548707485,-0.494621712
1497534979928020000,93256,1.027710149,-2.119747931,1.078730024,-0.40942416,0.5327349,-0.545136208,0.501389967
1497534979938050000,93257,1.034717227,-2.113402601,1.080670725,-0.411459661,0.52884053,-0.541213673,0.508051573
1497534979948090000,93258,1.040320468,-2.106933552,1.081171764,-0.413425193,0.523130223,-0.53866156,0.515032138
1497534979958060000,93259,1.051821565,-2.100005037,1.088524173,-0.416332139,0.519019244,-0.534620569,0.521025355
1497534979968050000,93260,1.053003021,-2.093272363,1.084379591,-0.419200066,0.511479814,-0.532204505,0.528600103
1497534979978030000,93261,1.059727829,-2.086255235,1.086555933,-0.422010598,0.505450043,-0.528595036,0.535737433
1497534979988010000,93262,1.066131503,-2.078986465,1.088277481,-0.424625215,0.499649051,-0.525177326,0.54243251
1497534979998080000,93263,1.071792699,-2.071773061,1.08923079,-0.428175417,0.493027687,-0.521009445,0.54967142
1497534980008040000,93264,1.078812409,-2.06444861,1.091532086,-0.431913113,0.487571196,-0.516061463,0.556242715
1497534980018080000,93265,1.085094501,-2.057089837,1.092899141,-0.435092246,0.481753646,-0.511348283,0.563143938
1497534980028030000,93266,1.09400428,-2.049614917,1.097275298,-0.439888457,0.475636893,-0.505910431,0.569493044
1497534980038060000,93267,1.097175475,-2.042045976,1.094911392,-0.4429643,0.469166853,-0.501326289,0.576486812
1497534980048060000,93268,1.103258082,-2.034355373,1.095709446,-0.448923981,0.462882696,-0.495218279,0.58220763
1497534980058010000,93269,1.108904936,-2.026559176,1.095864343,-0.455210616,0.456977715,-0.488638639,0.587526121
1497534980068050000,93270,1.112631379,-2.03882803,1.075935793,-0.20546164,-0.744774128,0.25667485,0.580702191
1497534980078030000,93271,1.11916164,-2.030690449,1.07644399,-0.197294142,-0.746138599,0.264817891,0.578120833
1497534980088000000,93272,1.126197196,-2.022639569,1.077669836,-0.18893074,-0.747516353,0.273525824,0.575072258
1497534980098060000,93273,1.1327232,-2.014489863,1.078574622,-0.180690702,-0.749689409,0.283187174,0.570194428
1497534980108060000,93274,1.138092219,-2.00631382,1.077984849,-0.17280245,-0.751763837,0.289559953,0.566696992
1497534980118060000,93275,1.144212732,-1.998342074,1.078770538,-0.164746376,-0.753554283,0.297767058,0.562449423
1497534980128020000,93276,1.143665668,-1.970992053,1.092424343,-0.494785449,0.410305737,-0.443493079,0.624620246
1497534980138050000,93277,1.149470747,-1.963220847,1.093133987,-0.500266754,0.404842824,-0.436267168,0.628893013
1497534980148000000,93278,1.153927511,-1.955407376,1.092273094,-0.504795317,0.399191308,-0.429911407,0.6332489
1497534980158020000,93279,1.15948617,-1.947594919,1.092336133,-0.509872734,0.395409164,-0.423427817,0.635916875
1497534980167980000,93280,1.164791716,-1.939873239,1.092099915,-0.513968873,0.390695149,-0.417802541,0.639245129
1497534980178030000,93281,1.169726503,-1.932138262,1.09125758,-0.519458532,0.385092349,-0.411247642,0.642450071
1497534980188180000,93282,1.174517844,-1.924271145,1.089943031,-0.525395367,0.38155268,-0.404209574,0.644198635
1497534980198130000,93283,1.180699738,-1.916434099,1.090118806,-0.530311678,0.376619648,-0.398211752,0.646803344
1497534980208110000,93284,1.184189855,-1.908119777,1.086883206,-0.53523321,0.371152603,-0.392440178,0.649431954
1497534980218110000,93285,1.190219396,-1.900028855,1.086542264,-0.541089191,0.365648111,-0.385767227,0.651695936
1497534980228050000,93286,1.194715327,-1.891531899,1.084163066,-0.546343843,0.360724769,-0.379192039,0.653910884
1497534980238070000,93287,1.200002439,-1.883034487,1.082796389,-0.551877326,0.356103853,-0.372167774,0.655829712
1497534980248030000,93288,1.204890076,-1.874507103,1.081105181,-0.556756455,0.351545618,-0.365606544,0.657852403
1497534980258060000,93289,1.209461914,-1.86596264,1.079177887,-0.560344503,0.347727718,-0.359744316,0.660063254
1497534980268080000,93290,1.214353331,-1.857517821,1.077769433,-0.563536486,0.344230603,-0.353727888,0.662426224
1497534980278040000,93291,1.218804925,-1.84899292,1.075681584,-0.566917813,0.341002097,-0.347033408,0.664747754
1497534980288120000,93292,1.224094129,-1.840701832,1.074639934,-0.569983832,0.33714902,-0.3407774,0.66732281
1497534980297960000,93293,1.229115465,-1.832447252,1.073321097,-0.572563709,0.333364685,-0.335085984,0.669892655
1497534980308040000,93294,1.233403248,-1.824030712,1.071218973,-0.575132136,0.329654249,-0.329644596,0.672224325
1497534980318000000,93295,1.238317501,-1.815796645,1.070036649,-0.577532343,0.326225797,-0.324550475,0.67431455
1497534980328050000,93296,1.243185259,-1.807715625,1.06897711,-0.578701078,0.323105067,-0.320350739,0.676818721
1497534980338080000,93297,1.247837344,-1.79944159,1.067571195,-0.57900873,0.319673181,-0.317213269,0.679657038
1497534980347960000,93298,1.252770821,-1.791164611,1.066553302,-0.578029811,0.316998617,-0.314735805,0.682887097
1497534980358070000,93299,1.257275068,-1.782639553,1.065031724,-0.576294789,0.315234712,-0.312674751,0.686109243
1497534980368060000,93300,1.262649668,-1.773966547,1.064545001,-0.574530616,0.31539734,-0.309765052,0.688828499
1497534980378050000,93301,1.26819528,-1.765010601,1.063890666,-0.571529794,0.315335961,-0.307936328,0.692164824
1497534980388070000,93302,1.273781203,-1.755850388,1.063319201,-0.569543102,0.315258284,-0.305038589,0.695114616
1497534980398050000,93303,1.279512746,-1.746400744,1.06270169,-0.567573966,0.314692093,-0.30284021,0.697937309
1497534980408080000,93304,1.284988522,-1.73679893,1.061908606,-0.566106706,0.312813105,-0.300237188,0.701091142
1497534980418070000,93305,1.290500066,-1.726997185,1.061495775,-0.565296112,0.310846766,-0.2980584,0.703545154
1497534980428040000,93306,1.295710512,-1.716929044,1.061009947,-0.565119543,0.308174265,-0.295690194,0.705858225
1497534980438070000,93307,1.301149451,-1.706995041,1.061451626,-0.565386542,0.306143583,-0.29382696,0.707304661
1497534980448050000,93308,1.306609748,-1.697190085,1.062410699,-0.56694494,0.305570846,-0.291909611,0.707098771
1497534980458080000,93309,1.312000632,-1.687608121,1.063850592,-0.568694825,0.305916089,-0.290525318,0.706113718
1497534980468060000,93310,1.317408462,-1.678319798,1.065609234,-0.572395333,0.307130363,-0.28813571,0.703571131
1497534980478010000,93311,1.322928268,-1.669361927,1.067752555,-0.574545435,0.308791664,-0.286331782,0.701825735
1497534980488070000,93312,1.328276144,-1.660697131,1.069752797,-0.575466571,0.309756748,-0.285416784,0.701018004
1497534980498090000,93313,1.333676614,-1.652147712,1.071743847,-0.575586912,0.310848271,-0.285398104,0.700443418
1497534980508060000,93314,1.339130066,-1.64371053,1.073634859,-0.575145482,0.31252062,-0.285549361,0.700000071
1497534980518060000,93315,1.344519842,-1.63543089,1.075418398,-0.573718553,0.315297895,-0.286342924,0.699601307
1497534980528040000,93316,1.34981713,-1.6272059,1.07701881,-0.571923231,0.318370691,-0.287437895,0.699230561
1497534980538080000,93317,1.354875904,-1.618997181,1.078398709,-0.571231481,0.320759702,-0.288053053,0.698450605
1497534980548070000,93318,1.359646836,-1.610803232,1.079558767,-0.571225193,0.322019218,-0.28877123,0.697579084
1497534980557930000,93319,1.363933909,-1.602567654,1.080344624,-0.572979551,0.321497724,-0.288791181,0.696371525
1497534980568060000,93320,1.367962449,-1.594288705,1.081034656,-0.575332716,0.319559561,-0.289561555,0.695002201
1497534980578030000,93321,1.372009533,-1.585963552,1.081766007,-0.579843537,0.316555841,-0.289384184,0.692698106
1497534980588080000,93322,1.375871206,-1.577521308,1.082117919,-0.58643071,0.313788636,-0.287784947,0.689068602
1497534980598110000,93323,1.379757001,-1.569249877,1.082576419,-0.593234906,0.311823299,-0.28574297,0.68497411
1497534980608070000,93324,1.383475783,-1.561207409,1.082887212,-0.599268876,0.310185075,-0.284003999,0.681178216
1497534980618130000,93325,1.387017504,-1.553551585,1.083386029,-0.603552228,0.309399715,-0.282020411,0.678572775
1497534980628050000,93326,1.390295422,-1.546217279,1.08383067,-0.606306603,0.309179527,-0.280566297,0.676818201
1497534980638030000,93327,1.393301046,-1.539130248,1.0840891,-0.608564349,0.30854406,-0.278529735,0.675922468
1497534980648030000,93328,1.396023553,-1.5320817,1.084089362,-0.610461227,0.308504683,-0.2762044,0.675183738
1497534980658090000,93329,1.398980089,-1.525084244,1.084267648,-0.611540568,0.309254231,-0.274815729,0.67443033
1497534980668080000,93330,1.401809029,-1.518270477,1.084401951,-0.612654275,0.309956557,-0.273103843,0.673792225
1497534980678030000,93331,1.404651755,-1.511354953,1.084334174,-0.613958174,0.311380536,-0.271142176,0.672740249
1497534980688070000,93332,1.407537888,-1.504377178,1.084197283,-0.615423448,0.313404136,-0.269031844,0.671307451
1497534980697920000,93333,1.410405061,-1.497344105,1.08375766,-0.61728323,0.315665944,-0.267211774,0.669263994
1497534980708100000,93334,1.413293884,-1.490287885,1.083481889,-0.62030295,0.317568458,-0.26416442,0.666777087
1497534980718070000,93335,1.416151682,-1.483183091,1.083108557,-0.623107229,0.319518605,-0.261382428,0.664322564
1497534980728040000,93336,1.418128422,-1.476031795,1.081883583,-0.625512138,0.322166748,-0.258380726,0.661953588
1497534980738080000,93337,1.420442274,-1.469014071,1.081198507,-0.627386706,0.323891932,-0.25642682,0.660094859
1497534980748080000,93338,1.422674987,-1.462001198,1.08044309,-0.629982687,0.324403268,-0.25433255,0.658178765
1497534980758080000,93339,1.424895734,-1.454971794,1.079777439,-0.632254684,0.32420259,-0.252762069,0.656702393
1497534980768070000,93340,1.426877492,-1.447805471,1.078891573,-0.634809356,0.324283409,-0.251362879,0.654732048
1497534980778010000,93341,1.42889156,-1.440360685,1.078157756,-0.637845974,0.324021035,-0.249574934,0.65259117
1497534980788070000,93342,1.430673505,-1.432845266,1.077111337,-0.640802334,0.322497261,-0.249207519,0.65058704
1497534980798090000,93343,1.432639205,-1.425166315,1.076067489,-0.644275583,0.322604079,-0.247628214,0.647700432
1497534980808090000,93344,1.43446599,-1.417483433,1.075029273,-0.646953159,0.322755771,-0.247014076,0.64518553
1497534980818080000,93345,1.43640301,-1.409650516,1.073967387,-0.650039907,0.323009639,-0.245583961,0.642496234
1497534980828040000,93346,1.438170058,-1.401811832,1.072830541,-0.652542407,0.323431429,-0.244426444,0.640184529
1497534980838020000,93347,1.439965568,-1.393786475,1.071676002,-0.655224288,0.32416558,-0.242710554,0.637722036
1497534980848070000,93348,1.441513542,-1.385744467,1.070421428,-0.657458475,0.324329315,-0.241601167,0.6357576
1497534980857920000,93349,1.443044105,-1.377509306,1.069287962,-0.66012659,0.323833638,-0.239341344,0.634098085
1497534980867830000,93350,1.444142061,-1.369221242,1.068019309,-0.662842506,0.320855508,-0.235911136,0.634064264
1497534980878030000,93351,1.445348375,-1.360625862,1.066561455,-0.665003733,0.319024921,-0.234447237,0.633267422
1497534980888040000,93352,1.446558083,-1.351813928,1.065107435,-0.667915279,0.316899913,-0.232430642,0.632012359
1497534980898040000,93353,1.447555584,-1.342883584,1.06349593,-0.670428248,0.31474289,-0.230962543,0.630966862
1497534980908020000,93354,1.448626761,-1.333723133,1.061792742,-0.673896618,0.313252521,-0.228836527,0.628784582
1497534980917980000,93355,1.449679991,-1.324422524,1.060002214,-0.676975805,0.3119513,-0.227463111,0.626618448
1497534980927990000,93356,1.450692739,-1.315014027,1.058178651,-0.679569741,0.31065341,-0.226665494,0.624741691
1497534980938140000,93357,1.451620783,-1.305571235,1.05641069,-0.682006009,0.309775279,-0.226119795,0.622717367
1497534980948080000,93358,1.45246997,-1.296241005,1.054686149,-0.683602221,0.309060679,-0.226360707,0.621232912
1497534980958120000,93359,1.453304955,-1.286952378,1.052936585,-0.684592992,0.308928727,-0.227232033,0.619887958
1497534980968070000,93360,1.454069076,-1.277657757,1.051318019,-0.685515157,0.308983796,-0.228763721,0.618275944
1497534980978090000,93361,1.454831453,-1.268420602,1.049426142,-0.686210693,0.309214771,-0.231085,0.616523181
1497534980988080000,93362,1.455413746,-1.259082221,1.047849289,-0.686855911,0.30929194,-0.23224311,0.615329661
1497534980998090000,93363,1.455810486,-1.249503044,1.046358921,-0.687556347,0.309939765,-0.232537465,0.614109061
1497534981008100000,93364,1.456167412,-1.239620175,1.044920308,-0.688282489,0.310403817,-0.233203605,0.612807282
1497534981018090000,93365,1.456306544,-1.229499088,1.04348358,-0.689036623,0.310419992,-0.233636363,0.611785919
1497534981028040000,93366,1.455979661,-1.219224475,1.042306616,-0.690402598,0.310172635,-0.233528668,0.610410969
1497534981038080000,93367,1.455618401,-1.20870048,1.041376514,-0.691392626,0.308907191,-0.233878081,0.609798021
1497534981048030000,93368,1.455010504,-1.197882236,1.040932164,-0.691674156,0.308694114,-0.233999238,0.609540124
1497534981058090000,93369,1.45440076,-1.187026599,1.040569058,-0.693269839,0.307386718,-0.23326564,0.60866861
1497534981068080000,93370,1.453740304,-1.176161843,1.040654888,-0.694861505,0.306679634,-0.231762247,0.607783968
1497534981078060000,93371,1.452889239,-1.165279601,1.040913471,-0.694510124,0.306377952,-0.231504025,0.608435802
1497534981088080000,93372,1.451904962,-1.154384106,1.041570871,-0.694533615,0.306437784,-0.230365208,0.608810983
1497534981098090000,93373,1.450643301,-1.143340112,1.042364081,-0.694515354,0.306333392,-0.227968234,0.609785832
1497534981108100000,93374,1.44933498,-1.132166342,1.043399275,-0.694841499,0.306048427,-0.225094378,0.610624412
1497534981118100000,93375,1.447648093,-1.120993433,1.044803528,-0.693985281,0.305391371,-0.222381321,0.612916869
1497534981128090000,93376,1.445966207,-1.109849828,1.046278209,-0.693219369,0.304063866,-0.220044322,0.615282511
1497534981138100000,93377,1.444045156,-1.098791432,1.047907404,-0.692164649,0.302711917,-0.217092166,0.618178442
1497534981148080000,93378,1.442103528,-1.087837727,1.049775214,-0.690465437,0.301977404,-0.214477987,0.621342354
1497534981158110000,93379,1.440115025,-1.077145415,1.051819133,-0.68848675,0.299918848,-0.211701071,0.62547369
1497534981168090000,93380,1.43797857,-1.066883849,1.053284643,-0.687028525,0.296170851,-0.209440913,0.629610306
1497534981177990000,93381,1.436127536,-1.056707706,1.054822846,-0.684755146,0.292565364,-0.20826117,0.634147603
1497534981188090000,93382,1.434195513,-1.046707001,1.056387893,-0.682270861,0.289739427,-0.206998781,0.638520979
1497534981198100000,93383,1.432513492,-1.037008535,1.057436378,-0.680748493,0.28551082,-0.205041607,0.642668655
1497534981208090000,93384,1.430912555,-1.027679261,1.058421295,-0.678291082,0.281300449,-0.203970404,0.647446786
1497534981218100000,93385,1.429732295,-1.018343363,1.059629772,-0.674248472,0.279714243,-0.203904758,0.652358636
1497534981228090000,93386,1.428152543,-1.009635534,1.060359382,-0.670658873,0.277066574,-0.203503424,0.657295327
1497534981238090000,93387,1.426837923,-1.00120025,1.061247898,-0.666994958,0.275047613,-0.202515284,0.662158664
1497534981248090000,93388,1.425915687,-0.992816411,1.062273753,-0.662225448,0.274259286,-0.202124483,0.667371705
1497534981258110000,93389,1.424687399,-0.984839849,1.063151621,-0.657932582,0.273313996,-0.200184227,0.672570035
1497534981268090000,93390,1.42370989,-0.976958908,1.064208745,-0.653310992,0.272790735,-0.198812486,0.677675112
1497534981278080000,93391,1.422760536,-0.969396898,1.06541671,-0.648482371,0.271680265,-0.197509883,0.683118068
1497534981288110000,93392,1.422032228,-0.961941469,1.066566282,-0.644968707,0.270945574,-0.195451378,0.687315519
1497534981298120000,93393,1.421435103,-0.954665295,1.068012301,-0.639866175,0.271636203,-0.19493489,0.691943234
1497534981308100000,93394,1.4210286,-0.947690807,1.069497061,-0.635194746,0.27251957,-0.19437531,0.696045227
1497534981318080000,93395,1.420611355,-0.941080681,1.070910989,-0.631308683,0.271800648,-0.193992181,0.699957704
1497534981328080000,93396,1.420531998,-0.934386683,1.072922981,-0.626655351,0.273522822,-0.194478932,0.703325161
1497534981338060000,93397,1.420263274,-0.928049673,1.074803312,-0.62127553,0.275046333,-0.195332941,0.707256158
1497534981348080000,93398,1.42001722,-0.921811862,1.076542628,-0.616594215,0.275615289,-0.195815345,0.710988141
1497534981357900000,93399,1.419775863,-0.915612902,1.078289987,-0.612202135,0.275290026,-0.196321485,0.714759975
1497534981367800000,93400,1.419615732,-0.909098269,1.080223791,-0.60815937,0.275977581,-0.196234297,0.717962851
1497534981377820000,93401,1.419270095,-0.902508894,1.08177702,-0.604315961,0.27488466,-0.197152525,0.721367815
1497534981388090000,93402,1.418861005,-0.89590645,1.083332905,-0.601181672,0.273792413,-0.196162927,0.724664349
1497534981398100000,93403,1.418187927,-0.889097115,1.084605968,-0.598706223,0.272112091,-0.195574041,0.727500284
1497534981408090000,93404,1.417800054,-0.882241626,1.085889839,-0.59640851,0.269373275,-0.194676099,0.730640913
1497534981418100000,93405,1.417195455,-0.875121485,1.087070861,-0.594070815,0.267124024,-0.194446643,0.733426974
1497534981428130000,93406,1.416593635,-0.868020256,1.087913816,-0.593128951,0.264311815,-0.193322165,0.735502449
1497534981438100000,93407,1.416166517,-0.860566476,1.088827683,-0.592877059,0.261861536,-0.193371519,0.736568248
1497534981448080000,93408,1.4157005,-0.852977401,1.089592634,-0.592928127,0.259103766,-0.193845545,0.737377365
1497534981458050000,93409,1.415424469,-0.845339323,1.089864592,-0.593577261,0.256251066,-0.194028881,0.737803645
1497534981468080000,93410,1.414956398,-0.837533269,1.090310405,-0.593123302,0.253723657,-0.19474905,0.738851718
1497534981478070000,93411,1.414568954,-0.829781629,1.089885306,-0.594063278,0.250974376,-0.194407922,0.739125324
1497534981488090000,93412,1.414411847,-0.821713602,1.089502994,-0.594477371,0.249468438,-0.194472957,0.739285076
1497534981498100000,93413,1.41424354,-0.813627881,1.088862369,-0.595855268,0.247773009,-0.19323079,0.739071645
1497534981508090000,93414,1.4139537,-0.805461697,1.087766062,-0.597545243,0.245470329,-0.191397628,0.738952602
1497534981518090000,93415,1.414048404,-0.796973858,1.086504773,-0.598111735,0.244742103,-0.190882162,0.738869173
1497534981528070000,93416,1.414191818,-0.78821097,1.085124524,-0.601105892,0.244084571,-0.188599033,0.737241367
1497534981538080000,93417,1.41341178,-0.7799828,1.082454614,-0.599526397,0.241463895,-0.188474442,0.739419144
1497534981548090000,93418,1.413666074,-0.770748621,1.080717105,-0.603611547,0.240814547,-0.185853859,0.736966619
1497534981558150000,93419,1.413816869,-0.761620258,1.078250322,-0.603588862,0.239985742,-0.185420041,0.737364725
1497534981568080000,93420,1.414165557,-0.752063682,1.075896107,-0.607296245,0.238536207,-0.182744794,0.735456382
1497534981578070000,93421,1.414493927,-0.742255391,1.073604656,-0.611425047,0.236679567,-0.179369973,0.733463433
1497534981588090000,93422,1.41480746,-0.732168728,1.070907282,-0.613944718,0.234462456,-0.177483355,0.732529111
1497534981598050000,93423,1.415082621,-0.72190485,1.068290958,-0.616963807,0.231617558,-0.174828686,0.731535302
1497534981608090000,93424,1.415194934,-0.711679086,1.0660397,-0.619408078,0.229511537,-0.171848299,0.730839414
1497534981618070000,93425,1.415229047,-0.70158281,1.063726174,-0.620575534,0.228100388,-0.169175911,0.730914311
1497534981628050000,93426,1.41524935,-0.691975245,1.061669326,-0.621445897,0.227000376,-0.165633718,0.731328447
1497534981638090000,93427,1.415274831,-0.682776495,1.059753339,-0.619993422,0.226306278,-0.163096626,0.733343791
1497534981648030000,93428,1.415220633,-0.674017283,1.057980682,-0.617481606,0.223742659,-0.161092562,0.736685058
1497534981658020000,93429,1.415245052,-0.665132955,1.056928192,-0.614890647,0.222828448,-0.160144987,0.739331156
1497534981668080000,93430,1.415300385,-0.656191177,1.055744016,-0.610921021,0.220529693,-0.161161307,0.743080879
1497534981678080000,93431,1.415638217,-0.646903059,1.05475435,-0.607360492,0.220448676,-0.162059767,0.7458232
1497534981688160000,93432,1.416335037,-0.637231706,1.05375567,-0.603213261,0.219832626,-0.163202953,0.74911426
1497534981698170000,93433,1.417297044,-0.626995058,1.052768003,-0.599545954,0.221298912,-0.163353371,0.751589726
1497534981708090000,93434,1.418136197,-0.61653368,1.05151942,-0.596398206,0.223078872,-0.162413551,0.753768423
1497534981718090000,93435,1.419295413,-0.605405129,1.050444993,-0.592866027,0.222985933,-0.161478793,0.756777211
1497534981728070000,93436,1.420328455,-0.59381411,1.049346132,-0.590320882,0.223128685,-0.160656889,0.758896706
1497534981738100000,93437,1.421264419,-0.581891399,1.048365515,-0.589475594,0.221297835,-0.158400738,0.760562291
1497534981748080000,93438,1.422266141,-0.569766076,1.047764799,-0.589472473,0.21898878,-0.15707324,0.761507791
1497534981758110000,93439,1.423368785,-0.557406848,1.047675556,-0.590014091,0.217237976,-0.155611364,0.761889846
1497534981768070000,93440,1.424380737,-0.545218173,1.048031092,-0.591690661,0.215019929,-0.153652494,0.761616375
1497534981777930000,93441,1.425606773,-0.533181166,1.04903975,-0.592997721,0.214464089,-0.153604564,0.76076573
1497534981788100000,93442,1.42705682,-0.521497269,1.050642641,-0.595481027,0.215912817,-0.153716681,0.758389863
1497534981798100000,93443,1.428651683,-0.510199759,1.052384578,-0.597530251,0.218197353,-0.154223645,0.75601758
1497534981808090000,93444,1.430693966,-0.498952994,1.054385101,-0.600642314,0.22210197,-0.155295466,0.752185378
1497534981818110000,93445,1.433101307,-0.488198918,1.056555148,-0.603161961,0.224421698,-0.156455361,0.749234456
1497534981828070000,93446,1.435650784,-0.477568431,1.058844944,-0.604272133,0.227332146,-0.158283173,0.747075446
1497534981838110000,93447,1.437772421,-0.467089707,1.060879247,-0.605509169,0.230825497,-0.160402703,0.744546311
1497534981848080000,93448,1.439939106,-0.456870956,1.062974509,-0.6048963,0.232538323,-0.163348491,0.743870731
1497534981857960000,93449,1.441743112,-0.446719987,1.064835702,-0.604090785,0.23589559,-0.167586198,0.742524384
1497534981867940000,93450,1.443343776,-0.43665007,1.066567709,-0.604300673,0.23642497,-0.170930676,0.741422036
1497534981878000000,93451,1.444719316,-0.426685154,1.068025122,-0.60448244,0.236717742,-0.175233164,0.740174998
1497534981888020000,93452,1.445945216,-0.416977295,1.069215834,-0.605794994,0.2351999,-0.178793215,0.738732982
1497534981898090000,93453,1.447007562,-0.407506108,1.070277909,-0.608572237,0.234175577,-0.180654721,0.736318887
1497534981908100000,93454,1.448199503,-0.398094487,1.071071226,-0.611982596,0.234094527,-0.182610683,0.733028235
1497534981918100000,93455,1.44936227,-0.388946585,1.071972706,-0.616530291,0.23360466,-0.182053654,0.729503756
1497534981928070000,93456,1.450773623,-0.379890978,1.072596824,-0.620672292,0.23541717,-0.181489521,0.725538569
1497534981938090000,93457,1.45235816,-0.371035399,1.073352171,-0.62556572,0.23794834,-0.179561808,0.720975502
1497534981948080000,93458,1.453990685,-0.362208611,1.0741478,-0.629807794,0.240867535,-0.177431969,0.71682834
1497534981957940000,93459,1.455464942,-0.35373336,1.074820144,-0.631671186,0.243624073,-0.175751442,0.714667933
1497534981968090000,93460,1.456738814,-0.34544005,1.075108147,-0.633909852,0.245224061,-0.173862319,0.71259761
1497534981978080000,93461,1.457654924,-0.337298992,1.075351218,-0.635625494,0.245943118,-0.1713777,0.711422447
1497534981988100000,93462,1.458203656,-0.329234879,1.075187256,-0.63770416,0.247510206,-0.169479538,0.709470781
1497534981998110000,93463,1.457793002,-0.321529013,1.073531162,-0.63965691,0.249141181,-0.167967159,0.707498934
1497534982008090000,93464,1.458543298,-0.313392099,1.073569399,-0.641148727,0.249676208,-0.167420871,0.706088063
1497534982018110000,93465,1.459324045,-0.305257347,1.073707273,-0.644055737,0.2491047,-0.16649272,0.703860235
1497534982028090000,93466,1.460089766,-0.297235224,1.073664943,-0.647067116,0.248948606,-0.165821754,0.701307269
1497534982038090000,93467,1.460945407,-0.289173655,1.07359581,-0.649527964,0.249631293,-0.165823771,0.698784745
1497534982048080000,93468,1.461831304,-0.281287729,1.073365597,-0.651717761,0.25080284,-0.166548925,0.696148943
1497534982058120000,93469,1.462730037,-0.273520594,1.073045107,-0.6544557,0.25201212,-0.166312096,0.693193995
1497534982068100000,93470,1.46371744,-0.265801511,1.072662059,-0.656566199,0.25397055,-0.16602191,0.690547979
1497534982078080000,93471,1.464719244,-0.258147116,1.072466702,-0.658103852,0.255951113,-0.166062037,0.688339849
1497534982088100000,93472,1.465578158,-0.250406943,1.071848557,-0.659697456,0.257945779,-0.165551662,0.686189397
1497534982098070000,93473,1.466318676,-0.242634083,1.071342066,-0.660815572,0.259821203,-0.165557303,0.684402295
1497534982108100000,93474,1.466992793,-0.234586349,1.070608573,-0.663054475,0.261796576,-0.165171614,0.681571459
1497534982118110000,93475,1.467365617,-0.226510067,1.069677909,-0.664034253,0.263203153,-0.165630672,0.679962566
1497534982128060000,93476,1.46799667,-0.218006879,1.068947251,-0.667184775,0.264068732,-0.165207729,0.676637707
1497534982138110000,93477,1.468205627,-0.209308733,1.068093938,-0.669484775,0.265312819,-0.165742524,0.67374228
1497534982148100000,93478,1.468543839,-0.200497827,1.066948739,-0.672395163,0.265863317,-0.166170725,0.670513782
1497534982158040000,93479,1.468632123,-0.191745618,1.065877743,-0.674650462,0.267038334,-0.166945777,0.667582497
1497534982168110000,93480,1.468925012,-0.182646774,1.064791262,-0.678224947,0.266790488,-0.167633945,0.663876959
1497534982178080000,93481,1.469081663,-0.173573666,1.063624266,-0.682222572,0.266555775,-0.167192752,0.659974973
1497534982188100000,93482,1.469547638,-0.164128237,1.062111422,-0.689971358,0.267650425,-0.164401621,0.652131031
1497534982198110000,93483,1.469463645,-0.154940544,1.060664627,-0.692028806,0.267342924,-0.166155676,0.649627728
1497534982208100000,93484,1.469641485,-0.145595798,1.059012745,-0.696000336,0.268440791,-0.166162066,0.64491336
1497534982218110000,93485,1.46962483,-0.136250721,1.057518608,-0.697750804,0.269089498,-0.168206088,0.642215983
1497534982228060000,93486,1.469514603,-0.126809246,1.055701423,-0.700834862,0.269666627,-0.169550595,0.638249953
1497534982238110000,93487,1.469387406,-0.11726892,1.053882461,-0.703705833,0.269759223,-0.170488876,0.634792569
1497534982248100000,93488,1.469057806,-0.107938875,1.052218865,-0.705007712,0.26984086,-0.172751237,0.632698227
1497534982258110000,93489,1.468720996,-0.098535924,1.050232166,-0.706067117,0.270818039,-0.173846756,0.630796418
1497534982268100000,93490,1.468280296,-0.089132884,1.048386049,-0.70781527,0.270177741,-0.176359926,0.628409666
1497534982278040000,93491,1.46790937,-0.079791749,1.046770203,-0.709007141,0.27028512,-0.178318558,0.626464141
1497534982288100000,93492,1.467361618,-0.070656105,1.044768404,-0.708831785,0.27145362,-0.181142093,0.625346284
1497534982298110000,93493,1.466837832,-0.061514832,1.043288667,-0.709464086,0.270969082,-0.183920045,0.62402715
1497534982307930000,93494,1.466358589,-0.052376744,1.041440471,-0.710111856,0.272095966,-0.185161496,0.622430846
1497534982318050000,93495,1.465790744,-0.043443336,1.03978205,-0.708334619,0.273950146,-0.187822547,0.622845146
1497534982328060000,93496,1.465141001,-0.034116159,1.038046195,-0.708159724,0.274627494,-0.189461629,0.622249014
1497534982338100000,93497,1.464574399,-0.02480415,1.036226759,-0.707470414,0.277706365,-0.190168193,0.621450599
1497534982348090000,93498,1.463859169,-0.014951641,1.034460339,-0.708183614,0.279634283,-0.189992889,0.619825249
1497534982358040000,93499,1.462960288,-0.004843918,1.032967898,-0.707982574,0.281211753,-0.190892014,0.619064507
1497534982368070000,93500,1.462043583,0.0055613,1.031691286,-0.707808291,0.283004371,-0.191516373,0.618253531
1497534982378040000,93501,1.460912633,0.016097736,1.030963233,-0.706339204,0.283754766,-0.193388593,0.619006473
1497534982388040000,93502,1.459818105,0.027130738,1.030307254,-0.707124955,0.285137508,-0.193820312,0.617336688
1497534982398110000,93503,1.458539197,0.037960873,1.030010993,-0.705754775,0.286843195,-0.194128497,0.618017237
1497534982408110000,93504,1.457196164,0.049246691,1.030140725,-0.705986185,0.287962014,-0.193600067,0.617398088
1497534982418120000,93505,1.455480191,0.060240583,1.0305043,-0.703656566,0.288909439,-0.194200905,0.619422943
1497534982428140000,93506,1.453898583,0.071814853,1.03117431,-0.703805419,0.289984622,-0.192512812,0.619278344
1497534982438150000,93507,1.451004145,0.083507863,1.030972034,-0.703300548,0.289451864,-0.190692217,0.6206629
1497534982448050000,93508,1.44889824,0.09505803,1.032166039,-0.702871177,0.290018832,-0.187067685,0.621986227
1497534982458120000,93509,1.446895192,0.106275191,1.033819881,-0.702400799,0.288274379,-0.184467366,0.624101587
1497534982468110000,93510,1.444177374,0.117190274,1.035999224,-0.70000076,0.285514387,-0.182539063,0.6286175
1497534982478060000,93511,1.440834279,0.128705243,1.037731776,-0.701393296,0.279084934,-0.181245322,0.63032466
1497534982488100000,93512,1.438115035,0.139141708,1.039847967,-0.698575904,0.276493719,-0.178656055,0.635314838
1497534982498210000,93513,1.435302012,0.149471613,1.042103592,-0.695940084,0.27350463,-0.175803377,0.6402779
1497534982508070000,93514,1.43246135,0.159331938,1.044293883,-0.692302893,0.269979544,-0.174762848,0.645976545
1497534982518090000,93515,1.430060156,0.169159385,1.046440416,-0.690076223,0.266300147,-0.173216918,0.65028835
1497534982528080000,93516,1.427496721,0.17832971,1.048481122,-0.685133893,0.262612434,-0.173859089,0.656809923
1497534982538080000,93517,1.425330909,0.187385878,1.050600458,-0.680547152,0.259314302,-0.17430775,0.662743144
1497534982548110000,93518,1.423237566,0.196009754,1.051755028,-0.673715087,0.258992656,-0.17388704,0.669920953
1497534982558100000,93519,1.42158268,0.204507377,1.053252036,-0.668766895,0.257630997,-0.1743142,0.675271552
1497534982568110000,93520,1.420170939,0.212597754,1.055026896,-0.66329298,0.257353132,-0.174542879,0.680695653
1497534982578090000,93521,1.418765851,0.220690017,1.056330748,-0.659257903,0.256579219,-0.174408687,0.684928998
1497534982588100000,93522,1.41774166,0.228487558,1.057997548,-0.653882124,0.256080542,-0.174246785,0.690289057
1497534982598130000,93523,1.416672812,0.236148697,1.059658256,-0.649827469,0.256452422,-0.17372526,0.694100822
1497534982608100000,93524,1.415279922,0.243877154,1.060122001,-0.64292162,0.260506749,-0.171570798,0.699536622
1497534982618120000,93525,1.414722103,0.251154581,1.06186054,-0.638125605,0.260219169,-0.172420379,0.703813121
1497534982628090000,93526,1.414140932,0.258355082,1.064021161,-0.633688997,0.260513645,-0.173070179,0.707543362
1497534982638120000,93527,1.413624881,0.265637568,1.065556386,-0.631118184,0.260630722,-0.172549377,0.709921247
1497534982648070000,93528,1.413112288,0.272568709,1.067627057,-0.626465089,0.261175779,-0.173307894,0.713647728
1497534982658120000,93529,1.412267662,0.279527662,1.069532081,-0.621862062,0.261589555,-0.174488781,0.717225311
1497534982668120000,93530,1.411363302,0.286247387,1.07124985,-0.61648653,0.261470457,-0.176017845,0.721522887
1497534982678090000,93531,1.410579239,0.293144474,1.073067393,-0.612430458,0.259352151,-0.17718921,0.725444264
1497534982688100000,93532,1.41023859,0.300141878,1.075112895,-0.609251737,0.258432769,-0.178270779,0.728178793
1497534982698120000,93533,1.409577555,0.307393647,1.076656279,-0.606161565,0.257789745,-0.178903198,0.730825732
1497534982708100000,93534,1.409136588,0.314962217,1.078117617,-0.604379492,0.256369709,-0.178424557,0.732915193
1497534982718120000,93535,1.408661666,0.322566697,1.079581278,-0.601933915,0.255141701,-0.178689076,0.735288031
1497534982728090000,93536,1.408329541,0.330372127,1.080731704,-0.600741789,0.253720482,-0.178318829,0.736843006
1497534982738130000,93537,1.407931879,0.338375125,1.081677903,-0.599973153,0.252130439,-0.178842272,0.737887457
1497534982748110000,93538,1.407403857,0.346589847,1.08225363,-0.598987089,0.25085666,-0.17893098,0.739100202
1497534982758130000,93539,1.407104922,0.354857427,1.082754159,-0.599478942,0.24928282,-0.17834736,0.739374934
1497534982768110000,93540,1.406722696,0.36319857,1.082923382,-0.598926975,0.247977375,-0.178378427,0.740253225
1497534982778090000,93541,1.406557415,0.37168159,1.082947944,-0.599802396,0.245027825,-0.177689314,0.740692216
1497534982788110000,93542,1.405930475,0.380127105,1.082478589,-0.600189492,0.240975853,-0.175199854,0.742299281
1497534982798120000,93543,1.405649478,0.389015018,1.081819817,-0.601098537,0.23942988,-0.174106302,0.742321276
1497534982808100000,93544,1.405143784,0.397748314,1.080732608,-0.600821594,0.236601935,-0.174265574,0.743414048
1497534982818120000,93545,1.405312144,0.407314204,1.079454364,-0.60381718,0.235425501,-0.171803878,0.741931988
1497534982828100000,93546,1.405341211,0.416851851,1.077706376,-0.606242336,0.234081687,-0.169793887,0.740841434
1497534982838110000,93547,1.405461559,0.426622886,1.075943708,-0.609148249,0.232850652,-0.168014664,0.739249658
1497534982848160000,93548,1.405721322,0.436590409,1.073452757,-0.612181552,0.232255201,-0.165730885,0.737444603
1497534982858150000,93549,1.406111578,0.446542852,1.070963293,-0.615408901,0.231922723,-0.163916274,0.735265387
1497534982868120000,93550,1.406736982,0.4568402,1.068289849,-0.619591636,0.231248246,-0.161700998,0.732450162
1497534982878040000,93551,1.407382011,0.467159398,1.065342086,-0.623415435,0.231066789,-0.160014858,0.729627699
1497534982888110000,93552,1.408242696,0.477631594,1.062596005,-0.62699725,0.230612453,-0.158044779,0.727127357
1497534982898080000,93553,1.409036969,0.48806092,1.059730263,-0.629838748,0.229944818,-0.156776153,0.725154997
1497534982908060000,93554,1.40984046,0.498529832,1.057057312,-0.632282463,0.228876166,-0.15596695,0.723539148
1497534982918120000,93555,1.410461955,0.508749223,1.054431748,-0.635064828,0.227272301,-0.154863107,0.721843046
1497534982928100000,93556,1.410844956,0.518421683,1.052186255,-0.636891884,0.225046242,-0.153718615,0.721175085
1497534982938110000,93557,1.411241482,0.527283628,1.050245449,-0.636591258,0.223419162,-0.152559576,0.72219182
1497534982948090000,93558,1.411344108,0.535493649,1.048260687,-0.632369475,0.222861641,-0.154091889,0.725739089
1497534982958140000,93559,1.412080698,0.544406496,1.047412459,-0.629546264,0.223120659,-0.156083653,0.727685761
1497534982968110000,93560,1.412789428,0.553532334,1.046662422,-0.624144636,0.224492748,-0.159492862,0.731169274
1497534982978090000,93561,1.413725362,0.563085587,1.046070704,-0.619414633,0.224056579,-0.160682232,0.73505468
1497534982988120000,93562,1.415023786,0.57329606,1.045517087,-0.616536909,0.22385377,-0.160045779,0.737670033
1497534982998120000,93563,1.416501928,0.584002579,1.04509589,-0.613710864,0.224632966,-0.158476367,0.740124481
1497534983008060000,93564,1.417875086,0.594765654,1.044306779,-0.610997325,0.224447426,-0.157126113,0.742709234
1497534983018130000,93565,1.419183451,0.605668993,1.043919969,-0.606509685,0.225087439,-0.155254547,0.746577305
1497534983028090000,93566,1.420482982,0.616827575,1.043920136,-0.601475413,0.225366175,-0.15543012,0.750519082
1497534983038060000,93567,1.421527008,0.627693715,1.044265233,-0.59892818,0.222847986,-0.15402957,0.75359054
1497534983048110000,93568,1.422961814,0.638758531,1.045468556,-0.595971181,0.221194863,-0.155482368,0.756119314
1497534983058140000,93569,1.424759982,0.649782003,1.047554319,-0.596506751,0.219601386,-0.157278565,0.755789905
1497534983068110000,93570,1.426701717,0.660241262,1.050259739,-0.597471546,0.218483755,-0.160039912,0.754771374
1497534983078080000,93571,1.429211107,0.670830532,1.05295484,-0.599709711,0.220085702,-0.163040981,0.751883092
1497534983088100000,93572,1.432219299,0.681086086,1.055720771,-0.601983871,0.221968606,-0.16460043,0.749167575
1497534983098110000,93573,1.435674911,0.691504028,1.058157777,-0.60416337,0.223582328,-0.165602505,0.74670836
1497534983108150000,93574,1.439232571,0.701725349,1.060366435,-0.606003854,0.226320165,-0.165707079,0.744365284
1497534983118110000,93575,1.442837695,0.711956597,1.062416011,-0.606079939,0.231466896,-0.167276692,0.742366952
1497534983128080000,93576,1.446118491,0.721831302,1.064184632,-0.604208279,0.237444664,-0.170067601,0.741369946
1497534983138040000,93577,1.449176208,0.731650937,1.065688372,-0.602842938,0.241955415,-0.173145354,0.740309838
1497534983148020000,93578,1.452128063,0.741443502,1.067176467,-0.600720128,0.247880151,-0.177487451,0.739045982
1497534983158050000,93579,1.454412146,0.751024616,1.068374123,-0.602736757,0.249186361,-0.179749455,0.736413398
1497534983168160000,93580,1.456330899,0.760327921,1.069510039,-0.602503101,0.250041622,-0.183620253,0.735358962
1497534983178140000,93581,1.458056292,0.769732103,1.070559822,-0.604457024,0.249581649,-0.187056232,0.733042067
1497534983188120000,93582,1.459557887,0.778705346,1.071381012,-0.607914236,0.24884575,-0.189784883,0.729724449
1497534983198110000,93583,1.461159323,0.787737514,1.072475263,-0.611549415,0.248532809,-0.191774912,0.726265199
1497534983208120000,93584,1.46293335,0.796690961,1.073317208,-0.616894313,0.248734178,-0.192415262,0.721490874
1497534983218130000,93585,1.464716732,0.805344636,1.07431873,-0.621437073,0.249867958,-0.191811983,0.717349379
1497534983228090000,93586,1.466602678,0.813793802,1.075300623,-0.624331044,0.252173506,-0.191014997,0.714235634
1497534983238090000,93587,1.468520874,0.822080779,1.076276373,-0.626798739,0.255091131,-0.190120997,0.711270597
1497534983248120000,93588,1.47001805,0.829953384,1.076842473,-0.628538381,0.256839605,-0.188225445,0.709608415
1497534983257950000,93589,1.471524089,0.837685231,1.077501164,-0.629030083,0.259127358,-0.186944722,0.708678939
1497534983268110000,93590,1.472727431,0.845274825,1.077912609,-0.629186509,0.26069789,-0.184670663,0.708560296
1497534983278090000,93591,1.474015688,0.852865132,1.077929184,-0.630337729,0.262207679,-0.183489306,0.707285766
1497534983288080000,93592,1.475439135,0.860576855,1.078179522,-0.631311758,0.264610784,-0.181906003,0.705929744
1497534983298090000,93593,1.476990435,0.86839573,1.078096446,-0.634219424,0.266711413,-0.180434796,0.702903997
1497534983308130000,93594,1.478349726,0.876121446,1.078028645,-0.636546582,0.268439417,-0.179945569,0.700263037
1497534983318090000,93595,1.479875907,0.883963674,1.077975108,-0.640069717,0.271025121,-0.178688821,0.696366603
1497534983328110000,93596,1.480991219,0.891480585,1.077536787,-0.642235224,0.272516857,-0.178971014,0.693713093
1497534983338100000,93597,1.482187619,0.89899941,1.077203877,-0.644157569,0.273680108,-0.179512477,0.69132879
1497534983348090000,93598,1.483056089,0.906368656,1.076964935,-0.645654239,0.274905951,-0.180177942,0.689270071
1497534983358100000,93599,1.483862157,0.913781642,1.076417541,-0.647979995,0.275003757,-0.180780862,0.686886555
1497534983368130000,93600,1.484745866,0.921424111,1.07634986,-0.648699178,0.276295353,-0.182499294,0.685232998
1497534983378090000,93601,1.485343583,0.928861577,1.075572865,-0.650477202,0.276551898,-0.183768612,0.683101423
1497534983388110000,93602,1.485995056,0.936665326,1.075041896,-0.652637799,0.277417178,-0.184666824,0.680442339
1497534983398120000,93603,1.486595798,0.944566651,1.074345337,-0.654557927,0.278192572,-0.186105326,0.677884666
1497534983408120000,93604,1.487344161,0.952656157,1.073588693,-0.657023184,0.279713969,-0.187098863,0.674592207
1497534983418140000,93605,1.487841368,0.960757172,1.072691086,-0.65884253,0.280411719,-0.188034752,0.672263878
1497534983428060000,93606,1.488547871,0.969226373,1.071669763,-0.661536153,0.281361675,-0.188900804,0.668970861
1497534983438030000,93607,1.489198115,0.977707904,1.070567883,-0.663449086,0.283676345,-0.190815215,0.66554684
1497534983448070000,93608,1.489806878,0.986323792,1.069430683,-0.665560984,0.285166239,-0.191927549,0.66247461
1497534983458100000,93609,1.490485973,0.995125521,1.068228796,-0.668612005,0.286890162,-0.191963704,0.658636439
1497534983468120000,93610,1.490977721,1.003974926,1.066778088,-0.670823182,0.288240603,-0.192352072,0.655678499
1497534983478110000,93611,1.49145404,1.013103539,1.065582329,-0.672982098,0.289659936,-0.193220839,0.652577907
1497534983488120000,93612,1.491965582,1.022442418,1.063926084,-0.675807447,0.291069944,-0.194423258,0.648661837
1497534983498130000,93613,1.492439475,1.031947626,1.062508171,-0.678442867,0.292449206,-0.195883769,0.644839738
1497534983508110000,93614,1.49267152,1.041507102,1.060717261,-0.681457122,0.292600947,-0.19601686,0.64154366
1497534983518130000,93615,1.492768769,1.051122312,1.059003485,-0.684832619,0.292382616,-0.196486964,0.637894633
1497534983528110000,93616,1.492861383,1.060777589,1.056994972,-0.687032102,0.292390008,-0.197564875,0.635187448
1497534983538130000,93617,1.492949183,1.0704047,1.05520074,-0.689169848,0.293081042,-0.198986678,0.632101831
1497534983548130000,93618,1.492793008,1.079912946,1.053417919,-0.691037149,0.292975076,-0.19945922,0.629959747
1497534983558130000,93619,1.492662721,1.089269793,1.051688736,-0.691678489,0.29269776,-0.200872648,0.628934868
1497534983568120000,93620,1.492270546,1.09849348,1.049951672,-0.692266195,0.29269339,-0.202179278,0.627870714
1497534983578100000,93621,1.491716485,1.107489847,1.048265283,-0.692683732,0.292656149,-0.202945085,0.627180133
1497534983588130000,93622,1.491265696,1.116800999,1.0465425,-0.692456576,0.293124517,-0.203863755,0.62691425
1497534983598120000,93623,1.490602123,1.126066279,1.044917794,-0.692785601,0.293913153,-0.203545812,0.626284497
1497534983608130000,93624,1.489974687,1.135445164,1.043248281,-0.693679413,0.293776893,-0.203291102,0.625441234
1497534983618140000,93625,1.489235877,1.144975992,1.041668887,-0.693621891,0.294193219,-0.203846318,0.625128548
1497534983628110000,93626,1.488359259,1.154604243,1.040032498,-0.693497095,0.295005467,-0.204693358,0.624607223
1497534983638120000,93627,1.487523784,1.164347579,1.038683345,-0.692628792,0.295234712,-0.206230737,0.624956562
1497534983648110000,93628,1.486642496,1.174271433,1.037490403,-0.692104479,0.296830995,-0.20702477,0.624518611
1497534983657970000,93629,1.48587667,1.18439045,1.036498498,-0.691283435,0.298103683,-0.207993514,0.624499884
1497534983668130000,93630,1.485136909,1.194664657,1.035880748,-0.691010536,0.300397974,-0.208585824,0.623504171
1497534983678080000,93631,1.484253296,1.204987588,1.035457782,-0.689552758,0.302765222,-0.209544228,0.62365169
1497534983688120000,93632,1.483196531,1.215487142,1.035621037,-0.688416758,0.30431499,-0.209836197,0.624054104
1497534983698090000,93633,1.481850477,1.226086678,1.035747731,-0.687342848,0.30558601,-0.209272544,0.624805572
1497534983708120000,93634,1.48037973,1.237026888,1.036323247,-0.687018037,0.306230855,-0.207423771,0.625463236
1497534983718130000,93635,1.478543258,1.248033849,1.037056825,-0.685931444,0.305673877,-0.205918581,0.627422563
1497534983728100000,93636,1.476336499,1.258986565,1.037963063,-0.68508916,0.304763357,-0.203837645,0.629461955
1497534983738060000,93637,1.473861128,1.26988771,1.039244364,-0.684861993,0.302744718,-0.201143778,0.631546409
1497534983748120000,93638,1.471297048,1.280629347,1.040786841,-0.683472577,0.300413878,-0.199127112,0.634795346
1497534983758150000,93639,1.468458795,1.290919007,1.042487149,-0.682121048,0.297572154,-0.197941644,0.637950465
1497534983768120000,93640,1.465539034,1.300896722,1.044506825,-0.679379798,0.294589297,-0.197316047,0.642438024
1497534983778100000,93641,1.462634985,1.310555071,1.046503221,-0.676354251,0.291039681,-0.19780632,0.647080745
1497534983788120000,93642,1.459572142,1.319876989,1.048508192,-0.672389352,0.286984281,-0.198697083,0.652726629
1497534983798070000,93643,1.456789683,1.329177753,1.050630759,-0.668341527,0.283599056,-0.200549124,0.657777491
1497534983808110000,93644,1.454023437,1.338096838,1.052415108,-0.663972896,0.279934763,-0.203186799,0.662941662
1497534983818110000,93645,1.45142853,1.346910091,1.054187009,-0.659027174,0.276280931,-0.205959544,0.668530252
1497534983828060000,93646,1.44899442,1.355458449,1.055751333,-0.654579182,0.27424885,-0.2083868,0.672969987
1497534983838090000,93647,1.446878168,1.363976847,1.057344614,-0.649219956,0.27261365,-0.21103976,0.677980432
1497534983848010000,93648,1.444808161,1.372213178,1.058730879,-0.643828182,0.272150168,-0.213633244,0.682481059
1497534983858110000,93649,1.442823144,1.380188474,1.060121358,-0.638486953,0.272097339,-0.215646072,0.686872783
1497534983868190000,93650,1.441016984,1.388120971,1.061725007,-0.633612108,0.272310207,-0.216720019,0.690952445
1497534983878150000,93651,1.439102131,1.395726099,1.062973669,-0.628488907,0.272429587,-0.217648239,0.695279122
1497534983888130000,93652,1.437322548,1.403295503,1.064516228,-0.622918081,0.272388679,-0.218479479,0.700031563
1497534983898130000,93653,1.435470032,1.410752807,1.065807079,-0.618507607,0.271765405,-0.218747441,0.704089101
1497534983908130000,93654,1.433693162,1.418141968,1.067299609,-0.61339605,0.271761743,-0.220143021,0.708115733
1497534983918110000,93655,1.431805594,1.425463488,1.068663028,-0.609420193,0.271775469,-0.221373273,0.711153286
1497534983928100000,93656,1.4299432,1.432674234,1.070233218,-0.605125405,0.270707533,-0.222993585,0.714712905
1497534983938120000,93657,1.428041738,1.439790769,1.071951194,-0.601120694,0.269942085,-0.225058548,0.717728244
1497534983948140000,93658,1.426200128,1.447017789,1.07353058,-0.596503306,0.269676392,-0.228223553,0.720675003
1497534983958140000,93659,1.424350731,1.454154238,1.075354237,-0.592968129,0.269528276,-0.230556089,0.722901927
1497534983968140000,93660,1.42264494,1.461382594,1.076881668,-0.590254619,0.269674273,-0.231927434,0.724627447
1497534983978100000,93661,1.421035328,1.468822821,1.078332098,-0.587882252,0.27048256,-0.23353835,0.725736509
1497534983988130000,93662,1.419493042,1.476347111,1.079652342,-0.585304106,0.272012456,-0.234253977,0.727016782
1497534983998130000,93663,1.417961948,1.48395192,1.080946608,-0.583518204,0.272992787,-0.233826779,0.72822145
1497534984008130000,93664,1.416549595,1.491812111,1.081731762,-0.583288247,0.274167803,-0.233505844,0.728067207
1497534984018140000,93665,1.415036468,1.49961501,1.082395428,-0.581363834,0.275047645,-0.233689874,0.729214596
1497534984028110000,93666,1.413609336,1.50758489,1.082786779,-0.580541678,0.274736266,-0.23298997,0.730210256
1497534984038130000,93667,1.412149069,1.515607977,1.08311229,-0.57988578,0.274329617,-0.232237266,0.731123516
1497534984048140000,93668,1.410766476,1.523802836,1.083355399,-0.579897906,0.272747745,-0.230656471,0.732205353
1497534984058140000,93669,1.409497224,1.532192824,1.083311375,-0.580250188,0.271626352,-0.229653303,0.732658314
1497534984068070000,93670,1.408190179,1.540661984,1.083162459,-0.581133604,0.269225106,-0.227551586,0.733499729
1497534984078110000,93671,1.406926546,1.549167419,1.082927143,-0.581938017,0.267567332,-0.22568413,0.734045326
1497534984088160000,93672,1.40556228,1.557787913,1.082234143,-0.583073105,0.26484861,-0.223277381,0.734866096
1497534984098120000,93673,1.404252833,1.566561394,1.08168169,-0.585004441,0.262170833,-0.220351056,0.735174585
1497534984108150000,93674,1.402954801,1.5755365,1.080594722,-0.58606945,0.259568031,-0.217278297,0.736163826
1497534984118130000,93675,1.401711483,1.584680254,1.079443022,-0.588490694,0.256224841,-0.212597164,0.736769964
1497534984128120000,93676,1.400437645,1.593933655,1.078032222,-0.591648503,0.252567647,-0.207732301,0.736891392
1497534984138140000,93677,1.39911967,1.603318678,1.076534551,-0.59403099,0.248280569,-0.202219026,0.737964367
1497534984148120000,93678,1.397726412,1.612915055,1.074647801,-0.598254176,0.242859634,-0.195465654,0.738176346
1497534984158140000,93679,1.396391628,1.622747377,1.072876215,-0.602208898,0.237033276,-0.188855961,0.738575044
1497534984168130000,93680,1.394817388,1.632853589,1.070934497,-0.606959231,0.231334915,-0.182274575,0.738146752
1497534984178110000,93681,1.393165076,1.64294853,1.069032637,-0.611380126,0.226860402,-0.176429285,0.737306861
1497534984188140000,93682,1.391415382,1.653085494,1.066994919,-0.615384011,0.222163924,-0.17025944,0.736856453
1497534984198080000,93683,1.389386737,1.663054059,1.064964483,-0.618797532,0.217970983,-0.163326055,0.736819425
1497534984208140000,93684,1.387239624,1.672954845,1.063196216,-0.620974486,0.214268896,-0.156970132,0.737455019
1497534984218160000,93685,1.38483799,1.682772603,1.061418377,-0.622821967,0.209070495,-0.15043217,0.738750626
1497534984228120000,93686,1.38233675,1.692519786,1.059736134,-0.624046725,0.204818344,-0.144520293,0.740087168
1497534984238150000,93687,1.379780365,1.702220823,1.058402233,-0.624801438,0.199604778,-0.138590505,0.742006582
1497534984248130000,93688,1.377544934,1.711961708,1.05734857,-0.624249339,0.194157538,-0.133169215,0.744903734
1497534984258140000,93689,1.375358699,1.72178569,1.056450097,-0.623949411,0.190082338,-0.12797222,0.747113746
1497534984268150000,93690,1.373243504,1.731744512,1.055771983,-0.624143598,0.186267112,-0.12325874,0.748703289
1497534984278110000,93691,1.371251292,1.741916299,1.054860186,-0.623279244,0.183641459,-0.118309545,0.750867265
1497534984288140000,93692,1.369291869,1.752422089,1.053991528,-0.621511102,0.181043133,-0.113631967,0.75368104
1497534984298100000,93693,1.367094307,1.763131748,1.052996456,-0.620340172,0.178188343,-0.108709437,0.75604844
1497534984308140000,93694,1.364711233,1.774180973,1.051963441,-0.619977222,0.174813469,-0.10276693,0.757962699
1497534984318100000,93695,1.362153999,1.785750906,1.050528097,-0.620327324,0.170328084,-0.096585136,0.759508832
1497534984328110000,93696,1.359319384,1.797479406,1.049318543,-0.620777225,0.164390074,-0.090927232,0.761146358
1497534984338150000,93697,1.356249256,1.809331959,1.048167498,-0.623525385,0.158785805,-0.083970864,0.760888991
1497534984348110000,93698,1.352969328,1.821032678,1.047723491,-0.625081012,0.153466327,-0.078331307,0.761305472
1497534984358160000,93699,1.349473711,1.832428883,1.047487263,-0.627448223,0.148116115,-0.072235166,0.761020647
1497534984368190000,93700,1.345971535,1.843577604,1.048021721,-0.629170859,0.143424846,-0.067919428,0.760894404
1497534984378160000,93701,1.3424664,1.854503687,1.049325474,-0.631581401,0.139183548,-0.063596027,0.760058169
1497534984388100000,93702,1.339251643,1.865279661,1.051294408,-0.634504887,0.136169548,-0.060660856,0.75840732
1497534984398140000,93703,1.336152291,1.875687259,1.053702216,-0.638252443,0.13325413,-0.057897056,0.755992782
1497534984408140000,93704,1.333203747,1.885724105,1.056400038,-0.640839385,0.12959099,-0.055384134,0.754628157
1497534984418110000,93705,1.330150688,1.89574278,1.059090794,-0.64232551,0.125878144,-0.053538754,0.754126139
1497534984428100000,93706,1.327052472,1.905689047,1.061631318,-0.643707284,0.120889227,-0.050677613,0.753961874
1497534984438130000,93707,1.323887557,1.915773094,1.06398073,-0.645108719,0.115949519,-0.048919719,0.753655963
1497534984448120000,93708,1.320613198,1.925594709,1.065782717,-0.645997768,0.111169648,-0.046110878,0.753791735
1497534984458100000,93709,1.317086104,1.935435607,1.067230192,-0.647955777,0.106178751,-0.043619266,0.752978581
1497534984468120000,93710,1.313614508,1.945046115,1.068590126,-0.648562188,0.099080504,-0.04099956,0.753570951
1497534984478090000,93711,1.309768491,1.954042098,1.069366409,-0.650251334,0.093122914,-0.037722523,0.753046039
1497534984488120000,93712,1.305704826,1.963022327,1.069930779,-0.654203539,0.083767481,-0.034102506,0.750891309
1497534984498040000,93713,1.301606711,1.971660032,1.070463798,-0.659058204,0.074471779,-0.030954763,0.747755335
1497534984508060000,93714,1.29774432,1.979627884,1.070478599,-0.663035226,0.063246012,-0.024946311,0.745494408
1497534984518140000,93715,1.293745842,1.98743625,1.07066465,-0.668861753,0.054216578,-0.019882197,0.741140483
1497534984528020000,93716,1.289950714,1.995133851,1.070706752,-0.673651689,0.045858673,-0.014891763,0.737474487
1497534984538130000,93717,1.286346228,2.002553606,1.070853535,-0.677399122,0.039028698,-0.011106663,0.734495631
1497534984548110000,93718,1.28271405,2.009609893,1.07081441,-0.68184615,0.03440727,-0.005833595,0.730662669
1497534984558140000,93719,1.279152277,2.016434354,1.070733462,-0.685244514,0.029032809,-0.000653314,0.727733897
1497534984568050000,93720,1.275578653,2.022853564,1.070851885,-0.687600495,0.023435032,0.003682549,0.72570159
1497534984578040000,93721,1.271897135,2.029133735,1.071001456,-0.688447655,0.02041867,0.008059556,0.724953756
1497534984588220000,93722,1.268481079,2.034516295,1.070443144,-0.685689058,0.018153969,0.012062336,0.727568175
1497534984598180000,93723,1.264967752,2.040589933,1.070017133,-0.688098312,0.015313107,0.017276216,0.725250132
1497534984608160000,93724,1.261459445,2.046525049,1.069942376,-0.689726901,0.012273788,0.022162558,0.723626269
1497534984618150000,93725,1.257980458,2.052718026,1.069732538,-0.692810952,0.008272342,0.028441735,0.720510667
1497534984628120000,93726,1.254278067,2.058740238,1.069569097,-0.693316008,0.008376399,0.032785695,0.719838765
1497534984638160000,93727,1.250620088,2.064718071,1.069283755,-0.694704174,0.005222565,0.036909503,0.718328981
1497534984648130000,93728,1.246808891,2.070664372,1.069072079,-0.696079204,0.002400907,0.041384732,0.716767243
1497534984658140000,93729,1.242880864,2.076749576,1.068913762,-0.698804997,-0.0007636,0.045993661,0.713831616
1497534984668140000,93730,1.238548157,2.082797247,1.068441895,-0.701392355,-0.003246466,0.049606346,0.711039686
1497534984678120000,93731,1.234223761,2.088855781,1.068095669,-0.7039825,-0.007199743,0.05392538,0.708130536
1497534984688150000,93732,1.229621132,2.095066774,1.067421588,-0.706310082,-0.012229888,0.056949054,0.705502164
1497534984698140000,93733,1.224809387,2.100961085,1.067060125,-0.708998264,-0.016226875,0.059402395,0.702516552
1497534984708100000,93734,1.219827996,2.106958382,1.066323677,-0.711740093,-0.020950027,0.062961424,0.699301791
1497534984718140000,93735,1.21470253,2.113005248,1.065553063,-0.713833235,-0.025932639,0.066421129,0.696676284
1497534984728160000,93736,1.209469603,2.1188783,1.064746532,-0.716046221,-0.031420967,0.068886376,0.693934578
1497534984738140000,93737,1.204256195,2.124765055,1.063961959,-0.71826727,-0.036343276,0.072087318,0.691067807
1497534984748140000,93738,1.198948713,2.130630182,1.062850115,-0.719778723,-0.041131758,0.075284477,0.68888244
1497534984758110000,93739,1.193680713,2.136094339,1.062037213,-0.720905535,-0.045112234,0.077913939,0.687160472
1497534984768040000,93740,1.188388251,2.141667625,1.060908774,-0.723268368,-0.04988282,0.079799787,0.684124672
1497534984778160000,93741,1.183088535,2.147364012,1.059916236,-0.725940289,-0.053206356,0.082527399,0.680712134
1497534984788140000,93742,1.177716352,2.152724642,1.058503767,-0.727322865,-0.055682993,0.084102058,0.678842911
1497534984798140000,93743,1.172321907,2.158681247,1.057289145,-0.731029712,-0.05914165,0.08493404,0.674450913
1497534984808140000,93744,1.166829389,2.164282585,1.056015859,-0.734005387,-0.06156578,0.085354468,0.670939909
1497534984818150000,93745,1.161289378,2.169679373,1.054393582,-0.735525928,-0.066382754,0.086850157,0.668619466
1497534984828120000,93746,1.155700874,2.175258455,1.052793404,-0.737334651,-0.068921067,0.08878408,0.666111766
1497534984838130000,93747,1.149931483,2.180828946,1.051247782,-0.740055855,-0.072175077,0.088514531,0.662776937
1497534984848090000,93748,1.143985021,2.186614896,1.049590554,-0.742330392,-0.076086115,0.088769725,0.659754824
1497534984858090000,93749,1.137986682,2.192386354,1.047893988,-0.743968131,-0.077790839,0.089261763,0.657641501
1497534984868150000,93750,1.131738431,2.198033759,1.046076819,-0.747224761,-0.080898364,0.089813408,0.653486162
1497534984878120000,93751,1.125342185,2.203731104,1.044277482,-0.750106813,-0.082717742,0.089143184,0.650039258
1497534984888160000,93752,1.118883598,2.209310415,1.04243752,-0.751635573,-0.086128756,0.089963366,0.647713205
1497534984898150000,93753,1.112314276,2.214980296,1.040834669,-0.753766606,-0.089597853,0.090179584,0.644729224
1497534984908080000,93754,1.105752416,2.220048956,1.038757227,-0.75498721,-0.089955289,0.090237403,0.643241456
1497534984918160000,93755,1.098840403,2.225833525,1.037455918,-0.75534448,-0.095190982,0.091591637,0.641875663
1497534984928120000,93756,1.091944429,2.230522097,1.035567314,-0.75691773,-0.09594034,0.091658733,0.639898177
1497534984938130000,93757,1.084873201,2.235387011,1.033695332,-0.756948073,-0.098478901,0.093466441,0.639214788
1497534984948130000,93758,1.07757713,2.239947379,1.032119354,-0.756461344,-0.100271758,0.093844751,0.639456779
1497534984958180000,93759,1.070032893,2.244617886,1.030697564,-0.757396107,-0.103611113,0.096109271,0.637478534
1497534984968150000,93760,1.062284756,2.249241156,1.029107154,-0.756556893,-0.106051532,0.098221976,0.637751663
1497534984978130000,93761,1.054543568,2.253455395,1.02765959,-0.757155833,-0.10645631,0.098268169,0.636965828
1497534984988150000,93762,1.046476072,2.258035895,1.026426656,-0.75730825,-0.108447036,0.099443238,0.636266059
1497534984998160000,93763,1.038293221,2.262548749,1.025335059,-0.756884435,-0.108950551,0.100577698,0.636505975
1497534985008150000,93764,1.029920395,2.267049301,1.024619039,-0.756715575,-0.108057666,0.100934898,0.636802345
1497534985018190000,93765,1.021207917,2.271642089,1.024379902,-0.756513521,-0.107552727,0.101506464,0.637037002
1497534985028130000,93766,1.012386485,2.275827412,1.024317396,-0.755773426,-0.106108643,0.10181633,0.638107295
1497534985038140000,93767,1.003095662,2.279984515,1.02454024,-0.755452948,-0.105958835,0.103508033,0.638239498
1497534985048140000,93768,0.993459024,2.283918677,1.024950172,-0.754915007,-0.105444593,0.105655689,0.63860915
1497534985058200000,93769,0.983404584,2.287864085,1.025597752,-0.754193273,-0.106318858,0.108191583,0.638892314
1497534985068080000,93770,0.973004025,2.29140505,1.026341952,-0.754714281,-0.107461885,0.11250532,0.637338881
1497534985078140000,93771,0.962315977,2.295125107,1.027681348,-0.752868199,-0.110973314,0.117554197,0.638008941
1497534985088160000,93772,0.951448173,2.298457714,1.028973728,-0.751444007,-0.113532409,0.122981708,0.638214537
1497534985098150000,93773,0.940636544,2.301058843,1.030360675,-0.749877735,-0.115861902,0.127946852,0.638661886
1497534985108160000,93774,0.929952995,2.303640739,1.03200441,-0.74790156,-0.118971239,0.134109263,0.639143025
1497534985118170000,93775,0.919330184,2.306085648,1.03392684,-0.743958244,-0.122192738,0.139721015,0.641929205
1497534985128140000,93776,0.908880646,2.308401494,1.035737332,-0.740507775,-0.125960971,0.144965635,0.644024094
1497534985138160000,93777,0.898592479,2.31032281,1.037407717,-0.737042096,-0.129721125,0.150113013,0.646070787
1497534985148110000,93778,0.888721025,2.312022599,1.03897245,-0.732341262,-0.134340503,0.155232831,0.649254707
1497534985158240000,93779,0.879071795,2.313637767,1.040283443,-0.727686027,-0.13738282,0.159157121,0.652892041
1497534985168130000,93780,0.869719925,2.315189738,1.041393822,-0.722216895,-0.141746757,0.163639399,0.656911531
1497534985178140000,93781,0.860844656,2.316786987,1.042260806,-0.716878822,-0.145112406,0.167242973,0.661102815
1497534985188150000,93782,0.852238732,2.318408771,1.042643551,-0.711683402,-0.146616965,0.169996804,0.665666048
1497534985198160000,93783,0.843946366,2.32047286,1.043191917,-0.706088956,-0.148349289,0.17326709,0.670380034
1497534985208160000,93784,0.8359465,2.322263169,1.04327564,-0.70288378,-0.145047745,0.176808856,0.673538545
1497534985218120000,93785,0.828049842,2.324627796,1.043807733,-0.698656492,-0.143217171,0.181229001,0.677144001
1497534985228140000,93786,0.820328032,2.326776735,1.044406552,-0.695776438,-0.14050502,0.185679057,0.679468009
1497534985238110000,93787,0.812557803,2.328867653,1.045034815,-0.69227253,-0.137306593,0.191721478,0.682017976
1497534985248100000,93788,0.804848415,2.331248363,1.046177317,-0.688795284,-0.136028252,0.197182646,0.684234153
1497534985258150000,93789,0.797033073,2.333678883,1.047639314,-0.68452439,-0.135662248,0.203828099,0.68664126
1497534985268150000,93790,0.789285703,2.335518061,1.048819974,-0.681730041,-0.134158108,0.210176631,0.687801961
1497534985278120000,93791,0.781688166,2.337639603,1.050391682,-0.678730618,-0.133454218,0.215011557,0.689408986
1497534985288120000,93792,0.774033921,2.339834694,1.052335506,-0.675580812,-0.13468838,0.220369186,0.690570075
1497534985298090000,93793,0.766458516,2.341603323,1.053851212,-0.67193069,-0.134482455,0.225718051,0.692441317
1497534985308080000,93794,0.758897404,2.343486279,1.055659879,-0.669304929,-0.134927864,0.229948954,0.693504767
1497534985318120000,93795,0.751382164,2.345099142,1.057136341,-0.665648425,-0.135778836,0.235320406,0.695054378
1497534985328160000,93796,0.743826803,2.346840004,1.05883199,-0.662055073,-0.137267738,0.240487458,0.696424031
1497534985338210000,93797,0.736122963,2.34859757,1.060457882,-0.658159311,-0.139020825,0.245757842,0.697927371
1497534985348170000,93798,0.728313657,2.35016261,1.061718753,-0.655570197,-0.139549719,0.250241363,0.698665051
1497534985358220000,93799,0.720430445,2.352094484,1.063172558,-0.652541736,-0.142309694,0.254996496,0.699223871
1497534985368150000,93800,0.712512838,2.35374747,1.064333024,-0.65040728,-0.145182587,0.259837077,0.69883981
1497534985378090000,93801,0.704442227,2.35579553,1.06563963,-0.647349865,-0.148274699,0.264068907,0.699442905
1497534985388160000,93802,0.696524128,2.357403162,1.066393812,-0.64594334,-0.150782892,0.2675895,0.698868786
1497534985398150000,93803,0.688626916,2.359075139,1.067113875,-0.643418011,-0.15383204,0.271316056,0.699096964
1497534985408170000,93804,0.68070531,2.360938556,1.067956292,-0.641174055,-0.157353281,0.273988228,0.699332701
1497534985418170000,93805,0.672859961,2.362636332,1.068499374,-0.639559337,-0.160286602,0.276591904,0.699120145
1497534985428140000,93806,0.665031565,2.364377799,1.068897425,-0.636831721,-0.164688128,0.27965614,0.699368017
1497534985438160000,93807,0.65720733,2.365929774,1.068953514,-0.635560551,-0.167986542,0.281394731,0.699042426
1497534985448180000,93808,0.649467114,2.367696755,1.068843681,-0.633250176,-0.172905356,0.284341057,0.698747534
1497534985458170000,93809,0.641571668,2.369551149,1.068550749,-0.6319579,-0.175851843,0.286552328,0.698278673
1497534985468150000,93810,0.63371467,2.37138608,1.06787267,-0.631408151,-0.17991704,0.288808537,0.696809324
1497534985478120000,93811,0.625880654,2.373188472,1.066963426,-0.631005214,-0.182782746,0.291928658,0.695126281
1497534985488160000,93812,0.617848381,2.375306532,1.065988469,-0.630786445,-0.18476514,0.293754515,0.694030683
1497534985498170000,93813,0.60980204,2.377792017,1.06495867,-0.630439536,-0.187973107,0.294991093,0.692959131
1497534985508160000,93814,0.601701442,2.379966136,1.063387214,-0.632353694,-0.190366257,0.296650051,0.689846534
1497534985518160000,93815,0.593473963,2.38241711,1.061692728,-0.63351849,-0.191932907,0.297771411,0.687857739
1497534985528070000,93816,0.585092113,2.384733229,1.05954335,-0.635525628,-0.193515008,0.298900071,0.685067781
1497534985538090000,93817,0.576506039,2.387299196,1.057194158,-0.636602036,-0.19538072,0.300564973,0.682806648
1497534985548170000,93818,0.56781074,2.390012566,1.054975267,-0.638129086,-0.198379381,0.301682567,0.680018029
1497534985558160000,93819,0.558872663,2.392697952,1.05256448,-0.639301145,-0.201857785,0.303380632,0.677131946
1497534985568080000,93820,0.549648186,2.395197399,1.049953332,-0.64072173,-0.204376576,0.304416344,0.674563984
1497534985578160000,93821,0.540398052,2.397470489,1.047249519,-0.641521773,-0.207226066,0.306085594,0.672174666
1497534985588180000,93822,0.531100205,2.399746496,1.044704465,-0.641340934,-0.21008947,0.309052238,0.670097706
1497534985598200000,93823,0.521887837,2.401952726,1.042485254,-0.641803085,-0.212040255,0.310982456,0.668144927
1497534985608180000,93824,0.512966781,2.403858732,1.04005487,-0.64098918,-0.214248038,0.315016057,0.666329898
1497534985618190000,93825,0.504284892,2.405699376,1.037776524,-0.63926872,-0.213736607,0.318911651,0.666293874
1497534985628100000,93826,0.49569406,2.407556613,1.035895482,-0.637371107,-0.213850691,0.322404076,0.666394452
1497534985638170000,93827,0.48701673,2.409363387,1.033984004,-0.634144158,-0.213437317,0.326113994,0.667798894
1497534985648170000,93828,0.478115379,2.411245406,1.032357327,-0.631670342,-0.211439573,0.328741368,0.66948861
1497534985658160000,93829,0.468941863,2.413545326,1.030996784,-0.629092203,-0.210222711,0.331152996,0.671108863
1497534985668160000,93830,0.459219689,2.415967284,1.029572908,-0.62670965,-0.207133345,0.333641067,0.673063467
1497534985678160000,93831,0.449344831,2.418514627,1.028248335,-0.625588254,-0.204499405,0.336591596,0.673442965
1497534985688170000,93832,0.438873918,2.421169948,1.026804385,-0.624041321,-0.200841307,0.339556177,0.674490031
1497534985698190000,93833,0.427980401,2.424142485,1.025592749,-0.622775332,-0.199216338,0.343056707,0.674370694
1497534985708180000,93834,0.416904191,2.427032427,1.02435688,-0.620980593,-0.197690887,0.345959593,0.67499139
1497534985718180000,93835,0.405402023,2.429888768,1.02319691,-0.618326323,-0.1987462,0.349190862,0.675454105
1497534985728110000,93836,0.393839268,2.433027153,1.022591044,-0.616767273,-0.200621974,0.35141742,0.675170165
1497534985738160000,93837,0.382345813,2.435990851,1.022401727,-0.613896894,-0.202576517,0.353468107,0.676131389
1497534985748160000,93838,0.370933701,2.439007792,1.022949545,-0.613023782,-0.20545291,0.35440872,0.675563027
1497534985758160000,93839,0.359856422,2.442102517,1.024257284,-0.612970694,-0.20809326,0.353037746,0.675520891
1497534985768100000,93840,0.349071165,2.444978291,1.025924396,-0.614192424,-0.21041174,0.351201713,0.674649481
1497534985778150000,93841,0.338653621,2.448295313,1.028177829,-0.616313641,-0.213078539,0.348657825,0.673195924
1497534985788170000,93842,0.328464033,2.451477284,1.030260992,-0.617549184,-0.214631918,0.346619838,0.672622356
1497534985798180000,93843,0.318425726,2.455104505,1.03264251,-0.618999454,-0.21623746,0.344375346,0.671927568
1497534985808170000,93844,0.308758252,2.45888666,1.035091445,-0.620696364,-0.216059311,0.341298304,0.671989483
1497534985818180000,93845,0.299269416,2.462794635,1.037382278,-0.622709029,-0.215003914,0.338242304,0.672011106
1497534985828150000,93846,0.290146645,2.466685892,1.039383033,-0.624934027,-0.212461882,0.334661676,0.672546633
1497534985838180000,93847,0.281210773,2.470578929,1.041263966,-0.626864322,-0.209390143,0.330919794,0.673564385
1497534985848160000,93848,0.272534159,2.474196308,1.042862374,-0.628428853,-0.207013708,0.327342311,0.674588402
1497534985858170000,93849,0.26393744,2.477503354,1.044175018,-0.62952676,-0.206042636,0.323925877,0.67551056
1497534985868060000,93850,0.255469324,2.480628012,1.045392334,-0.630349374,-0.206034542,0.319690621,0.676762396
1497534985878150000,93851,0.24717109,2.483378822,1.046164288,-0.630977333,-0.207678935,0.316036778,0.677390449
1497534985888140000,93852,0.238805756,2.48590967,1.046857302,-0.632371979,-0.210826781,0.313623703,0.676238066
1497534985898160000,93853,0.230603484,2.488268255,1.047417682,-0.633876588,-0.214892773,0.311026255,0.674747535
1497534985908160000,93854,0.222414843,2.490831903,1.048123933,-0.637093089,-0.219610644,0.309590164,0.670848337
1497534985918140000,93855,0.21445873,2.493192091,1.048623138,-0.639819886,-0.223431866,0.309013126,0.667247782
1497534985928140000,93856,0.206604718,2.495634998,1.049134728,-0.642480354,-0.226506016,0.308985243,0.663658149
1497534985938170000,93857,0.198949736,2.497995271,1.049678193,-0.645462732,-0.229266945,0.309230692,0.65969001
1497534985948150000,93858,0.191558893,2.500270582,1.050045758,-0.647906544,-0.230913963,0.309393725,0.65663641
1497534985958160000,93859,0.184322494,2.502474143,1.050400453,-0.650150447,-0.232054846,0.309834367,0.653802424
1497534985968040000,93860,0.177302593,2.504532696,1.050425177,-0.652134507,-0.232430827,0.311020239,0.651124341
1497534985978130000,93861,0.170309121,2.506712673,1.050582407,-0.654270023,-0.23267882,0.31122451,0.648791652
1497534985988150000,93862,0.163649896,2.508721931,1.050648751,-0.656212228,-0.232173561,0.311398567,0.646924944
1497534985998170000,93863,0.157128713,2.510717357,1.050831309,-0.658148915,-0.231623831,0.311003243,0.645342846
1497534986008160000,93864,0.150598417,2.512555702,1.050735819,-0.660159107,-0.231266184,0.311305519,0.643268824
1497534986018070000,93865,0.144270623,2.514319262,1.050780476,-0.662524383,-0.230995961,0.310339129,0.641398419
1497534986028120000,93866,0.137854492,2.516217341,1.050766885,-0.665060215,-0.231094403,0.309315762,0.63922926
1497534986038090000,93867,0.131497668,2.518021355,1.050642457,-0.667310371,-0.231498491,0.308725162,0.637019695
1497534986048100000,93868,0.125164928,2.519828064,1.050448161,-0.670030112,-0.231408414,0.307177473,0.634942355
1497534986058110000,93869,0.118772831,2.521550593,1.050142401,-0.672401194,-0.231559163,0.305880227,0.633004167
1497534986068150000,93870,0.112367935,2.523206788,1.049776436,-0.674249544,-0.23186951,0.304590504,0.6315447
1497534986078190000,93871,0.105927386,2.524749636,1.049374647,-0.676159711,-0.232178791,0.303058818,0.630124121
1497534986088170000,93872,0.09941958,2.526282436,1.048917897,-0.677938658,-0.233061985,0.302138545,0.62832602
1497534986098180000,93873,0.092845826,2.527737732,1.04834159,-0.679719564,-0.234148229,0.301030584,0.62652734
1497534986108170000,93874,0.086100638,2.529137902,1.047682793,-0.681909104,-0.234834529,0.29953774,0.624603763
1497534986118180000,93875,0.079401333,2.530547689,1.046998572,-0.683497522,-0.235488095,0.297635899,0.623529764
1497534986128150000,93876,0.072558445,2.531956404,1.046232145,-0.685409082,-0.23594515,0.295681751,0.622186932
1497534986138140000,93877,0.065589178,2.533403443,1.045535596,-0.687404906,-0.236207808,0.293151232,0.621081896
1497534986148180000,93878,0.058557696,2.534838685,1.04466521,-0.689799074,-0.236138637,0.290753015,0.619579265
1497534986158170000,93879,0.05124955,2.536352984,1.0438001,-0.692346046,-0.236960796,0.288434184,0.617504863
1497534986168200000,93880,0.044001626,2.537782419,1.042845432,-0.694321776,-0.236357604,0.286099259,0.61660325
1497534986178160000,93881,0.036399273,2.539278982,1.041879409,-0.696758507,-0.237168887,0.283545232,0.614719939
1497534986188170000,93882,0.02884757,2.540628617,1.040658496,-0.698443732,-0.237459971,0.281716353,0.613534849
1497534986198190000,93883,0.021001096,2.541951638,1.039520507,-0.700200168,-0.238741761,0.279740282,0.611937473
1497534986208180000,93884,0.012957945,2.543345997,1.03830111,-0.702911729,-0.239225955,0.277402305,0.609699931
1497534986218190000,93885,0.004850084,2.544509476,1.036903876,-0.705089981,-0.240156021,0.27570342,0.607586066
1497534986228140000,93886,-0.003397794,2.545904125,1.035563996,-0.707478623,-0.241739455,0.273258808,0.60528147
1497534986238180000,93887,-0.011741099,2.547211226,1.034272295,-0.708992363,-0.243651889,0.271768273,0.603411628
1497534986248150000,93888,-0.019969456,2.548267704,1.032871418,-0.711440114,-0.244249142,0.269318153,0.601384281
1497534986258380000,93889,-0.028267332,2.549379926,1.031474629,-0.712585681,-0.245526793,0.267500085,0.600318204
1497534986268290000,93890,-0.036369853,2.550392561,1.030115534,-0.714222631,-0.245709412,0.26536968,0.599242731
1497534986278150000,93891,-0.04440619,2.551196435,1.028588605,-0.714672252,-0.246684587,0.263224344,0.599252227
1497534986288170000,93892,-0.052451358,2.552075437,1.02715122,-0.715493857,-0.24773474,0.261238384,0.598707396
1497534986298180000,93893,-0.060468418,2.552758556,1.025711548,-0.716343034,-0.247547032,0.259836963,0.598379376
1497534986308180000,93894,-0.068374434,2.55327855,1.024132021,-0.717127748,-0.247809338,0.258725715,0.597812118
1497534986318180000,93895,-0.076318931,2.553832202,1.022695155,-0.717858911,-0.24851921,0.257712824,0.597076952
1497534986328160000,93896,-0.084424549,2.554347522,1.021258555,-0.71849669,-0.248732312,0.257705833,0.596223488
1497534986338190000,93897,-0.092411199,2.554662919,1.019895372,-0.718202365,-0.248622262,0.257260497,0.596816028
1497534986348180000,93898,-0.100487523,2.554899614,1.018512921,-0.718127834,-0.248450811,0.256199766,0.597433083
1497534986358180000,93899,-0.108657685,2.555086444,1.017175576,-0.718383796,-0.247554871,0.255369008,0.597852805
1497534986368170000,93900,-0.116959525,2.555239343,1.015860291,-0.718488834,-0.246086547,0.25435405,0.598764749
1497534986378150000,93901,-0.125333561,2.555364033,1.014505323,-0.719262956,-0.244361116,0.252660308,0.599258887
1497534986388170000,93902,-0.133980372,2.555616229,1.013437839,-0.719301314,-0.242658609,0.251538834,0.600375411
1497534986398190000,93903,-0.142739206,2.555679959,1.012492791,-0.719764054,-0.240448785,0.249835761,0.601420136
1497534986408130000,93904,-0.151879404,2.555732628,1.01139859,-0.720469858,-0.238703676,0.2490323,0.601603401
1497534986418190000,93905,-0.160997468,2.555641094,1.010714972,-0.721503597,-0.235907237,0.247557763,0.602075982
1497534986428160000,93906,-0.170310319,2.555505501,1.010397956,-0.722357683,-0.233505031,0.246938426,0.602242636
1497534986438170000,93907,-0.179869261,2.554900679,1.010289089,-0.721366164,-0.231793967,0.246541455,0.604251376
1497534986448140000,93908,-0.189538091,2.554312483,1.010663186,-0.721065057,-0.229440952,0.247157331,0.605256382
1497534986458180000,93909,-0.199483739,2.553057631,1.011048334,-0.719897806,-0.228763607,0.248231913,0.606461275
1497534986468160000,93910,-0.209616519,2.55192235,1.011784348,-0.718753,-0.22841403,0.250131088,0.607170153
1497534986478080000,93911,-0.219892768,2.550481515,1.012797773,-0.717143869,-0.228139473,0.252998355,0.60798757
1497534986488180000,93912,-0.230191681,2.548714975,1.013829741,-0.715564835,-0.228205653,0.257110901,0.608097962
1497534986498210000,93913,-0.240560581,2.546817342,1.015402515,-0.712942321,-0.229658728,0.261452797,0.608779558
1497534986508200000,93914,-0.25065751,2.544501374,1.016774013,-0.710037007,-0.230807605,0.266612119,0.609502483
1497534986518200000,93915,-0.260677744,2.542215985,1.018445656,-0.706044197,-0.232402591,0.271821416,0.611231336
1497534986528170000,93916,-0.270349037,2.539628512,1.020067608,-0.701908955,-0.233007601,0.276397956,0.61370632
1497534986538160000,93917,-0.279711046,2.53705717,1.021892451,-0.697469113,-0.233802066,0.281041088,0.616351634
1497534986548120000,93918,-0.288828473,2.534360604,1.023388656,-0.691732198,-0.235999389,0.286005697,0.619686692
1497534986558200000,93919,-0.29758639,2.531857536,1.024906419,-0.686422191,-0.236675377,0.290260653,0.623344283
1497534986568130000,93920,-0.306095416,2.529702344,1.02626998,-0.680524055,-0.237246843,0.294179328,0.627741562
1497534986578180000,93921,-0.314198427,2.52741977,1.027347242,-0.67541613,-0.237308027,0.29756325,0.631628105
1497534986588130000,93922,-0.321914277,2.525458704,1.028089165,-0.67004666,-0.236831845,0.300910093,0.63592552
1497534986598120000,93923,-0.329412798,2.523810687,1.028787277,-0.665013139,-0.234499346,0.303834321,0.640665504
1497534986608110000,93924,-0.336842113,2.522478573,1.029401393,-0.661091601,-0.231524532,0.30635649,0.644592885
1497534986618210000,93925,-0.343943716,2.521383239,1.030322976,-0.657171864,-0.226196477,0.309100534,0.649166507
1497534986628170000,93926,-0.350806454,2.520270184,1.030863912,-0.654408701,-0.221077247,0.312184517,0.6522384
1497534986638210000,93927,-0.35776562,2.519521713,1.031803588,-0.651101491,-0.21622041,0.31561381,0.655517739
1497534986648210000,93928,-0.364388096,2.518621189,1.032789237,-0.647997655,-0.210840311,0.319686219,0.658366253
1497534986658180000,93929,-0.371226459,2.518017165,1.033831207,-0.64580746,-0.205829317,0.323223827,0.660373662
1497534986668180000,93930,-0.377959356,2.516908,1.034770973,-0.643771164,-0.20223914,0.326705307,0.661756497
1497534986678090000,93931,-0.384748851,2.516142507,1.036350831,-0.640691082,-0.200117809,0.329038452,0.664230003
1497534986688180000,93932,-0.39140395,2.5149966,1.03764363,-0.637548157,-0.197093994,0.33208849,0.666635988
1497534986698200000,93933,-0.3982177,2.513945484,1.039698747,-0.634438204,-0.197085655,0.334565266,0.66836479
1497534986708190000,93934,-0.40496724,2.512648113,1.041322553,-0.630236612,-0.196093245,0.337355895,0.671222952
1497534986718190000,93935,-0.411805593,2.511552443,1.043404509,-0.626424161,-0.194675778,0.339462909,0.674135777
1497534986728180000,93936,-0.418618833,2.510298692,1.045282267,-0.623575797,-0.196322565,0.341849678,0.675092196
1497534986738190000,93937,-0.425572845,2.509551062,1.047066725,-0.621123543,-0.194449539,0.344079391,0.676760145
1497534986748140000,93938,-0.432650669,2.50839356,1.048314818,-0.618525626,-0.195850645,0.346762854,0.677365557
1497534986758130000,93939,-0.43986725,2.507832624,1.049953515,-0.616567887,-0.194845232,0.34879161,0.678397958
1497534986768080000,93940,-0.44701169,2.507109291,1.050769122,-0.615723078,-0.195597443,0.352015546,0.677282649
1497534986778070000,93941,-0.454425555,2.506431496,1.051586257,-0.614594985,-0.195910375,0.35410453,0.67712784
1497534986788230000,93942,-0.46185875,2.505796796,1.052134316,-0.613043208,-0.197047137,0.356052843,0.677183006
1497534986798200000,93943,-0.469454914,2.505394666,1.05240593,-0.612049097,-0.198235456,0.358012959,0.676701802
1497534986808170000,93944,-0.477218584,2.504745093,1.052340525,-0.610947332,-0.201222253,0.359594963,0.675976645
1497534986818180000,93945,-0.48514547,2.504359712,1.052238571,-0.610214244,-0.204009107,0.361071595,0.675015677
1497534986828150000,93946,-0.493188972,2.50391137,1.051907827,-0.61015947,-0.206769288,0.362621368,0.673392624
1497534986838190000,93947,-0.501522366,2.503694714,1.051620846,-0.609400819,-0.21040178,0.364504878,0.671935954
1497534986848180000,93948,-0.51017435,2.5033695,1.050734856,-0.609754912,-0.214560196,0.366403851,0.669261598
1497534986858270000,93949,-0.518865372,2.503235952,1.050015419,-0.609519657,-0.218243024,0.368062968,0.667372027
1497534986868310000,93950,-0.527836822,2.503018129,1.048910418,-0.610365826,-0.222060282,0.370447023,0.664011892
1497534986878160000,93951,-0.537050754,2.503108977,1.047919581,-0.61203847,-0.224996643,0.372425957,0.660366813
1497534986888170000,93952,-0.546457322,2.503117972,1.046453454,-0.612424737,-0.229761619,0.375422321,0.656660963
1497534986898200000,93953,-0.556200163,2.503179839,1.044853127,-0.613093709,-0.234213659,0.377911441,0.653026039
1497534986908250000,93954,-0.566155904,2.502954505,1.042962875,-0.614250164,-0.239003455,0.380244612,0.648835973
1497534986918170000,93955,-0.576360442,2.502368644,1.040722058,-0.615880367,-0.243768016,0.381580836,0.644720555
1497534986928170000,93956,-0.587027868,2.501956077,1.038520504,-0.617482617,-0.249416262,0.383397629,0.639932031
1497534986938170000,93957,-0.59781494,2.501516175,1.036379137,-0.618681571,-0.255248405,0.385433885,0.635233883
1497534986948180000,93958,-0.608884339,2.500970837,1.034010746,-0.621260876,-0.261120028,0.386412595,0.62971149
1497534986958180000,93959,-0.619659817,2.500546942,1.032196293,-0.623991047,-0.265737277,0.387372225,0.62446908
1497534986968210000,93960,-0.630186864,2.500097595,1.030457787,-0.626189232,-0.269805963,0.389039281,0.619467696
1497534986978200000,93961,-0.640347101,2.499660758,1.029072297,-0.627041107,-0.272974195,0.391779759,0.615477993
1497534986988180000,93962,-0.650240954,2.4990549,1.027969483,-0.626702672,-0.275724997,0.395142634,0.61243921
1497534986998200000,93963,-0.659969826,2.498453312,1.027391241,-0.624445799,-0.276446499,0.398756984,0.612076503
1497534987008260000,93964,-0.669659052,2.497782649,1.027120093,-0.621058558,-0.276863334,0.403519603,0.61221311
1497534987018180000,93965,-0.679443215,2.496734193,1.026824505,-0.617843021,-0.275772239,0.40859314,0.612593927
1497534987028160000,93966,-0.68919088,2.495810538,1.027092222,-0.614447431,-0.275368818,0.413162653,0.613125591
1497534987038150000,93967,-0.699049213,2.494106263,1.026940576,-0.611400681,-0.274820995,0.417425388,0.613529684
1497534987048190000,93968,-0.709127845,2.49220566,1.027066753,-0.608269721,-0.275145807,0.42133228,0.613825579
1497534987058180000,93969,-0.719599379,2.490718256,1.028054683,-0.60642394,-0.277668818,0.423805611,0.612812236
1497534987068190000,93970,-0.728062771,2.485573547,1.028829859,-0.586984075,-0.274203728,0.426948654,0.63085407
1497534987078170000,93971,-0.73924369,2.484534822,1.0306028,-0.587276182,-0.27995422,0.427221063,0.627865021
1497534987088190000,93972,-0.750199837,2.483057389,1.033231434,-0.588527175,-0.288714245,0.425394747,0.623954452
1497534987098200000,93973,-0.758065673,2.480894168,1.033914277,-0.580945234,-0.289133735,0.43651642,0.623183547
1497534987108180000,93974,-0.767785594,2.47869605,1.036333539,-0.575290009,-0.294442298,0.440132738,0.623400603
1497534987118140000,93975,-0.782151395,2.480664051,1.04154771,-0.591340911,-0.316607209,0.433021979,0.602136005
1497534987128170000,93976,-0.791856532,2.478303149,1.043595695,-0.583889577,-0.320792879,0.439096717,0.602792637
1497534987138200000,93977,-0.80188151,2.476238538,1.045580731,-0.578510446,-0.325657076,0.444663625,0.601288112
1497534987148200000,93978,-0.812767533,2.473753244,1.046541114,-0.575341452,-0.333262405,0.449174354,0.596792076
1497534987158190000,93979,-0.823892761,2.471598314,1.047546797,-0.573712923,-0.342130171,0.453648574,0.589918129
1497534987168190000,93980,-0.835114346,2.469195838,1.048074146,-0.57263352,-0.35288859,0.457232561,0.581806566
1497534987178170000,93981,-0.845990866,2.466442766,1.047817375,-0.571490561,-0.363931003,0.461226275,0.572907573
1497534987188140000,93982,-0.856382015,2.463842126,1.047573251,-0.570350758,-0.375516328,0.464727904,0.563662555
1497534987198200000,93983,-0.866401441,2.460646164,1.046633533,-0.567598273,-0.387837514,0.468951694,0.554525538
1497534987208120000,93984,-0.875905893,2.457499339,1.045839813,-0.564025547,-0.400314318,0.473015975,0.545783397
1497534987218270000,93985,-0.884586399,2.454671176,1.045400429,-0.559947543,-0.412275229,0.478092331,0.536577681
1497534987228170000,93986,-0.893015224,2.451302639,1.044215991,-0.556592382,-0.4216543,0.481609253,0.529589558
1497534987238190000,93987,-0.900726638,2.448625276,1.043844887,-0.552668633,-0.429058356,0.485563381,0.524113072
1497534987248190000,93988,-0.908221304,2.44556529,1.042856774,-0.550231549,-0.435708808,0.489007582,0.517952374
1497534987258190000,93989,-0.915511311,2.442750031,1.042332603,-0.547264778,-0.440864256,0.492420999,0.513479824
1497534987268190000,93990,-0.923908181,2.438642367,1.039825257,-0.54615333,-0.440073561,0.492365123,0.515391488
1497534987278170000,93991,-0.935242602,2.436398201,1.03983047,-0.552490302,-0.421895857,0.484256189,0.531276101
1497534987288180000,93992,-0.940906937,2.433846616,1.040753667,-0.550305003,-0.435364515,0.490930464,0.516342351
1497534987298200000,93993,-0.943661029,2.428486241,1.03830355,0.54183973,0.473917096,-0.503637425,-0.477662681
1497534987308230000,93994,-0.951182592,2.424004673,1.036237102,0.543998437,0.488539271,-0.506597569,-0.456896033
1497534987318230000,93995,-0.958485264,2.419649164,1.034714968,0.544077148,0.502178999,-0.508158673,-0.439967128
1497534987328170000,93996,-0.960544919,2.420827045,1.04146089,0.526829852,0.486004304,-0.520009202,-0.464586433
1497534987338200000,93997,-0.967710623,2.416926775,1.040712594,0.526797771,0.489414911,-0.522797967,-0.457863996
1497534987348200000,93998,-0.974971479,2.413038655,1.040049559,0.527036317,0.49388176,-0.523518309,-0.45193153
1497534987358190000,93999,-0.981030698,2.408987406,1.03958859,-0.524086658,-0.500766983,0.525496595,0.4454424
1497534987368160000,94000,-0.987849465,2.404533725,1.038188128,-0.525159704,-0.503597252,0.52958623,0.436045316
1497534987378170000,94001,-0.992381955,2.399319042,1.036255359,-0.516659555,-0.505646062,0.535028476,0.437183593
1497534987388160000,94002,-0.998236768,2.394857702,1.035301263,-0.513122206,-0.511679408,0.536955988,0.431935241
1497534987398200000,94003,-1.00456099,2.389954841,1.033680817,-0.512933,-0.518030973,0.538641405,0.422384996
1497534987408190000,94004,-1.010113366,2.375708367,1.024338947,0.529678109,0.524613763,-0.525403727,-0.410088314
1497534987418190000,94005,-1.016295177,2.370637484,1.023312654,0.526947025,0.532298238,-0.526472672,-0.402258553
1497534987428160000,94006,-1.021797083,2.365682938,1.02132482,0.524158227,0.538779168,-0.527395045,-0.396017206
1497534987438190000,94007,-1.027865578,2.360668483,1.020166735,0.521416814,0.545883748,-0.527412974,-0.389834574
1497534987448180000,94008,-1.032863018,2.355981181,1.017841452,0.519499122,0.551807608,-0.526878798,-0.384743756
1497534987458150000,94009,-1.038888631,2.351143295,1.017071949,0.518641042,0.556041523,-0.525647061,-0.381476686
1497534987468160000,94010,-1.043701361,2.346730039,1.015024605,0.517841905,0.559675114,-0.524653595,-0.378605513
1497534987478060000,94011,-1.048267402,2.34244361,1.012903978,0.517685572,0.562270382,-0.523669169,-0.376329998
1497534987488120000,94012,-1.052667116,2.338168912,1.010660043,0.517504968,0.563748541,-0.523176659,-0.375049828
1497534987498150000,94013,-1.059296492,2.333428711,1.011421679,0.517592212,0.566509827,-0.521688696,-0.372834846
1497534987508220000,94014,-1.063394448,2.328873201,1.008835648,0.517271052,0.568566532,-0.52116123,-0.370882367
1497534987518200000,94015,-1.068876886,2.323888848,1.008219889,0.516324341,0.572140216,-0.520170968,-0.368085469
1497534987528250000,94016,-1.073544365,2.318876146,1.006292843,0.515461854,0.575456978,-0.519357348,-0.365261945
1497534987538220000,94017,-1.077046359,2.313842765,1.003021903,0.513299847,0.579825404,-0.518980899,-0.361917939
1497534987548200000,94018,-1.083097704,2.3082647,1.003199102,0.511768433,0.582954707,-0.518848094,-0.359240219
1497534987558200000,94019,-1.087815586,2.302890529,1.001736319,0.509817959,0.586162134,-0.51922761,-0.356233478
1497534987568190000,94020,-1.092918556,2.297370899,1.000957671,0.507920854,0.589237119,-0.519496883,-0.353467132
1497534987577980000,94021,-1.097319097,2.292097385,0.99905751,0.506567841,0.591226583,-0.519995498,-0.351347167
1497534987588150000,94022,-1.102242704,2.286897895,0.998029294,0.505098446,0.593181006,-0.520198715,-0.349864475
1497534987598220000,94023,-1.107109164,2.281739938,0.996985731,0.503753096,0.595221636,-0.519933907,-0.348730203
1497534987608190000,94024,-1.111761311,2.27690178,0.995559756,0.502308531,0.596629068,-0.520023756,-0.348274587
1497534987618150000,94025,-1.11609598,2.272230311,0.993522998,0.502265793,0.597639651,-0.518614054,-0.348705297
1497534987628190000,94026,-1.121404575,2.267633449,0.993087927,0.502449197,0.597404032,-0.517853961,-0.349972145
1497534987638140000,94027,-1.125920356,2.263210292,0.991799641,0.502814958,0.597191763,-0.517013927,-0.351049448
1497534987648160000,94028,-1.130735574,2.258806396,0.991103171,0.503008388,0.596406003,-0.516642464,-0.352651393
1497534987658260000,94029,-1.135420276,2.254196504,0.990174262,0.502748627,0.596784569,-0.515633182,-0.353856493
1497534987668200000,94030,-1.139647445,2.249415801,0.989097937,0.502323064,0.596496325,-0.515235337,-0.355522462
1497534987678180000,94031,-1.144500163,2.244298372,0.98868305,0.502453759,0.597044937,-0.514565995,-0.355386268
1497534987688100000,94032,-1.148697314,2.238866695,0.987593551,0.501131135,0.598188767,-0.514042005,-0.356087913
1497534987698200000,94033,-1.153509042,2.233046296,0.987299379,0.500103173,0.599320474,-0.513434593,-0.356506249
1497534987708180000,94034,-1.158952702,2.226868705,0.986685958,0.502328124,0.605009301,-0.5088166,-0.350336794
1497534987718200000,94035,-1.163408411,2.220507148,0.986427942,0.50082526,0.605564809,-0.508612011,-0.351822602
1497534987728170000,94036,-1.1682116,2.213964122,0.986267288,0.500989513,0.606494046,-0.507622086,-0.351417554
1497534987738200000,94037,-1.172646065,2.207122236,0.986120008,0.500400732,0.606751552,-0.507264442,-0.352327188
1497534987748190000,94038,-1.177590635,2.200129417,0.98715131,0.501181629,0.605099143,-0.507921485,-0.353111551
1497534987758190000,94039,-1.18220894,2.192768267,0.987849567,0.500908623,0.604259574,-0.508847244,-0.353603451
1497534987768200000,94040,-1.186986373,2.185153044,0.989306368,0.500199973,0.602661503,-0.510864063,-0.354424897
1497534987778140000,94041,-1.191612051,2.176982744,0.990661347,0.498764867,0.603222202,-0.511728546,-0.354246353
1497534987788200000,94042,-1.195810519,2.168670437,0.991443226,0.498568658,0.602847685,-0.513394991,-0.352745723
1497534987798210000,94043,-1.200152117,2.159934692,0.992894979,0.496022871,0.603562529,-0.515674687,-0.351785733
1497534987808190000,94044,-1.204640677,2.151189965,0.99513713,0.493901461,0.602029691,-0.519770414,-0.3513692
1497534987818210000,94045,-1.208624928,2.142248824,0.996694125,0.491270279,0.601872793,-0.523244716,-0.350167989
1497534987828180000,94046,-1.21214062,2.133132621,0.997737126,0.487032824,0.60268224,-0.526929202,-0.349168673
1497534987838220000,94047,-1.215960503,2.124186695,0.999619425,0.483495816,0.602138044,-0.531623628,-0.347905001
1497534987848200000,94048,-1.219296075,2.115407147,1.001069296,0.478769216,0.601167579,-0.537205994,-0.347544673
1497534987858210000,94049,-1.222612054,2.10674797,1.002658281,0.474236172,0.60042588,-0.542613458,-0.346640234
1497534987868200000,94050,-1.225213251,2.098431729,1.003484788,0.468836147,0.598634572,-0.548610947,-0.347642554
1497534987878180000,94051,-1.226973629,2.090827786,1.00469184,0.463253705,0.588283635,-0.559520288,-0.355324382
1497534987888230000,94052,-1.230005888,2.083284405,1.006281059,0.45906395,0.58485172,-0.565870285,-0.35637
1497534987898210000,94053,-1.231988297,2.075965737,1.006649028,0.454319982,0.579942813,-0.573075237,-0.358949105
1497534987908280000,94054,-1.234146217,2.069027207,1.00714938,-0.449574545,-0.574813589,0.580138519,0.361816756
1497534987918210000,94055,-1.237099866,2.062418294,1.008284489,-0.447461108,-0.569466038,0.586281354,0.362989204
1497534987928190000,94056,-1.239721319,2.055959684,1.008890743,-0.445515023,-0.56255197,0.592951859,0.365321419
1497534987938130000,94057,-1.242744046,2.049580933,1.009810957,-0.445350388,-0.556467402,0.599069401,0.364860131
1497534987948220000,94058,-1.245779991,2.043168119,1.010912492,-0.444873038,-0.55036343,0.605597105,0.363923373
1497534987958210000,94059,-1.249198866,2.036612374,1.012634762,-0.444344309,-0.54538932,0.611866274,0.36156367
1497534987968170000,94060,-1.252369587,2.029679852,1.014044121,-0.4434433,-0.54027933,0.618223789,0.359521393
1497534987978190000,94061,-1.255894681,2.02248245,1.016335611,-0.441857386,-0.536863318,0.623581152,0.357332304
1497534987988200000,94062,-1.258933503,2.01483775,1.018291396,-0.439240465,-0.534167678,0.628836361,0.355383649
1497534987998220000,94063,-1.262300213,2.007024596,1.021055958,-0.435451271,-0.532668945,0.63349323,0.354023039
1497534988008170000,94064,-1.265634321,1.999152465,1.024175326,-0.431189023,-0.53085642,0.638387114,0.35317047
1497534988018210000,94065,-1.268441787,1.991206901,1.026668381,-0.426221939,-0.529291405,0.643402945,0.352445908
1497534988028170000,94066,-1.271238937,1.983116491,1.028774629,-0.421759052,-0.527756748,0.648237591,0.351255097
1497534988038170000,94067,-1.274625677,1.975175045,1.031240012,-0.418719007,-0.526647539,0.652440414,0.348766784
1497534988048210000,94068,-1.278099001,1.967173772,1.033357619,-0.416384128,-0.525947694,0.65597557,0.345975914
1497534988058210000,94069,-1.281868362,1.959149836,1.035226663,-0.413737253,-0.526333384,0.658996772,0.342808852
1497534988068210000,94070,-1.285515936,1.951047828,1.036748035,-0.410178783,-0.526553163,0.662037202,0.340883962
1497534988078190000,94071,-1.289360083,1.942917818,1.038289156,-0.406342834,-0.527028429,0.665085441,0.33880362
1497534988088190000,94072,-1.293269813,1.934762021,1.039364176,-0.403513021,-0.528040514,0.66707859,0.336684737
1497534988098180000,94073,-1.297287342,1.926548141,1.040441566,-0.399664714,-0.528856101,0.669352502,0.335479611
1497534988108180000,94074,-1.301395518,1.918413262,1.041249507,-0.396132091,-0.53029927,0.671351055,0.333391379
1497534988118220000,94075,-1.306865948,1.91041293,1.044025278,-0.391245282,-0.532880655,0.672660298,0.332405567
1497534988128190000,94076,-1.311264197,1.902300243,1.044215273,-0.388976805,-0.534472948,0.673910136,0.32997097
1497534988138220000,94077,-1.315486322,1.893875879,1.043580857,-0.38697801,-0.535601453,0.675234945,0.327775642
1497534988148200000,94078,-1.31898988,1.885326652,1.04095981,-0.387442743,-0.536532641,0.676188461,0.323712853
1497534988158210000,94079,-1.323761816,1.876801888,1.040374838,-0.387747852,-0.537923747,0.676461649,0.320451686
1497534988168200000,94080,-1.328355959,1.868035255,1.039600883,-0.38498968,-0.540364661,0.677036958,0.31844927
1497534988178180000,94081,-1.333073868,1.859221842,1.038693631,-0.385949734,-0.541987001,0.677052697,0.314471841
1497534988188230000,94082,-1.338499921,1.850172185,1.039228487,-0.381770209,-0.545188476,0.677155461,0.313817646
1497534988198200000,94083,-1.342693471,1.84070578,1.036553953,-0.383567714,-0.545923033,0.677749655,0.309029539
1497534988208180000,94084,-1.348059384,1.831248586,1.036551671,-0.379844722,-0.549231552,0.677768218,0.307722167
1497534988218170000,94085,-1.354088723,1.821778203,1.036606513,-0.37761792,-0.551499115,0.678202494,0.30544199
1497534988228130000,94086,-1.359268169,1.811837449,1.035052811,-0.375523885,-0.553961383,0.678703801,0.30243966
1497534988238160000,94087,-1.364420526,1.801874365,1.033349515,-0.372881697,-0.556044701,0.679764695,0.299488715
1497534988248270000,94088,-1.369650364,1.79179514,1.031351366,-0.369911278,-0.558544875,0.680614094,0.296576676
1497534988258170000,94089,-1.375256065,1.781348286,1.029339165,-0.366564764,-0.566220821,0.678181826,0.291708188
1497534988268250000,94090,-1.380397278,1.771406416,1.026871026,-0.365209287,-0.56973311,0.677468093,0.288207119
1497534988278190000,94091,-1.385911521,1.76174596,1.02397473,-0.364985703,-0.573942361,0.675618281,0.284456571
1497534988288210000,94092,-1.39151684,1.752239847,1.021674324,-0.363041159,-0.578170823,0.674341868,0.281394139
1497534988298220000,94093,-1.397027156,1.742993041,1.02009601,-0.360539092,-0.58074097,0.674426471,0.279106475
1497534988308170000,94094,-1.402301611,1.734030243,1.019349496,-0.357724711,-0.58114423,0.67599683,0.278087577
1497534988318220000,94095,-1.406858482,1.725549911,1.019814294,-0.352677855,-0.578096282,0.680225337,0.280564627
1497534988328150000,94096,-1.411162939,1.717309582,1.021003997,-0.349237058,-0.576007973,0.682939836,0.282562336
1497534988338220000,94097,-1.415242958,1.709311656,1.022372486,-0.350046745,-0.573423197,0.684673906,0.282621224
1497534988348190000,94098,-1.419183175,1.701652242,1.024572591,-0.35108568,-0.569192736,0.686344242,0.285814722
1497534988358090000,94099,-1.422140912,1.694852563,1.027962699,-0.348889144,-0.557454605,0.692492765,0.296604955
1497534988368220000,94100,-1.426717499,1.687486591,1.030647584,-0.350888547,-0.555614119,0.69217066,0.298445901
1497534988378200000,94101,-1.431579587,1.679451469,1.033797016,-0.348724886,-0.56270345,0.687212548,0.299156638
1497534988388210000,94102,-1.436387792,1.671690111,1.035750946,-0.349878218,-0.562891576,0.686676428,0.298686775
1497534988398220000,94103,-1.441284308,1.663850802,1.037971785,-0.346310062,-0.562611212,0.687082752,0.302415701
1497534988408170000,94104,-1.446241852,1.655723445,1.039153675,-0.346643018,-0.565376001,0.68551131,0.300437746
1497534988418220000,94105,-1.451207311,1.64775011,1.039811498,-0.348261978,-0.565567401,0.685185303,0.298945163
1497534988428200000,94106,-1.456454152,1.639581995,1.039974729,-0.350531065,-0.569195182,0.683373358,0.293505827
1497534988438140000,94107,-1.461642719,1.631384647,1.039821557,-0.353315015,-0.572478284,0.681893815,0.287154905
1497534988448210000,94108,-1.465755174,1.621858978,1.037033194,-0.357568603,-0.581626751,0.677516193,0.273544924
1497534988458310000,94109,-1.471401309,1.614215072,1.037272914,-0.360353423,-0.584536085,0.675889192,0.267650473
1497534988468200000,94110,-1.475429349,1.605373328,1.038536093,-0.354464602,-0.588535812,0.673895456,0.271745026
1497534988478190000,94111,-1.479390222,1.596335136,1.039164316,-0.35246039,-0.58906609,0.672201894,0.277339916
1497534988488220000,94112,-1.483775214,1.587080981,1.040326532,-0.348682412,-0.599126374,0.665455893,0.276833197
1497534988498230000,94113,-1.487043941,1.578985513,1.040711978,-0.343266342,-0.607677438,0.661377263,0.274729807
1497534988508270000,94114,-1.481599543,1.584335134,1.042941926,-0.315630427,-0.606966487,0.694833828,0.221754523
1497534988518220000,94115,-1.484084723,1.577473531,1.043211607,-0.31191726,-0.60984809,0.69448884,0.22017761
1497534988528180000,94116,-1.495628219,1.557920636,1.040868567,-0.339061387,-0.608848347,0.662347925,0.275020532
1497534988538180000,94117,-1.499281777,1.550958932,1.040850775,-0.34082161,-0.612863983,0.659201796,0.271461528
1497534988548210000,94118,-1.507202352,1.55982395,0.990061986,0.468887474,0.55639386,0.68157756,0.077604374
1497534988558120000,94119,-1.510266481,1.552851258,0.989791667,0.466355461,0.556088169,0.683204448,0.080685898
1497534988568210000,94120,-1.509866086,1.529710037,1.040056801,-0.347379739,-0.6219095,0.651179346,0.261765831
1497534988578190000,94121,-1.516209388,1.53851754,0.988582704,0.459972517,0.554627857,0.688587553,0.081611308
1497534988588220000,94122,-1.518844629,1.530995172,0.987917312,0.457461047,0.555911496,0.689074627,0.08287314
1497534988598210000,94123,-1.521289587,1.523494821,0.986977957,0.454521492,0.557028195,0.690326695,0.081110156
1497534988608300000,94124,-1.52381108,1.515421404,0.986092426,0.44884116,0.555994838,0.694903763,0.080747215
1497534988618230000,94125,-1.525976502,1.50738073,0.985195783,0.446416296,0.557956308,0.695135029,0.078641852
1497534988628140000,94126,-1.528113707,1.499063835,0.984113293,0.440412047,0.55648586,0.700406266,0.076103739
1497534988638240000,94127,-1.529916731,1.490980599,0.983064554,0.440664737,0.559470971,0.698225096,0.07272233
1497534988648220000,94128,-1.532067437,1.482285654,0.981917011,0.434671253,0.557652123,0.703468882,0.072225648
1497534988658170000,94129,-1.533917448,1.47385704,0.980584752,0.429913848,0.556091563,0.707917372,0.069204415
1497534988668200000,94130,-1.535593652,1.465423747,0.979204209,0.428421474,0.557133547,0.708095323,0.068251488
1497534988678160000,94131,-1.535866345,1.443421956,1.024578647,0.329460332,0.653304577,-0.645519659,-0.218982624
1497534988688200000,94132,-1.53768569,1.43460012,1.023355164,0.329063279,0.65559875,-0.643778533,-0.217845903
1497534988698180000,94133,-1.539208682,1.426181223,1.021643546,0.328996157,0.658781217,-0.641191348,-0.21596873
1497534988708220000,94134,-1.541105003,1.416630985,1.020698147,0.328567487,0.66095695,-0.639608326,-0.214663706
1497534988718230000,94135,-1.542959583,1.406787191,1.019911782,0.327973994,0.66372079,-0.63763813,-0.212897596
1497534988728200000,94136,-1.545008054,1.396177229,1.020121153,0.328588915,0.662263193,-0.638282635,-0.214550847
1497534988738230000,94137,-1.546428476,1.386544133,1.01841283,0.327284273,0.666110249,-0.635620234,-0.212530136
1497534988748170000,94138,-1.547647654,1.377043309,1.016383407,0.326157248,0.669761803,-0.63295284,-0.210739836
1497534988758230000,94139,-1.548841837,1.366991723,1.014636184,0.324147118,0.673711776,-0.63026501,-0.209301472
1497534988768150000,94140,-1.549956973,1.356495973,1.013105992,0.322172304,0.677928841,-0.627373372,-0.207412982
1497534988778210000,94141,-1.551847451,1.343897361,1.013563789,0.320026301,0.681788019,-0.624535505,-0.206648652
1497534988788210000,94142,-1.555321027,1.327048189,1.018317111,0.319060802,0.685979201,-0.620727543,-0.205742701
1497534988798220000,94143,-1.5521973,1.323979812,1.008342132,0.320371861,0.690883493,-0.614800143,-0.205091817
1497534988808220000,94144,-1.547867641,1.317699242,1.005741104,0.305556015,0.66937057,-0.640681225,-0.219331098
1497534988818230000,94145,-1.547839306,1.307531443,1.00323732,0.300190819,0.671412755,-0.641064994,-0.219376521
1497534988828200000,94146,-1.553057387,1.292296187,1.000564751,0.307241037,0.701248164,-0.610135704,-0.203932292
1497534988838230000,94147,-1.553352685,1.281633377,0.998043208,0.303454209,0.70429925,-0.60844191,-0.20414836
1497534988848190000,94148,-1.553560173,1.271073425,0.995624929,0.300656872,0.707686378,-0.605814426,-0.204387665
1497534988858180000,94149,-1.553734061,1.260836539,0.993364582,0.29897277,0.710039259,-0.603767994,-0.204752883
1497534988868170000,94150,-1.55806604,1.24182333,1.001441646,0.299516728,0.712341269,-0.600541422,-0.205449865
1497534988878210000,94151,-1.553776538,1.240732884,0.989203999,0.298326229,0.712712036,-0.600373144,-0.206385812
1497534988888210000,94152,-1.55383436,1.230462512,0.987715308,0.298043227,0.713428871,-0.599303212,-0.207425025
1497534988898220000,94153,-1.553856494,1.219954397,0.986679887,0.299730582,0.713356948,-0.598235881,-0.208320123
1497534988908220000,94154,-1.55382669,1.209124518,0.986095685,0.301333828,0.713921492,-0.596570443,-0.208848591
1497534988918220000,94155,-1.553645733,1.198368842,0.985693361,0.302635193,0.713691324,-0.595902311,-0.209659415
1497534988928190000,94156,-1.553483213,1.187628109,0.985523125,0.304592825,0.713217142,-0.595270928,-0.210230923
1497534988938120000,94157,-1.553445041,1.17711854,0.985341457,0.305636323,0.712213918,-0.595547753,-0.211330658
1497534988948210000,94158,-1.55349411,1.166460506,0.985648169,0.307637418,0.711149398,-0.595524748,-0.212075523
1497534988958210000,94159,-1.553550412,1.155850321,0.986400735,0.310932861,0.70939318,-0.595749794,-0.212518836
1497534988968110000,94160,-1.553322366,1.145497606,0.987196048,0.312670957,0.707320332,-0.597350936,-0.212383331
1497534988978110000,94161,-1.55308378,1.134922407,0.988474905,0.315203505,0.704580365,-0.599399424,-0.211975449
1497534988988170000,94162,-1.552379203,1.124496237,0.989792598,0.316594606,0.702355856,-0.601791548,-0.210501875
1497534988998270000,94163,-1.551697023,1.113729838,0.991837099,0.3189882,0.700306243,-0.603629661,-0.208444061
1497534989008180000,94164,-1.550598868,1.103365088,0.993708225,0.319482618,0.697346275,-0.607582327,-0.206113429
1497534989018300000,94165,-1.549174868,1.093316241,0.995691202,0.319988739,0.692963165,-0.612841183,-0.20453592
1497534989028210000,94166,-1.547695306,1.083458296,0.997742102,0.319014788,0.689332465,-0.617981469,-0.202852712
1497534989038190000,94167,-1.546293957,1.073807954,0.999945449,0.319451854,0.684498197,-0.623406422,-0.201933564
1497534989048220000,94168,-1.544738856,1.06468783,1.001672954,0.318015294,0.679915549,-0.62934662,-0.201255936
1497534989058230000,94169,-1.543351952,1.055807452,1.003313242,0.317176806,0.674492646,-0.635617676,-0.201118655
1497534989068160000,94170,-1.542101798,1.047099084,1.004922107,0.316831436,0.667906981,-0.642480008,-0.201835442
1497534989078190000,94171,-1.540991432,1.038513462,1.006680029,0.316688569,0.662478154,-0.648155359,-0.201806039
1497534989088200000,94172,-1.53986036,1.03028653,1.0082063,0.316360653,0.656388168,-0.654661447,-0.201218537
1497534989098240000,94173,-1.538744379,1.022308873,1.009920779,-0.316789779,-0.650096821,0.660921377,0.200502599
1497534989108200000,94174,-1.537520354,1.014574949,1.01162615,-0.317655663,-0.643745369,0.667132646,0.199049774
1497534989118230000,94175,-1.536158138,1.007140979,1.012976478,-0.317820529,-0.636666943,0.674207848,0.197709616
1497534989128210000,94176,-1.534774626,0.999739686,1.014253405,-0.318014593,-0.630106754,0.680770008,0.195919353
1497534989138180000,94177,-1.533494537,0.992161896,1.015614991,-0.318182551,-0.62475502,0.686357474,0.193272987
1497534989148220000,94178,-1.532049521,0.984661534,1.016471439,-0.317395411,-0.619378143,0.692121693,0.191307166
1497534989158200000,94179,-1.53067548,0.977098606,1.017414848,-0.316080555,-0.615247353,0.69694681,0.189285294
1497534989168050000,94180,-1.52940452,0.969426191,1.018398141,-0.31479529,-0.612228882,0.700521026,0.188015992
1497534989178200000,94181,-1.528334825,0.961761898,1.019576563,-0.313638145,-0.609368047,0.70364422,0.187580672
1497534989188210000,94182,-1.527331985,0.954180185,1.020907431,-0.312733073,-0.606605759,0.706251683,0.188244622
1497534989198220000,94183,-1.526386711,0.9464812,1.022475682,-0.311145639,-0.604274103,0.708549645,0.189732971
1497534989208230000,94184,-1.525617594,0.938706896,1.024332453,-0.310075039,-0.602238839,0.710306121,0.19138199
1497534989218230000,94185,-1.523675821,0.933000048,1.02309864,-0.305122356,-0.598765178,0.714866744,0.193251514
1497534989228170000,94186,-1.524315113,0.922953175,1.028609529,-0.308114539,-0.59725113,0.714649341,0.193991849
1497534989238210000,94187,-1.522464839,0.917174991,1.027477559,-0.304242798,-0.593408563,0.719259674,0.194854098
1497534989248210000,94188,-1.521981432,0.908849782,1.02991726,-0.303753024,-0.59170145,0.720927157,0.194647191
1497534989258200000,94189,-1.521424063,0.900465136,1.032178938,-0.303226724,-0.589666277,0.722990316,0.193990303
1497534989268220000,94190,-1.520715334,0.892062792,1.034048786,-0.302462969,-0.588104022,0.72498108,0.192489599
1497534989278180000,94191,-1.519976148,0.88348652,1.035734666,-0.301056108,-0.586923248,0.727018247,0.190606371
1497534989288100000,94192,-1.519399631,0.874411915,1.0378739,-0.29988802,-0.586010901,0.728832114,0.188313963
1497534989298160000,94193,-1.51842117,0.865683844,1.038969918,-0.298206064,-0.584819901,0.73103617,0.186131525
1497534989308160000,94194,-1.517459211,0.856703109,1.040037037,-0.295642157,-0.584093351,0.73320154,0.183973297
1497534989318230000,94195,-1.516275532,0.847871766,1.040356073,-0.292561242,-0.583855737,0.735128229,0.181952973
1497534989328210000,94196,-1.515162243,0.838767545,1.040388779,-0.28928525,-0.583458032,0.737032288,0.180759995
1497534989338230000,94197,-1.514113981,0.829582847,1.039607585,-0.286082135,-0.584327974,0.737924317,0.179403267
1497534989348220000,94198,-1.513396663,0.820096744,1.038547538,-0.283543287,-0.586034338,0.737753837,0.178567174
1497534989358170000,94199,-1.512904055,0.810464964,1.036676444,-0.281657829,-0.588117344,0.736940331,0.178061241
1497534989368220000,94200,-1.512637722,0.800641481,1.034444428,-0.280006235,-0.591823786,0.734768726,0.177358489
1497534989378160000,94201,-1.512517835,0.790823304,1.03177882,-0.279233099,-0.59471179,0.732604258,0.177870079
1497534989388210000,94202,-1.512556634,0.780887709,1.029078878,-0.278700217,-0.5983067,0.729799408,0.17817998
1497534989398240000,94203,-1.512573418,0.771024214,1.026025106,-0.278379613,-0.601330918,0.727300433,0.17871765
1497534989408210000,94204,-1.512780244,0.760928583,1.023158659,-0.278633196,-0.604238806,0.724638109,0.179328245
1497534989418230000,94205,-1.512970732,0.750761888,1.020320825,-0.27905924,-0.607249696,0.721869444,0.179661494
1497534989428210000,94206,-1.513175825,0.7404635,1.01757464,-0.279843708,-0.609801492,0.719308436,0.180069467
1497534989438220000,94207,-1.513385168,0.730039061,1.014888978,-0.280983812,-0.611331414,0.717473807,0.180425429
1497534989448170000,94208,-1.513612656,0.719580269,1.012546732,-0.282408047,-0.612711634,0.715784818,0.180228308
1497534989458220000,94209,-1.513694612,0.709359948,1.01018359,-0.283886148,-0.613248589,0.714901982,0.179582792
1497534989468230000,94210,-1.51369879,0.699459652,1.008158277,-0.284969988,-0.612541979,0.715351398,0.178484756
1497534989478210000,94211,-1.51341282,0.689991591,1.006342945,-0.284674495,-0.609875845,0.718092487,0.177073617
1497534989488220000,94212,-1.512743621,0.681032696,1.00457096,-0.283167032,-0.605018353,0.722988419,0.176229878
1497534989498250000,94213,-1.511908886,0.672208122,1.002838214,-0.281592453,-0.598752514,0.728864781,0.175946718
1497534989508240000,94214,-1.51127732,0.662930922,1.001372656,-0.280543014,-0.592100026,0.734529336,0.176578119
1497534989518240000,94215,-1.51115078,0.652760665,1.000076916,-0.281986889,-0.587339754,0.737647951,0.177174797
1497534989528190000,94216,-1.511402135,0.641792296,0.998558461,-0.283757536,-0.585269978,0.738921319,0.175886322
1497534989538260000,94217,-1.511785223,0.630282312,0.996888824,-0.285840212,-0.583971622,0.739629345,0.173841739
1497534989548180000,94218,-1.512318271,0.618060869,0.995953878,-0.286190952,-0.583728017,0.740438686,0.170607426
1497534989558240000,94219,-1.512686561,0.605635569,0.994867762,-0.286318559,-0.582607601,0.741841512,0.168110789
1497534989568220000,94220,-1.513151036,0.592712387,0.994379233,-0.285154547,-0.582150428,0.743268295,0.165348133
1497534989578210000,94221,-1.513600474,0.579600007,0.994058634,-0.283249892,-0.582559198,0.744330787,0.162375981
1497534989588150000,94222,-1.514111484,0.56628996,0.994230677,-0.281711812,-0.583207742,0.745057123,0.159364578
1497534989598250000,94223,-1.514827912,0.553083202,0.994994902,-0.281288783,-0.584695275,0.744661192,0.156485668
1497534989608230000,94224,-1.515752202,0.540120641,0.996353018,-0.283120156,-0.587197554,0.742440712,0.154349602
1497534989618250000,94225,-1.517005361,0.527342299,0.998499161,-0.284907703,-0.59115373,0.738840813,0.153228981
1497534989628200000,94226,-1.518520731,0.514936931,1.000685311,-0.287537811,-0.595698658,0.734124655,0.153382224
1497534989638230000,94227,-1.520398234,0.50284008,1.003232436,-0.290087227,-0.59997715,0.729468728,0.15411747
1497534989648160000,94228,-1.522635751,0.490958117,1.005901512,-0.293590802,-0.60373962,0.724468771,0.156358281
1497534989658220000,94229,-1.5247588,0.47958255,1.008520607,-0.297264305,-0.60572581,0.720557587,0.159771525
1497534989668220000,94230,-1.526862857,0.468635983,1.011053345,-0.301161352,-0.605944795,0.717905546,0.163537066
1497534989678200000,94231,-1.52865294,0.458305658,1.013126357,-0.304563847,-0.605143447,0.716269991,0.167330725
1497534989688260000,94232,-1.530160154,0.448329853,1.015055444,-0.306176385,-0.604338399,0.715606816,0.170111744
1497534989698210000,94233,-1.531340497,0.438766229,1.016428747,-0.306363175,-0.603703852,0.715351221,0.173077715
1497534989708190000,94234,-1.532229769,0.429347883,1.017643787,-0.305409275,-0.603627241,0.715076826,0.17613762
1497534989718180000,94235,-1.532795956,0.420184709,1.01834224,-0.302464372,-0.60561356,0.713954377,0.178932015
1497534989728150000,94236,-1.533477673,0.410849226,1.01911924,-0.298482851,-0.60894918,0.712130847,0.181544873
1497534989738240000,94237,-1.534194032,0.401494866,1.019214686,-0.294848168,-0.613984243,0.708901757,0.183156233
1497534989748260000,94238,-1.535306173,0.39211707,1.019642396,-0.29257432,-0.620164576,0.70419208,0.184145813
1497534989758330000,94239,-1.536536366,0.383062859,1.019767429,-0.292205365,-0.626054635,0.699036441,0.184444227
1497534989768230000,94240,-1.537785173,0.374373703,1.019709504,-0.292983797,-0.631074916,0.694251996,0.184171417
1497534989778220000,94241,-1.538931566,0.366152946,1.019853504,-0.293870069,-0.63408136,0.691317872,0.183468828
1497534989788240000,94242,-1.539927095,0.358331994,1.019800767,-0.294095239,-0.636457562,0.689326558,0.182369567
1497534989798250000,94243,-1.540686818,0.350719863,1.020004315,-0.293973975,-0.637903027,0.688057975,0.182305384
1497534989808240000,94244,-1.541184112,0.343340568,1.019747029,-0.293247214,-0.638805879,0.687502158,0.182411358
1497534989818250000,94245,-1.541870546,0.33595021,1.019700917,-0.293061462,-0.639920313,0.686472973,0.18267958
1497534989828210000,94246,-1.542651609,0.328533167,1.01952582,-0.293151233,-0.642360806,0.684066908,0.182995669
1497534989838250000,94247,-1.543467013,0.321135689,1.019354651,-0.293491276,-0.64417148,0.68198577,0.18385153
1497534989848310000,94248,-1.544389294,0.313865875,1.019073115,-0.295253092,-0.645532215,0.679814745,0.184297814
1497534989858240000,94249,-1.54564826,0.306331422,1.018832829,-0.297632244,-0.650421706,0.674410542,0.183131301
1497534989868220000,94250,-1.546908125,0.298812106,1.018620356,-0.300539666,-0.653686904,0.669958126,0.183099564
1497534989878210000,94251,-1.547888667,0.291476154,1.018473087,-0.302649545,-0.655119837,0.667065102,0.185055134
1497534989888230000,94252,-1.548902072,0.284186345,1.018313473,-0.305126503,-0.656297427,0.664149744,0.187287539
1497534989898240000,94253,-1.550071371,0.276716542,1.018091262,-0.308029176,-0.658451102,0.660324939,0.188497078
1497534989908240000,94254,-1.551128869,0.269339274,1.017877924,0.310670194,0.659710447,-0.65737243,-0.190072738
1497534989918190000,94255,-1.552300466,0.261822337,1.017681128,0.313933627,0.661625258,-0.653514656,-0.191353834
1497534989928210000,94256,-1.553079559,0.254504119,1.017283546,0.316707991,0.660846435,-0.652057067,-0.194421241
1497534989938250000,94257,-1.554423188,0.246770872,1.01692113,0.321208941,0.662690702,-0.647791164,-0.195019119
1497534989948240000,94258,-1.55529069,0.239208437,1.016343792,0.324919143,0.661853828,-0.645755981,-0.198434558
1497534989958230000,94259,-1.556226669,0.231265651,1.015565623,0.328249411,0.663232848,-0.642053326,-0.200354786
1497534989968200000,94260,-1.557370132,0.223118163,1.01472627,0.332214662,0.664583201,-0.638006082,-0.202264249
1497534989978220000,94261,-1.55856356,0.214266784,1.013833391,0.333817377,0.670293772,-0.631047353,-0.202611588
1497534989988220000,94262,-1.559583921,0.205659713,1.012720014,0.336393819,0.673017794,-0.626197921,-0.204358537
1497534989998190000,94263,-1.560560699,0.196897151,1.011411081,0.338708898,0.676056822,-0.621225754,-0.205674542
1497534990008250000,94264,-1.561440503,0.188160074,1.009767904,0.341296362,0.678052607,-0.616895913,-0.207848232
1497534990018240000,94265,-1.562242388,0.179174498,1.008240979,0.342879704,0.680090385,-0.612802638,-0.210673926
1497534990028210000,94266,-1.563020958,0.170063417,1.006476814,0.344369813,0.682760032,-0.608205672,-0.212917898
1497534990038250000,94267,-1.56380408,0.160864565,1.004748334,0.34568023,0.684899563,-0.604142147,-0.215476296
1497534990048240000,94268,-1.564650206,0.151704375,1.002975768,0.3473991,0.686634996,-0.600494053,-0.217377874
1497534990058240000,94269,-1.565394965,0.142390781,1.000951603,0.348266531,0.688723632,-0.596910481,-0.219244292
1497534990068190000,94270,-1.566010111,0.133243193,0.99893295,0.349097378,0.689995012,-0.594154259,-0.22140149
1497534990078230000,94271,-1.566575624,0.124180744,0.996729825,0.349943377,0.690607109,-0.592205065,-0.223371026
1497534990088240000,94272,-1.56716167,0.115065837,0.994659354,0.350486947,0.691030991,-0.590461781,-0.225809553
1497534990098240000,94273,-1.567875013,0.105898184,0.992568201,0.351109211,0.691395054,-0.588644168,-0.228458411
1497534990108240000,94274,-1.568621523,0.096712322,0.990454358,0.352188511,0.691497727,-0.586834472,-0.23112648
1497534990118220000,94275,-1.569408191,0.087439029,0.988341763,0.353130305,0.691379705,-0.585411656,-0.233637078
1497534990128220000,94276,-1.57029273,0.078105975,0.986465092,0.354023675,0.690905244,-0.584384123,-0.236246434
1497534990138260000,94277,-1.57126207,0.068638031,0.984602032,0.355194203,0.69062472,-0.583301225,-0.237979527
1497534990148240000,94278,-1.572321035,0.058964349,0.982734671,0.356308804,0.690543909,-0.582373696,-0.238817973
1497534990158190000,94279,-1.573375771,0.049198805,0.981001995,0.357336828,0.690074921,-0.581758674,-0.240132964
1497534990168140000,94280,-1.574431702,0.039187806,0.979309473,0.357774242,0.689634885,-0.581497179,-0.241375945
1497534990178220000,94281,-1.575653785,0.028988186,0.977858343,0.358608438,0.689557321,-0.580450951,-0.242873184
1497534990188260000,94282,-1.57680659,0.018583446,0.976316576,0.35937957,0.689009393,-0.579556262,-0.245411736
1497534990198250000,94283,-1.578039845,0.007990279,0.97497584,0.360838598,0.68852163,-0.578179867,-0.247873985
1497534990208240000,94284,-1.579190999,-0.002909402,0.974140468,0.361277108,0.687459532,-0.577475465,-0.251794223
1497534990218200000,94285,-1.58029457,-0.013967305,0.973421604,0.362388308,0.685432048,-0.577246917,-0.256210105
1497534990228210000,94286,-1.58194713,-0.02532742,0.97291236,0.365227832,0.684582672,-0.576129253,-0.256963577
1497534990238240000,94287,-1.583349086,-0.036824455,0.972972146,0.367996695,0.68268332,-0.575794938,-0.258809015
1497534990248250000,94288,-1.585152767,-0.048593201,0.972997739,0.370482504,0.681564002,-0.575604267,-0.258636721
1497534990258250000,94289,-1.586461999,-0.060434181,0.973461878,0.372088393,0.679478955,-0.576829607,-0.259087209
1497534990268190000,94290,-1.587599082,-0.072416368,0.974239734,0.373182906,0.677159183,-0.578880156,-0.259012984
1497534990278210000,94291,-1.588941488,-0.084460322,0.975231991,0.374679393,0.676629173,-0.580795507,-0.253899378
1497534990288250000,94292,-1.589319132,-0.096539027,0.976535324,0.372820592,0.674540772,-0.585469857,-0.251445022
1497534990298240000,94293,-1.589863444,-0.108519444,0.977938661,0.37035011,0.674414076,-0.590158561,-0.244375374
1497534990308200000,94294,-1.589433858,-0.120235617,0.979780038,0.364841288,0.672513727,-0.597364163,-0.240358437
1497534990318240000,94295,-1.589345795,-0.131669604,0.9815924,0.360806453,0.672634693,-0.603151427,-0.231494341
1497534990328220000,94296,-1.588393737,-0.142587869,0.983929179,0.353101971,0.668771488,-0.612493936,-0.230032331
1497534990338260000,94297,-1.588094122,-0.153039231,0.9862839,0.348628762,0.666518499,-0.61970969,-0.223988789
1497534990348260000,94298,-1.587747125,-0.163133647,0.988795065,0.344941833,0.663137878,-0.626533921,-0.220722752
1497534990358250000,94299,-1.587423618,-0.172950954,0.991311387,0.341804543,0.658808842,-0.633138316,-0.219718996
1497534990368250000,94300,-1.587318101,-0.182462968,0.994097003,0.339970968,0.654068551,-0.638695327,-0.220640771
1497534990378220000,94301,-1.587412761,-0.191695216,0.996726777,0.339598673,0.648765109,-0.643752806,-0.222168628
1497534990388250000,94302,-1.587769819,-0.200658858,0.999082998,-0.341141487,-0.643039252,0.648303431,0.223216638
1497534990398240000,94303,-1.588253924,-0.209421877,1.001301836,-0.343306492,-0.636932205,0.652971335,0.223800034
1497534990408160000,94304,-1.588741625,-0.218097539,1.003379876,-0.345939763,-0.631266094,0.657291088,0.223152917
1497534990418260000,94305,-1.589203164,-0.226734669,1.00513329,-0.348249655,-0.625358642,0.662007561,0.222249268
1497534990428180000,94306,-1.589848457,-0.235374344,1.00715776,-0.350357404,-0.619875558,0.666448747,0.221020475
1497534990438230000,94307,-1.590361458,-0.244049734,1.009216725,-0.351331891,-0.614603874,0.671328424,0.219422257
1497534990448150000,94308,-1.591074339,-0.252751443,1.011255359,-0.351894333,-0.610220467,0.675859101,0.216831354
1497534990458170000,94309,-1.591558355,-0.261422178,1.013481355,-0.351314211,-0.606069811,0.680273167,0.215606419
1497534990468280000,94310,-1.592101434,-0.270087073,1.015634834,-0.350243903,-0.603016212,0.684097445,0.213802112
1497534990478270000,94311,-1.592331816,-0.278582468,1.018084041,-0.347761694,-0.599155252,0.688592045,0.214279685
1497534990488260000,94312,-1.592573842,-0.28704782,1.020388978,-0.3452391,-0.59579958,0.692839631,0.214023527
1497534990498260000,94313,-1.59274065,-0.295406516,1.022668615,-0.342494988,-0.592096722,0.697020369,0.215130796
1497534990508250000,94314,-1.592892852,-0.303751051,1.024755096,-0.339798188,-0.58881144,0.700989533,0.215527153
1497534990518200000,94315,-1.59306171,-0.31227273,1.026506608,-0.337044509,-0.585794599,0.704883819,0.215370581
1497534990528220000,94316,-1.593099961,-0.32081305,1.028306621,-0.334140828,-0.582726421,0.70842054,0.216610629
1497534990538260000,94317,-1.592459889,-0.329226268,1.029829733,-0.329478712,-0.575311517,0.714768285,0.222635883
1497534990548240000,94318,-1.592695826,-0.338248343,1.031001564,-0.32604294,-0.574697089,0.716923343,0.222351473
1497534990558250000,94319,-1.592691815,-0.34740471,1.031842266,-0.322503021,-0.573875447,0.719171381,0.222376476
1497534990568260000,94320,-1.592782,-0.356798274,1.032755268,-0.318099593,-0.573787844,0.721297398,0.222059051
1497534990578120000,94321,-1.593154406,-0.366656605,1.033128122,-0.313971492,-0.577656618,0.720900552,0.21917374
1497534990588250000,94322,-1.59366085,-0.377074207,1.033408413,-0.310316226,-0.583689211,0.718411117,0.216555331
1497534990598260000,94323,-1.592234302,-0.385010303,1.033167247,-0.30323546,-0.57420218,0.728338688,0.21877584
1497534990608240000,94324,-1.592398022,-0.39421263,1.033064389,-0.301820057,-0.567242891,0.734093599,0.219651413
1497534990618190000,94325,-1.592503082,-0.404648537,1.032995188,-0.299468314,-0.564943742,0.73548914,0.224082624
1497534990628230000,94326,-1.592462677,-0.413585095,1.031828841,-0.290523503,-0.576563222,0.733111623,0.213818365
1497534990638250000,94327,-1.593190598,-0.424066606,1.030338358,-0.290495796,-0.579573452,0.731112102,0.212560345
1497534990648240000,94328,-1.594043135,-0.434824269,1.02878346,-0.289877227,-0.583164278,0.72863017,0.212105384
1497534990658260000,94329,-1.595061855,-0.445645324,1.02686534,-0.288987986,-0.58769545,0.725838369,0.210377434
1497534990668260000,94330,-1.596172211,-0.456442747,1.02480544,-0.285013556,-0.593632186,0.723079057,0.208625928
1497534990678230000,94331,-1.597367283,-0.467888329,1.022301027,-0.283787426,-0.597694608,0.720597334,0.207280812
1497534990688250000,94332,-1.598592445,-0.479309324,1.019604175,-0.281584574,-0.602579262,0.718337228,0.203960752
1497534990698190000,94333,-1.600222962,-0.490764396,1.016837204,-0.277325367,-0.607358918,0.716646781,0.201551921
1497534990708250000,94334,-1.601787278,-0.502540144,1.014097901,-0.273268453,-0.612940502,0.714285223,0.198557078
1497534990718290000,94335,-1.603230907,-0.514023028,1.010849441,-0.272508664,-0.614224524,0.714512452,0.194779921
1497534990728250000,94336,-1.604611359,-0.525833211,1.007876604,-0.27062519,-0.617778757,0.712845953,0.1922552
1497534990738270000,94337,-1.606214857,-0.536819044,1.004848642,-0.270359273,-0.618660728,0.713226069,0.188343679
1497534990748210000,94338,-1.607451206,-0.54778299,1.00196694,-0.271274964,-0.616842483,0.715137013,0.185726404
1497534990758230000,94339,-1.608613488,-0.556577979,0.998745075,-0.27178965,-0.606101356,0.724381333,0.184508041
1497534990768230000,94340,-1.610172217,-0.5676115,0.996893322,-0.271258871,-0.604845941,0.725666018,0.184360633
1497534990778230000,94341,-1.611708257,-0.578133662,0.995463747,-0.267459857,-0.603288333,0.72831874,0.184554126
1497534990788250000,94342,-1.613630453,-0.589296964,0.994446655,-0.26681039,-0.600626469,0.730244356,0.186556266
1497534990798260000,94343,-1.615524005,-0.60028871,0.993757636,-0.266134707,-0.597954775,0.732620505,0.186787581
1497534990808340000,94344,-1.617604794,-0.611368201,0.993278457,-0.266330356,-0.59395706,0.735376339,0.188427154
1497534990818200000,94345,-1.61975516,-0.622578867,0.993171401,-0.266804628,-0.592101246,0.736785352,0.188092401
1497534990828230000,94346,-1.621595372,-0.633373128,0.993404532,-0.267019554,-0.587262059,0.740527436,0.188262978
1497534990838260000,94347,-1.623539465,-0.644567448,0.994442884,-0.26788527,-0.584974682,0.742252624,0.187358334
1497534990848250000,94348,-1.62553238,-0.655834713,0.996366322,-0.267510008,-0.582486969,0.743977193,0.188799529
1497534990858250000,94349,-1.627598928,-0.666899031,0.999228084,-0.265868084,-0.583784676,0.743501477,0.188984569
1497534990868250000,94350,-1.629577195,-0.677513666,1.002914218,-0.265142989,-0.585144662,0.742362664,0.190269794
1497534990878170000,94351,-1.632122417,-0.688116691,1.006957878,-0.264912729,-0.588820991,0.739223907,0.191465665
1497534990888260000,94352,-1.635172682,-0.698407593,1.010782928,-0.26428452,-0.590216838,0.737678324,0.193980581
1497534990898280000,94353,-1.63821937,-0.708486594,1.014103433,-0.263080329,-0.592269204,0.736219648,0.194901413
1497534990908260000,94354,-1.641373372,-0.718707986,1.017053222,-0.265026283,-0.592592926,0.734510629,0.197708953
1497534990918260000,94355,-1.644619074,-0.728353016,1.019206139,-0.267667176,-0.590918101,0.734437112,0.199429712
1497534990928220000,94356,-1.647958466,-0.738094534,1.020779242,-0.272179206,-0.588345279,0.734176312,0.201874852
1497534990938270000,94357,-1.65110241,-0.747751139,1.021853446,-0.276006408,-0.588641693,0.732555288,0.201703172
1497534990948250000,94358,-1.65438828,-0.757940772,1.022660843,-0.280924588,-0.589550655,0.729460721,0.203466111
1497534990958260000,94359,-1.65701265,-0.767890298,1.023101551,-0.282122324,-0.593045866,0.726350043,0.202778721
1497534990968260000,94360,-1.659314805,-0.778108507,1.023463937,-0.28188708,-0.596545033,0.723114449,0.20439959
1497534990978240000,94361,-1.660908745,-0.78828528,1.023750245,-0.278854506,-0.602603771,0.719308235,0.204216854
1497534990988260000,94362,-1.662224177,-0.797899746,1.023918532,-0.273794711,-0.60845036,0.716563926,0.203373441
1497534990998270000,94363,-1.663434762,-0.807558323,1.024283057,-0.269908931,-0.614358152,0.713180721,0.202698025
1497534991008260000,94364,-1.664676045,-0.81656527,1.024597941,-0.265794586,-0.618930365,0.711172861,0.201274944
1497534991018270000,94365,-1.666037738,-0.825534653,1.025138798,-0.263416459,-0.623511903,0.708496654,0.199692683
1497534991028220000,94366,-1.667415362,-0.834299856,1.025736716,-0.26181877,-0.627586219,0.705880968,0.198289002
1497534991038270000,94367,-1.668770782,-0.842700769,1.026393418,-0.261524661,-0.629612778,0.704771523,0.196187925
1497534991048180000,94368,-1.670023376,-0.851141445,1.027006279,-0.262328749,-0.631279519,0.703433769,0.194552638
1497534991058240000,94369,-1.671285516,-0.858775732,1.027353262,-0.261466412,-0.63254539,0.703640047,0.190820146
1497534991068260000,94370,-1.672531119,-0.866694306,1.027710865,-0.262470024,-0.633423729,0.702857299,0.189408243
1497534991078240000,94371,-1.673814895,-0.874322332,1.027870759,-0.26299156,-0.634417019,0.70244611,0.186868801
1497534991088260000,94372,-1.675175531,-0.88220272,1.02798585,-0.265357711,-0.634858796,0.701275839,0.186418324
1497534991098260000,94373,-1.676610617,-0.889819374,1.02793293,-0.267030487,-0.63647744,0.699759874,0.184193663
1497534991108250000,94374,-1.677883423,-0.897230862,1.027778926,-0.268647119,-0.638138207,0.698418668,0.181162135
1497534991118260000,94375,-1.679287791,-0.905307748,1.027784092,-0.272921393,-0.640359574,0.695002626,0.180069099
1497534991128230000,94376,-1.680671357,-0.912990774,1.027550037,-0.275616658,-0.642325971,0.692522725,0.178507928
1497534991138220000,94377,-1.682124196,-0.920430365,1.0272504,-0.276758364,-0.644913384,0.690259394,0.176163288
1497534991148230000,94378,-1.683310861,-0.92815339,1.026961282,-0.278876425,-0.647077039,0.687766501,0.17463243
1497534991158190000,94379,-1.684470531,-0.936177582,1.02671466,-0.281216493,-0.649206035,0.684881065,0.174317914
1497534991168130000,94380,-1.685348443,-0.944311887,1.026424104,-0.283175108,-0.651214037,0.682230039,0.174052605
1497534991178220000,94381,-1.686292823,-0.951997215,1.02578654,-0.282538954,-0.65238073,0.681373493,0.174072644
1497534991188280000,94382,-1.686861674,-0.96016976,1.025343333,-0.282557504,-0.655455243,0.678627683,0.17321706
1497534991198240000,94383,-1.687518416,-0.968335749,1.02465093,-0.282366974,-0.657404376,0.676796674,0.173305052
1497534991208260000,94384,-1.688096032,-0.976897419,1.023791595,-0.283044847,-0.658655999,0.674803865,0.175207402
1497534991218280000,94385,-1.688635445,-0.985184651,1.022827054,-0.2824814,-0.660900049,0.672745327,0.1755822
1497534991228160000,94386,-1.689034807,-0.994250645,1.022062309,-0.283760574,-0.664162074,0.668659929,0.176812262
1497534991238280000,94387,-1.68951825,-1.002736414,1.020852926,-0.283347107,-0.666347416,0.666665651,0.176783617
1497534991248270000,94388,-1.690034288,-1.011962328,1.019744494,0.284509722,0.669492214,-0.662670316,-0.178051806
1497534991258260000,94389,-1.690484868,-1.020624514,1.018461977,0.284010447,0.671689218,-0.660681607,-0.177964813
1497534991268270000,94390,-1.690810683,-1.029917474,1.017330325,0.285112451,0.674480272,-0.657246082,-0.178367154
1497534991278250000,94391,-1.691221892,-1.03905625,1.015933233,0.284694948,0.677318059,-0.654430068,-0.178634598
1497534991288270000,94392,-1.691426277,-1.048612291,1.014610491,0.285364408,0.680789601,-0.650490051,-0.178760644
1497534991298280000,94393,-1.691627126,-1.058268647,1.013027239,0.285304424,0.683842559,-0.647333978,-0.178660185
1497534991308270000,94394,-1.691614958,-1.067867017,1.011362624,0.284517861,0.686528351,-0.644793733,-0.178800033
1497534991318280000,94395,-1.691562678,-1.077809357,1.009677525,0.284274144,0.690991132,-0.640504877,-0.177406227
1497534991328260000,94396,-1.69131874,-1.087795069,1.007957023,0.284133408,0.693678553,-0.63768099,-0.177316738
1497534991338280000,94397,-1.691168504,-1.097738804,1.006002187,0.282661677,0.696875452,-0.634713273,-0.177780879
1497534991348270000,94398,-1.690772753,-1.107587225,1.004211211,0.282234886,0.699500706,-0.631954221,-0.177977793
1497534991358260000,94399,-1.690302845,-1.117035585,1.002444338,0.281375931,0.700673513,-0.630663066,-0.1792995
1497534991368250000,94400,-1.689745817,-1.126555276,1.000721008,0.281142011,0.702728089,-0.627944936,-0.181156172
1497534991378250000,94401,-1.689206963,-1.13582346,0.998960178,0.28089835,0.704588671,-0.625582593,-0.18247559
1497534991388250000,94402,-1.688542922,-1.144899116,0.99731533,0.281102376,0.704999456,-0.624540548,-0.184136702
1497534991398280000,94403,-1.68809155,-1.154139048,0.995552842,0.281822173,0.706647227,-0.621778216,-0.186058618
1497534991408260000,94404,-1.687513959,-1.162886387,0.993944289,0.282897564,0.70627885,-0.621509233,-0.186722863
1497534991418280000,94405,-1.686919656,-1.172055149,0.992418881,0.284252386,0.706853055,-0.619599987,-0.188825834
1497534991428240000,94406,-1.686221459,-1.180855031,0.990927456,0.28518401,0.706588787,-0.619071274,-0.190139749
1497534991438280000,94407,-1.685550712,-1.189838752,0.989534494,0.286527581,0.706594021,-0.617702026,-0.192538417
1497534991448270000,94408,-1.684880086,-1.19904867,0.988394762,0.288247056,0.707033003,-0.615821255,-0.194376308
1497534991458280000,94409,-1.684219446,-1.208366505,0.987561357,0.291015865,0.706297219,-0.61449646,-0.197099227
1497534991468270000,94410,-1.683570887,-1.217634734,0.98687034,0.293826383,0.705155719,-0.613315317,-0.200663374
1497534991478250000,94411,-1.682925844,-1.22701763,0.986464249,0.297754211,0.702847605,-0.613120914,-0.203544633
1497534991488270000,94412,-1.682282418,-1.236510007,0.986353776,0.301891586,0.701813,-0.611542338,-0.205757024
1497534991498280000,94413,-1.681525788,-1.246099375,0.986332511,0.305388422,0.699881538,-0.611290429,-0.207912855
1497534991508260000,94414,-1.680455793,-1.255693544,0.986660462,0.308278479,0.697695703,-0.611925994,-0.209121167
1497534991518270000,94415,-1.678998025,-1.265648645,0.98738406,0.311361095,0.696031459,-0.612023809,-0.209812617
1497534991528250000,94416,-1.677254018,-1.275928593,0.988270643,0.313319797,0.695382132,-0.611957974,-0.209241088
1497534991538280000,94417,-1.675161531,-1.285937772,0.98921163,0.31393535,0.692436811,-0.615451088,-0.207836037
1497534991548280000,94418,-1.672624915,-1.296149742,0.99045358,0.313128792,0.691906507,-0.617015216,-0.206174607
1497534991558280000,94419,-1.669728352,-1.306523091,0.992096288,0.311861225,0.691124681,-0.61926706,-0.2039548
1497534991568260000,94420,-1.666383521,-1.31683997,0.994085958,0.311281307,0.690066242,-0.621432364,-0.201827515
1497534991578250000,94421,-1.66340443,-1.32616029,0.995754233,0.307527239,0.687836057,-0.626608174,-0.199175181
1497534991588260000,94422,-1.660127781,-1.335500909,0.997669337,0.304829434,0.685181228,-0.631263377,-0.197768171
1497534991598280000,94423,-1.656796854,-1.348507215,1.002007405,0.294577843,0.679265238,-0.642961384,-0.196018595
1497534991608270000,94424,-1.653787137,-1.357134319,1.003832066,0.290809541,0.675546758,-0.648914695,-0.194874595
1497534991618280000,94425,-1.651005197,-1.364964134,1.005326414,0.287574334,0.670846208,-0.654989229,-0.195590074
1497534991628260000,94426,-1.648246303,-1.373666378,1.007282504,0.285319627,0.666088487,-0.660683885,-0.195999084
1497534991638220000,94427,-1.645858598,-1.381343955,1.008441561,-0.283882683,-0.660816158,0.666238096,0.197127947
1497534991648270000,94428,-1.643816637,-1.388442041,1.009216584,-0.283528871,-0.655232771,0.671751256,0.197564281
1497534991658260000,94429,-1.641892474,-1.396212448,1.01046957,-0.283795509,-0.650243877,0.676396112,0.197816354
1497534991668270000,94430,-1.640039124,-1.403511011,1.011340029,-0.285683904,-0.643948683,0.681553099,0.19799034
1497534991678250000,94431,-1.638269273,-1.41051088,1.012123714,-0.287314532,-0.638683046,0.686222257,0.19655366
1497534991688270000,94432,-1.636436454,-1.418225476,1.013518094,-0.288571884,-0.632810036,0.691224489,0.196179592
1497534991698240000,94433,-1.634674197,-1.424604748,1.01425375,-0.290815911,-0.626896253,0.69623215,0.194133941
1497534991708270000,94434,-1.632966632,-1.431881972,1.015560557,-0.29209162,-0.622853586,0.699886738,0.192079281
1497534991718280000,94435,-1.631253065,-1.438733869,1.016767687,-0.293492163,-0.617246159,0.704650698,0.190622465
1497534991728250000,94436,-1.629519328,-1.445266366,1.01796616,-0.294829977,-0.612762132,0.708511111,0.188705751
1497534991738280000,94437,-1.627657675,-1.452861609,1.019977037,-0.295269763,-0.60914337,0.711873888,0.18707135
1497534991748280000,94438,-1.625921701,-1.458999526,1.021325701,-0.294461435,-0.605090758,0.716209527,0.184936616
1497534991758280000,94439,-1.623952627,-1.465773543,1.023151517,-0.292926387,-0.602126001,0.719777734,0.183189584
1497534991768260000,94440,-1.62190798,-1.472491253,1.025039265,-0.290367372,-0.599355975,0.723643625,0.181105241
1497534991778250000,94441,-1.61966141,-1.479865518,1.027194427,-0.288042043,-0.596655322,0.727280579,0.179156826
1497534991788280000,94442,-1.617434608,-1.486679718,1.028787528,-0.285373411,-0.594228163,0.730797695,0.177171204
1497534991798240000,94443,-1.615056129,-1.494507596,1.030950722,-0.282097519,-0.591645281,0.734661466,0.175069648
1497534991808240000,94444,-1.612808935,-1.501170219,1.031987144,-0.279008242,-0.589618724,0.737962163,0.172962446
1497534991818250000,94445,-1.610539309,-1.509118195,1.033626233,-0.276450535,-0.58909637,0.740058954,0.169862632
1497534991828240000,94446,-1.608265828,-1.517266716,1.035190628,-0.273678436,-0.588904552,0.741878159,0.167057893
1497534991838260000,94447,-1.606074473,-1.525170063,1.036234783,-0.270303192,-0.589227608,0.743486664,0.16423943
1497534991848220000,94448,-1.603934462,-1.532966401,1.036950435,-0.267219744,-0.589481137,0.745068739,0.161177452
1497534991858210000,94449,-1.601707626,-1.540798907,1.037538169,-0.263194145,-0.591081205,0.746015557,0.157520285
1497534991868170000,94450,-1.599387761,-1.549074605,1.038072745,-0.259580037,-0.592164851,0.747097279,0.154287552
1497534991878150000,94451,-1.597071209,-1.557315374,1.038221711,-0.255895384,-0.593009177,0.748456237,0.15056869
1497534991888320000,94452,-1.594691581,-1.565243936,1.03789787,-0.252179161,-0.594807021,0.748979219,0.147106793
1497534991898330000,94453,-1.592225703,-1.574133898,1.037886572,-0.24788517,-0.596184535,0.750088786,0.143121472
1497534991908170000,94454,-1.589668007,-1.582885388,1.037450523,-0.244177285,-0.598061307,0.750617018,0.138831622
1497534991918140000,94455,-1.587221921,-1.591630108,1.03659853,-0.239872461,-0.600190471,0.751276908,0.133475124
1497534991928130000,94456,-1.584716777,-1.600471524,1.035351038,-0.236196945,-0.602685227,0.751275903,0.128709123
1497534991938160000,94457,-1.582202152,-1.609319193,1.033962633,-0.231594422,-0.605747022,0.751147326,0.123338006
1497534991948270000,94458,-1.579538598,-1.619252989,1.03287802,-0.226725986,-0.609835752,0.75014521,0.118227946
1497534991958240000,94459,-1.576960753,-1.628456951,1.031115645,-0.220234431,-0.61484211,0.749008109,0.11159224
1497534991968230000,94460,-1.574303006,-1.63737422,1.028963533,-0.2137463,-0.619020124,0.748240979,0.10612277
1497534991978250000,94461,-1.571406545,-1.647545887,1.027549506,-0.206909793,-0.623953639,0.746720202,0.101386062
1497534991988280000,94462,-1.56844395,-1.65721486,1.025623336,-0.200371574,-0.628640867,0.745204017,0.096606757
1497534991998290000,94463,-1.565336848,-1.667250815,1.023993629,-0.194021647,-0.633493561,0.74332362,0.092257816
1497534992008260000,94464,-1.562202457,-1.676621467,1.021970363,-0.188490575,-0.637025914,0.742261931,0.087843689
1497534992018260000,94465,-1.558831663,-1.686679498,1.020532977,-0.183166947,-0.639966255,0.741586051,0.083325812
1497534992028260000,94466,-1.555364819,-1.696661549,1.019215606,-0.178590507,-0.642622684,0.740902999,0.078767144
1497534992038290000,94467,-1.551874293,-1.706489236,1.018199264,-0.17427602,-0.643858072,0.741400487,0.073484484
1497534992048240000,94468,-1.548354974,-1.715671319,1.016862972,-0.169158303,-0.645215487,0.741948048,0.067790395
1497534992058210000,94469,-1.544747647,-1.725389695,1.016129658,-0.163586429,-0.646191111,0.742851365,0.062035296
1497534992068150000,94470,-1.541244746,-1.734881975,1.015470829,-0.158638684,-0.646682914,0.743926146,0.056646855
1497534992078240000,94471,-1.53775256,-1.744192191,1.014880818,-0.154175937,-0.645904171,0.745935471,0.051164973
1497534992088260000,94472,-1.534166291,-1.753809222,1.014617535,-0.150186954,-0.644534405,0.748269874,0.045950791
1497534992098320000,94473,-1.530513168,-1.763860981,1.014872302,-0.146629982,-0.643243105,0.750418428,0.040126536
1497534992108190000,94474,-1.526928993,-1.773276282,1.014683233,-0.144054639,-0.641790301,0.752390338,0.035528151
1497534992118230000,94475,-1.523128894,-1.783058143,1.015202948,-0.141500528,-0.639797991,0.754778226,0.030756471
1497534992128260000,94476,-1.519269921,-1.792537363,1.015742914,-0.138056633,-0.638517566,0.756683891,0.025790976
1497534992138290000,94477,-1.515148376,-1.80238697,1.017236233,-0.13438198,-0.638749238,0.75728569,0.021430794
1497534992148280000,94478,-1.511211057,-1.811617818,1.018677253,-0.131031787,-0.636803972,0.759597366,0.017978142
1497534992158270000,94479,-1.507242855,-1.82100026,1.020956528,-0.127913144,-0.63640224,0.760539104,0.014515087
1497534992168330000,94480,-1.503326072,-1.830283133,1.023658355,-0.123629418,-0.637086993,0.76073862,0.010615172
1497534992178220000,94481,-1.49971319,-1.838752236,1.025722643,-0.119639425,-0.637531675,0.761053354,0.006128928
1497534992188290000,94482,-1.496096318,-1.848112713,1.027817305,-0.116535074,-0.640625528,0.758955972,0.002083797
1497534992198270000,94483,-1.492514036,-1.857350411,1.029353196,-0.112877076,-0.643522796,0.757055515,-0.00203077
1497534992208350000,94484,-1.48864349,-1.867358084,1.030786907,-0.109595535,-0.645592408,0.755754057,-0.005921668
1497534992218230000,94485,-1.48467996,-1.87710372,1.031625146,-0.104624667,-0.647831499,0.754501812,-0.009749036
1497534992228260000,94486,-1.480564094,-1.886703507,1.03189246,-0.099719637,-0.650838507,0.752508606,-0.014001044
1497534992238290000,94487,-1.476245823,-1.895732336,1.031685734,-0.093738052,-0.650571155,0.753442446,-0.017170616
1497534992248290000,94488,-1.471761992,-1.905644124,1.032131441,-0.086309646,-0.652142464,0.752882736,-0.020698747
1497534992258220000,94489,-1.467223797,-1.914322171,1.031849361,-0.077282684,-0.655803828,0.750582718,-0.02396477
1497534992268300000,94490,-1.462487948,-1.923531727,1.03229081,-0.069309366,-0.657588289,0.749722799,-0.026259816
1497534992278250000,94491,-1.457724316,-1.931708835,1.032269444,-0.058060699,-0.662544741,0.746180332,-0.029636697
1497534992288280000,94492,-1.452974491,-1.940078471,1.032980571,-0.049055798,-0.666052599,0.743513913,-0.033978291
1497534992298290000,94493,-1.448401133,-1.946765252,1.032597103,-0.039992874,-0.668820898,0.741367311,-0.038127244
1497534992308290000,94494,-1.443839846,-1.954287868,1.033022241,-0.03161729,-0.672241174,0.738429223,-0.042596169
1497534992318240000,94495,-1.439419283,-1.961119078,1.033059313,-0.024157875,-0.674800127,0.736127295,-0.046666825
1497534992328260000,94496,-1.43504101,-1.967911995,1.033230803,-0.018787227,-0.677797559,0.733243415,-0.050907791
1497534992338290000,94497,-1.430713099,-1.974609322,1.033356976,-0.012604564,-0.680280435,0.730721545,-0.05572862
1497534992348280000,94498,-1.426542724,-1.980895097,1.033223213,-0.007939926,-0.682259176,0.728520812,-0.060965573
1497534992358230000,94499,-1.422332388,-1.986726679,1.032801993,-0.004696308,-0.684415334,0.72610956,-0.065715311
1497534992368270000,94500,-1.418140052,-1.993359139,1.032867162,-0.001798947,-0.685432274,0.724738273,-0.070240991
1497534992378140000,94501,-1.413875329,-1.999483992,1.03250239,-0.000604345,-0.686964647,0.722872443,-0.074395154
1497534992388290000,94502,-1.409574668,-2.005908088,1.03245744,0.001505344,-0.689944107,0.719613744,-0.078300209
1497534992398290000,94503,-1.405273902,-2.011908151,1.031952824,0.002591663,-0.691746828,0.717436579,-0.08224575
1497534992408290000,94504,-1.400851523,-2.017988886,1.031359192,0.004375174,-0.693880938,0.714928348,-0.085950907
1497534992418300000,94505,-1.396408932,-2.024212829,1.031078927,0.006024253,-0.696836974,0.711652634,-0.089064408
1497534992428270000,94506,-1.391791754,-2.030411178,1.030505091,0.005939328,-0.700058749,0.708197993,-0.09131306
1497534992438300000,94507,-1.387033173,-2.036775237,1.030256447,0.007703701,-0.702784791,0.705168376,-0.093657629
1497534992448280000,94508,-1.382139295,-2.042868764,1.029735996,-0.008913201,0.705196905,-0.702424198,0.096011079
1497534992458250000,94509,-1.376968731,-2.049050881,1.02918233,-0.010910195,0.707940708,-0.699337471,0.098122495
1497534992468270000,94510,-1.371549258,-2.055272474,1.028618675,-0.013624422,0.710896362,-0.695979671,0.100264825
1497534992478170000,94511,-1.365907546,-2.061226175,1.027685954,-0.017085048,0.714042376,-0.692382653,0.102263626
1497534992488290000,94512,-1.360001598,-2.067357183,1.026804798,-0.021925837,0.716984841,-0.688890097,0.104318886
1497534992498310000,94513,-1.35398538,-2.073040008,1.025497929,-0.02694843,0.719176627,-0.686051421,0.106734291
1497534992508290000,94514,-1.347801495,-2.07871465,1.024104064,-0.03158851,0.72196956,-0.682624778,0.108561199
1497534992518300000,94515,-1.341489435,-2.084523604,1.022728639,-0.036680933,0.724754634,-0.679106446,0.110452088
1497534992528260000,94516,-1.335109943,-2.090628555,1.021684454,-0.041842387,0.727542798,-0.675512585,0.112309568
1497534992538300000,94517,-1.328703297,-2.096262178,1.019973407,-0.047367808,0.72988196,-0.67227262,0.114359692
1497534992548280000,94518,-1.322273958,-2.102009509,1.018560583,-0.052070893,0.732888048,-0.668349008,0.116074695
1497534992558280000,94519,-1.315824894,-2.107530797,1.016866113,-0.056122315,0.735313034,-0.665056703,0.117748079
1497534992568270000,94520,-1.309289771,-2.113312961,1.015275208,-0.059848895,0.737873249,-0.66172607,0.118658274
1497534992578190000,94521,-1.302716824,-2.119250177,1.01394489,-0.064062305,0.740700027,-0.657929634,0.119950358
1497534992588250000,94522,-1.296092112,-2.124986676,1.012403276,-0.067225706,0.743536292,-0.654396525,0.119998645
1497534992598220000,94523,-1.28936358,-2.130725302,1.010830843,-0.069987953,0.746652743,-0.650410732,0.120736272
1497534992608310000,94524,-1.282556024,-2.136025732,1.009029651,-0.073038069,0.748781849,-0.647593526,0.120887589
1497534992618300000,94525,-1.27564401,-2.141167604,1.007148529,-0.076655918,0.750687724,-0.644852949,0.121476276
1497534992628270000,94526,-1.268501134,-2.146489737,1.005458189,-0.079991038,0.752799224,-0.641954546,0.121610538
1497534992638290000,94527,-1.261241414,-2.151528248,1.003683287,-0.083723692,0.754165007,-0.639881279,0.121562471
1497534992648250000,94528,-1.253795869,-2.156483921,1.001868783,-0.086977544,0.755623664,-0.637732862,0.121509594
1497534992658280000,94529,-1.246296425,-2.161170307,0.999712659,-0.090716755,0.756290793,-0.636497024,0.121104273
1497534992668250000,94530,-1.238703064,-2.166385811,0.998001981,-0.094150104,0.75826712,-0.633685789,0.120867915
1497534992678250000,94531,-1.231151026,-2.171725638,0.996353758,-0.096770185,0.759877138,-0.631486988,0.120193389
1497534992688230000,94532,-1.223568377,-2.17689222,0.994847234,-0.099109261,0.761315766,-0.629600221,0.119076532
1497534992698280000,94533,-1.215924906,-2.181580978,0.99318671,-0.10127716,0.761995981,-0.628498787,0.118719572
1497534992708280000,94534,-1.208076102,-2.185915291,0.991511737,-0.103570563,0.762225112,-0.627876867,0.118560772
1497534992718330000,94535,-1.200041213,-2.190661172,0.990654172,-0.106231346,0.762386273,-0.627180832,0.118854012
1497534992728280000,94536,-1.191768823,-2.194667555,0.989443129,-0.109025538,0.762200775,-0.626839114,0.119315277
1497534992738320000,94537,-1.183248911,-2.199031281,0.98859316,-0.111983739,0.76201557,-0.626490698,0.119588121
1497534992748310000,94538,-1.174620572,-2.20325356,0.98782987,-0.114792615,0.762140061,-0.625771595,0.119896178
1497534992758290000,94539,-1.165982161,-2.207483542,0.987530192,-0.11634602,0.761083021,-0.626771152,0.119892292
1497534992768310000,94540,-1.157303656,-2.211852948,0.987350656,-0.117858771,0.761257429,-0.626222274,0.120175291
1497534992778320000,94541,-1.148584885,-2.215804913,0.987041579,-0.118007015,0.760506819,-0.627264605,0.119343362
1497534992788310000,94542,-1.139909369,-2.220473863,0.987569241,-0.117049761,0.760586196,-0.627354833,0.119305935
1497534992798320000,94543,-1.131102968,-2.22496539,0.988230688,-0.114798378,0.760806775,-0.627507582,0.11928377
1497534992808300000,94544,-1.122079975,-2.229072684,0.988939901,-0.113846326,0.760142753,-0.628336772,0.120062112
1497534992818310000,94545,-1.112701587,-2.233189487,0.989849448,-0.11322084,0.759673428,-0.628737249,0.121518707
1497534992828280000,94546,-1.103129056,-2.237358678,0.991267536,-0.111257097,0.75942617,-0.628836432,0.124332188
1497534992838250000,94547,-1.093143657,-2.241162759,0.992817805,-0.112831949,0.758336469,-0.628964721,0.128833736
1497534992848200000,94548,-1.082818663,-2.244884072,0.994800369,-0.113594262,0.757083686,-0.629307226,0.13376491
1497534992858280000,94549,-1.07235927,-2.247660967,0.996291469,-0.115789626,0.754646234,-0.630588397,0.139499455
1497534992868220000,94550,-1.061874894,-2.250654762,0.998523886,-0.117914088,0.752164022,-0.631830304,0.145382321
1497534992878260000,94551,-1.051432442,-2.253244713,1.000771075,-0.121498197,0.749090199,-0.633525697,0.150821923
1497534992888270000,94552,-1.041226106,-2.255733209,1.003104121,-0.124581854,0.745208868,-0.63617085,0.156300203
1497534992898260000,94553,-1.031244371,-2.257835124,1.005073922,-0.127407545,0.740669653,-0.639741691,0.160954501
1497534992908300000,94554,-1.021503007,-2.260033278,1.007193011,-0.130795771,0.736199212,-0.642947434,0.165896904
1497534992918310000,94555,-1.012021801,-2.262114478,1.009026375,-0.133667182,0.730752191,-0.647303444,0.170682662
1497534992928280000,94556,-1.002731627,-2.26410542,1.010610682,-0.13682011,0.72538043,-0.651441658,0.175291916
1497534992938310000,94557,-0.993657993,-2.266455988,1.012309551,-0.139238894,0.720786946,-0.654622892,0.180409473
1497534992948270000,94558,-0.984698773,-2.268522981,1.013326177,-0.14116817,0.715221132,-0.659057464,0.184860864
1497534992958270000,94559,-0.97594164,-2.270697401,1.014366055,-0.142101377,0.710965204,-0.661838735,0.190539146
1497534992968310000,94560,-0.96732273,-2.272925793,1.015388816,-0.142195479,0.706638242,-0.664798325,0.196178561
1497534992978280000,94561,-0.958893359,-2.275051195,1.016363138,-0.141960904,0.702137051,-0.66779611,0.202235059
1497534992988310000,94562,-0.950651801,-2.277198187,1.017442941,-0.140871616,0.697885898,-0.670622301,0.208269515
1497534992998310000,94563,-0.942580344,-2.279445568,1.018811923,-0.139264925,0.693718708,-0.673375263,0.214302102
1497534993008290000,94564,-0.934598569,-2.281705065,1.020138439,-0.138053462,0.689852903,-0.675621331,0.22040878
1497534993018310000,94565,-0.926619585,-2.283807024,1.021472922,-0.135899716,0.687162145,-0.676925461,0.226078245
1497534993028280000,94566,-0.918913318,-2.286118378,1.023162751,-0.134002435,0.683966805,-0.678667435,0.231610166
1497534993038290000,94567,-0.911285878,-2.288298899,1.024893963,-0.131814432,0.681103054,-0.680136161,0.236935409
1497534993048250000,94568,-0.903784676,-2.290523848,1.026917123,0.130646212,-0.677879748,0.681532923,-0.242741611
1497534993058310000,94569,-0.896213301,-2.292650007,1.028871558,0.129724246,-0.674557848,0.683135201,-0.247930689
1497534993068310000,94570,-0.888550191,-2.294540702,1.030714728,0.129363507,-0.671545836,0.684042417,-0.253726714
1497534993078280000,94571,-0.880838866,-2.29651334,1.032806469,0.129773495,-0.667705011,0.685597485,-0.259393419
1497534993088300000,94572,-0.873030262,-2.298436809,1.034820867,0.130675892,-0.663302036,0.68764883,-0.264751406
1497534993098310000,94573,-0.864889585,-2.300068577,1.036495892,0.132930767,-0.659808111,0.688384756,-0.270386937
1497534993108300000,94574,-0.856865956,-2.301899905,1.03828961,0.135574249,-0.65543076,0.689908981,-0.275782053
1497534993118310000,94575,-0.848584706,-2.303564516,1.039795809,0.138704363,-0.651743077,0.690581281,-0.281228653
1497534993128280000,94576,-0.840334073,-2.305134869,1.041225044,0.142616376,-0.646704371,0.692271097,-0.286696276
1497534993138270000,94577,-0.831991731,-2.306705123,1.04240947,0.146761259,-0.643036093,0.692600342,-0.292011099
1497534993148310000,94578,-0.823738537,-2.308350285,1.043683872,0.150892429,-0.639707493,0.69261574,-0.297135045
1497534993158300000,94579,-0.815277737,-2.309874156,1.044485019,0.155369253,-0.635997198,0.693078337,-0.301679264
1497534993168300000,94580,-0.806860981,-2.311530226,1.045323474,0.159632649,-0.633151197,0.69280801,-0.306029477
1497534993178280000,94581,-0.798449168,-2.313009169,1.045781131,0.163033269,-0.630349723,0.693010676,-0.309540923
1497534993188300000,94582,-0.789925147,-2.314684515,1.046016933,0.166212333,-0.627813598,0.692911923,-0.313203789
1497534993198290000,94583,-0.781304408,-2.316385622,1.046013238,0.170050254,-0.627462782,0.690634537,-0.316855336
1497534993208290000,94584,-0.772566529,-2.318157596,1.045777057,0.173329893,-0.62566323,0.689841081,-0.320345991
1497534993218290000,94585,-0.763819935,-2.319946873,1.045208713,0.176733474,-0.624976597,0.68814068,-0.323468603
1497534993228270000,94586,-0.754846147,-2.321746056,1.044174108,0.180442045,-0.624575941,0.686371267,-0.325944851
1497534993238270000,94587,-0.74579653,-2.323814991,1.043176639,0.183919052,-0.624801358,0.684147782,-0.328235979
1497534993248270000,94588,-0.73667857,-2.325924555,1.041770295,0.187524284,-0.626023782,0.681273043,-0.329842248
1497534993258220000,94589,-0.727364342,-2.328026083,1.039948813,0.191399746,-0.626278133,0.679198704,-0.33140754
1497534993268300000,94590,-0.71766337,-2.330093054,1.037715129,0.196082983,-0.627777632,0.675922923,-0.332528059
1497534993278280000,94591,-0.707805681,-2.332695484,1.035856723,0.200801988,-0.628221724,0.673319924,-0.334150126
1497534993288320000,94592,-0.697660566,-2.335130043,1.033545318,0.207089793,-0.628526759,0.670299245,-0.335807763
1497534993298270000,94593,-0.687139899,-2.337368589,1.031084051,0.213061345,-0.628818547,0.667163488,-0.33776468
1497534993308310000,94594,-0.676710809,-2.340049994,1.02898257,0.219059634,-0.628982741,0.664046504,-0.339758487
1497534993318310000,94595,-0.666139896,-2.342167105,1.026606138,0.223360732,-0.628413486,0.662026237,-0.341946978
1497534993328280000,94596,-0.655973088,-2.344125251,1.024369661,0.225696148,-0.627376821,0.660774662,-0.344726587
1497534993338310000,94597,-0.646162881,-2.346325418,1.022523916,0.227443625,-0.625944538,0.659612549,-0.348387885
1497534993348300000,94598,-0.636373992,-2.348259913,1.020548747,0.228518863,-0.624615432,0.65861595,-0.351937098
1497534993358320000,94599,-0.626705216,-2.350432991,1.019067795,0.229508422,-0.622683572,0.658316682,-0.355260749
1497534993368300000,94600,-0.616959587,-2.352889275,1.018136093,0.231125152,-0.620910396,0.657981972,-0.357926206
1497534993378290000,94601,-0.607316402,-2.355202783,1.017447436,0.231959192,-0.617838332,0.659381034,-0.360121343
1497534993388290000,94602,-0.59764545,-2.357739038,1.017002959,0.232284291,-0.615825993,0.660016475,-0.362188636
1497534993398280000,94603,-0.5878944,-2.360458716,1.016589631,0.230045939,-0.6124739,0.662951038,-0.363937507
1497534993408300000,94604,-0.578139634,-2.363387012,1.016131513,0.226167322,-0.609988004,0.665794771,-0.365349559
1497534993418270000,94605,-0.567908376,-2.366630697,1.015632289,0.222107087,-0.60845799,0.667795106,-0.366738343
1497534993428190000,94606,-0.557587518,-2.369983137,1.01516444,0.218367097,-0.60748052,0.668876103,-0.36862988
1497534993438320000,94607,-0.547017105,-2.373349615,1.014886374,0.215331907,-0.606447484,0.669889377,-0.370272659
1497534993448260000,94608,-0.535458897,-2.377242974,1.014864865,0.219229936,-0.611673393,0.662850061,-0.372053346
1497534993458270000,94609,-0.525611044,-2.379829305,1.015920863,0.212186737,-0.603771264,0.671869258,-0.372865592
1497534993468340000,94610,-0.515101386,-2.382860193,1.017478875,0.213151943,-0.603653281,0.671050817,-0.373978296
1497534993478290000,94611,-0.504539805,-2.385959302,1.019666826,0.213050766,-0.603470656,0.671473134,-0.373572442
1497534993488310000,94612,-0.494182321,-2.389100972,1.022187947,0.214477956,-0.605800677,0.669311034,-0.372863896
1497534993498320000,94613,-0.483780696,-2.392871547,1.025031313,0.215792088,-0.608381336,0.667233006,-0.371626212
1497534993508300000,94614,-0.473595786,-2.396760451,1.02778979,0.218122717,-0.611407679,0.664195578,-0.370738944
1497534993518310000,94615,-0.463322173,-2.40075591,1.030218996,0.218779635,-0.613309575,0.662912761,-0.369504408
1497534993528270000,94616,-0.453287261,-2.404732081,1.032238892,0.21771422,-0.614768162,0.662932016,-0.367670733
1497534993538300000,94617,-0.443519857,-2.408761553,1.033998833,0.215935145,-0.616613944,0.66292087,-0.36564351
1497534993548320000,94618,-0.433896751,-2.412657818,1.035386526,0.213207162,-0.618204243,0.663817384,-0.362922444
1497534993558150000,94619,-0.424403211,-2.416474999,1.036597768,0.210740853,-0.620208764,0.664537228,-0.359610421
1497534993568310000,94620,-0.415093934,-2.419946602,1.037649329,0.20924812,-0.62128228,0.665669077,-0.356522415
1497534993578300000,94621,-0.405974768,-2.422935412,1.03868568,0.209937219,-0.62170069,0.666516255,-0.353794711
1497534993588310000,94622,-0.396868859,-2.425576279,1.039564771,0.21191802,-0.622293313,0.666715689,-0.351186526
1497534993598330000,94623,-0.387961592,-2.428116177,1.040461069,0.215765496,-0.622947949,0.666190598,-0.348670604
1497534993608340000,94624,-0.379146229,-2.430551849,1.041242421,0.220933658,-0.624505009,0.664058331,-0.346710752
1497534993618320000,94625,-0.3704571,-2.433163144,1.042144424,0.225819151,-0.626715078,0.661233194,-0.344970413
1497534993628220000,94626,-0.361874127,-2.435779409,1.042934821,0.229823458,-0.62972296,0.657821319,-0.343367564
1497534993638320000,94627,-0.353603483,-2.438502665,1.043779957,0.233243158,-0.632743674,0.654308981,-0.342217518
1497534993648310000,94628,-0.345575676,-2.441218703,1.044605709,0.234687729,-0.635095212,0.651865227,-0.34153692
1497534993658310000,94629,-0.337778205,-2.443805749,1.045209372,0.235689277,-0.637984466,0.648501438,-0.341865867
1497534993668310000,94630,-0.330153943,-2.446328555,1.045691338,0.235730619,-0.639668251,0.646236025,-0.342979015
1497534993678290000,94631,-0.322712364,-2.448791284,1.046052234,0.235229314,-0.642085135,0.643878016,-0.343241825
1497534993688290000,94632,-0.315401888,-2.451172965,1.046255754,-0.234230052,0.643916375,-0.64185781,0.344276832
1497534993698300000,94633,-0.308098743,-2.453711694,1.046376586,-0.232898561,0.646861952,-0.639585733,0.343886559
1497534993708290000,94634,-0.301002419,-2.456203756,1.046440245,-0.231979083,0.650104557,-0.636579628,0.343971145
1497534993718290000,94635,-0.293795202,-2.458633848,1.046398665,-0.230664069,0.65296154,-0.634557315,0.343179732
1497534993728200000,94636,-0.286807613,-2.461071346,1.046412296,-0.229527809,0.655943321,-0.632648473,0.341776615
1497534993738270000,94637,-0.279768515,-2.463368741,1.046156738,-0.229215033,0.659492362,-0.629580578,0.340820465
1497534993748290000,94638,-0.272945084,-2.46556662,1.045940022,-0.228245157,0.662335476,-0.627998714,0.338870892
1497534993758290000,94639,-0.266093321,-2.467645545,1.045685657,-0.226976861,0.665487665,-0.626018435,0.337207045
1497534993768280000,94640,-0.259188244,-2.469635773,1.045412518,-0.226924957,0.668359881,-0.623822173,0.335627813
1497534993778260000,94641,-0.252359549,-2.471525412,1.044984445,-0.225934523,0.670358916,-0.622805529,0.334194236
1497534993788210000,94642,-0.245405824,-2.473216792,1.044547438,-0.225722591,0.672125845,-0.621806208,0.332645759
1497534993798280000,94643,-0.23829501,-2.474848492,1.044042392,-0.226192605,0.674081608,-0.620395988,0.330998051
1497534993808280000,94644,-0.231093082,-2.476278606,1.043419349,-0.226737342,0.675409982,-0.619363687,0.329848689
1497534993818290000,94645,-0.223649017,-2.477771383,1.042772966,-0.228330839,0.677395612,-0.617446701,0.328267854
1497534993828250000,94646,-0.216270385,-2.47913743,1.042086138,-0.228534057,0.67870432,-0.617204984,0.325869051
1497534993838290000,94647,-0.208373526,-2.480526631,1.041256241,-0.230557834,0.680688468,-0.615222662,0.324048406
1497534993848280000,94648,-0.200666582,-2.481829625,1.040477611,-0.230661175,0.682629042,-0.61413386,0.321951261
1497534993858250000,94649,-0.19286374,-2.483143747,1.039628395,-0.232563738,0.684285326,-0.612883318,0.319439727
1497534993868310000,94650,-0.185131885,-2.484386498,1.038737801,-0.233596567,0.685895097,-0.611290398,0.318283849
1497534993878230000,94651,-0.177286591,-2.485662534,1.037752755,-0.234351994,0.689530617,-0.60759892,0.316938832
1497534993888200000,94652,-0.169174876,-2.487031073,1.036536683,-0.233927927,0.690335833,-0.608340881,0.314062946
1497534993898310000,94653,-0.161125629,-2.488132927,1.03561262,-0.234955905,0.693020879,-0.605592293,0.312691156
1497534993908310000,94654,-0.153051778,-2.489326072,1.034383214,-0.236255717,0.695094288,-0.60355804,0.311038356
1497534993918320000,94655,-0.144402039,-2.490600164,1.033000254,-0.236649179,0.696233071,-0.604226995,0.306865468
1497534993928250000,94656,-0.135951706,-2.491666229,1.031788131,-0.237791931,0.698298409,-0.602281932,0.305107856
1497534993938320000,94657,-0.127146059,-2.492603868,1.030413316,-0.238694,0.700539824,-0.600580255,0.302609463
1497534993948320000,94658,-0.118802908,-2.493522791,1.029138573,-0.240620384,0.702129288,-0.599417839,0.299690754
1497534993958280000,94659,-0.109971953,-2.494212452,1.027792769,-0.240880013,0.70367831,-0.598541335,0.297593557
1497534993968290000,94660,-0.101284039,-2.49501015,1.026201941,-0.243134161,0.704868701,-0.597926899,0.294158661
1497534993978280000,94661,-0.092752745,-2.495832369,1.024849204,-0.243954221,0.70636062,-0.597294058,0.291171464
1497534993988260000,94662,-0.084294977,-2.496657735,1.023509016,-0.244768421,0.707946889,-0.596693943,0.287847113
1497534993998310000,94663,-0.075587937,-2.497319358,1.021871347,-0.245393019,0.709319193,-0.596153096,0.285043916
1497534994008210000,94664,-0.067042179,-2.498087943,1.020371941,-0.244615862,0.71062736,-0.596167388,0.282411544
1497534994018320000,94665,-0.058607857,-2.49879965,1.018856904,-0.243869765,0.712145355,-0.595877204,0.279833682
1497534994028300000,94666,-0.050060584,-2.499347621,1.017220555,-0.243482729,0.713784353,-0.595366893,0.277067358
1497534994038330000,94667,-0.041413416,-2.499822409,1.015613541,-0.242516398,0.715262617,-0.594769919,0.275379608
1497534994048300000,94668,-0.032723717,-2.500502686,1.014118018,-0.241471933,0.716648951,-0.594772595,0.272674067
1497534994058370000,94669,-0.023889198,-2.500859598,1.012558169,-0.240371576,0.717715852,-0.595411229,0.269427039
1497534994068310000,94670,-0.014968434,-2.501124281,1.011371034,-0.239044982,0.719142365,-0.595167559,0.267333747
1497534994078280000,94671,-0.005792762,-2.501443507,1.010195418,-0.237148257,0.719854117,-0.596361187,0.264431633
1497534994088310000,94672,0.003779635,-2.501659028,1.009221955,-0.235569917,0.720778985,-0.597039199,0.2617798
1497534994098310000,94673,0.013272062,-2.501874053,1.008873322,-0.233900096,0.721628513,-0.597133802,0.260718732
1497534994108300000,94674,0.023060449,-2.501902442,1.008430218,-0.23169394,0.722487136,-0.597865121,0.258626282
1497534994118300000,94675,0.033073173,-2.501961703,1.008493377,-0.230199624,0.723714797,-0.597562543,0.257223702
1497534994128280000,94676,0.043224999,-2.501715269,1.008806653,-0.227835577,0.723250693,-0.598844309,0.257652633
1497534994138300000,94677,0.053597504,-2.501431284,1.009352747,-0.227368456,0.723812923,-0.597976233,0.258501185
1497534994148250000,94678,0.064245512,-2.500793556,1.010074294,-0.226255322,0.723979059,-0.597501649,0.26010504
1497534994158410000,94679,0.074897193,-2.500149627,1.011305583,-0.226028993,0.723457898,-0.597269352,0.262276352
1497534994168360000,94680,0.085611732,-2.499081007,1.012746935,-0.226459719,0.722875778,-0.596362136,0.265553775
1497534994178260000,94681,0.096287852,-2.497638617,1.014411261,-0.226715311,0.720842345,-0.597210027,0.268936172
1497534994188320000,94682,0.106797596,-2.496156644,1.016421903,-0.227021425,0.718461222,-0.598173502,0.272879472
1497534994198270000,94683,0.117002798,-2.494484722,1.018633455,-0.22764653,0.715628421,-0.599505151,0.276851213
1497534994208400000,94684,0.127174158,-2.49267194,1.020853467,-0.22709002,0.711856931,-0.602389162,0.280743888
1497534994218330000,94685,0.136916784,-2.490713493,1.023252645,-0.226338412,0.708028517,-0.605289504,0.284765095
1497534994228300000,94686,0.146486812,-2.488838198,1.025630007,-0.225908021,0.704089966,-0.608573232,0.287856749
1497534994238330000,94687,0.155761564,-2.487122174,1.027791485,-0.225606043,0.699550256,-0.612205025,0.291438432
1497534994248330000,94688,0.164991572,-2.485401995,1.029764573,-0.226218859,0.69364076,-0.616957961,0.295043046
1497534994258310000,94689,0.173940558,-2.483868452,1.031545231,-0.225824638,0.688620173,-0.62115606,0.298279464
1497534994268230000,94690,0.182543729,-2.482516853,1.033067331,-0.226051638,0.684246689,-0.624241537,0.30171117
1497534994278240000,94691,0.191017722,-2.481425039,1.0345732,-0.224911862,0.679802019,-0.627422989,0.305980819
1497534994288330000,94692,0.199111507,-2.480461913,1.035933817,-0.223254744,0.67601021,-0.630368823,0.309520052
1497534994298290000,94693,0.206931787,-2.479691757,1.037328107,-0.221093967,0.672276195,-0.633613961,0.312562834
1497534994308310000,94694,0.214520262,-2.47896614,1.03875704,-0.217936586,0.668611359,-0.636925037,0.315893957
1497534994318300000,94695,0.221993803,-2.478409468,1.040342558,-0.214595996,0.665034004,-0.63995652,0.319584082
1497534994328300000,94696,0.228986975,-2.477745996,1.041895364,-0.210292031,0.661457429,-0.643337583,0.3230605
1497534994338330000,94697,0.235938907,-2.477292928,1.043510084,-0.206238607,0.65779443,-0.64693432,0.325957223
1497534994348330000,94698,0.242574239,-2.476926172,1.045453161,-0.203477551,0.655514255,-0.648777208,0.328612357
1497534994358310000,94699,0.249078292,-2.476641287,1.047203259,-0.200903502,0.653321898,-0.650731046,0.330692282
1497534994368330000,94700,0.255445497,-2.476329183,1.049304065,0.198646818,-0.651180916,0.65258047,-0.332628301
1497534994378250000,94701,0.261525115,-2.475919481,1.051444637,0.195620263,-0.648318968,0.655145739,-0.334961623
1497534994388320000,94702,0.267683148,-2.475400255,1.053710254,0.192848266,-0.644112076,0.659379342,-0.336374885
1497534994398270000,94703,0.273764108,-2.475064545,1.056039376,0.191279091,-0.640685031,0.662266553,-0.338139044
1497534994408370000,94704,0.279772071,-2.474641242,1.058027093,0.189811944,-0.635986507,0.666840839,-0.338844925
1497534994418330000,94705,0.286089145,-2.474295209,1.060223983,0.189005319,-0.632198833,0.669746127,-0.340649013
1497534994428270000,94706,0.292460684,-2.474100672,1.062154411,0.188172472,-0.629312407,0.671858129,-0.342291791
1497534994438320000,94707,0.298925859,-2.47387669,1.063959389,0.187457577,-0.626971449,0.672882913,-0.344956584
1497534994448310000,94708,0.305412683,-2.473755994,1.065596001,0.188316928,-0.624177669,0.674002712,-0.347360499
1497534994458260000,94709,0.31195813,-2.47355421,1.066908753,0.18753714,-0.620755686,0.675242855,-0.35148156
1497534994468310000,94710,0.318863045,-2.473399888,1.068347189,0.186773727,-0.619210772,0.675333956,-0.354425793
1497534994478310000,94711,0.325463474,-2.473326711,1.069325856,0.187566301,-0.616786185,0.676373767,-0.356247402
1497534994488310000,94712,0.332351025,-2.47339545,1.070098823,0.188743738,-0.615314741,0.676007553,-0.358855625
1497534994498330000,94713,0.339426484,-2.473305071,1.070832667,0.188814954,-0.612805215,0.677302371,-0.3606663
1497534994508280000,94714,0.34633897,-2.473511147,1.071168577,0.191597702,-0.611683308,0.676541939,-0.362525662
1497534994518290000,94715,0.353432117,-2.473606169,1.071411119,0.193204095,-0.610319929,0.676354688,-0.36431593
1497534994528260000,94716,0.3609374,-2.47371466,1.071412267,0.195071493,-0.609061015,0.676134221,-0.365833717
1497534994538270000,94717,0.36860486,-2.473969059,1.071167548,0.197471156,-0.608287944,0.675141961,-0.367660513
1497534994548350000,94718,0.376267006,-2.474268799,1.070603895,0.200072898,-0.608284216,0.67360325,-0.369079678
1497534994558400000,94719,0.384271189,-2.474517405,1.069742729,0.202850742,-0.608167011,0.672025891,-0.370628742
1497534994568290000,94720,0.392482025,-2.474858064,1.068770635,0.20661606,-0.608363666,0.669882757,-0.37210287
1497534994578290000,94721,0.400962461,-2.47515777,1.067750732,0.2104334,-0.609624524,0.667008913,-0.373061434
1497534994588330000,94722,0.409602756,-2.475352229,1.06650112,0.21498308,-0.610719006,0.664141763,-0.373791773
1497534994598260000,94723,0.418414733,-2.475571865,1.065274071,0.219211364,-0.610608281,0.661937665,-0.375423005
1497534994608310000,94724,0.427184457,-2.475790208,1.063967107,0.224114799,-0.610806791,0.65931299,-0.376820915
1497534994618260000,94725,0.436233632,-2.47607096,1.062698614,0.229130186,-0.611241697,0.656414616,-0.378157107
1497534994628290000,94726,0.445303859,-2.476400212,1.061457138,0.235019578,-0.611411563,0.653166468,-0.379888487
1497534994638340000,94727,0.454528378,-2.476620105,1.060228779,0.240268012,-0.61171479,0.650030024,-0.381493468
1497534994648330000,94728,0.463681939,-2.476605638,1.058942449,0.243953999,-0.610718855,0.64832083,-0.383652222
1497534994658290000,94729,0.472899939,-2.47666412,1.057608345,0.248468821,-0.609824493,0.646037552,-0.38602178
1497534994668320000,94730,0.482185723,-2.476475886,1.05648313,0.251711606,-0.608735525,0.643808872,-0.38934877
1497534994678230000,94731,0.491205253,-2.476335136,1.055174158,0.254570786,-0.607003827,0.642063792,-0.393057447
1497534994688340000,94732,0.499985142,-2.476079482,1.05400597,0.257881366,-0.604919737,0.640111215,-0.397274395
1497534994698270000,94733,0.508774044,-2.475932805,1.05303573,0.26169129,-0.602924593,0.63804079,-0.401127853
1497534994708310000,94734,0.517152077,-2.475711331,1.052056023,0.262492234,-0.599167914,0.639025136,-0.4046511
1497534994718340000,94735,0.525998099,-2.475601337,1.051698752,0.262837261,-0.596334805,0.639506766,-0.40783878
1497534994728340000,94736,0.534058308,-2.47575767,1.050877977,0.261909007,-0.592063257,0.641939277,-0.410826893
1497534994738330000,94737,0.541923689,-2.47623953,1.050233304,0.260016485,-0.587360271,0.644955995,-0.414042393
1497534994748310000,94738,0.550391023,-2.477001944,1.05006607,0.258876793,-0.584737337,0.646298156,-0.416369723
1497534994758290000,94739,0.559038372,-2.477761065,1.049806763,0.257442068,-0.582323217,0.647728476,-0.418414954
1497534994768320000,94740,0.567646141,-2.478974607,1.049305113,0.253870968,-0.579144695,0.650294977,-0.421019473
1497534994778270000,94741,0.576646844,-2.480169352,1.04882839,0.252456363,-0.577708099,0.650678221,-0.423245779
1497534994788280000,94742,0.585833409,-2.481739025,1.047958012,0.250184906,-0.575043261,0.651776207,-0.426521438
1497534994798300000,94743,0.595685126,-2.483161862,1.047090469,0.250424206,-0.574279568,0.651379115,-0.428013953
1497534994808320000,94744,0.605684433,-2.484717048,1.045900429,0.249308331,-0.571534616,0.651885613,-0.431553805
1497534994818310000,94745,0.616351146,-2.486228557,1.044927052,0.252764074,-0.571576875,0.649390455,-0.433246162
1497534994828270000,94746,0.62711686,-2.487753402,1.043943413,0.253553734,-0.569416548,0.649852075,-0.434933995
1497534994838290000,94747,0.637713106,-2.489074725,1.043374085,0.256871669,-0.568654292,0.648342561,-0.436235217
1497534994848290000,94748,0.64863775,-2.490485791,1.043335017,0.257921675,-0.567652684,0.648215883,-0.437107549
1497534994858310000,94749,0.659468158,-2.491996304,1.043909675,0.260258169,-0.567296003,0.647133815,-0.437788482
1497534994868320000,94750,0.670050356,-2.493777581,1.044927747,0.261684131,-0.567880389,0.645620381,-0.438414876
1497534994878290000,94751,0.68082031,-2.495750691,1.046378249,0.263887586,-0.569958109,0.643224103,-0.437919912
1497534994888330000,94752,0.691624806,-2.497710511,1.048330866,0.267892213,-0.574584884,0.638317048,-0.436620338
1497534994898400000,94753,0.702231165,-2.499430976,1.050492775,0.271629066,-0.577700525,0.634995582,-0.435040647
1497534994908240000,94754,0.712633965,-2.5007947,1.052835131,0.274832098,-0.578241068,0.634214101,-0.433447874
1497534994918340000,94755,0.722425629,-2.501705523,1.055395056,0.278469085,-0.57646585,0.634938326,-0.432429664
1497534994928210000,94756,0.73203153,-2.502717218,1.057826568,0.28242025,-0.574074921,0.636127546,-0.431298658
1497534994938300000,94757,0.741797817,-2.503588366,1.06036058,0.285318542,-0.571213536,0.638332793,-0.429929844
1497534994948310000,94758,0.75141771,-2.504602884,1.06250153,0.288516398,-0.568173779,0.64019697,-0.429050911
1497534994958340000,94759,0.761003139,-2.505611997,1.06473216,0.290871975,-0.566767686,0.641590866,-0.427234181
1497534994968340000,94760,0.770434261,-2.506786471,1.066787988,0.294738641,-0.565765111,0.641253824,-0.426418227
1497534994978300000,94761,0.779755746,-2.507705441,1.068838255,0.298085633,-0.56695247,0.640111783,-0.424224889
1497534994988350000,94762,0.788796444,-2.508595926,1.070120112,0.300850863,-0.566584775,0.639890761,-0.423096046
1497534994998340000,94763,0.797641267,-2.509495125,1.071275682,0.305972314,-0.567313212,0.637443033,-0.422141023
1497534995008360000,94764,0.806563262,-2.5102892,1.072341331,0.311015493,-0.570484653,0.633599342,-0.419962496
1497534995018350000,94765,0.815362825,-2.510882533,1.073274137,0.315857985,-0.573356376,0.628929746,-0.419456285
1497534995028340000,94766,0.823590822,-2.511536205,1.073748073,0.320249467,-0.575874782,0.624780466,-0.418876932
1497534995038340000,94767,0.831810711,-2.511832086,1.07436901,0.324252749,-0.577963468,0.62086301,-0.418745157
1497534995048340000,94768,0.840005888,-2.511848172,1.075130288,0.328190433,-0.580937922,0.615437223,-0.419570251
1497534995058330000,94769,0.847415062,-2.511704877,1.075240599,0.331912469,-0.5820214,0.611413654,-0.421020838
1497534995068320000,94770,0.854929107,-2.511463616,1.075535088,0.336533944,-0.584181816,0.60591247,-0.42231101
1497534995078240000,94771,0.862157304,-2.510957632,1.075681016,0.340434977,-0.58503688,0.60126681,-0.424634075
1497534995088300000,94772,0.869126671,-2.510473054,1.07562919,0.344054867,-0.587062112,0.596516174,-0.425620465
1497534995098320000,94773,0.876467794,-2.509689817,1.07597678,0.346637953,-0.587991237,0.592511331,-0.427830291
1497534995108320000,94774,0.883209629,-2.508822369,1.07597795,-0.349182063,0.588741814,-0.588683453,0.430007855
1497534995118340000,94775,0.889890253,-2.507912286,1.075968165,-0.351272846,0.589078531,-0.58571693,0.431890669
1497534995128300000,94776,0.896352346,-2.506922615,1.07581314,-0.352849904,0.589974551,-0.583255875,0.432711866
1497534995138320000,94777,0.90272734,-2.505796505,1.075761869,-0.354218285,0.590088664,-0.580944892,0.434543217
1497534995148330000,94778,0.908892396,-2.504792178,1.075689323,-0.356327874,0.590040998,-0.57861348,0.435991408
1497534995158300000,94779,0.91539032,-2.503694209,1.075719077,-0.357821982,0.590639234,-0.576377943,0.436917831
1497534995168290000,94780,0.921982817,-2.502456873,1.075810488,-0.358977677,0.591625324,-0.574125815,0.437600333
1497534995178420000,94781,0.928401672,-2.501311733,1.075463877,-0.36064793,0.59347682,-0.571141547,0.437625031
1497534995188360000,94782,0.935370252,-2.499865033,1.075474274,-0.363414908,0.594327188,-0.56785862,0.438453402
1497534995198270000,94783,0.942102061,-2.498335772,1.075062344,-0.366397429,0.594445884,-0.564904009,0.43962538
1497534995208320000,94784,0.948717091,-2.496656135,1.074439387,-0.37108864,0.595443217,-0.559905232,0.440734306
1497534995218350000,94785,0.956113671,-2.494498171,1.074391441,-0.374632432,0.595068005,-0.557328874,0.441507799
1497534995228320000,94786,0.962491841,-2.492562923,1.073297734,-0.380268351,0.595343744,-0.552751641,0.442071749
1497534995238350000,94787,0.969399968,-2.490215711,1.072778089,-0.384255087,0.594803315,-0.549572743,0.443313484
1497534995248340000,94788,0.976522453,-2.487940712,1.072189229,-0.390219108,0.594369659,-0.544937432,0.444406291
1497534995258290000,94789,0.982765801,-2.485603275,1.070972082,-0.394524202,0.593866961,-0.541562399,0.445401903
1497534995268340000,94790,0.989793864,-2.483090283,1.070241266,-0.399824064,0.59362328,-0.537420532,0.446017143
1497534995278360000,94791,0.996385928,-2.480638193,1.069281719,-0.405411674,0.593172558,-0.533166013,0.446678514
1497534995288340000,94792,1.003218898,-2.478152762,1.068327758,-0.41011123,0.593482414,-0.529089909,0.446823535
1497534995298350000,94793,1.010567847,-2.475455171,1.068084652,-0.415612804,0.593507783,-0.524974443,0.446560571
1497534995308280000,94794,1.016701351,-2.472937783,1.066782509,-0.420568338,0.593429138,-0.521319508,0.446307183
1497534995318350000,94795,1.023903846,-2.470105422,1.066306587,-0.424800818,0.593130393,-0.51845378,0.446033944
1497534995328330000,94796,1.030561642,-2.467270938,1.065528768,-0.429370414,0.592733818,-0.515015766,0.446168611
1497534995338340000,94797,1.036678148,-2.464418802,1.064282491,-0.433623129,0.591416395,-0.512441591,0.446767552
1497534995348340000,94798,1.04385838,-2.46100684,1.064069552,-0.437553494,0.590208956,-0.509953171,0.447379136
1497534995358250000,94799,1.048079583,-2.458451062,1.060625446,-0.442778091,0.588461746,-0.507057994,0.447830913
1497534995368350000,94800,1.054423275,-2.455100202,1.059517466,-0.446709145,0.587011052,-0.504444718,0.448781116
1497534995378330000,94801,1.063781581,-2.450555527,1.061852302,-0.45087895,0.585327235,-0.501883712,0.449680931
1497534995388350000,94802,1.069920349,-2.446920974,1.06063229,-0.455171866,0.583688874,-0.499607656,0.450020067
1497534995398350000,94803,1.074189306,-2.443749822,1.057255072,-0.458481272,0.581171697,-0.498047532,0.451644814
1497534995408340000,94804,1.081262329,-2.439711609,1.057020635,-0.461668081,0.579181183,-0.496419571,0.452746452
1497534995418350000,94805,1.089830471,-2.435234819,1.058681732,-0.465687737,0.577272592,-0.49405593,0.453651876
1497534995428320000,94806,1.094090832,-2.432104809,1.05525439,-0.468267419,0.575143754,-0.493360288,0.454456724
1497534995438350000,94807,1.102196467,-2.427746988,1.056523683,-0.47043226,0.573284696,-0.49254828,0.4554496
1497534995448290000,94808,1.106822656,-2.424526684,1.053583894,-0.473168973,0.571510876,-0.491035242,0.456476541
1497534995458330000,94809,1.113303163,-2.420599427,1.052889261,-0.475641837,0.569333047,-0.490247584,0.45747353
1497534995468350000,94810,1.120081511,-2.416552744,1.052560042,-0.477904326,0.56769481,-0.489289399,0.458176758
1497534995478350000,94811,1.12655189,-2.412522708,1.051639516,-0.479705733,0.566107027,-0.487958585,0.459675606
1497534995488320000,94812,1.132381001,-2.408618504,1.050273547,-0.481634721,0.564109257,-0.486505966,0.461649961
1497534995498340000,94813,1.139117995,-2.404412234,1.049655398,-0.484201276,0.562622998,-0.484650967,0.462728783
1497534995508320000,94814,1.145669002,-2.400222183,1.048861606,-0.486405838,0.561259015,-0.48310509,0.463688636
1497534995518350000,94815,1.152791373,-2.395799292,1.048497037,-0.487064799,0.561083982,-0.482038982,0.464317851
1497534995528320000,94816,1.158909577,-2.391556055,1.046745892,-0.489358177,0.560234777,-0.479886378,0.465160868
1497534995538340000,94817,1.165682662,-2.386919108,1.045931493,-0.491302839,0.560027742,-0.477371399,0.465947418
1497534995548340000,94818,1.173518027,-2.381761513,1.046417924,-0.492488785,0.5597666,-0.475393387,0.467030275
1497534995558340000,94819,1.179413101,-2.376792037,1.044626607,-0.493728964,0.559176409,-0.473353675,0.468497335
1497534995568330000,94820,1.186252404,-2.371268976,1.043877368,-0.495755193,0.558837294,-0.470734388,0.469400472
1497534995578280000,94821,1.19286601,-2.36548776,1.043192945,-0.498045032,0.558387972,-0.468190388,0.470055082
1497534995588290000,94822,1.199668575,-2.359332053,1.043072633,-0.499394467,0.557504444,-0.46594534,0.47189925
1497534995598250000,94823,1.206827444,-2.352707206,1.043732614,-0.502204702,0.556143704,-0.462932286,0.473485287
1497534995608370000,94824,1.213678156,-2.346008846,1.044116065,-0.504244279,0.554454955,-0.460657853,0.475512094
1497534995618400000,94825,1.219373947,-2.339129025,1.04337846,-0.506384165,0.552647689,-0.457385557,0.478491444
1497534995628340000,94826,1.226345833,-2.331619431,1.044693339,-0.509156007,0.55017307,-0.45363371,0.481960798
1497534995638340000,94827,1.232747048,-2.323793702,1.045638417,-0.511195752,0.547382777,-0.450104196,0.486268662
1497534995648350000,94828,1.238945765,-2.31574411,1.046593535,-0.515292239,0.543806248,-0.445295269,0.490368021
1497534995658320000,94829,1.245197186,-2.307251603,1.048654575,-0.517827374,0.538826027,-0.442255832,0.49591441
1497534995668390000,94830,1.250712581,-2.298675119,1.050045587,-0.522083675,0.533454733,-0.438043175,0.500971916
1497534995678330000,94831,1.255503154,-2.290074112,1.051085821,-0.525249944,0.526854326,-0.435544068,0.506792245
1497534995688360000,94832,1.260735179,-2.28139104,1.05280872,-0.527900113,0.519739615,-0.433835501,0.512814745
1497534995698340000,94833,1.265443489,-2.272790312,1.054700809,-0.530152939,0.512622203,-0.432549077,0.518707658
1497534995708340000,94834,1.27059577,-2.264243202,1.05736328,-0.532187715,0.50493538,-0.431767119,0.524779623
1497534995718350000,94835,1.274251423,-2.256236058,1.058504458,-0.533309082,0.496775141,-0.43184764,0.531322405
1497534995728330000,94836,1.278692115,-2.248343735,1.060697418,-0.533384495,0.488653978,-0.432193372,0.538448846
1497534995738330000,94837,1.282476272,-2.240794163,1.062148956,-0.534012012,0.480475672,-0.431810103,0.545448746
1497534995748340000,94838,1.286424684,-2.233400766,1.063760602,-0.533724775,0.473030202,-0.431294332,0.552598852
1497534995758340000,94839,1.290536856,-2.226056567,1.065167627,-0.532730599,0.466417023,-0.430678304,0.559615465
1497534995768320000,94840,1.294333519,-2.218810416,1.066092921,-0.531348102,0.460660704,-0.429664377,0.566435727
1497534995778320000,94841,1.297883461,-2.211639025,1.066752675,-0.531227433,0.455242116,-0.426848412,0.573020473
1497534995788350000,94842,1.301741461,-2.204449699,1.067829073,-0.530821914,0.450441988,-0.423777626,0.579433028
1497534995798330000,94843,1.30503633,-2.197392283,1.068511539,-0.530842273,0.445663638,-0.4196885,0.586047751
1497534995808310000,94844,1.309127411,-2.190279113,1.070532404,-0.529521696,0.441042843,-0.417056673,0.592580556
1497534995818340000,94845,1.311773994,-2.183459787,1.070944792,-0.529627036,0.435895082,-0.41352735,0.598736846
1497534995828200000,94846,1.315582854,-2.176496751,1.073405063,-0.528898932,0.431211918,-0.410590653,0.604762364
1497534995838280000,94847,1.318462068,-2.169776832,1.074751968,-0.527734569,0.426637005,-0.40810174,0.610679998
1497534995848250000,94848,1.321419583,-2.163026652,1.076340367,-0.527425226,0.422185799,-0.405307429,0.61587959
1497534995858280000,94849,1.324052277,-2.156407824,1.077678432,-0.525810123,0.417928219,-0.402357416,0.622067703
1497534995868280000,94850,1.327222643,-2.14966022,1.079596493,-0.525826088,0.413952013,-0.398247044,0.627335594
1497534995878290000,94851,1.330585131,-2.142824722,1.081947604,-0.525305232,0.410043872,-0.394143678,0.632905363
1497534995888360000,94852,1.333627066,-2.135842669,1.08367183,-0.525603684,0.406438207,-0.389133789,0.638062415
1497534995898350000,94853,1.336540059,-2.12883617,1.085242949,-0.526007021,0.401596734,-0.384292592,0.643704809
1497534995908300000,94854,1.340371274,-2.12155337,1.088054981,-0.527007167,0.397515194,-0.378749915,0.648686072
1497534995918360000,94855,1.342129195,-2.114312047,1.088013151,-0.527521172,0.392484047,-0.373610213,0.654288235
1497534995928320000,94856,1.345135794,-2.10684306,1.089866579,-0.528760273,0.387312651,-0.368242784,0.659392702
1497534995938230000,94857,1.348108705,-2.099211963,1.091711714,-0.530887403,0.381164558,-0.362760364,0.664286883
1497534995948350000,94858,1.350158031,-2.091502188,1.092268491,-0.532830573,0.374190147,-0.357983457,0.669269124
1497534995958330000,94859,1.352452472,-2.083642768,1.093120229,-0.535446131,0.366812997,-0.352991363,0.673901152
1497534995968360000,94860,1.354936563,-2.075605202,1.094223507,-0.539375013,0.359677164,-0.347256486,0.677583844
1497534995978320000,94861,1.356843495,-2.067497342,1.094454588,-0.543239303,0.351664933,-0.341446336,0.68164304
1497534995988330000,94862,1.359010019,-2.059406842,1.09505887,-0.547647729,0.344245288,-0.335385028,0.684904394
1497534995998350000,94863,1.36070923,-2.051398453,1.095062992,-0.551668862,0.335963242,-0.329688269,0.688546158
1497534996008330000,94864,1.362387904,-2.043460746,1.094985885,-0.55608668,0.32858982,-0.323441391,0.691507051
1497534996018340000,94865,1.364567634,-2.035753587,1.095692401,-0.559599797,0.321062571,-0.318004349,0.694723057
1497534996028330000,94866,1.366097382,-2.028330086,1.095370931,-0.562883358,0.313928495,-0.312496931,0.697822967
1497534996038300000,94867,1.368081499,-2.021088691,1.095658722,-0.565675528,0.307629093,-0.307440282,0.70061117
1497534996048360000,94868,1.369716007,-2.014022044,1.095286491,-0.56857948,0.301885727,-0.302399023,0.702948941
1497534996058380000,94869,1.372124831,-2.007112309,1.095969545,-0.570430348,0.297086946,-0.298587174,0.705120035
1497534996068360000,94870,1.37345923,-2.000260618,1.094774865,-0.573275558,0.293229086,-0.293829134,0.706424998
1497534996078320000,94871,1.375869664,-1.99349639,1.094841466,-0.5764995,0.289869667,-0.289505895,0.706972588
1497534996088350000,94872,1.377968436,-1.98680556,1.094408762,-0.578491605,0.286558232,-0.286247553,0.708021314
1497534996098320000,94873,1.379989858,-1.980086541,1.093486354,-0.580492732,0.284110318,-0.28296147,0.708690569
1497534996108360000,94874,1.382815741,-1.973455503,1.093474707,-0.582834881,0.281934682,-0.279593048,0.708973951
1497534996118370000,94875,1.384709298,-1.966708913,1.091899619,-0.584131425,0.280355459,-0.276856768,0.709606669
1497534996128330000,94876,1.38714756,-1.959999741,1.090955781,-0.586272349,0.278145093,-0.27372743,0.709924879
1497534996138390000,94877,1.389413634,-1.953149158,1.089570493,-0.588082645,0.277067002,-0.270884723,0.709939537
1497534996148350000,94878,1.392069704,-1.946208164,1.088495591,-0.590191376,0.275716592,-0.268049464,0.709791509
1497534996158370000,94879,1.39441352,-1.939242688,1.086956361,-0.591377716,0.274013568,-0.26560043,0.710383962
1497534996168340000,94880,1.396496448,-1.932143411,1.085030258,-0.593360782,0.272451429,-0.26267187,0.71042008
1497534996178340000,94881,1.398845773,-1.925011236,1.083305655,-0.595275499,0.271092618,-0.260300751,0.710210808
1497534996188340000,94882,1.401125777,-1.917881774,1.081536279,-0.596493559,0.269405835,-0.258220001,0.71059015
1497534996198370000,94883,1.403614225,-1.910772512,1.080093534,-0.598302513,0.268180899,-0.255728233,0.710433796
1497534996208320000,94884,1.405249111,-1.903535677,1.077375305,-0.599149682,0.267224727,-0.253841991,0.710756532
1497534996218370000,94885,1.407606127,-1.896468374,1.075819478,-0.599362149,0.266226722,-0.252362793,0.711478297
1497534996228330000,94886,1.409909153,-1.889361439,1.07425548,-0.599318544,0.265932525,-0.250867577,0.712153518
1497534996238310000,94887,1.412621115,-1.882234263,1.073334112,-0.598967601,0.265753924,-0.249152374,0.713116933
1497534996248360000,94888,1.414597386,-1.874941257,1.071352939,-0.597871185,0.266010696,-0.24773655,0.714433313
1497534996258320000,94889,1.416996728,-1.867555171,1.070118653,-0.596612625,0.265912408,-0.245997407,0.716120969
1497534996268350000,94890,1.419161428,-1.860019863,1.068762335,-0.594503179,0.266194322,-0.244259887,0.718361789
1497534996278330000,94891,1.421081987,-1.852048782,1.066980531,-0.592959171,0.266467152,-0.242470508,0.720140772
1497534996288340000,94892,1.423529087,-1.843994265,1.066220985,-0.590709489,0.266102633,-0.241067925,0.722591132
1497534996298360000,94893,1.42585175,-1.83547837,1.065213402,-0.589724913,0.265483477,-0.23879277,0.724376327
1497534996308330000,94894,1.428039018,-1.826692902,1.063998555,-0.587997761,0.264770759,-0.236614875,0.726752006
1497534996318320000,94895,1.430158643,-1.81751999,1.062654035,-0.586787207,0.264027708,-0.233710531,0.728937261
1497534996328320000,94896,1.432340835,-1.807962648,1.061275884,-0.586327376,0.262078686,-0.230600091,0.730998337
1497534996338330000,94897,1.434716496,-1.798187451,1.060166953,-0.585775182,0.260384979,-0.227663318,0.732964196
1497534996348360000,94898,1.436860529,-1.787911995,1.058509296,-0.585119501,0.258566336,-0.224260001,0.735177578
1497534996358260000,94899,1.439320602,-1.777560623,1.057304475,-0.584931602,0.25701058,-0.220762504,0.736929101
1497534996368360000,94900,1.441741177,-1.766841075,1.055924304,-0.584787356,0.255810418,-0.217245767,0.738504607
1497534996378340000,94901,1.444304226,-1.7560832,1.054772169,-0.584509826,0.254670935,-0.214178727,0.740012467
1497534996388360000,94902,1.447112678,-1.74530736,1.054132257,-0.584744971,0.25370711,-0.210565924,0.74119364
1497534996398350000,94903,1.449997763,-1.734512129,1.053694645,-0.585625553,0.253926494,-0.20756947,0.741268482
1497534996408330000,94904,1.452856205,-1.724014163,1.053916982,-0.585601641,0.254008186,-0.206070105,0.741677606
1497534996418360000,94905,1.455636326,-1.713778814,1.054429858,-0.58606257,0.255854013,-0.204306266,0.741166876
1497534996428310000,94906,1.458609814,-1.704050501,1.056221075,-0.586812293,0.257905767,-0.204041855,0.739934369
1497534996438350000,94907,1.46144652,-1.694170939,1.057876967,-0.589581772,0.260778796,-0.203307407,0.736921876
1497534996448350000,94908,1.46453001,-1.6847324,1.060438372,-0.590735521,0.262738284,-0.203969616,0.73511668
1497534996458350000,94909,1.467614061,-1.674930332,1.062822823,-0.594789852,0.263306587,-0.20327089,0.731830321
1497534996468310000,94910,1.470479751,-1.665598229,1.065099643,-0.59432821,0.264559254,-0.205920642,0.73101236
1497534996478280000,94911,1.473213943,-1.655957129,1.066856219,-0.596370659,0.266327228,-0.206926508,0.728418331
1497534996488320000,94912,1.476364823,-1.64670268,1.069078752,-0.59552257,0.267138853,-0.21097099,0.727654411
1497534996498300000,94913,1.479484653,-1.637592921,1.070980665,-0.594683533,0.268473299,-0.21513914,0.726628332
1497534996508360000,94914,1.482682071,-1.628709564,1.072671888,-0.593282261,0.269755551,-0.220105008,0.725811193
1497534996518410000,94915,1.48578375,-1.619835794,1.073986971,-0.591915516,0.271086392,-0.225018262,0.724924114
1497534996528270000,94916,1.48900901,-1.611084137,1.075182653,-0.59214584,0.271567458,-0.230721732,0.72275992
1497534996538370000,94917,1.492023197,-1.602338765,1.075982252,-0.593718241,0.272648569,-0.235949523,0.719367243
1497534996548360000,94918,1.494792258,-1.593688137,1.07636546,-0.596885183,0.273751061,-0.239725303,0.71506658
1497534996558370000,94919,1.497702599,-1.58544413,1.076910365,-0.600844624,0.276436358,-0.240483202,0.710448103
1497534996568350000,94920,1.500729503,-1.577430599,1.077432291,-0.605268851,0.27916718,-0.240006041,0.705770787
1497534996578350000,94921,1.503746694,-1.569565423,1.078178394,-0.609305246,0.282540747,-0.238500598,0.701452285
1497534996588380000,94922,1.506594046,-1.561971658,1.078797491,-0.612550571,0.286696598,-0.236018597,0.69776936
1497534996598380000,94923,1.509156101,-1.554450377,1.07943914,-0.614218732,0.289562845,-0.233819487,0.695857138
1497534996608330000,94924,1.511536015,-1.547115226,1.080182157,-0.616303143,0.291268747,-0.232038286,0.69389566
1497534996618390000,94925,1.513610203,-1.539915836,1.08079262,-0.617800139,0.291993283,-0.230129504,0.692894886
1497534996628340000,94926,1.515606361,-1.532697811,1.081044048,-0.619446639,0.293164094,-0.227143149,0.691915216
1497534996638370000,94927,1.517484815,-1.525545061,1.081603864,-0.621294079,0.292864144,-0.226291347,0.690663801
1497534996648370000,94928,1.51938515,-1.518661987,1.081886352,-0.622180034,0.293870217,-0.225562528,0.689676624
1497534996658340000,94929,1.521437578,-1.511616748,1.081914579,-0.624457979,0.294360174,-0.224447237,0.687770135
1497534996668360000,94930,1.52329254,-1.504886978,1.082151481,-0.626582257,0.294810319,-0.225254335,0.685377294
1497534996678330000,94931,1.525347823,-1.498242489,1.082539215,-0.629240007,0.295464857,-0.226731979,0.682165773
1497534996688370000,94932,1.527677045,-1.491440177,1.082198837,-0.632885432,0.298435818,-0.225416528,0.677922917
1497534996698390000,94933,1.529775204,-1.485066611,1.082538852,-0.633997995,0.301142876,-0.227680859,0.674922912
1497534996708340000,94934,1.531113585,-1.479242805,1.081861369,-0.635339821,0.298740312,-0.226480121,0.675132796
1497534996718380000,94935,1.533113541,-1.473159809,1.081546264,-0.63718072,0.30084287,-0.226805364,0.672349332
1497534996728350000,94936,1.535065946,-1.467041869,1.081590741,-0.638334374,0.302823744,-0.228024018,0.669949293
1497534996738360000,94937,1.536780669,-1.461221076,1.081046288,-0.638787697,0.305466323,-0.229222162,0.667905536
1497534996748370000,94938,1.538726641,-1.455074456,1.080755757,-0.639975242,0.307926698,-0.229810134,0.665432296
1497534996758340000,94939,1.540297363,-1.448534174,1.079578617,-0.64095431,0.313068148,-0.229187338,0.662298325
1497534996768370000,94940,1.542164449,-1.44221261,1.078958955,-0.642241249,0.315398854,-0.229952407,0.659675399
1497534996778350000,94941,1.543868925,-1.435784202,1.078119094,-0.642914947,0.318478824,-0.231326989,0.6570536
1497534996788380000,94942,1.54591004,-1.429106887,1.077287432,-0.645146213,0.320513397,-0.231723306,0.653729176
1497534996798380000,94943,1.547938382,-1.422372811,1.076714557,-0.646757082,0.322557268,-0.232620797,0.650806922
1497534996808320000,94944,1.549129607,-1.415507414,1.075390699,-0.647393381,0.323845656,-0.235008062,0.64867327
1497534996818370000,94945,1.551070985,-1.408326369,1.074393172,-0.649538816,0.326429856,-0.235005329,0.645225055
1497534996828350000,94946,1.55278456,-1.401113437,1.073401382,-0.651319653,0.327406057,-0.236870908,0.642246181
1497534996838360000,94947,1.55483604,-1.393424567,1.072332527,-0.654362169,0.329346672,-0.236320645,0.638352155
1497534996848380000,94948,1.556621736,-1.385725349,1.071180933,-0.656468629,0.331304893,-0.236534018,0.635088707
1497534996858390000,94949,1.558539,-1.377705264,1.069828611,-0.65948943,0.33270601,-0.235976288,0.631423467
1497534996868370000,94950,1.560032416,-1.369469217,1.06834513,-0.661245347,0.332749252,-0.23718862,0.629105782
1497534996878310000,94951,1.561785722,-1.361000409,1.066836089,-0.664137598,0.333742249,-0.236416655,0.62581509
1497534996888370000,94952,1.563587538,-1.352210215,1.065446282,-0.667151554,0.334679474,-0.235114254,0.622591151
1497534996898320000,94953,1.565225849,-1.343313871,1.063760174,-0.669633069,0.334869397,-0.234739061,0.619960977
1497534996908460000,94954,1.566747382,-1.334174385,1.062189394,-0.671926582,0.334550594,-0.234588899,0.617704312
1497534996918340000,94955,1.568263094,-1.325087195,1.060344422,-0.67424461,0.334752228,-0.236119809,0.614477492
1497534996928320000,94956,1.569592339,-1.315776251,1.058805014,-0.676079495,0.333773819,-0.236104774,0.612997626
1497534996938330000,94957,1.570757309,-1.306600706,1.057169304,-0.677614962,0.333450341,-0.236525121,0.611313914
1497534996948350000,94958,1.571880309,-1.29737868,1.055608891,-0.679041674,0.332742646,-0.23729391,0.609816643
1497534996958380000,94959,1.572960144,-1.288214473,1.054196813,-0.679934119,0.332581312,-0.237474775,0.608839056
1497534996968370000,94960,1.573973359,-1.279028056,1.052672975,-0.680629258,0.331874833,-0.238038018,0.608227598
1497534996978350000,94961,1.574937249,-1.269879512,1.051200207,-0.681413429,0.331981394,-0.237478269,0.607509807
1497534996988370000,94962,1.575922196,-1.260638721,1.049677178,-0.682469867,0.332019002,-0.236453336,0.606702631
1497534996998370000,94963,1.576982338,-1.251280351,1.048177593,-0.683390009,0.332464926,-0.235222189,0.605900727
1497534997008370000,94964,1.577932377,-1.241729385,1.04651362,-0.684307895,0.332907659,-0.233965556,0.605107688
1497534997018330000,94965,1.578800026,-1.23206869,1.044889548,-0.684632869,0.333379551,-0.233358914,0.604714417
1497534997028320000,94966,1.579592883,-1.222194691,1.043137058,-0.685602576,0.333608662,-0.232443776,0.603841253
1497534997038300000,94967,1.580373372,-1.211972589,1.041455882,-0.686575884,0.333839171,-0.23222477,0.602691147
1497534997048330000,94968,1.580964331,-1.201625924,1.039679226,-0.687352987,0.33387471,-0.232728765,0.601590285
1497534997058270000,94969,1.58157576,-1.191011236,1.038066385,-0.688680618,0.334091888,-0.233134967,0.599791384
1497534997068300000,94970,1.582303713,-1.180173944,1.036615083,-0.689801563,0.33480583,-0.233870515,0.597815558
1497534997078310000,94971,1.582936522,-1.169115376,1.035401948,-0.690777402,0.335333056,-0.234187315,0.596267242
1497534997088330000,94972,1.583422562,-1.158044313,1.034530922,-0.691122806,0.336429233,-0.234163932,0.595257836
1497534997098360000,94973,1.58402193,-1.146859316,1.033878798,-0.691129629,0.336781392,-0.234823678,0.594790695
1497534997108340000,94974,1.584617753,-1.135609147,1.03336919,-0.691184479,0.33718056,-0.235536144,0.594218824
1497534997118360000,94975,1.584988313,-1.124352803,1.033284121,-0.690990364,0.3378622,-0.235003187,0.594268419
1497534997128390000,94976,1.585277491,-1.112948055,1.033350182,-0.690855512,0.33865952,-0.234346649,0.594230628
1497534997138350000,94977,1.585456605,-1.101418795,1.033520646,-0.690816365,0.338601716,-0.232748475,0.594936783
1497534997148310000,94978,1.585449814,-1.089938026,1.033785983,-0.690213493,0.33822858,-0.23153967,0.596318826
1497534997158320000,94979,1.585375562,-1.07823275,1.034460093,-0.6899086,0.337577105,-0.228299826,0.59828673
1497534997168350000,94980,1.584968922,-1.066562523,1.035441439,-0.689532646,0.335464978,-0.225052252,0.601131817
1497534997178400000,94981,1.58425257,-1.055136871,1.036435492,-0.689088032,0.332828107,-0.221664867,0.604357363
1497534997188390000,94982,1.583563054,-1.043898139,1.037815501,-0.688029951,0.329046581,-0.218627296,0.608724272
1497534997198390000,94983,1.582649459,-1.033041356,1.039484243,-0.686367318,0.325569583,-0.216105531,0.613353692
1497534997208310000,94984,1.581906142,-1.022441471,1.041491359,-0.683555691,0.322359748,-0.214304125,0.618796859
1497534997218390000,94985,1.580938989,-1.01253297,1.043248482,-0.681121163,0.317409112,-0.212533285,0.624623902
1497534997228360000,94986,1.579989439,-1.003286748,1.044726974,-0.677728779,0.31303211,-0.211854104,0.630723743
1497534997238400000,94987,1.579440163,-0.994077922,1.046776808,-0.672623688,0.310469188,-0.212512688,0.637200608
1497534997248380000,94988,1.578834729,-0.985343491,1.048268356,-0.668404343,0.30751094,-0.212321018,0.643111531
1497534997258360000,94989,1.578395399,-0.976761025,1.049861797,-0.663144718,0.305459919,-0.212585182,0.649415784
1497534997268380000,94990,1.57830295,-0.9682221,1.051602367,-0.65762639,0.3044788,-0.212416584,0.655514596
1497534997278360000,94991,1.577962027,-0.959756773,1.053421294,-0.652901491,0.303421863,-0.211429958,0.661023592
1497534997288380000,94992,1.577788724,-0.951357876,1.055263439,-0.64831802,0.302021563,-0.209998128,0.666608961
1497534997298390000,94993,1.577486137,-0.943080422,1.057082882,-0.643092694,0.300389787,-0.209242984,0.67261812
1497534997308390000,94994,1.577305609,-0.93490432,1.059007815,-0.638593683,0.298777849,-0.207732008,0.678068815
1497534997318390000,94995,1.577036928,-0.926821783,1.061362228,-0.633744529,0.297792478,-0.20672667,0.683338566
1497534997328360000,94996,1.576983479,-0.918877498,1.063533699,-0.629394213,0.29636747,-0.206201821,0.68812067
1497534997338310000,94997,1.576719997,-0.911216697,1.065693501,-0.624933509,0.294508851,-0.206321659,0.692931468
1497534997348340000,94998,1.576694811,-0.903652543,1.067943143,-0.620110309,0.29284047,-0.206396312,0.697931391
1497534997358410000,94999,1.576655069,-0.896155262,1.070453314,-0.615423709,0.291761538,-0.206295246,0.70254618
1497534997368380000,95000,1.576480686,-0.888809777,1.072993431,-0.610459088,0.290672051,-0.206244869,0.707327728
1497534997378360000,95001,1.576365591,-0.881692956,1.075437353,-0.605305176,0.288587727,-0.206658338,0.712471122
1497534997388390000,95002,1.576518027,-0.874509016,1.077648697,-0.60088565,0.286354475,-0.206561849,0.717126037
1497534997398390000,95003,1.576681401,-0.867307656,1.079981502,-0.59572435,0.285065508,-0.206242619,0.72202087
1497534997408350000,95004,1.576933544,-0.859899729,1.082259749,-0.591154695,0.284685466,-0.205940049,0.726002072
1497534997418400000,95005,1.577149877,-0.852537579,1.083846551,-0.586851974,0.283445592,-0.206248069,0.729880189
1497534997428340000,95006,1.577436224,-0.844891109,1.085485987,-0.583346846,0.282900287,-0.206650534,0.732781988
1497534997438340000,95007,1.577866614,-0.837077901,1.086495451,-0.581510181,0.281076453,-0.206448382,0.734997281
1497534997448390000,95008,1.578388451,-0.828977967,1.087500403,-0.579802628,0.280366101,-0.205531504,0.736872148
1497534997458390000,95009,1.578882764,-0.82055603,1.088203677,-0.579010402,0.278883984,-0.205307037,0.738119027
1497534997468390000,95010,1.579245628,-0.812098192,1.088622305,-0.578793644,0.27670963,-0.203959802,0.739479613
1497534997478370000,95011,1.57980337,-0.803282101,1.088847904,-0.578719718,0.275084826,-0.203183018,0.740357
1497534997488380000,95012,1.58017846,-0.794341351,1.088842239,-0.580704342,0.271752095,-0.201569152,0.740474944
1497534997498400000,95013,1.580721036,-0.785254273,1.088663034,-0.581473387,0.269626063,-0.200285136,0.740996863
1497534997508400000,95014,1.581128717,-0.775990334,1.087928232,-0.583452564,0.265703563,-0.199184076,0.741154792
1497534997518400000,95015,1.581603989,-0.766477842,1.087354501,-0.585531281,0.262895609,-0.197585151,0.740944752
1497534997528370000,95016,1.582214939,-0.756797296,1.086131736,-0.588805427,0.260454651,-0.194763089,0.739958704
1497534997538400000,95017,1.582968262,-0.746939538,1.08456649,-0.590405183,0.258751252,-0.193563867,0.7395962
1497534997548370000,95018,1.583677821,-0.737006178,1.08266321,-0.592977734,0.25707048,-0.19170589,0.738607492
1497534997558400000,95019,1.584050049,-0.727204648,1.079685107,-0.595082465,0.25444494,-0.190406059,0.738159985
1497534997568380000,95020,1.584964872,-0.716971486,1.077015101,-0.598429683,0.252096623,-0.188705112,0.736695044
1497534997578360000,95021,1.585938392,-0.706571219,1.074535689,-0.601273977,0.251011825,-0.187183076,0.735136153
1497534997588390000,95022,1.587008116,-0.69602347,1.071760989,-0.605460527,0.247582235,-0.184792751,0.7334659
1497534997598390000,95023,1.588183206,-0.685257399,1.06912856,-0.608911331,0.244272997,-0.182819148,0.732212301
1497534997608400000,95024,1.589379312,-0.674244462,1.066930058,-0.613059014,0.241683341,-0.180636472,0.730149487
1497534997618400000,95025,1.590298762,-0.66345346,1.064370888,-0.615833622,0.23751368,-0.17854501,0.729697116
1497534997628360000,95026,1.591210166,-0.652722306,1.062321174,-0.617871744,0.235155084,-0.176954206,0.729125368
1497534997638400000,95027,1.591905572,-0.642462913,1.060121923,-0.61913588,0.232585567,-0.175115785,0.729321039
1497534997648380000,95028,1.592654331,-0.63263373,1.058283039,-0.618834748,0.230129313,-0.173395964,0.730765279
1497534997658410000,95029,1.593377545,-0.623159109,1.056687273,-0.617521893,0.228126174,-0.172449996,0.732725159
1497534997668350000,95030,1.594134901,-0.613900789,1.055400457,-0.615149562,0.22688839,-0.172951398,0.734983326
1497534997678360000,95031,1.595362575,-0.604453111,1.054443467,-0.611317713,0.225935117,-0.174825968,0.738024293
1497534997688370000,95032,1.596883656,-0.594653861,1.053699494,-0.607657047,0.22563154,-0.175802894,0.740902601
1497534997698400000,95033,1.598620394,-0.584459137,1.053007452,-0.604741908,0.226796727,-0.175972452,0.742889067
1497534997708370000,95034,1.600735414,-0.573769688,1.052135135,-0.600944404,0.22784918,-0.175848084,0.745672868
1497534997718360000,95035,1.602748729,-0.56272845,1.051161476,-0.598425533,0.229587942,-0.17404456,0.747585948
1497534997728340000,95036,1.604828475,-0.551126929,1.05002397,-0.596131917,0.231070173,-0.172015408,0.749429125
1497534997738390000,95037,1.607090916,-0.538913475,1.04911084,-0.593772247,0.231622222,-0.170611897,0.751450095
1497534997748330000,95038,1.609070399,-0.526402066,1.048091498,-0.592497117,0.230605075,-0.168463628,0.753251931
1497534997758420000,95039,1.611104304,-0.513607319,1.04762573,-0.593464539,0.227164885,-0.165209688,0.754255736
1497534997768380000,95040,1.612910471,-0.50078732,1.047783873,-0.593701683,0.224042809,-0.163426752,0.755390514
1497534997778360000,95041,1.61472511,-0.48811966,1.048745027,-0.595561695,0.221454328,-0.162475404,0.754894689
1497534997788360000,95042,1.616831488,-0.475682506,1.050628749,-0.597586382,0.220695336,-0.16362058,0.753267808
1497534997798330000,95043,1.619024102,-0.463734451,1.052821174,-0.601345738,0.220713909,-0.163669441,0.750253949
1497534997808400000,95044,1.62173422,-0.45190859,1.055507706,-0.604261873,0.222025236,-0.164820393,0.747266098
1497534997818380000,95045,1.624577397,-0.440653774,1.058165563,-0.606815812,0.221803341,-0.165955814,0.745007729
1497534997828330000,95046,1.626257484,-0.430489669,1.05896927,-0.60824396,0.224508006,-0.166803514,0.742840513
1497534997838300000,95047,1.6290619,-0.419917027,1.061435489,-0.607862695,0.225154977,-0.1688911,0.742485001
1497534997848280000,95048,1.632002947,-0.409451276,1.063943748,-0.607518448,0.226515132,-0.171167815,0.741831389
1497534997858320000,95049,1.634964778,-0.399028193,1.066250712,-0.606470827,0.229168834,-0.174160797,0.741176631
1497534997868390000,95050,1.637697613,-0.388754856,1.068113909,-0.605413321,0.231498017,-0.176678591,0.740721306
1497534997878380000,95051,1.640193582,-0.378664065,1.06957295,-0.605352973,0.232706812,-0.179014655,0.739830434
1497534997888370000,95052,1.642471544,-0.368718633,1.070610991,-0.60639557,0.233130907,-0.181406538,0.738258804
1497534997898390000,95053,1.644490011,-0.358912833,1.071588111,-0.607250716,0.232250676,-0.183643437,0.737279648
1497534997908390000,95054,1.646354773,-0.349308517,1.072278199,-0.610369579,0.23006725,-0.185320299,0.734965593
1497534997918410000,95055,1.648055613,-0.339794331,1.072645909,-0.614698793,0.228838511,-0.185955089,0.731572987
1497534997928370000,95056,1.650149784,-0.330223361,1.073624778,-0.619731089,0.228805638,-0.18577199,0.727372068
1497534997938400000,95057,1.652042881,-0.320887308,1.074004457,-0.624943102,0.229836701,-0.185163214,0.722728022
1497534997948380000,95058,1.654338021,-0.311609761,1.075089048,-0.629991524,0.232111293,-0.183963219,0.717908464
1497534997958400000,95059,1.65626727,-0.302639764,1.075746846,-0.633469516,0.234359651,-0.181635734,0.714703005
1497534997968390000,95060,1.658156068,-0.293896699,1.0765303,-0.636429017,0.236281857,-0.179315298,0.71202178
1497534997978370000,95061,1.659726795,-0.285391473,1.077025627,-0.638115537,0.237973806,-0.177210879,0.71047402
1497534997988360000,95062,1.661146824,-0.277147863,1.077645386,-0.638962309,0.239555676,-0.17517408,0.709686048
1497534997998380000,95063,1.662538887,-0.268987793,1.078080935,-0.639895936,0.240757838,-0.173929273,0.70874358
1497534998008410000,95064,1.664005543,-0.260745474,1.07858097,-0.64046698,0.242734361,-0.172607905,0.70787611
1497534998018400000,95065,1.66549253,-0.252704925,1.078742574,-0.642321113,0.244327921,-0.171852268,0.705828771
1497534998028380000,95066,1.666933897,-0.244499357,1.07858014,-0.643889526,0.246792994,-0.170938497,0.703760987
1497534998038400000,95067,1.668579828,-0.23642263,1.078612115,-0.646269353,0.248660317,-0.170637069,0.700989987
1497534998048390000,95068,1.670345797,-0.228287121,1.078614789,-0.647991763,0.25187738,-0.170862621,0.698190823
1497534998058400000,95069,1.672081254,-0.220157559,1.07825311,-0.650295389,0.25486597,-0.170856398,0.694958514
1497534998068350000,95070,1.673891107,-0.212087714,1.077925828,-0.652971136,0.257317151,-0.171395618,0.691404456
1497534998078380000,95071,1.675643994,-0.20431806,1.077425202,-0.654684518,0.260902383,-0.172131937,0.688250481
1497534998088360000,95072,1.677382382,-0.196438898,1.076737811,-0.656908622,0.263972342,-0.172104675,0.684959594
1497534998098370000,95073,1.679678737,-0.188305777,1.076328787,-0.662859245,0.268308471,-0.169213986,0.678229174
1497534998108420000,95074,1.680531182,-0.180839275,1.075443818,-0.659417839,0.269233958,-0.174929182,0.679765379
1497534998118410000,95075,1.682833305,-0.172707653,1.074669576,-0.665188835,0.274585558,-0.171591349,0.672817208
1497534998128350000,95076,1.684304878,-0.164649699,1.073628566,-0.667620853,0.277016587,-0.172567369,0.669152232
1497534998138400000,95077,1.685857543,-0.156496832,1.072649081,-0.669916735,0.280012871,-0.173472959,0.665365684
1497534998148380000,95078,1.687120882,-0.148278549,1.071406052,-0.672449335,0.282315759,-0.174428434,0.661577226
1497534998158440000,95079,1.688327383,-0.139890012,1.070113792,-0.67463438,0.284384047,-0.175816786,0.658090134
1497534998168390000,95080,1.689516993,-0.131393707,1.069110077,-0.676684361,0.28669462,-0.176826127,0.654703743
1497534998178380000,95081,1.690537775,-0.122808504,1.067842511,-0.679492968,0.288401474,-0.177741869,0.650785467
1497534998188350000,95082,1.691439783,-0.114159569,1.06652318,-0.681269794,0.289807032,-0.179192271,0.647899284
1497534998198410000,95083,1.692258067,-0.105418621,1.065254388,-0.683021656,0.291860565,-0.179838489,0.644947243
1497534998208400000,95084,1.693031681,-0.096501969,1.063775498,-0.685188588,0.293139532,-0.180361571,0.641915506
1497534998218410000,95085,1.693725974,-0.087583476,1.062474196,-0.68705085,0.294542522,-0.180908927,0.639122674
1497534998228380000,95086,1.694256751,-0.078518452,1.060961416,-0.688593002,0.295580203,-0.181849438,0.636712496
1497534998238400000,95087,1.694724005,-0.069395364,1.059387068,-0.690267773,0.296469321,-0.182455284,0.634307822
1497534998248420000,95088,1.694979146,-0.060250694,1.057790398,-0.69156265,0.296949595,-0.184044801,0.632210052
1497534998258410000,95089,1.695276168,-0.051037948,1.056273203,-0.692520464,0.298240799,-0.184901071,0.63030106
1497534998268390000,95090,1.69542084,-0.041799259,1.054404051,-0.693352068,0.298896902,-0.186365856,0.628642442
1497534998278390000,95091,1.695610039,-0.032488682,1.052628865,-0.694163557,0.300061657,-0.187737162,0.626781235
1497534998288390000,95092,1.695824794,-0.023272144,1.050885455,-0.694744777,0.301118539,-0.189905397,0.624974607
1497534998298410000,95093,1.696242877,-0.014034818,1.049352386,-0.694953131,0.303345386,-0.191591299,0.623148856
1497534998308410000,95094,1.696575486,-0.004647124,1.047643249,-0.695970026,0.30457364,-0.193616485,0.620784405
1497534998318390000,95095,1.696823703,0.004619639,1.045944945,-0.695665242,0.30682303,-0.195660271,0.619375942
1497534998328380000,95096,1.697022739,0.013828011,1.044184486,-0.695606982,0.308627636,-0.197313211,0.618018936
1497534998338400000,95097,1.696992399,0.023309717,1.04227877,-0.695913454,0.310358898,-0.198668555,0.616370525
1497534998348410000,95098,1.696962922,0.032922494,1.040826905,-0.696072418,0.311510552,-0.20049366,0.615017607
1497534998358390000,95099,1.69675249,0.042646146,1.039093017,-0.695709608,0.313517025,-0.202120238,0.61387509
1497534998368230000,95100,1.696217815,0.052712002,1.037405213,-0.695536389,0.314817509,-0.204237362,0.61270398
1497534998378380000,95101,1.695573705,0.063005386,1.035906933,-0.695828192,0.315894596,-0.206418894,0.611085078
1497534998388390000,95102,1.694689833,0.073468233,1.034551001,-0.695321686,0.317140976,-0.208646502,0.610258955
1497534998398420000,95103,1.693809613,0.083938974,1.033436142,-0.69380791,0.318797749,-0.210494514,0.610483938
1497534998408390000,95104,1.692898195,0.094870716,1.032737377,-0.693156647,0.319214656,-0.212902421,0.610170817
1497534998418410000,95105,1.692083979,0.105687186,1.032390704,-0.692184935,0.320655082,-0.214224946,0.610055741
1497534998428380000,95106,1.691330147,0.11680942,1.032229603,-0.690908816,0.322283648,-0.21480588,0.610439753
1497534998438400000,95107,1.690408568,0.127836309,1.032130393,-0.689379387,0.324010735,-0.215350345,0.611062463
1497534998448380000,95108,1.689375564,0.139034704,1.032268953,-0.688676327,0.32447949,-0.214533046,0.611893413
1497534998458400000,95109,1.688129025,0.150393092,1.032211256,-0.687076299,0.326393821,-0.213005541,0.613206223
1497534998468390000,95110,1.686917032,0.161779156,1.03314889,-0.685395368,0.326323364,-0.211772117,0.615547579
1497534998478360000,95111,1.685073053,0.173089095,1.033721956,-0.683620579,0.325599105,-0.209415265,0.618702977
1497534998488420000,95112,1.683226618,0.184391608,1.034855229,-0.682446596,0.325207805,-0.205318491,0.621571271
1497534998498410000,95113,1.680543104,0.195549506,1.035940104,-0.680830271,0.321067697,-0.203078148,0.626214773
1497534998508450000,95114,1.678035698,0.206588721,1.037305577,-0.67862059,0.317246783,-0.199336789,0.631738409
1497534998518400000,95115,1.675349763,0.217176089,1.038804691,-0.676267394,0.311897477,-0.196953834,0.637645327
1497534998528370000,95116,1.672588586,0.22790202,1.040503472,-0.674788021,0.304740877,-0.196609908,0.642758639
1497534998538370000,95117,1.67055069,0.237612898,1.042202153,-0.670961528,0.302440814,-0.19308085,0.648891337
1497534998548350000,95118,1.668385935,0.247464309,1.044185677,-0.668134639,0.296765691,-0.194234723,0.654063529
1497534998558400000,95119,1.665068625,0.258152493,1.044678651,-0.669065073,0.287855706,-0.198134777,0.65592197
1497534998568360000,95120,1.663798187,0.267189406,1.04645117,-0.664684436,0.28808965,-0.197387853,0.660482392
1497534998578340000,95121,1.662533686,0.275862718,1.048987403,-0.659451651,0.286792544,-0.200592165,0.665309206
1497534998588320000,95122,1.661514556,0.28422422,1.050676228,-0.653821323,0.28925,-0.199760347,0.670035759
1497534998598390000,95123,1.660518844,0.292723862,1.052525067,-0.649724248,0.291519456,-0.198335984,0.673452037
1497534998608400000,95124,1.659472174,0.30071198,1.054742809,-0.643212302,0.292772704,-0.199301358,0.678852743
1497534998618460000,95125,1.658370346,0.308877149,1.056725122,-0.637371821,0.29472208,-0.198380677,0.683769818
1497534998628390000,95126,1.657455016,0.316987478,1.058599649,-0.632996962,0.295631461,-0.196799847,0.687885678
1497534998638430000,95127,1.656296463,0.325129464,1.060948494,-0.628235433,0.294999213,-0.196405632,0.692618605
1497534998648380000,95128,1.655308442,0.333434665,1.063011183,-0.624862127,0.294903969,-0.194687171,0.696186668
1497534998658420000,95129,1.654055043,0.341587209,1.065270108,-0.620863353,0.292436194,-0.195108811,0.700672764
1497534998668400000,95130,1.652884849,0.349771715,1.06754301,-0.617380278,0.290349056,-0.19438957,0.704806152
1497534998678380000,95131,1.65174505,0.358048401,1.069731549,-0.614523558,0.287380393,-0.194281263,0.708539411
1497534998688370000,95132,1.650471557,0.366366416,1.071841801,-0.61252284,0.284337187,-0.19350667,0.711704505
1497534998698390000,95133,1.649230245,0.374591315,1.073974908,-0.609555213,0.280527381,-0.193231752,0.715827019
1497534998708410000,95134,1.648039534,0.382870232,1.075721003,-0.606861804,0.277096963,-0.192397501,0.719666051
1497534998718420000,95135,1.646855984,0.391065562,1.077255019,-0.604263372,0.27422963,-0.190923671,0.723333974
1497534998728370000,95136,1.645789342,0.399358885,1.078704711,-0.602141859,0.27083583,-0.189777014,0.72667587
1497534998738390000,95137,1.644763358,0.407628048,1.079867928,-0.599816349,0.268218177,-0.188316529,0.729942629
1497534998748400000,95138,1.64378192,0.415966218,1.080764294,-0.597672271,0.265857648,-0.186005903,0.733150306
1497534998758430000,95139,1.64210216,0.424519157,1.079883173,-0.592723906,0.268171399,-0.181679888,0.737397376
1497534998768390000,95140,1.641444642,0.432985973,1.080651218,-0.592369049,0.265614161,-0.180536786,0.738887337
1497534998778370000,95141,1.640676414,0.441569901,1.081143077,-0.592095531,0.263058944,-0.179275514,0.74032639
1497534998788420000,95142,1.640129261,0.450209612,1.081388828,-0.592518668,0.261072795,-0.177475949,0.741124086
1497534998798420000,95143,1.639409847,0.458893988,1.081457405,-0.592479253,0.258793258,-0.176541846,0.742177445
1497534998808370000,95144,1.639028561,0.467556095,1.081276789,-0.59316275,0.2575149,-0.174906615,0.742463268
1497534998818410000,95145,1.638119998,0.476227927,1.081038797,-0.591862496,0.253800961,-0.17648469,0.744403796
1497534998828400000,95146,1.637776214,0.485053404,1.080703859,-0.593275407,0.252097407,-0.175949258,0.743984575
1497534998838420000,95147,1.637317422,0.493759225,1.079784104,-0.592884737,0.250641947,-0.17471321,0.745078249
1497534998848370000,95148,1.636988935,0.502248478,1.078533545,-0.591848215,0.24827039,-0.174596016,0.746721994
1497534998858420000,95149,1.637070025,0.511376893,1.077324502,-0.593194417,0.248701465,-0.17283291,0.74592007
1497534998868380000,95150,1.636981162,0.52055096,1.075497959,-0.594169489,0.248272106,-0.172701262,0.745317284
1497534998878390000,95151,1.637083687,0.530107384,1.073981192,-0.597343828,0.248613969,-0.171305269,0.742984489
1497534998888410000,95152,1.637192592,0.53961307,1.071942453,-0.600124274,0.24832061,-0.170139285,0.741107519
1497534998898420000,95153,1.637317068,0.549441919,1.069730835,-0.603116964,0.247887807,-0.168761485,0.739135389
1497534998908410000,95154,1.637701382,0.559291031,1.067328402,-0.606597286,0.24700467,-0.167344077,0.736901883
1497534998918420000,95155,1.638144387,0.56943185,1.064744066,-0.607789031,0.247580445,-0.166426334,0.735933891
1497534998928390000,95156,1.638807839,0.579806361,1.062355766,-0.61095712,0.246886102,-0.164927915,0.73387835
1497534998938370000,95157,1.639239226,0.58991643,1.059872655,-0.614377397,0.244670355,-0.162771748,0.732244624
1497534998948390000,95158,1.639629001,0.600197333,1.0576082,-0.615269901,0.243683367,-0.162044028,0.731985723
1497534998958420000,95159,1.63976232,0.610088465,1.05546158,-0.61585868,0.241908327,-0.160197826,0.732485566
1497534998968380000,95160,1.6398938,0.619902523,1.053591564,-0.615362616,0.241204132,-0.158047726,0.733600937
1497534998978390000,95161,1.63999457,0.629300061,1.051802818,-0.612941278,0.240143208,-0.157484784,0.73609291
1497534998988400000,95162,1.640064247,0.638750468,1.050509102,-0.610388813,0.239209834,-0.157213431,0.738571655
1497534998998380000,95163,1.640393181,0.648511501,1.049458692,-0.60846552,0.238385317,-0.157419004,0.740379233
1497534999008410000,95164,1.64066988,0.658107784,1.048465055,-0.605564948,0.236849884,-0.157899221,0.743142693
1497534999018420000,95165,1.641279235,0.668299374,1.047716844,-0.601911544,0.236836276,-0.159003689,0.745874586
1497534999028390000,95166,1.642137666,0.679062209,1.046781771,-0.598297857,0.237920824,-0.160164124,0.74818501
1497534999038410000,95167,1.642955709,0.690191124,1.046358599,-0.59727967,0.23633558,-0.158427436,0.749868813
1497534999048330000,95168,1.643713644,0.701362911,1.045427401,-0.594432496,0.235246506,-0.157091461,0.752749203
1497534999058430000,95169,1.644746525,0.713468347,1.044894886,-0.591049459,0.234933309,-0.15734862,0.755452374
1497534999068350000,95170,1.645427038,0.725264214,1.044321551,-0.590425453,0.231972089,-0.153598181,0.757624137
1497534999078390000,95171,1.646293106,0.737565515,1.044382554,-0.589765484,0.229389705,-0.151578823,0.759329242
1497534999088390000,95172,1.647294628,0.750020209,1.045272521,-0.589064554,0.228047076,-0.150300732,0.760530849
1497534999098430000,95173,1.648109578,0.762221356,1.046499528,-0.589385036,0.225286384,-0.150121411,0.761140517
1497534999108390000,95174,1.64928926,0.774366237,1.04850786,-0.589974973,0.22465595,-0.148930461,0.761103773
1497534999118350000,95175,1.650705005,0.786437538,1.050868634,-0.592945778,0.223754919,-0.149390253,0.758967452
1497534999128390000,95176,1.652413105,0.798462316,1.05333426,-0.595835838,0.223764779,-0.149780841,0.756620564
1497534999138390000,95177,1.654342806,0.810201418,1.055560479,-0.59901568,0.22366897,-0.150727392,0.753945396
1497534999148340000,95178,1.656289526,0.821897906,1.057975353,-0.601186241,0.22351711,-0.153348146,0.751731037
1497534999158370000,95179,1.658347739,0.83323932,1.060322506,-0.602534034,0.223829759,-0.155761106,0.750060967
1497534999168400000,95180,1.660541128,0.844179978,1.062209419,-0.603809388,0.224366079,-0.159132933,0.748164952
1497534999178380000,95181,1.662805848,0.854764019,1.064427603,-0.603749521,0.226026568,-0.163024479,0.746874505
1497534999188370000,95182,1.665041907,0.864880711,1.066254368,-0.603446348,0.227623866,-0.167274297,0.745693765
1497534999198420000,95183,1.667275155,0.874583329,1.068145136,-0.603385816,0.229514459,-0.170792952,0.744364452
1497534999208390000,95184,1.669144931,0.883646102,1.069846205,-0.602233824,0.231677364,-0.174423201,0.743785297
1497534999218410000,95185,1.670736493,0.892331243,1.071256711,-0.601877165,0.233054272,-0.177123754,0.743005222
1497534999228360000,95186,1.671854658,0.900407525,1.071836891,-0.601243675,0.232875701,-0.179633668,0.742971532
1497534999238400000,95187,1.673417436,0.909170399,1.073074859,-0.604129161,0.235111441,-0.181424257,0.739483473
1497534999248390000,95188,1.674952214,0.917790452,1.074016053,-0.608423693,0.236645836,-0.182441596,0.735210461
1497534999258400000,95189,1.676609895,0.92660115,1.075073189,-0.613531522,0.239297142,-0.181842248,0.730239239
1497534999268320000,95190,1.678283683,0.935275793,1.075914288,-0.618367714,0.242489629,-0.180474952,0.725430177
1497534999278350000,95191,1.679735724,0.943908371,1.076619938,-0.623047588,0.244801782,-0.178127881,0.721217199
1497534999288300000,95192,1.680837743,0.952069071,1.077123713,-0.625451202,0.246310541,-0.175108448,0.719360093
1497534999298380000,95193,1.681700024,0.960302863,1.077416316,-0.628107462,0.247845069,-0.173159804,0.716986416
1497534999308400000,95194,1.682172192,0.968455159,1.077813487,-0.629319854,0.247768833,-0.171178192,0.71642526
1497534999318500000,95195,1.682713052,0.976852735,1.077990472,-0.632454316,0.248096183,-0.169598679,0.713923042
1497534999328390000,95196,1.683345081,0.9854951,1.078350286,-0.634889626,0.248010841,-0.16849099,0.712050961
1497534999338530000,95197,1.683766621,0.993684587,1.078495209,-0.637488193,0.247916452,-0.167226327,0.710057457
1497534999348410000,95198,1.684442505,1.002192393,1.078798439,-0.640672456,0.248541741,-0.166195207,0.707209276
1497534999358360000,95199,1.684976323,1.010462033,1.079003242,-0.642861361,0.249314946,-0.165873793,0.705022846
1497534999368430000,95200,1.685599811,1.018795932,1.079225036,-0.645302764,0.250086983,-0.16572976,0.702548568
1497534999378390000,95201,1.686145955,1.026876871,1.079338393,-0.647718225,0.251810379,-0.1655322,0.699751188
1497534999388340000,95202,1.686647423,1.034910462,1.07931332,-0.649477761,0.253092051,-0.166416521,0.697444329
1497534999398400000,95203,1.68724862,1.042874181,1.079414449,-0.651222564,0.25553306,-0.16649361,0.694904242
1497534999408380000,95204,1.687798735,1.050702759,1.079349077,-0.652218653,0.257399531,-0.167122919,0.693127867
1497534999418440000,95205,1.688400009,1.05852426,1.078973283,-0.654560339,0.261168734,-0.167261938,0.689467257
1497534999428410000,95206,1.688897726,1.066176314,1.078676508,-0.655475168,0.262806137,-0.167348003,0.687953403
1497534999438430000,95207,1.689371487,1.074063549,1.078274849,-0.656182925,0.265098974,-0.168033882,0.686229639
1497534999448420000,95208,1.689930898,1.082142872,1.077528002,-0.659040175,0.267631238,-0.1683107,0.682430272
1497534999458410000,95209,1.690173752,1.090105735,1.076662707,-0.660117115,0.269553195,-0.169375018,0.680366499
1497534999468420000,95210,1.690488241,1.0983203,1.07576598,-0.661859318,0.271682081,-0.170716117,0.677485865
1497534999478400000,95211,1.690848691,1.106735459,1.074503062,-0.663771751,0.273353585,-0.171445994,0.674752659
1497534999488430000,95212,1.690970268,1.115257487,1.073480688,-0.666325526,0.274008359,-0.171778997,0.671879222
1497534999498430000,95213,1.691046012,1.123977287,1.072175234,-0.66925547,0.275160846,-0.173436311,0.668059481
1497534999508420000,95214,1.69094113,1.132683694,1.070923342,-0.671379801,0.27632526,-0.173874229,0.665327938
1497534999518430000,95215,1.690830619,1.141658472,1.069718841,-0.673559078,0.276550019,-0.175919694,0.662488126
1497534999528430000,95216,1.690727616,1.150876065,1.068429655,-0.675561561,0.27756425,-0.177464791,0.659606635
1497534999538430000,95217,1.690459976,1.16013082,1.066996295,-0.67878406,0.277654626,-0.177875481,0.65614055
1497534999548430000,95218,1.690267525,1.169758674,1.065718964,-0.680431357,0.277217566,-0.179661265,0.654129513
1497534999558430000,95219,1.689926357,1.179555463,1.064126157,-0.683387159,0.277558227,-0.18048248,0.6506685
1497534999568410000,95220,1.689665651,1.189605314,1.062504257,-0.686541335,0.276529297,-0.181050654,0.647621189
1497534999578390000,95221,1.689127648,1.199705222,1.060797257,-0.688775474,0.27618141,-0.181577879,0.645245418
1497534999588330000,95222,1.688519332,1.209789867,1.058982346,-0.691304365,0.275199948,-0.181804372,0.642892241
1497534999598350000,95223,1.687986663,1.220069289,1.057216022,-0.693989961,0.274826309,-0.181916058,0.640121068
1497534999608410000,95224,1.687220239,1.230118841,1.055435731,-0.696518126,0.273877967,-0.181774132,0.637817782
1497534999618430000,95225,1.686573978,1.240163356,1.053665378,-0.697712659,0.272609079,-0.183535132,0.636550226
1497534999628360000,95226,1.685645809,1.249870486,1.051918633,-0.699152709,0.272418847,-0.184295977,0.634829468
1497534999638430000,95227,1.684733778,1.259445284,1.050199961,-0.699559606,0.271365685,-0.18526024,0.634551547
1497534999648420000,95228,1.683813701,1.268952178,1.048581794,-0.700140698,0.27129341,-0.186082796,0.633700309
1497534999658440000,95229,1.682884573,1.278470612,1.04677387,-0.700216788,0.272166272,-0.187747803,0.632750135
1497534999668410000,95230,1.682036818,1.28801622,1.045105756,-0.700362793,0.273679046,-0.189246048,0.631488457
1497534999678400000,95231,1.681078425,1.297553653,1.043276601,-0.700001235,0.275053486,-0.190775607,0.630831608
1497534999688340000,95232,1.680134263,1.307305675,1.041780983,-0.70001474,0.276436838,-0.191893465,0.629872159
1497534999698440000,95233,1.67911651,1.317125248,1.040203284,-0.699669192,0.278611489,-0.194036171,0.628640298
1497534999708430000,95234,1.677991796,1.327064311,1.038775831,-0.69962461,0.280690059,-0.195022248,0.627459017
1497534999718430000,95235,1.676765973,1.337130609,1.037735735,-0.699005671,0.282917122,-0.196600698,0.626655519
1497534999728400000,95236,1.675336335,1.347308883,1.03701316,-0.697477829,0.285750365,-0.198903388,0.626345631
1497534999738420000,95237,1.673711903,1.357692766,1.03657234,-0.696650592,0.288536736,-0.199419178,0.625824653
1497534999748360000,95238,1.67182606,1.368451342,1.036579849,-0.696254582,0.288366745,-0.199059048,0.626458037
1497534999758440000,95239,1.66948494,1.379107855,1.036913703,-0.694747336,0.288748505,-0.198634748,0.628088113
1497534999768410000,95240,1.666822536,1.3904007,1.037450029,-0.69469672,0.287043611,-0.196295259,0.629659117
1497534999778400000,95241,1.663759145,1.40172534,1.038323848,-0.694612814,0.284550589,-0.192424813,0.632073328
1497534999788410000,95242,1.660318033,1.413416797,1.039293365,-0.695123888,0.281164526,-0.187435929,0.634521129
1497534999798430000,95243,1.656362023,1.425281197,1.040583365,-0.69518227,0.275528653,-0.181689717,0.638587832
1497534999808470000,95244,1.652109808,1.437205708,1.042045465,-0.69525162,0.268439141,-0.174870444,0.643417392
1497534999818410000,95245,1.647757706,1.449086962,1.043798759,-0.695596884,0.260030122,-0.168077475,0.648289498
1497534999828400000,95246,1.643375697,1.460781145,1.045436828,-0.69629788,0.25090478,-0.161913433,0.652686827
1497534999838430000,95247,1.639298858,1.472301126,1.047140719,-0.696591316,0.241789203,-0.155417778,0.657376478
1497534999848420000,95248,1.635317195,1.482977482,1.048742478,-0.694389087,0.234475573,-0.151597177,0.663221907
1497534999858450000,95249,1.631635395,1.493196722,1.05046847,-0.692447645,0.227839678,-0.149326397,0.668062098
1497534999868400000,95250,1.628495304,1.50278011,1.051894085,-0.688205889,0.223378402,-0.147725186,0.674278884
1497534999878380000,95251,1.62570039,1.512018116,1.053173212,-0.683760991,0.22110442,-0.147348723,0.679611725
1497534999888480000,95252,1.623215352,1.520902597,1.054463246,-0.679481986,0.220032176,-0.147028534,0.684304525
1497534999898440000,95253,1.62101887,1.529388049,1.055474714,-0.674127474,0.219859798,-0.146884584,0.68966567
1497534999908430000,95254,1.618876079,1.53765098,1.056571612,-0.668826279,0.219744553,-0.145723924,0.695088684
1497534999918440000,95255,1.616897807,1.545899994,1.057506473,-0.663853316,0.220157741,-0.143535018,0.700162154
1497534999928420000,95256,1.614888439,1.554124714,1.058587153,-0.660029564,0.220173728,-0.140961428,0.704282883
1497534999938340000,95257,1.612882748,1.562346492,1.059727224,-0.655436082,0.22005821,-0.137873749,0.709202901
1497534999948420000,95258,1.61085468,1.570557386,1.061080842,-0.651551024,0.220695268,-0.134863375,0.713152671
1497534999958440000,95259,1.608659505,1.578658128,1.062492322,-0.647832167,0.219510092,-0.132017904,0.717426007
1497534999968390000,95260,1.606456229,1.586587649,1.064348912,-0.644085743,0.218137225,-0.129265654,0.721706379
1497534999978380000,95261,1.604119771,1.594343632,1.06627748,-0.640305395,0.216551177,-0.126955892,0.725945446
1497534999988390000,95262,1.601652381,1.601948042,1.068283966,-0.6363404,0.21454895,-0.126020584,0.730177004
1497534999998410000,95263,1.599150585,1.609574236,1.070438447,-0.632467514,0.212316369,-0.125210836,0.734322034
1497535000008430000,95264,1.596717428,1.617094212,1.072544262,-0.629615736,0.210059964,-0.124225691,0.737581734
1497535000018400000,95265,1.594211192,1.624737175,1.074420631,-0.626593338,0.206832624,-0.122635165,0.741324269
1497535000028360000,95266,1.591768671,1.632587298,1.076311486,-0.624777768,0.203405755,-0.121140828,0.744045522
1497535000038310000,95267,1.589416369,1.640537721,1.077920079,-0.62244804,0.200384585,-0.119908659,0.747011625
1497535000048410000,95268,1.587273644,1.648793351,1.079179255,-0.621306065,0.198365474,-0.118520435,0.748720788
1497535000058400000,95269,1.585132512,1.65703287,1.080110073,-0.620555546,0.196002076,-0.116254769,0.750319152
1497535000068340000,95270,1.583113474,1.665371901,1.080961631,-0.619167608,0.194034986,-0.113929947,0.752330955
1497535000078400000,95271,1.58094049,1.673670332,1.081328163,-0.618751536,0.191659182,-0.110979482,0.753721998
1497535000088430000,95272,1.578872532,1.68216702,1.081714738,-0.618042982,0.189508352,-0.108081367,0.755266757
1497535000098430000,95273,1.576760202,1.690707324,1.081830692,-0.616991575,0.186683223,-0.105621857,0.757175537
1497535000108450000,95274,1.574408505,1.699224111,1.081984717,-0.616425203,0.183091432,-0.102287159,0.758969587
1497535000118270000,95275,1.572245033,1.708092063,1.081974245,-0.61637987,0.180571657,-0.099744191,0.759947912
1497535000128410000,95276,1.569893599,1.716875472,1.081939708,-0.616865789,0.176711909,-0.096131068,0.76092596
1497535000138380000,95277,1.567380426,1.725865523,1.081868717,-0.618272198,0.172076021,-0.091787982,0.761383148
1497535000148430000,95278,1.565061401,1.735162255,1.081732421,-0.619255579,0.167420095,-0.087560797,0.76211951
1497535000158390000,95279,1.562639481,1.744641134,1.08153526,-0.621740327,0.162300679,-0.081869675,0.761836473
1497535000168370000,95280,1.560215169,1.754196855,1.080733363,-0.624577544,0.157904179,-0.076703455,0.760976834
1497535000178420000,95281,1.557897469,1.763996175,1.079704575,-0.626864576,0.153036631,-0.072003641,0.760549846
1497535000188400000,95282,1.555567576,1.773884067,1.078387556,-0.630544306,0.149465745,-0.06740654,0.758637085
1497535000198450000,95283,1.55317826,1.783948145,1.076849054,-0.633778645,0.144606105,-0.06224124,0.75732406
1497535000208430000,95284,1.550856635,1.794213202,1.075063452,-0.636366016,0.140040543,-0.058111421,0.756339872
1497535000218440000,95285,1.54829036,1.804564357,1.073434439,-0.639387988,0.134094643,-0.053844912,0.755183655
1497535000228420000,95286,1.545486104,1.814916422,1.071813729,-0.642779267,0.127809354,-0.050776357,0.753605563
1497535000238400000,95287,1.542695375,1.825390194,1.069872671,-0.64477952,0.122913904,-0.046865967,0.752964225
1497535000248360000,95288,1.53992687,1.835860221,1.068069021,-0.646954905,0.118765001,-0.042258631,0.752036192
1497535000258440000,95289,1.537054259,1.846305951,1.06628789,-0.649564769,0.113851599,-0.036752636,0.750834648
1497535000268480000,95290,1.534100831,1.856444474,1.064712306,-0.650161461,0.110935246,-0.032145215,0.750966132
1497535000278420000,95291,1.531302953,1.866537396,1.06319299,-0.651620463,0.107711802,-0.027580252,0.750352097
1497535000288420000,95292,1.52839915,1.876676837,1.061845388,-0.653344643,0.104621919,-0.021860066,0.749477931
1497535000298450000,95293,1.525619661,1.88677156,1.061042669,-0.653530919,0.100541623,-0.017597212,0.749986038
1497535000308480000,95294,1.522890975,1.897062585,1.060281621,-0.655047653,0.096488037,-0.012111544,0.749303638
1497535000318450000,95295,1.520307225,1.907116393,1.059777421,-0.653624808,0.092837408,-0.007910357,0.751061417
1497535000328400000,95296,1.517367739,1.917234451,1.059881255,-0.651582226,0.089764715,-0.003465019,0.753240262
1497535000338380000,95297,1.51418171,1.925751157,1.060120063,-0.650248957,0.082958635,0.006079895,0.755153755
1497535000348440000,95298,1.511107052,1.934440132,1.060663463,-0.646486226,0.079834238,0.009066149,0.758682977
1497535000358450000,95299,1.508035433,1.94319974,1.061817875,-0.647274755,0.075948924,0.012373438,0.758362743
1497535000368440000,95300,1.504808917,1.951740968,1.063625732,-0.648885898,0.072890608,0.014391421,0.757249588
1497535000378410000,95301,1.501725114,1.960358872,1.065699503,-0.651664037,0.069707135,0.016042681,0.755127493
1497535000388410000,95302,1.498840198,1.96897026,1.067526489,-0.654905377,0.062946117,0.018203592,0.75286477
1497535000398450000,95303,1.495568208,1.977975276,1.069726944,-0.658635368,0.056276509,0.019888379,0.750091234
1497535000408450000,95304,1.492201148,1.986756481,1.071484188,-0.66117658,0.045572915,0.022389637,0.748510083
1497535000418450000,95305,1.488750668,1.995282273,1.072774177,-0.660802845,0.036154633,0.024495112,0.74928795
1497535000428430000,95306,1.485012728,2.003903934,1.073843969,-0.66235168,0.028402388,0.026864499,0.748172343
1497535000438400000,95307,1.481506531,2.012363375,1.074272886,-0.663335687,0.021389894,0.030204953,0.747406114
1497535000448460000,95308,1.477889984,2.020579243,1.074386889,-0.665119528,0.016343279,0.033946179,0.745785873
1497535000458430000,95309,1.474307316,2.028362974,1.073996506,-0.664350529,0.012525634,0.037880277,0.746355524
1497535000468440000,95310,1.4707316,2.036200592,1.073657356,-0.667411572,0.006220476,0.043845518,0.743371152
1497535000478420000,95311,1.466879236,2.043903001,1.073263147,-0.67024704,-0.000617725,0.048484914,0.740552319
1497535000488380000,95312,1.462877017,2.051857295,1.072912116,-0.674658568,-0.008277395,0.052519193,0.736212629
1497535000498420000,95313,1.458580893,2.059785639,1.07278892,-0.679769936,-0.016422935,0.056476557,0.731063281
1497535000508440000,95314,1.454452543,2.067388782,1.072370021,-0.684002478,-0.024723111,0.06159472,0.726454037
1497535000518450000,95315,1.450054607,2.075243073,1.072276125,-0.689013042,-0.031187161,0.066395952,0.721027022
1497535000528420000,95316,1.445739623,2.082476796,1.072050755,-0.691206446,-0.036384966,0.071036059,0.718236494
1497535000538450000,95317,1.441196513,2.089518627,1.072169012,-0.694171878,-0.040379812,0.076061312,0.714639455
1497535000548370000,95318,1.436568536,2.096212594,1.072359992,-0.696308939,-0.043974774,0.081807127,0.711707577
1497535000558450000,95319,1.431994036,2.102436632,1.072344044,-0.695675434,-0.047582833,0.088590018,0.711282907
1497535000568410000,95320,1.427212881,2.108452055,1.072402931,-0.695208838,-0.050247231,0.095069536,0.710719122
1497535000578410000,95321,1.422651781,2.114557178,1.071947397,-0.694339291,-0.055432629,0.101042103,0.710359533
1497535000588410000,95322,1.417132846,2.120955355,1.072232661,-0.699853705,-0.055586726,0.105781617,0.704219537
1497535000598450000,95323,1.411924387,2.127313627,1.071920233,-0.701282558,-0.059559676,0.11204886,0.701498732
1497535000608440000,95324,1.406776064,2.133145556,1.071291668,-0.704102004,-0.062980074,0.116311842,0.697671437
1497535000618450000,95325,1.40139373,2.139341998,1.070773752,-0.707882091,-0.067447931,0.121177807,0.69258188
1497535000628420000,95326,1.395875794,2.145609351,1.070241802,-0.709638663,-0.071823717,0.126242641,0.68943246
1497535000638440000,95327,1.390491019,2.150981728,1.069086415,-0.711688724,-0.076096464,0.129932097,0.686167719
1497535000648370000,95328,1.385070195,2.156432639,1.067857388,-0.714640915,-0.081158375,0.132959251,0.681926329
1497535000658450000,95329,1.379326918,2.162213286,1.066803456,-0.717466741,-0.086046849,0.136857668,0.677574641
1497535000668430000,95330,1.373714615,2.167452916,1.065211177,-0.720356559,-0.091710381,0.139694674,0.673172364
1497535000678420000,95331,1.367905618,2.172873647,1.063905497,-0.722324865,-0.096151437,0.142744274,0.669795315
1497535000688390000,95332,1.36201147,2.178153747,1.062528553,-0.725504559,-0.1004469,0.145095176,0.665207445
1497535000698430000,95333,1.356141066,2.183627956,1.06109653,-0.727927889,-0.106148505,0.14785281,0.661054484
1497535000708420000,95334,1.350066963,2.188784077,1.059646459,-0.730225563,-0.110054043,0.150413108,0.657293414
1497535000718430000,95335,1.34394462,2.194170237,1.058366818,-0.732933864,-0.114647305,0.152666198,0.652960166
1497535000728410000,95336,1.337796674,2.199254072,1.057219641,-0.73522823,-0.118132515,0.15438018,0.649346532
1497535000738430000,95337,1.331585945,2.204057648,1.055613136,-0.737375344,-0.12142805,0.155589449,0.646006776
1497535000748470000,95338,1.32498269,2.209551477,1.054443866,-0.740392284,-0.125835748,0.158071812,0.641091205
1497535000758430000,95339,1.318451901,2.214050184,1.052741701,-0.741691605,-0.12958968,0.159271504,0.638539479
1497535000768330000,95340,1.311388208,2.218969703,1.051338519,-0.743723093,-0.133826389,0.161292296,0.634784415
1497535000778370000,95341,1.304223027,2.223775828,1.049669976,-0.746875004,-0.138374352,0.162802577,0.629702778
1497535000788460000,95342,1.296586392,2.228225488,1.04781883,-0.748787503,-0.143254779,0.164430829,0.625905621
1497535000798450000,95343,1.28868685,2.232822634,1.045934124,-0.750679544,-0.148552839,0.166888158,0.621739993
1497535000808510000,95344,1.280615825,2.236968941,1.043924995,-0.752255155,-0.155095885,0.169301881,0.617571309
1497535000818490000,95345,1.272306176,2.240743632,1.041522705,-0.754749309,-0.160993067,0.171096805,0.612503548
1497535000828420000,95346,1.263720682,2.244544427,1.039220329,-0.755375799,-0.168131889,0.172938102,0.609287685
1497535000838450000,95347,1.255099529,2.24808327,1.036764243,-0.755804787,-0.175135336,0.17555115,0.606026841
1497535000848280000,95348,1.246609318,2.251350499,1.034500662,-0.755919734,-0.181628604,0.177011336,0.603542371
1497535000858460000,95349,1.238137121,2.254517657,1.032478667,-0.756344426,-0.187247729,0.178348866,0.600893568
1497535000868450000,95350,1.229755354,2.257670136,1.030458376,-0.755875146,-0.192069548,0.178754935,0.599840583
1497535000878420000,95351,1.22171896,2.260674321,1.02864425,-0.755482547,-0.196070244,0.179039907,0.598955167
1497535000888490000,95352,1.213779566,2.263714949,1.027087381,-0.754971251,-0.199164846,0.179161106,0.598542457
1497535000898380000,95353,1.205922577,2.266895616,1.025656403,-0.754891845,-0.200829394,0.178919097,0.598158686
1497535000908460000,95354,1.198113483,2.26978816,1.024258419,-0.754026934,-0.201986312,0.178931296,0.598855996
1497535000918410000,95355,1.190282749,2.272463619,1.023067765,-0.752037841,-0.203138944,0.179196871,0.600884462
1497535000928430000,95356,1.182125771,2.275500273,1.022289006,-0.751464545,-0.204204746,0.179579653,0.601126117
1497535000938450000,95357,1.173818904,2.277950317,1.021046184,-0.749843837,-0.206697329,0.180083149,0.602146572
1497535000948450000,95358,1.165190674,2.280604392,1.020201801,-0.748864386,-0.208323165,0.18008048,0.602805616
1497535000958440000,95359,1.156459093,2.283224238,1.019687467,-0.747347972,-0.210815866,0.181023601,0.603538015
1497535000968440000,95360,1.147798338,2.285789434,1.019252238,-0.746969104,-0.210770298,0.180832038,0.604080138
1497535000978440000,95361,1.139021896,2.288541423,1.018863139,-0.74605328,-0.211268202,0.181097168,0.604957904
1497535000988470000,95362,1.130136201,2.291490233,1.018947623,-0.745503006,-0.21019938,0.181984594,0.605741774
1497535000998470000,95363,1.121209604,2.294234031,1.019208369,-0.745734591,-0.209504441,0.182126405,0.605654836
1497535001008450000,95364,1.112279589,2.296983531,1.019718303,-0.745778402,-0.208159373,0.182675969,0.605899117
1497535001018460000,95365,1.103053145,2.300312864,1.020864457,-0.742282538,-0.209647372,0.186202518,0.608599405
1497535001028430000,95366,1.093817724,2.302295652,1.021633084,-0.743846897,-0.205703196,0.188620448,0.607289318
1497535001038460000,95367,1.084250624,2.304105933,1.023002754,-0.743736982,-0.205369623,0.192964643,0.606170988
1497535001048430000,95368,1.074440455,2.305747654,1.024703136,-0.741501557,-0.20610654,0.197521374,0.607190944
1497535001058470000,95369,1.064446941,2.307340152,1.026982793,-0.737585061,-0.209066596,0.203902892,0.608837455
1497535001068450000,95370,1.054756318,2.307666629,1.028515749,-0.735401265,-0.209542536,0.209367428,0.609460569
1497535001078440000,95371,1.045015919,2.30855228,1.030895803,-0.731006032,-0.212145486,0.215184213,0.611817153
1497535001088440000,95372,1.03549831,2.309261142,1.033147897,-0.724731645,-0.215302969,0.220475251,0.61627862
1497535001098450000,95373,1.026434241,2.309437026,1.035031928,-0.720066307,-0.215491481,0.224868944,0.620082166
1497535001108460000,95374,1.017711667,2.309647932,1.036807018,-0.715051658,-0.215872902,0.22833156,0.624471548
1497535001118460000,95375,1.009061087,2.310545158,1.038758009,-0.707040936,-0.217189552,0.232532771,0.631545979
1497535001128430000,95376,1.000896397,2.310606419,1.039862616,-0.702312565,-0.214880202,0.235665877,0.636431578
1497535001138460000,95377,0.99275908,2.311399299,1.041057137,-0.697123176,-0.213458711,0.239310671,0.641237132
1497535001148450000,95378,0.984577417,2.312211716,1.042043993,-0.692080845,-0.210343936,0.243651155,0.646075573
1497535001158470000,95379,0.976578111,2.312678225,1.042692392,-0.689927884,-0.205854608,0.247380548,0.648402853
1497535001168410000,95380,0.968373986,2.313571151,1.043727965,-0.685689739,-0.202309967,0.253380756,0.651688923
1497535001178430000,95381,0.960342314,2.313993651,1.04452003,-0.682939382,-0.198261029,0.258639796,0.653752109
1497535001188470000,95382,0.952037574,2.314803132,1.045750496,-0.679065133,-0.197237237,0.263923682,0.655981942
1497535001198450000,95383,0.94376206,2.315422131,1.047152886,-0.675781043,-0.194520699,0.27003843,0.657693641
1497535001208390000,95384,0.935510055,2.3159821,1.048545421,-0.673496264,-0.193387369,0.274654961,0.658459384
1497535001218430000,95385,0.927130518,2.316555718,1.050124436,-0.668304083,-0.194315673,0.280391151,0.661053609
1497535001228440000,95386,0.918820589,2.317262291,1.051982646,-0.665578667,-0.194009255,0.285893635,0.661536301
1497535001238420000,95387,0.910576342,2.317559268,1.053640784,-0.661382786,-0.193509878,0.291108152,0.663613428
1497535001248460000,95388,0.902236993,2.318193152,1.055573484,-0.657824343,-0.192742039,0.295603473,0.66538427
1497535001258500000,95389,0.893827281,2.318584538,1.057274984,-0.653359374,-0.192592771,0.300641479,0.667565917
1497535001268460000,95390,0.885424708,2.318999612,1.059023962,-0.650184761,-0.192441553,0.305394249,0.668550954
1497535001278430000,95391,0.876888503,2.319465342,1.060622343,-0.646881716,-0.192308895,0.310012523,0.66966676
1497535001288340000,95392,0.868175086,2.320189596,1.062365782,-0.643134228,-0.193452984,0.314541198,0.670833916
1497535001298470000,95393,0.85944203,2.321217622,1.064151824,-0.639881757,-0.193968807,0.318914305,0.671729934
1497535001308410000,95394,0.850651901,2.321685994,1.065250957,-0.637653034,-0.194486094,0.323079563,0.671709284
1497535001318470000,95395,0.841842875,2.322311602,1.066392227,-0.634848066,-0.196423305,0.327522491,0.67165083
1497535001328390000,95396,0.833021197,2.322432647,1.066863573,-0.634849412,-0.195676511,0.330658037,0.670329911
1497535001338460000,95397,0.824204713,2.322955508,1.067530868,-0.63271569,-0.197730509,0.334068026,0.67005377
1497535001348450000,95398,0.815242739,2.323717027,1.068115721,-0.630249248,-0.199033834,0.338119851,0.669959988
1497535001358470000,95399,0.806323482,2.324323211,1.068490864,-0.628835755,-0.200469246,0.340947125,0.669427168
1497535001368450000,95400,0.797209619,2.324980659,1.068390422,-0.627328398,-0.202583294,0.343925061,0.668681271
1497535001378460000,95401,0.788074671,2.325636838,1.068361719,-0.626114009,-0.204371412,0.346860177,0.667758633
1497535001388460000,95402,0.778902291,2.326322261,1.068015638,-0.625097285,-0.20673543,0.34984623,0.666424385
1497535001398460000,95403,0.769684243,2.327040415,1.067338747,-0.62415521,-0.209029943,0.352629687,0.665123342
1497535001408460000,95404,0.760505536,2.327818482,1.066470744,-0.623432744,-0.211036616,0.354835169,0.663993345
1497535001418460000,95405,0.751187203,2.328678163,1.065263338,-0.623476536,-0.213228273,0.35722131,0.661969522
1497535001428430000,95406,0.741858086,2.329638131,1.063668227,-0.623635158,-0.215105551,0.358626293,0.660451341
1497535001438460000,95407,0.732669955,2.330684037,1.061834923,-0.624545777,-0.216892688,0.359897398,0.658311474
1497535001448460000,95408,0.723307893,2.332039076,1.059553739,-0.626054978,-0.217593633,0.359938255,0.656622135
1497535001458460000,95409,0.71384331,2.333460617,1.057029083,-0.628033883,-0.218961303,0.359778627,0.654361314
1497535001468430000,95410,0.704229287,2.335154967,1.054196617,-0.629740775,-0.220558541,0.359254976,0.652469424
1497535001478430000,95411,0.694359374,2.33703241,1.051301917,-0.631343834,-0.22243466,0.358891202,0.650480508
1497535001488460000,95412,0.684220571,2.338923488,1.048082466,-0.633260449,-0.22591103,0.357979119,0.64791694
1497535001498430000,95413,0.673706326,2.341158249,1.045025904,-0.634951006,-0.229516453,0.357162306,0.645441326
1497535001508400000,95414,0.663060291,2.343156948,1.041968923,-0.636660014,-0.232764425,0.355774299,0.643357908
1497535001518420000,95415,0.652455921,2.34513143,1.039032705,-0.638983771,-0.23392294,0.354153207,0.641525762
1497535001528370000,95416,0.642285583,2.346744741,1.036069895,-0.639991307,-0.234918947,0.354323409,0.640061823
1497535001538490000,95417,0.63234163,2.348294849,1.033681375,-0.639960094,-0.234863547,0.355661507,0.639370851
1497535001548490000,95418,0.622646013,2.349567144,1.031607534,-0.637965891,-0.234776921,0.358161103,0.639999956
1497535001558370000,95419,0.613018995,2.350470543,1.029990309,-0.634611571,-0.234837177,0.361084016,0.641668129
1497535001568440000,95420,0.603153466,2.351162537,1.028749109,-0.629484638,-0.234205372,0.364018577,0.645280876
1497535001578360000,95421,0.592995744,2.352042176,1.027863976,-0.624618161,-0.232115011,0.366480303,0.649358885
1497535001588460000,95422,0.582367299,2.352874305,1.026811485,-0.620580301,-0.22901373,0.368385983,0.653241586
1497535001598470000,95423,0.57128153,2.354233962,1.026201864,-0.618013776,-0.225616262,0.371017005,0.655364522
1497535001608460000,95424,0.559686594,2.355560518,1.025338521,-0.616428272,-0.222319885,0.373586629,0.656523484
1497535001618460000,95425,0.547776397,2.356832145,1.024831371,-0.615065287,-0.220417333,0.377442219,0.656237963
1497535001628440000,95426,0.535576326,2.358158765,1.024620707,-0.613317107,-0.220050047,0.380636626,0.656152316
1497535001638460000,95427,0.523532072,2.359244569,1.024782493,-0.609814146,-0.219813574,0.383991578,0.657540241
1497535001648460000,95428,0.511587142,2.360264201,1.02559159,-0.607592573,-0.220398511,0.385894028,0.658286838
1497535001658470000,95429,0.499751218,2.361430061,1.027264601,-0.605824388,-0.221482002,0.386809128,0.65901535
1497535001668460000,95430,0.488056486,2.362687211,1.029462111,-0.605963449,-0.224761114,0.385493797,0.658547852
1497535001678410000,95431,0.476260037,2.364511561,1.032151919,-0.608114411,-0.228938781,0.383322399,0.656390003
1497535001688460000,95432,0.464616247,2.366450567,1.034717071,-0.609261124,-0.234287274,0.381194491,0.654676344
1497535001698420000,95433,0.453168401,2.368655584,1.037263739,-0.610668552,-0.238534511,0.377948119,0.653712801
1497535001708460000,95434,0.442253447,2.370875059,1.03946247,-0.611134393,-0.239627002,0.375291321,0.654408189
1497535001718460000,95435,0.431597183,2.373337031,1.041351653,-0.612132906,-0.238694758,0.372884136,0.655191224
1497535001728440000,95436,0.421292423,2.375920771,1.042991229,-0.613760218,-0.235461518,0.369912556,0.656521873
1497535001738450000,95437,0.411115069,2.378482769,1.044282494,-0.616986876,-0.232121818,0.366564997,0.65656436
1497535001748470000,95438,0.401126418,2.380938865,1.045577927,-0.619154587,-0.229819886,0.363179086,0.657214857
1497535001758480000,95439,0.391084568,2.38300471,1.046716834,-0.621247489,-0.228802694,0.359795524,0.657455751
1497535001768460000,95440,0.381275339,2.384441085,1.047446955,-0.622438729,-0.230279138,0.35644986,0.657635952
1497535001778450000,95441,0.371514299,2.385485572,1.048364264,-0.621755199,-0.23454994,0.354004134,0.65809412
1497535001788460000,95442,0.361683086,2.38646574,1.049024786,-0.62197798,-0.241031819,0.351402126,0.656935005
1497535001798480000,95443,0.351905897,2.387244592,1.049576926,-0.623329946,-0.24733513,0.348775848,0.654706438
1497535001808460000,95444,0.342161341,2.388262975,1.050130639,-0.625419575,-0.253302099,0.346140177,0.651824654
1497535001818450000,95445,0.332544919,2.389392982,1.050671445,-0.627756079,-0.258340982,0.34498892,0.648201271
1497535001828440000,95446,0.322972373,2.390583823,1.051088197,-0.631405694,-0.262445016,0.34478805,0.643094599
1497535001838480000,95447,0.31372505,2.39178196,1.0514435,-0.633924469,-0.26512244,0.344891663,0.639452578
1497535001848470000,95448,0.304709276,2.392938507,1.051585086,-0.636916304,-0.267521903,0.345390297,0.635196974
1497535001858460000,95449,0.295801945,2.394007207,1.051696031,-0.638711133,-0.268365891,0.346725019,0.632304989
1497535001868460000,95450,0.287061623,2.39506926,1.051599916,-0.641280317,-0.269423354,0.347566281,0.628783184
1497535001878450000,95451,0.278368944,2.396171041,1.051486705,-0.643806977,-0.269545402,0.348153651,0.625816976
1497535001888470000,95452,0.269784475,2.397145965,1.051303324,-0.645877366,-0.269726678,0.348489059,0.623414247
1497535001898480000,95453,0.261239215,2.398373832,1.051179297,-0.648249236,-0.270027133,0.348906652,0.620582326
1497535001908440000,95454,0.252761516,2.399612548,1.050981686,-0.650777298,-0.270140165,0.348254643,0.618249063
1497535001918470000,95455,0.244250427,2.400790886,1.05067501,-0.65377491,-0.269987507,0.347289494,0.615690766
1497535001928440000,95456,0.235779463,2.402084212,1.050342499,-0.657509883,-0.270030131,0.345221024,0.612851472
1497535001938490000,95457,0.227389194,2.403332398,1.049961008,-0.660610394,-0.269325563,0.343859517,0.610588471
1497535001948470000,95458,0.218960468,2.404596812,1.049566482,-0.66356409,-0.26903247,0.341362036,0.608913941
1497535001958480000,95459,0.210568665,2.405629708,1.048963301,-0.666122377,-0.268974662,0.339937352,0.606940035
1497535001968470000,95460,0.202026095,2.406587149,1.048441639,-0.668452766,-0.268732031,0.338050247,0.605537799
1497535001978450000,95461,0.193312487,2.40753665,1.047641867,-0.669993129,-0.268472321,0.336174032,0.604994909
1497535001988380000,95462,0.184533878,2.4082378,1.046804047,-0.672664644,-0.269452152,0.334273829,0.602643196
1497535001998470000,95463,0.175361039,2.408867579,1.045747179,-0.673706581,-0.270063902,0.33266607,0.602094858
1497535002008410000,95464,0.166049066,2.40944708,1.044755141,-0.675521119,-0.271080067,0.330562153,0.600762415
1497535002018470000,95465,0.156508555,2.409844338,1.0433486,-0.677607554,-0.273561305,0.328383562,0.598478447
1497535002028450000,95466,0.14682225,2.410316319,1.042169037,-0.679510664,-0.275259535,0.326239518,0.59671201
1497535002038470000,95467,0.136835544,2.410631575,1.040834923,-0.6815729,-0.27763058,0.323609521,0.594690273
1497535002048410000,95468,0.126781647,2.41085387,1.039265074,-0.68322388,-0.279009831,0.321809503,0.593125018
1497535002058490000,95469,0.116630609,2.411054592,1.037597912,-0.686060744,-0.280621493,0.318785258,0.59071837
1497535002068460000,95470,0.106241568,2.411153074,1.035921131,-0.68799428,-0.282629785,0.316803841,0.58857421
1497535002078400000,95471,0.095775249,2.411192257,1.034120962,-0.690107959,-0.284844447,0.314507209,0.586259209
1497535002088450000,95472,0.085109893,2.410993128,1.032252737,-0.692439633,-0.286285658,0.312019231,0.58413344
1497535002098470000,95473,0.074430643,2.410691192,1.029953188,-0.694241931,-0.290353181,0.30939947,0.581373494
1497535002108410000,95474,0.063615274,2.410227844,1.027754255,-0.69637097,-0.293824391,0.306875668,0.578413367
1497535002118460000,95475,0.052751109,2.40970366,1.025356515,-0.697742545,-0.297531139,0.304783129,0.575966846
1497535002128430000,95476,0.041803933,2.408933763,1.022966492,-0.698980938,-0.30046808,0.302621461,0.574077375
1497535002138460000,95477,0.030973238,2.408137627,1.020536602,-0.700449576,-0.303855524,0.300502754,0.571612025
1497535002148470000,95478,0.020215749,2.407364335,1.018148979,-0.700879522,-0.306310149,0.298696444,0.570720967
1497535002158490000,95479,0.00971285,2.406346254,1.015828116,-0.701454856,-0.308350861,0.296910811,0.569846296
1497535002168460000,95480,-0.000783478,2.405210131,1.013576627,-0.701110006,-0.310044786,0.295181632,0.570249765
1497535002178350000,95481,-0.011163193,2.40412443,1.011444546,-0.701543246,-0.311372095,0.293141073,0.570046317
1497535002188460000,95482,-0.021635153,2.402789902,1.009266315,-0.702240611,-0.311456054,0.291552637,0.569956411
1497535002198470000,95483,-0.032181733,2.401585417,1.00730774,-0.702644001,-0.312714336,0.289895176,0.569615606
1497535002208430000,95484,-0.042779983,2.400146752,1.005554911,-0.703663553,-0.312916542,0.288450095,0.568979248
1497535002218460000,95485,-0.05358862,2.398681341,1.00391029,-0.703834986,-0.313259683,0.286860759,0.56938176
1497535002228460000,95486,-0.064342527,2.397193772,1.002564857,-0.703818167,-0.313700789,0.285509741,0.569838565
1497535002238400000,95487,-0.075084182,2.395558928,1.001625093,-0.70402774,-0.313450636,0.284438353,0.570252982
1497535002248400000,95488,-0.085964221,2.394183542,1.000893324,-0.704085695,-0.312434599,0.282934369,0.571485869
1497535002258300000,95489,-0.096705161,2.392810902,1.000512665,-0.70486632,-0.3096809,0.28183493,0.572564654
1497535002268340000,95490,-0.107446174,2.391347904,1.000467637,-0.705640997,-0.307300172,0.281602905,0.573007148
1497535002278420000,95491,-0.118268755,2.389606262,1.000490626,-0.706800042,-0.304738038,0.282993898,0.572261201
1497535002288440000,95492,-0.129363799,2.387637748,1.00083885,-0.70748298,-0.302802915,0.285681971,0.57110773
1497535002298510000,95493,-0.140579632,2.385275156,1.00176746,-0.707442023,-0.302026048,0.290344326,0.569215445
1497535002308510000,95494,-0.151881512,2.382455262,1.002849724,-0.706105118,-0.302362752,0.295963365,0.567801035
1497535002318510000,95495,-0.163118914,2.379396741,1.004376179,-0.70409875,-0.303253994,0.302613384,0.566310079
1497535002328580000,95496,-0.17414491,2.376023102,1.006475277,-0.70121815,-0.305273425,0.309176939,0.565252919
1497535002338470000,95497,-0.184862465,2.372476413,1.008717012,-0.697087662,-0.306380069,0.315394896,0.566326853
1497535002348480000,95498,-0.195249491,2.36898921,1.011425787,-0.692261063,-0.308291045,0.320753132,0.568197748
1497535002358490000,95499,-0.205171542,2.365368098,1.014035952,-0.687088613,-0.3085032,0.325235585,0.571801388
1497535002368470000,95500,-0.214849083,2.361997084,1.016743798,-0.68145613,-0.309730346,0.329671344,0.575327263
1497535002378450000,95501,-0.224018913,2.358947717,1.019280084,-0.675414984,-0.310288361,0.33339566,0.579985402
1497535002388470000,95502,-0.232885238,2.356222836,1.021514313,-0.66930273,-0.310500266,0.336860665,0.584934469
1497535002398400000,95503,-0.241490775,2.353870504,1.023334727,-0.663865364,-0.308653655,0.339544215,0.590529785
1497535002408520000,95504,-0.249795882,2.351905426,1.02495872,-0.659801125,-0.305104457,0.341965476,0.595511006
1497535002418490000,95505,-0.257835363,2.350343528,1.026380527,-0.656773527,-0.299060601,0.344056973,0.600696338
1497535002428470000,95506,-0.265771739,2.348811788,1.027385211,-0.654113096,-0.293302173,0.346343251,0.605108457
1497535002438490000,95507,-0.273488698,2.347209513,1.028278783,-0.65211488,-0.286405937,0.349595512,0.608687769
1497535002448470000,95508,-0.28133711,2.345973987,1.029273452,-0.649824138,-0.27988051,0.353421361,0.611954926
1497535002458490000,95509,-0.289121017,2.34462866,1.030090232,-0.646670457,-0.274481387,0.357786272,0.615196125
1497535002468480000,95510,-0.296890189,2.343159064,1.030854924,-0.64408281,-0.270047298,0.362032118,0.617385242
1497535002478450000,95511,-0.30492412,2.341754288,1.031936574,-0.641331913,-0.266059962,0.365785442,0.619763248
1497535002488490000,95512,-0.31303064,2.340345185,1.032928657,-0.639065571,-0.262974099,0.368249994,0.621958006
1497535002498440000,95513,-0.321109817,2.33874507,1.034122243,-0.636710737,-0.260984895,0.370607523,0.623807972
1497535002508490000,95514,-0.329203051,2.337341957,1.035669034,-0.633379789,-0.259125249,0.373152495,0.626451406
1497535002518470000,95515,-0.33722514,2.335724985,1.037363388,-0.630398304,-0.257124135,0.37566108,0.628779699
1497535002528470000,95516,-0.345325308,2.334212218,1.039222515,-0.627356954,-0.255959878,0.378530221,0.630573283
1497535002538480000,95517,-0.353387295,2.332447296,1.04091655,-0.62363965,-0.255352632,0.381505395,0.632710245
1497535002548420000,95518,-0.361620359,2.3307845,1.042520145,-0.620851903,-0.253952097,0.38392754,0.634547784
1497535002558450000,95519,-0.369923002,2.329183693,1.04413764,-0.618687963,-0.252597873,0.386173513,0.635837665
1497535002568450000,95520,-0.378391096,2.327623523,1.045521199,-0.616681754,-0.251764318,0.388127469,0.636926534
1497535002578450000,95521,-0.386959487,2.326257214,1.046715958,-0.615242865,-0.251937251,0.390017657,0.637095021
1497535002588480000,95522,-0.395649694,2.324936619,1.047680698,-0.61363168,-0.251990265,0.391493773,0.63772227
1497535002598360000,95523,-0.404343378,2.323676319,1.048381004,-0.612260735,-0.252302731,0.393271929,0.637822322
1497535002608470000,95524,-0.41319752,2.322541636,1.048967878,-0.611565294,-0.253425412,0.394464978,0.637307487
1497535002618490000,95525,-0.422028213,2.321341907,1.049090881,-0.610267753,-0.253988662,0.395182928,0.637882029
1497535002628450000,95526,-0.431055283,2.320088019,1.048912716,-0.609829853,-0.255541067,0.395664535,0.637382059
1497535002638480000,95527,-0.440340504,2.319004345,1.048685315,-0.609587429,-0.257347061,0.396134081,0.636595198
1497535002648480000,95528,-0.449637474,2.317572601,1.047887481,-0.60955073,-0.259913585,0.396202943,0.635543912
1497535002658480000,95529,-0.459328018,2.316542065,1.047007881,-0.609885088,-0.26361998,0.396478375,0.633521573
1497535002668480000,95530,-0.469047877,2.315359716,1.045613366,-0.609939614,-0.267136419,0.396540545,0.631955218
1497535002678460000,95531,-0.479224076,2.314293662,1.043994536,-0.610484831,-0.270862002,0.396206313,0.630049684
1497535002688480000,95532,-0.489679866,2.31342228,1.042174179,-0.611636132,-0.275006922,0.396348414,0.627040963
1497535002698530000,95533,-0.500484868,2.312515583,1.039986715,-0.612698039,-0.279839913,0.396230121,0.623933031
1497535002708450000,95534,-0.511515545,2.311570273,1.03775933,-0.613337005,-0.283652129,0.396389517,0.621477706
1497535002718490000,95535,-0.522730803,2.310541365,1.035263954,-0.613895926,-0.287600247,0.397399105,0.618459248
1497535002728460000,95536,-0.533941699,2.309378169,1.032734553,-0.613026038,-0.292242157,0.399229739,0.615962024
1497535002738490000,95537,-0.545187102,2.308041809,1.030231602,-0.612279122,-0.296080557,0.402141931,0.612970185
1497535002748470000,95538,-0.556352071,2.306690765,1.02769808,-0.611766968,-0.298901902,0.404317675,0.610676712
1497535002758500000,95539,-0.567250228,2.305302636,1.025148581,-0.612209746,-0.30153942,0.406452988,0.607510637
1497535002768490000,95540,-0.577910846,2.304105766,1.022628322,-0.61253223,-0.302611428,0.408566443,0.605230578
1497535002778460000,95541,-0.588355047,2.303093008,1.020326239,-0.612682022,-0.30431933,0.410987378,0.60257768
1497535002788480000,95542,-0.598931351,2.302057426,1.018433521,-0.612257593,-0.306379651,0.413341699,0.600350555
1497535002798500000,95543,-0.609673532,2.301093472,1.017141938,-0.611198193,-0.309231078,0.416065529,0.598082256
1497535002808380000,95544,-0.620696369,2.299969808,1.016655248,-0.608964578,-0.312517333,0.418486573,0.59696235
1497535002818490000,95545,-0.631408446,2.298505483,1.016842568,-0.605398095,-0.315006812,0.421165547,0.597397219
1497535002828480000,95546,-0.641861129,2.296838866,1.017460539,-0.601316137,-0.314987687,0.423878609,0.599607026
1497535002838490000,95547,-0.64963306,2.292425016,1.019396504,-0.589069029,-0.317002372,0.436166151,0.60188559
1497535002848480000,95548,-0.660640535,2.29196974,1.020590081,-0.594344627,-0.316980325,0.437602626,0.595635694
1497535002858480000,95549,-0.669036687,2.289518099,1.023843217,-0.587187901,-0.313364596,0.438702926,0.603782031
1497535002868460000,95550,-0.678479399,2.288073853,1.026789678,-0.585351988,-0.314162421,0.438283193,0.605452613
1497535002878460000,95551,-0.687814319,2.286300123,1.029828608,-0.584336231,-0.318615541,0.438734939,0.603777243
1497535002888480000,95552,-0.697297152,2.284425902,1.03274798,-0.580439785,-0.32462678,0.438825734,0.604267395
1497535002898530000,95553,-0.707168579,2.282810377,1.035053621,-0.577033651,-0.330604727,0.438192739,0.604747719
1497535002908470000,95554,-0.71677958,2.280704364,1.037144305,-0.572142416,-0.338261004,0.43982328,0.603976847
1497535002918480000,95555,-0.727344755,2.279031397,1.037905382,-0.575462965,-0.3457859,0.440779971,0.595808278
1497535002928450000,95556,-0.736899073,2.276462766,1.039034749,-0.568691445,-0.349992771,0.443311473,0.597971603
1497535002938470000,95557,-0.7465867,2.274043732,1.039033896,-0.566147077,-0.355703761,0.446752466,0.594444745
1497535002948470000,95558,-0.756391758,2.271417675,1.038605877,-0.564855213,-0.360527861,0.450557679,0.589877977
1497535002958410000,95559,-0.765799346,2.268484261,1.038001703,-0.561976889,-0.365874301,0.454749357,0.586106641
1497535002968460000,95560,-0.775938239,2.266151126,1.037121549,-0.55776295,-0.370047144,0.456454161,0.586187002
1497535002978410000,95561,-0.78519936,2.262376917,1.036299786,-0.561736887,-0.379725747,0.461265355,0.572271176
1497535002988400000,95562,-0.794784343,2.259219364,1.035542024,-0.560114381,-0.386957507,0.463656829,0.567060942
1497535002998370000,95563,-0.804062092,2.255681315,1.034767668,-0.560164469,-0.397173706,0.466998967,0.557118281
1497535003008420000,95564,-0.812194571,2.251838175,1.034496476,-0.578065353,-0.399690748,0.449976934,0.551006817
1497535003018550000,95565,-0.821187779,2.248458073,1.034381173,-0.576688872,-0.407791639,0.453293161,0.5437474
1497535003028490000,95566,-0.829741488,2.245250699,1.034373352,-0.575287059,-0.414036892,0.455131426,0.538956063
1497535003038510000,95567,-0.836559203,2.241282101,1.03451071,-0.564239408,-0.411502789,0.465230283,0.543930261
1497535003048450000,95568,-0.846001803,2.23878279,1.034960965,-0.572584468,-0.420693972,0.460540164,0.532039818
1497535003058500000,95569,-0.853966155,2.23552894,1.035439987,-0.571782855,-0.42153899,0.464261038,0.528990486
1497535003068490000,95570,-0.86066895,2.231529328,1.036304004,-0.570998333,-0.426675957,0.471273389,0.519432309
1497535003078470000,95571,-0.871463937,2.230006526,1.034063661,-0.557372853,-0.426895625,0.485906491,0.520567489
1497535003088480000,95572,-0.87808121,2.226168556,1.036252859,-0.553970322,-0.427380653,0.4886978,0.52118818
1497535003098490000,95573,-0.883408083,2.22173671,1.034160279,-0.551262137,-0.445372393,0.491700891,0.505948339
1497535003108500000,95574,-0.891429487,2.21802734,1.034339096,-0.550458275,-0.449919142,0.492757968,0.501754958
1497535003118500000,95575,-0.899644438,2.213810219,1.034397138,0.551766761,0.451824918,-0.494498483,-0.496869133
1497535003128470000,95576,-0.907775999,2.209608762,1.034645998,0.552874907,0.454328134,-0.494643123,-0.493197187
1497535003138480000,95577,-0.915657287,2.205173682,1.033948838,0.551810393,0.459701705,-0.495525762,-0.488501638
1497535003148490000,95578,-0.928409571,2.200792821,1.039212818,-0.533443372,-0.440286683,0.508243865,0.513102309
1497535003158500000,95579,-0.932151382,2.195222394,1.03780433,0.562121844,0.453629275,-0.487849501,-0.490145262
1497535003168490000,95580,-0.93971539,2.190506821,1.036955246,0.562052424,0.457979303,-0.487656852,-0.486356686
1497535003178460000,95581,-0.947257165,2.185598868,1.036045678,0.560856239,0.462331128,-0.488251206,-0.483012387
1497535003188480000,95582,-0.955204951,2.180490366,1.035439199,0.560378659,0.467855906,-0.487900505,-0.47858093
1497535003198490000,95583,-0.963175582,2.175121182,1.034832425,0.559419484,0.472930516,-0.487497271,-0.475113648
1497535003208490000,95584,-0.970631739,2.16954413,1.033492261,0.558501425,0.477838896,-0.487149954,-0.471625985
1497535003218470000,95585,-0.978807024,2.163658248,1.033060425,0.557891188,0.48362812,-0.485989419,-0.467627574
1497535003228450000,95586,-0.986990328,2.157543279,1.032531436,0.556709867,0.487874898,-0.485866081,-0.464743325
1497535003238500000,95587,-0.994753041,2.151310815,1.031693391,0.555081871,0.492567064,-0.486336826,-0.461235618
1497535003248490000,95588,-1.002252329,2.144934218,1.030359464,0.553589022,0.496999929,-0.486728604,-0.457848809
1497535003258490000,95589,-1.009880028,2.138423052,1.029168179,0.552171392,0.501828821,-0.487208833,-0.453764413
1497535003268490000,95590,-1.01737855,2.131772377,1.028033633,0.550523493,0.506700652,-0.487562274,-0.449957067
1497535003278480000,95591,-1.024382614,2.124913081,1.026174461,0.548631962,0.511285299,-0.487598225,-0.447032755
1497535003288490000,95592,-1.031649186,2.117850704,1.024606514,0.54716958,0.51674888,-0.487450744,-0.442682525
1497535003298450000,95593,-1.038622808,2.110643726,1.022892381,0.545442636,0.522129823,-0.486914634,-0.43907507
1497535003308460000,95594,-1.045576888,2.103290059,1.020936911,0.542624961,0.526557646,-0.486895262,-0.437296468
1497535003318470000,95595,-1.052289606,2.095759187,1.018991958,0.540219529,0.531704046,-0.486154889,-0.434864452
1497535003328480000,95596,-1.058855384,2.088261307,1.016897404,0.53731137,0.537565005,-0.485151708,-0.432375044
1497535003338500000,95597,-1.065297505,2.080977459,1.015112687,0.534995666,0.542002657,-0.484595479,-0.430325434
1497535003348490000,95598,-1.07148022,2.0738176,1.013421966,0.532455198,0.54686476,-0.483772753,-0.428245631
1497535003358500000,95599,-1.077309508,2.066801824,1.011881568,0.530079438,0.54874879,-0.483991817,-0.428535267
1497535003368490000,95600,-1.082720549,2.059859846,1.010449301,0.528052182,0.550219174,-0.484604953,-0.428459791
1497535003378470000,95601,-1.088334335,2.052862831,1.009460724,0.526175969,0.551060536,-0.485520731,-0.428649921
1497535003388420000,95602,-1.093806652,2.045697331,1.008523668,0.523891383,0.551982137,-0.486070409,-0.429638332
1497535003398490000,95603,-1.099720948,2.038506129,1.008187345,0.522309905,0.553537151,-0.48613875,-0.429485856
1497535003408470000,95604,-1.105741716,2.031344576,1.007983623,0.521793053,0.554237475,-0.486152911,-0.429194802
1497535003418500000,95605,-1.111428705,2.024185973,1.007834673,0.521116018,0.553729393,-0.487006874,-0.429704736
1497535003428470000,95606,-1.117006637,2.016760354,1.008458869,0.519711958,0.553464651,-0.488143675,-0.430455705
1497535003438480000,95607,-1.12262355,2.008970938,1.009315042,0.518891103,0.553048256,-0.489621849,-0.430302329
1497535003448500000,95608,-1.126747835,2.001093091,1.008003781,0.523423511,0.550687771,-0.49151333,-0.425658847
1497535003458500000,95609,-1.132951151,1.992341891,1.011466394,0.516546809,0.552468598,-0.495397419,-0.427246111
1497535003468490000,95610,-1.137952918,1.983354761,1.013019696,0.51410023,0.552927601,-0.499412372,-0.424922704
1497535003478470000,95611,-1.142458021,1.97395237,1.014459586,0.510898548,0.553409857,-0.50440951,-0.422245484
1497535003488490000,95612,-1.146900844,1.964351209,1.016334669,0.507321316,0.554411183,-0.508953597,-0.419785135
1497535003498490000,95613,-1.151073251,1.954518142,1.01812746,0.501934291,0.555376212,-0.514359423,-0.418394089
1497535003508490000,95614,-1.154817839,1.944650779,1.020014654,0.497171719,0.555711229,-0.520081799,-0.416557599
1497535003518500000,95615,-1.158396208,1.934686801,1.021715169,0.491213983,0.556555311,-0.525670718,-0.415482014
1497535003528490000,95616,-1.161741319,1.924870362,1.023230848,0.485401175,0.556418495,-0.53167245,-0.414859692
1497535003538500000,95617,-1.165043019,1.915094002,1.024464289,0.478586327,0.556221031,-0.537805837,-0.415136331
1497535003548480000,95618,-1.168321825,1.905557764,1.025723862,0.471714605,0.557070181,-0.543529292,-0.414408076
1497535003558490000,95619,-1.171459269,1.896327063,1.026652776,0.46581493,0.556094623,-0.549737538,-0.414202681
1497535003568490000,95620,-1.17469839,1.887386049,1.027387637,-0.460387512,-0.554131694,0.556056455,0.414466674
1497535003578480000,95621,-1.17786955,1.878893544,1.027894236,-0.4555946,-0.55184884,0.563171933,0.413199459
1497535003588320000,95622,-1.181275512,1.870552961,1.028513361,-0.452361357,-0.549674483,0.569520877,0.410941767
1497535003598490000,95623,-1.184692522,1.862553455,1.029121251,-0.448918771,-0.546525537,0.577199732,0.40819388
1497535003608460000,95624,-1.188097295,1.854630593,1.029629795,-0.446726199,-0.543082118,0.584339977,0.405023835
1497535003618510000,95625,-1.191662119,1.846836541,1.03039314,-0.443666995,-0.540343434,0.591871006,0.401095106
1497535003628370000,95626,-1.195011873,1.839058556,1.031241686,-0.441264714,-0.538598473,0.598514055,0.396204573
1497535003638490000,95627,-1.198360646,1.831347684,1.031994143,-0.439690063,-0.535611694,0.60449031,0.392917584
1497535003648490000,95628,-1.201308943,1.82377598,1.033473085,-0.435642473,-0.533865406,0.611952713,0.388223184
1497535003658480000,95629,-1.204245998,1.816185985,1.034923341,-0.432502418,-0.532440734,0.617867859,0.384301747
1497535003668490000,95630,-1.206918998,1.808640496,1.036322049,-0.430237091,-0.531194611,0.622608979,0.380902074
1497535003678460000,95631,-1.209628135,1.801110472,1.037725136,-0.427123115,-0.528985197,0.627964239,0.3786838
1497535003688460000,95632,-1.212191623,1.793570929,1.039210284,-0.423874619,-0.527510927,0.633346644,0.375412516
1497535003698460000,95633,-1.215035109,1.786050185,1.040517113,-0.421280088,-0.526502987,0.637730388,0.372313905
1497535003708440000,95634,-1.217768771,1.778350247,1.041955964,-0.417594581,-0.526174999,0.642469997,0.368764071
1497535003718560000,95635,-1.220594318,1.770518644,1.043213409,-0.413915266,-0.525970792,0.647382235,0.364588975
1497535003728520000,95636,-1.223426941,1.762393624,1.044364569,-0.409900748,-0.526231736,0.651869256,0.360732602
1497535003738540000,95637,-1.226221016,1.754048642,1.045484465,-0.405572801,-0.527421725,0.655973796,0.356420266
1497535003748550000,95638,-1.228948885,1.745536902,1.046552995,-0.400353153,-0.529596148,0.660049226,0.351539887
1497535003758460000,95639,-1.231737022,1.736919502,1.04744845,-0.394130974,-0.53102353,0.664260712,0.348471652
1497535003768500000,95640,-1.23427539,1.728241366,1.048230893,-0.387941221,-0.533060765,0.668551661,0.344073403
1497535003778470000,95641,-1.236875513,1.719623391,1.049021644,-0.38131057,-0.535440686,0.672535723,0.340001798
1497535003788510000,95642,-1.239543788,1.710985177,1.04949804,-0.375695792,-0.538333012,0.675499761,0.335783132
1497535003798520000,95643,-1.242130019,1.702377202,1.049840979,-0.370535391,-0.541047685,0.678521186,0.331028588
1497535003808500000,95644,-1.245003544,1.693900309,1.04999494,-0.364181515,-0.543206156,0.682166294,0.327029118
1497535003818500000,95645,-1.247610274,1.685457731,1.049858157,-0.360079154,-0.546303227,0.684201156,0.322125077
1497535003828480000,95646,-1.250446278,1.677035937,1.049458663,-0.355297314,-0.548496998,0.686789994,0.318173485
1497535003838510000,95647,-1.253166041,1.668635542,1.048967374,-0.351413155,-0.550962654,0.688622435,0.314242091
1497535003848490000,95648,-1.255973675,1.660192744,1.048305284,-0.346886008,-0.553188077,0.690812366,0.310533934
1497535003858480000,95649,-1.258818746,1.651730624,1.047465724,-0.34321793,-0.556184268,0.691824563,0.30698418
1497535003868490000,95650,-1.261761066,1.643218967,1.046566616,-0.339302393,-0.559142178,0.693060814,0.303151149
1497535003878480000,95651,-1.264777861,1.634654817,1.045320195,-0.336360363,-0.562076268,0.693361429,0.300303021
1497535003888500000,95652,-1.267879213,1.626016817,1.044064847,-0.334500543,-0.565549479,0.692959252,0.296766993
1497535003898500000,95653,-1.271647585,1.617390621,1.042703194,-0.333187956,-0.569344978,0.692382813,0.292298003
1497535003908510000,95654,-1.274944202,1.608558591,1.040905366,-0.330930668,-0.572332711,0.692101615,0.289681747
1497535003918500000,95655,-1.278231262,1.59952055,1.039003226,-0.328975927,-0.576406735,0.690983565,0.286481812
1497535003928480000,95656,-1.281620866,1.590361399,1.037234108,-0.32706844,-0.579545429,0.690419873,0.283678922
1497535003938510000,95657,-1.284893505,1.581093846,1.035055749,-0.324944809,-0.582198676,0.690171042,0.281281898
1497535003948490000,95658,-1.288208819,1.571680992,1.033177439,-0.323155366,-0.585453121,0.689562088,0.278063624
1497535003958460000,95659,-1.29118526,1.56233487,1.031359112,-0.320026078,-0.587102651,0.690533347,0.275785211
1497535003968480000,95660,-1.294399909,1.553230829,1.029428875,-0.318925057,-0.588815325,0.691426167,0.271133134
1497535003978450000,95661,-1.297494995,1.54425067,1.027682345,-0.316699797,-0.588567946,0.693771403,0.268272718
1497535003988500000,95662,-1.300367492,1.535318423,1.026075166,-0.314977712,-0.588260713,0.695877629,0.265504613
1497535003998520000,95663,-1.303218668,1.526356626,1.024413019,-0.312770021,-0.587680588,0.69843087,0.26267996
1497535004008510000,95664,-1.30601271,1.517277086,1.023105668,-0.310445164,-0.585943311,0.701808131,0.260306709
1497535004018540000,95665,-1.308992358,1.508106873,1.021840344,-0.307857581,-0.583775916,0.70551236,0.258228
1497535004028470000,95666,-1.312028439,1.498748533,1.020589471,-0.306098594,-0.581559703,0.708810767,0.256279649
1497535004038480000,95667,-1.315091693,1.4892544,1.019415656,-0.304325857,-0.577800237,0.713015619,0.255228105
1497535004048480000,95668,-1.318210418,1.47960712,1.018210258,-0.302472572,-0.575092386,0.717097178,0.252092697
1497535004058560000,95669,-1.321650493,1.469598408,1.016918248,-0.301223607,-0.571409144,0.72126755,0.250058092
1497535004068510000,95670,-1.325207192,1.459300221,1.015472864,-0.300451834,-0.569224949,0.724595319,0.246319459
1497535004078480000,95671,-1.329041975,1.448468231,1.014345265,-0.298127219,-0.566302124,0.7287587,0.2435833
1497535004088510000,95672,-1.332871212,1.437786794,1.012916407,-0.296190654,-0.564187117,0.732017997,0.24106772
1497535004098500000,95673,-1.336828704,1.426790385,1.012043733,-0.293451941,-0.562695296,0.73491461,0.239082576
1497535004108510000,95674,-1.340867876,1.416139335,1.011440364,-0.290734185,-0.560119824,0.738669816,0.236867727
1497535004118500000,95675,-1.3452384,1.40546823,1.011737489,-0.290882825,-0.560363734,0.738951024,0.235225534
1497535004128400000,95676,-1.349598276,1.395375375,1.012674955,-0.290925073,-0.558785346,0.740298137,0.234691728
1497535004138520000,95677,-1.354219842,1.385621146,1.014242973,-0.293630626,-0.558999099,0.739847082,0.232222647
1497535004148490000,95678,-1.360892939,1.374273008,1.016875191,-0.300358295,-0.574816564,0.72758343,0.223591512
1497535004158510000,95679,-1.365537484,1.366830709,1.015573629,-0.299880599,-0.565149277,0.734032059,0.227760526
1497535004168510000,95680,-1.370735502,1.356562085,1.017745352,-0.301885526,-0.568899111,0.73092168,0.225770741
1497535004178470000,95681,-1.376069112,1.346139606,1.020088923,-0.302982165,-0.571359195,0.728546565,0.225766208
1497535004188510000,95682,-1.379805042,1.335143522,1.02484876,-0.304982275,-0.57017586,0.727413735,0.229683604
1497535004198510000,95683,-1.386510834,1.324153694,1.027409306,-0.310972374,-0.585154545,0.714299604,0.225092017
1497535004208550000,95684,-1.390846928,1.317815333,1.025430016,-0.309690269,-0.571758343,0.722354214,0.23534809
1497535004218500000,95685,-1.395680367,1.308690113,1.027331486,-0.312583389,-0.570957648,0.720198687,0.240026748
1497535004228510000,95686,-1.400457841,1.299533745,1.029272138,-0.314912789,-0.571495061,0.717342187,0.244220222
1497535004238500000,95687,-1.40492454,1.288759533,1.033584607,-0.319835062,-0.585004432,0.704994411,0.241781364
1497535004248500000,95688,-1.407977311,1.280976113,1.034239948,-0.319380447,-0.581322297,0.705622671,0.249313384
1497535004258530000,95689,-1.411547199,1.272410349,1.035173002,-0.317495011,-0.585555913,0.70186004,0.252415678
1497535004268510000,95690,-1.415472176,1.263869402,1.035770562,-0.317850291,-0.591702208,0.696531566,0.252395457
1497535004278480000,95691,-1.418682664,1.255413684,1.03650836,-0.317203866,-0.597074891,0.691936811,0.253193071
1497535004288510000,95692,-1.422264185,1.247271641,1.036913041,-0.317928666,-0.602048209,0.687297491,0.253143195
1497535004298510000,95693,-1.425698978,1.239566334,1.037288526,-0.31883134,-0.606543057,0.683447195,0.251698287
1497535004308500000,95694,-1.428754037,1.232044433,1.037480848,-0.319988549,-0.609687324,0.6804968,0.250624819
1497535004318490000,95695,-1.431774513,1.224777223,1.037445146,-0.320600442,-0.61188741,0.678973421,0.248604602
1497535004328450000,95696,-1.434886902,1.217435268,1.037350374,-0.322646426,-0.614205958,0.676708828,0.246405126
1497535004338460000,95697,-1.438104069,1.210026899,1.037140385,-0.325073871,-0.614875746,0.675122647,0.245894706
1497535004348420000,95698,-1.441378909,1.202501234,1.037037574,-0.328870666,-0.614517397,0.673464777,0.246287734
1497535004358470000,95699,-1.444585953,1.195027415,1.036794335,-0.331912794,-0.616461411,0.67063885,0.245056645
1497535004368470000,95700,-1.447766809,1.18762169,1.036721096,-0.335888293,-0.617221502,0.668307831,0.244092842
1497535004378420000,95701,-1.450773449,1.180380984,1.03649488,-0.339502579,-0.618046356,0.665944429,0.243463995
1497535004388530000,95702,-1.453495726,1.173454366,1.036018402,-0.333564802,-0.611830693,0.673600086,0.246293828
1497535004398490000,95703,-1.456037011,1.166578751,1.035553559,-0.334380516,-0.614356384,0.671145251,0.245601211
1497535004408500000,95704,-1.458663909,1.159446322,1.035376663,-0.336652178,-0.616113133,0.668297149,0.245863455
1497535004418440000,95705,-1.461219465,1.152441338,1.034925925,-0.338524117,-0.618831284,0.665014482,0.245367077
1497535004428490000,95706,-1.463718897,1.145538896,1.034322362,-0.339589134,-0.621737441,0.661849688,0.24510562
1497535004438500000,95707,-1.466220326,1.138432086,1.033879841,-0.342438616,-0.623102079,0.658831209,0.245806899
1497535004448430000,95708,-1.468722828,1.131426841,1.033115017,-0.343916859,-0.625433846,0.655907692,0.245639569
1497535004458470000,95709,-1.471109293,1.124174873,1.032473374,-0.345928158,-0.625719317,0.654064824,0.246998485
1497535004468550000,95710,-1.473528519,1.116875458,1.03148377,-0.347625075,-0.627736591,0.651006595,0.247576238
1497535004478490000,95711,-1.475973063,1.109351959,1.030412561,-0.349282301,-0.629195761,0.6483447,0.248523073
1497535004488510000,95712,-1.478168274,1.101689017,1.02942334,-0.356690532,-0.633902327,0.639829701,0.248108158
1497535004498550000,95713,-1.480558897,1.09374175,1.028212039,-0.357089468,-0.636179585,0.636952175,0.249107553
1497535004508510000,95714,-1.482891775,1.085651163,1.026835838,0.358562937,0.639127827,-0.633198973,-0.249012653
1497535004518530000,95715,-1.485250118,1.077299077,1.025367518,0.359228728,0.642123224,-0.629814332,-0.248930498
1497535004528490000,95716,-1.487438075,1.068869589,1.023985948,0.359414989,0.644672823,-0.626839803,-0.249579002
1497535004538510000,95717,-1.489714308,1.0602808,1.022484313,0.36051158,0.647855864,-0.623099352,-0.24912121
1497535004548440000,95718,-1.491874301,1.051435706,1.02111665,0.36124349,0.651007464,-0.619382889,-0.249112944
1497535004558520000,95719,-1.494024583,1.042500147,1.019459648,0.360977311,0.654206975,-0.616305224,-0.248749845
1497535004568520000,95720,-1.496025371,1.033451776,1.017873845,0.36138089,0.656667436,-0.613280771,-0.249155426
1497535004578490000,95721,-1.498004205,1.024198289,1.0163355,0.362085607,0.659672843,-0.609688353,-0.249009769
1497535004588520000,95722,-1.499759536,1.015036309,1.014545744,0.361852221,0.662034129,-0.607022998,-0.249593393
1497535004598500000,95723,-1.501456369,1.005818229,1.012791234,0.360903219,0.66368939,-0.605245529,-0.250884655
1497535004608520000,95724,-1.503389584,0.996473978,1.011072762,0.361798485,0.666373518,-0.601854893,-0.250636946
1497535004618530000,95725,-1.505218782,0.987244274,1.009183432,0.361521542,0.668021628,-0.600026377,-0.251033119
1497535004628490000,95726,-1.506865814,0.978108879,1.007346644,0.361017293,0.669125501,-0.598588031,-0.252249771
1497535004638520000,95727,-1.508665763,0.968911523,1.005531615,0.361710053,0.670425568,-0.596483247,-0.252790688
1497535004648510000,95728,-1.510327931,0.959763887,1.003529475,0.362503567,0.671042376,-0.594887278,-0.253776319
1497535004658520000,95729,-1.511900486,0.950489698,1.001598869,0.363486917,0.671122422,-0.593642488,-0.2550697
1497535004668520000,95730,-1.513370555,0.941156314,0.999557336,0.363845786,0.671486338,-0.592774356,-0.25561867
1497535004678480000,95731,-1.514928149,0.931570732,0.997662032,0.365266144,0.672933949,-0.59073928,-0.254494886
1497535004688500000,95732,-1.516224764,0.921883199,0.995784734,0.365738869,0.673728629,-0.589865474,-0.253739114
1497535004698530000,95733,-1.517325881,0.912011148,0.994214879,0.366159057,0.674186766,-0.589272134,-0.253294496
1497535004708520000,95734,-1.518028723,0.902107569,0.99267451,0.365841894,0.674562426,-0.58887915,-0.253666294
1497535004718520000,95735,-1.518859215,0.891872728,0.991462854,0.36581303,0.674534165,-0.588713559,-0.25416694
1497535004728500000,95736,-1.519719284,0.881386209,0.990664541,0.365774344,0.674362593,-0.588621136,-0.254890917
1497535004738520000,95737,-1.520529873,0.870792487,0.990040207,0.366775488,0.674976949,-0.587143408,-0.255234164
1497535004748520000,95738,-1.521426871,0.860093854,0.989782598,0.367428803,0.673520778,-0.58754284,-0.257214398
1497535004758510000,95739,-1.522219312,0.84933042,0.989784254,0.368737789,0.673018728,-0.587087372,-0.257694883
1497535004768520000,95740,-1.523051361,0.838241327,0.990383057,0.369292059,0.671023784,-0.588571437,-0.258716291
1497535004778490000,95741,-1.523476516,0.827186624,0.990888804,0.370269297,0.668989932,-0.590002495,-0.259326386
1497535004788520000,95742,-1.523846054,0.815753381,0.991764013,0.371093687,0.667435319,-0.591582652,-0.258552772
1497535004798530000,95743,-1.523979029,0.804067904,0.992814966,0.370852423,0.666921086,-0.593232042,-0.256438082
1497535004808520000,95744,-1.5238725,0.792088641,0.994150438,0.369460162,0.666106125,-0.596167662,-0.253743842
1497535004818500000,95745,-1.52339872,0.780057266,0.995588967,0.366748845,0.665629628,-0.599806008,-0.250330252
1497535004828490000,95746,-1.522501567,0.768249309,0.996960499,0.362115211,0.665156623,-0.604699617,-0.246531162
1497535004838530000,95747,-1.521634649,0.75649373,0.998712268,0.356811406,0.664407361,-0.610151819,-0.242823467
1497535004848520000,95748,-1.520746161,0.744986433,1.000608994,0.35097405,0.664147148,-0.615407929,-0.238744346
1497535004858500000,95749,-1.519839699,0.733901882,1.002726389,0.344423564,0.662584244,-0.621573503,-0.23664511
1497535004868520000,95750,-1.518841686,0.723447953,1.004549485,0.3388994,0.661073543,-0.626936475,-0.234690487
1497535004878500000,95751,-1.518186797,0.713281454,1.006676335,0.333472132,0.658313948,-0.632834026,-0.234393214
1497535004888520000,95752,-1.517789761,0.703671439,1.008704692,0.329720805,0.654047811,-0.63884611,-0.235332318
1497535004898530000,95753,-1.517605897,0.694414054,1.010514464,0.326862774,0.649167562,-0.644553442,-0.237261594
1497535004908510000,95754,-1.517953493,0.685278958,1.012414318,-0.326186634,-0.644357128,0.649116795,0.238858867
1497535004918530000,95755,-1.518324233,0.676533479,1.013926676,-0.32663651,-0.639042821,0.653589839,0.240318926
1497535004928490000,95756,-1.519267339,0.66761628,1.016153245,-0.329778238,-0.633081882,0.657364509,0.241506827
1497535004938530000,95757,-1.519830574,0.65922086,1.017654472,-0.331141751,-0.627200889,0.661949219,0.242461166
1497535004948520000,95758,-1.520777509,0.650714707,1.019603586,-0.333543877,-0.621696086,0.665976181,0.242318357
1497535004958510000,95759,-1.521310122,0.642515323,1.021143654,-0.334126899,-0.615898441,0.671038149,0.242355378
1497535004968520000,95760,-1.52210412,0.634101968,1.023029425,-0.335118029,-0.610815502,0.675439974,0.241621959
1497535004978500000,95761,-1.522817687,0.625647589,1.024914571,-0.335565994,-0.60637793,0.679588854,0.240541598
1497535004988520000,95762,-1.523472361,0.617135657,1.026931465,-0.334890142,-0.602094747,0.683881663,0.24007578
1497535004998530000,95763,-1.523872823,0.608797718,1.028527063,-0.333404514,-0.598137847,0.688230116,0.239607705
1497535005008520000,95764,-1.524917935,0.599996528,1.031118277,-0.332071561,-0.595979892,0.690957195,0.238986614
1497535005018520000,95765,-1.525399693,0.59148803,1.032928127,-0.330115672,-0.592928385,0.694515648,0.238971941
1497535005028490000,95766,-1.529023661,0.579712262,1.034884641,-0.34646651,-0.56869603,0.697642778,0.264273224
1497535005038530000,95767,-1.530659662,0.570408243,1.03693172,-0.349187826,-0.561038405,0.700182019,0.270275619
1497535005048570000,95768,-1.531949008,0.561281726,1.038810839,-0.350383059,-0.5554264,0.702640884,0.273914246
1497535005058490000,95769,-1.524836883,0.55995192,1.032852436,-0.319399284,-0.581109754,0.708841324,0.240498503
1497535005068500000,95770,-1.525554546,0.551111589,1.033947415,-0.317368597,-0.579099876,0.71129164,0.240800145
1497535005078500000,95771,-1.526405415,0.54212799,1.034983714,-0.315312783,-0.577627611,0.713454715,0.240637822
1497535005088520000,95772,-1.527270815,0.533019004,1.035721484,-0.313348506,-0.577384145,0.714718492,0.240036956
1497535005098520000,95773,-1.528111749,0.523880664,1.036063049,-0.310902667,-0.576613953,0.716588453,0.239492944
1497535005108530000,95774,-1.529112015,0.514514832,1.036492851,-0.30910624,-0.576400867,0.71775675,0.238831783
1497535005118520000,95775,-1.530104328,0.505094364,1.036357304,-0.307258454,-0.576571977,0.718682016,0.23801924
1497535005128490000,95776,-1.531190159,0.495515868,1.03614773,-0.305261097,-0.577136184,0.719405717,0.237033547
1497535005138520000,95777,-1.532340131,0.4858229,1.03561116,-0.302910495,-0.577855744,0.720176282,0.235953585
1497535005148510000,95778,-1.533512209,0.47598591,1.03463489,-0.300827149,-0.579145018,0.720523893,0.23439154
1497535005158480000,95779,-1.534940406,0.465855763,1.033659547,-0.298665463,-0.581219952,0.72029979,0.232702648
1497535005168480000,95780,-1.536430122,0.455615008,1.032212978,-0.297135674,-0.58361446,0.719679836,0.230576424
1497535005178420000,95781,-1.538072249,0.445114723,1.030475262,-0.295488347,-0.586558751,0.718747994,0.228115739
1497535005188520000,95782,-1.539822983,0.434370011,1.028257477,-0.294660036,-0.589534843,0.717542101,0.225294178
1497535005198620000,95783,-1.541884584,0.423176908,1.026243094,-0.293492726,-0.592983069,0.716061525,0.222461213
1497535005208580000,95784,-1.543881738,0.411806627,1.02354113,-0.291775959,-0.596654351,0.714637011,0.219463704
1497535005218530000,95785,-1.545926978,0.400176607,1.020776314,-0.289463494,-0.600457527,0.713368684,0.216256248
1497535005228510000,95786,-1.547985371,0.388240982,1.018391464,-0.286252159,-0.603763453,0.712891765,0.212872559
1497535005238530000,95787,-1.549746281,0.376410407,1.015434608,-0.282998115,-0.606832643,0.712627533,0.209351878
1497535005248520000,95788,-1.551506787,0.364600079,1.01322033,-0.27961888,-0.609213662,0.712850815,0.206193383
1497535005258500000,95789,-1.552905968,0.353052847,1.010819339,-0.276137516,-0.610488292,0.714056754,0.202916409
1497535005268430000,95790,-1.55413292,0.342052032,1.00833548,-0.27312605,-0.61143801,0.71539444,0.19939036
1497535005278480000,95791,-1.55553481,0.331386755,1.00614335,-0.270434157,-0.611745065,0.717161848,0.195735094
1497535005288520000,95792,-1.557153211,0.320994981,1.004105188,-0.268316737,-0.611384634,0.719094475,0.192660565
1497535005298530000,95793,-1.559061793,0.310624556,1.002464336,-0.266219784,-0.610500321,0.721163591,0.190629114
1497535005308520000,95794,-1.561190935,0.30035463,1.000853644,-0.264796036,-0.608369102,0.72364878,0.190006677
1497535005318510000,95795,-1.563728212,0.289976808,0.999976375,-0.264114121,-0.604680901,0.726907625,0.190289372
1497535005328490000,95796,-1.566474632,0.279698364,0.998819863,-0.264734297,-0.600539666,0.729992391,0.190732718
1497535005338520000,95797,-1.569476172,0.269373725,0.998149285,-0.266934622,-0.594972857,0.733518838,0.191581108
1497535005348530000,95798,-1.572416884,0.259253315,0.997866818,-0.270339638,-0.589585564,0.736376601,0.19249635
1497535005358550000,95799,-1.575311525,0.249273807,0.998487375,-0.27390246,-0.583896163,0.739098342,0.194361401
1497535005368530000,95800,-1.578317013,0.239397971,0.999818789,-0.278265504,-0.579110461,0.740633349,0.196625598
1497535005378500000,95801,-1.581643265,0.229226745,1.002153304,-0.280280952,-0.578261887,0.740195299,0.197905781
1497535005388450000,95802,-1.585143797,0.218758078,1.004446784,-0.281198251,-0.5798152,0.738394315,0.198785595
1497535005398510000,95803,-1.588719928,0.20811216,1.007240365,-0.280200031,-0.580945009,0.737550849,0.200023958
1497535005408520000,95804,-1.592389297,0.197249273,1.009927097,-0.279887301,-0.582093841,0.736120147,0.202378327
1497535005418510000,95805,-1.59610992,0.186366778,1.012282871,-0.280843935,-0.582561163,0.73482454,0.204406631
1497535005428510000,95806,-1.599999346,0.175431826,1.014341131,-0.283512026,-0.583620946,0.732590031,0.20571672
1497535005438540000,95807,-1.603911794,0.164559137,1.016076619,-0.286902242,-0.584374289,0.730339847,0.206875571
1497535005448530000,95808,-1.607736438,0.153682895,1.017628186,-0.290275486,-0.585430283,0.727831922,0.208019755
1497535005458570000,95809,-1.611240539,0.142926818,1.01899128,-0.292587926,-0.586977291,0.725351768,0.209080793
1497535005468540000,95810,-1.614529705,0.132218345,1.020376542,-0.293088317,-0.589404016,0.722839413,0.21025063
1497535005478500000,95811,-1.617288661,0.121633646,1.021630792,-0.291679023,-0.592600243,0.72038128,0.211658005
1497535005488530000,95812,-1.619807778,0.110928122,1.022993419,-0.288662522,-0.598076665,0.716944482,0.212058628
1497535005498530000,95813,-1.622243285,0.100059786,1.024193461,-0.285352601,-0.608991789,0.709796997,0.209502068
1497535005508520000,95814,-1.62408352,0.089865238,1.025314917,-0.281820613,-0.613488545,0.706996319,0.210630368
1497535005518520000,95815,-1.625974155,0.079802581,1.026346261,-0.278183387,-0.619189624,0.703719978,0.209753199
1497535005528530000,95816,-1.627605107,0.0701073,1.027224016,-0.275021092,-0.62283676,0.701715845,0.209839564
1497535005538550000,95817,-1.6293693,0.06058579,1.027997392,-0.272584607,-0.62753546,0.699128931,0.207643003
1497535005548540000,95818,-1.631058213,0.051408268,1.028538842,-0.271184007,-0.629977917,0.698047871,0.205709084
1497535005558550000,95819,-1.632728639,0.042433016,1.028877434,-0.270487676,-0.631850331,0.697339396,0.203271602
1497535005568530000,95820,-1.634528096,0.033365133,1.028839559,-0.270145476,-0.635079858,0.695803046,0.198879656
1497535005578520000,95821,-1.636833907,0.023921424,1.028512681,-0.271615186,-0.642958992,0.690432089,0.190085391
1497535005588530000,95822,-1.63863527,0.014919621,1.028268815,-0.27263203,-0.646052281,0.688273609,0.185923818
1497535005598520000,95823,-1.640295717,0.006060818,1.02789139,-0.273879066,-0.648657822,0.686299757,0.182279813
1497535005608530000,95824,-1.63885706,0.001261178,1.027776851,-0.289108368,-0.641162299,0.68268489,0.198163063
1497535005618530000,95825,-1.64338277,-0.011612536,1.026807187,-0.275493893,-0.653817952,0.682511296,0.175509347
1497535005628530000,95826,-1.6419372,-0.016430165,1.026689855,-0.290435145,-0.647673069,0.678086978,0.190696285
1497535005638540000,95827,-1.645978173,-0.028903033,1.02611596,-0.276470385,-0.657367228,0.679756456,0.171358146
1497535005648530000,95828,-1.64721218,-0.037540505,1.025465121,-0.2774041,-0.65955794,0.677907389,0.168736071
1497535005658540000,95829,-1.6482629,-0.046167235,1.024816836,-0.27772601,-0.661399918,0.676416643,0.166969867
1497535005668600000,95830,-1.649368276,-0.054810891,1.024229135,-0.278279893,-0.663543248,0.674537134,0.165137257
1497535005678490000,95831,-1.650242302,-0.063466586,1.02342976,-0.278244119,-0.66551498,0.672873343,0.164047206
1497535005688530000,95832,-1.65119997,-0.072168479,1.022539228,-0.2786562,-0.66751738,0.670888873,0.163338272
1497535005698540000,95833,-1.652034558,-0.08093941,1.021561802,0.278857563,0.669778499,-0.668630966,-0.162996485
1497535005708540000,95834,-1.652833703,-0.089747769,1.020366497,0.279112041,0.671981597,-0.666452415,-0.162414222
1497535005718540000,95835,-1.653418576,-0.098765523,1.019285201,0.277806023,0.674703181,-0.664042682,-0.163238318
1497535005728510000,95836,-1.654144849,-0.107899967,1.017997074,0.277248785,0.677901875,-0.661113118,-0.162823847
1497535005738550000,95837,-1.654930725,-0.116775323,1.016452126,0.279161172,0.678960184,-0.659454108,-0.161871515
1497535005748530000,95838,-1.655067599,-0.126069068,1.015137414,0.278234528,0.681190829,-0.657013214,-0.164006827
1497535005758540000,95839,-1.655599161,-0.135611199,1.013684231,0.278009833,0.684401052,-0.653933771,-0.163328981
1497535005768450000,95840,-1.656143777,-0.145369942,1.012195323,0.277490545,0.687970295,-0.65053438,-0.16279094
1497535005778430000,95841,-1.656917987,-0.154947447,1.010342837,0.278819809,0.690792943,-0.64747166,-0.16076403
1497535005788550000,95842,-1.65716858,-0.164922425,1.008635624,0.277917374,0.694101088,-0.644458107,-0.160185394
1497535005798550000,95843,-1.657229412,-0.17513907,1.006744645,0.276873818,0.697527558,-0.641361117,-0.159537183
1497535005808530000,95844,-1.657128609,-0.185444115,1.004833843,0.275490859,0.700725553,-0.63853874,-0.15923807
1497535005818550000,95845,-1.656974044,-0.1960251,1.002792262,0.274142748,0.703982966,-0.635489242,-0.159396237
1497535005828550000,95846,-1.656806945,-0.206700578,1.000822174,0.273103494,0.7065685,-0.632920975,-0.15995773
1497535005838540000,95847,-1.656418984,-0.217473017,0.998646902,0.27183132,0.709278137,-0.630280618,-0.160557157
1497535005848530000,95848,-1.656005262,-0.228259886,0.996515841,0.270759611,0.711634174,-0.627726196,-0.161944
1497535005858540000,95849,-1.655539038,-0.238941095,0.994426125,0.269681346,0.713672534,-0.625229246,-0.164413734
1497535005868540000,95850,-1.655101399,-0.24938975,0.992492967,0.268621346,0.715089109,-0.623372493,-0.16702357
1497535005878480000,95851,-1.654632767,-0.259588203,0.990352571,0.268240711,0.715962366,-0.621796974,-0.169744911
1497535005888490000,95852,-1.654096569,-0.269521352,0.988370743,0.268127382,0.716378881,-0.620557678,-0.172676504
1497535005898430000,95853,-1.653532596,-0.279201665,0.986813317,0.268803462,0.716642224,-0.61922655,-0.175291476
1497535005908510000,95854,-1.652866677,-0.288790164,0.985151071,0.269720466,0.716141716,-0.618583744,-0.178174254
1497535005918570000,95855,-1.652015968,-0.298430297,0.983532553,0.270450726,0.71522347,-0.618448527,-0.181199373
1497535005928600000,95856,-1.650497975,-0.308028591,0.98257514,0.269546094,0.712629367,-0.61977102,-0.188117439
1497535005938560000,95857,-1.649563391,-0.317885272,0.981597541,0.271445897,0.712101367,-0.619286339,-0.188979361
1497535005948540000,95858,-1.648530424,-0.327946801,0.980927041,0.273113209,0.711503062,-0.618889942,-0.19012577
1497535005958540000,95859,-1.647480169,-0.338175728,0.980514985,0.274665679,0.709120472,-0.620112014,-0.192790072
1497535005968540000,95860,-1.646619707,-0.348480258,0.98063791,0.277189409,0.708147017,-0.619724428,-0.193998624
1497535005978490000,95861,-1.645725782,-0.358853685,0.980933395,0.279541468,0.706462724,-0.620204121,-0.19522765
1497535005988530000,95862,-1.644728437,-0.369009274,0.981756303,0.283067289,0.703516353,-0.621361352,-0.197098253
1497535005998540000,95863,-1.643536537,-0.379342555,0.982974867,0.286028477,0.701410946,-0.622733776,-0.195992449
1497535006008560000,95864,-1.64231751,-0.38964705,0.984271536,0.289825882,0.698745975,-0.624630083,-0.193887289
1497535006018540000,95865,-1.640544051,-0.400187832,0.986326589,0.290929166,0.700895454,-0.622980883,-0.189738245
1497535006028530000,95866,-1.638763423,-0.410449985,0.988355945,0.291297928,0.70307226,-0.621473081,-0.186027212
1497535006038540000,95867,-1.636459442,-0.420426286,0.990609374,0.292040622,0.698904558,-0.625931709,-0.1856184
1497535006048540000,95868,-1.634048657,-0.430204045,0.993142731,0.292702991,0.697057857,-0.628480715,-0.18288601
1497535006058620000,95869,-1.631309232,-0.439608023,0.995710744,0.292103496,0.690742852,-0.635104681,-0.18491053
1497535006068540000,95870,-1.628357704,-0.448857838,0.998174709,0.291456899,0.685797244,-0.640462051,-0.185858487
1497535006078420000,95871,-1.625451134,-0.45812129,1.000941508,0.28837534,0.684294764,-0.643738191,-0.184882343
1497535006088510000,95872,-1.622868209,-0.467057372,1.003343801,0.286500197,0.678189037,-0.650088145,-0.188049649
1497535006098480000,95873,-1.620133819,-0.476131876,1.005688725,0.283948955,0.674277595,-0.654375548,-0.191089921
1497535006108490000,95874,-1.618226596,-0.485455104,1.007957995,0.282671017,0.673588339,-0.655171184,-0.192682549
1497535006118540000,95875,-1.614571329,-0.490550722,1.009176467,-0.272529131,-0.666122112,0.667948663,0.189350967
1497535006128520000,95876,-1.612798798,-0.49845847,1.01075823,-0.273243804,-0.659740414,0.673056812,0.192548532
1497535006138550000,95877,-1.611520893,-0.506157444,1.012232091,-0.274932347,-0.653419794,0.677605924,0.195716604
1497535006148540000,95878,-1.610285721,-0.513652379,1.013745019,-0.276785526,-0.647911597,0.681541393,0.197741409
1497535006158540000,95879,-1.609226121,-0.520750634,1.01515174,-0.279655039,-0.640926187,0.686575668,0.199049076
1497535006168540000,95880,-1.608274127,-0.528191439,1.016563407,-0.281961317,-0.635784098,0.690090976,0.200127061
1497535006178520000,95881,-1.607413161,-0.535681755,1.017998683,-0.285261001,-0.630163731,0.693357931,0.201927248
1497535006188550000,95882,-1.606663376,-0.54302576,1.019432951,-0.287489325,-0.625185182,0.696878755,0.202122184
1497535006198540000,95883,-1.605721599,-0.550175697,1.020973905,-0.288570622,-0.621078971,0.700367676,0.20117909
1497535006208440000,95884,-1.604932981,-0.557340073,1.022654005,-0.289438904,-0.615482607,0.704533599,0.20258008
1497535006218540000,95885,-1.604178588,-0.564602073,1.024375226,-0.289728229,-0.610726812,0.708008569,0.204436251
1497535006228530000,95886,-1.603277841,-0.571822855,1.026266519,-0.289334498,-0.608263244,0.710313615,0.20434271
1497535006238550000,95887,-1.602562655,-0.578853578,1.028284273,-0.288206405,-0.604950355,0.713272598,0.205461281
1497535006248550000,95888,-1.601726391,-0.586014312,1.030363738,-0.287646602,-0.601157016,0.71620723,0.207163892
1497535006258550000,95889,-1.600803361,-0.593187082,1.032448035,-0.286207637,-0.599384975,0.718215209,0.207339708
1497535006268540000,95890,-1.600094593,-0.600221701,1.034525375,-0.283749478,-0.597375868,0.720608887,0.208209361
1497535006278600000,95891,-1.59933273,-0.607445998,1.036463231,-0.283185825,-0.594062986,0.723232828,0.209354325
1497535006288550000,95892,-1.598544428,-0.614511586,1.03816327,-0.281981411,-0.59155313,0.725809398,0.209170016
1497535006298490000,95893,-1.597901482,-0.621749485,1.039731525,-0.280490644,-0.59112391,0.727008779,0.208220454
1497535006308510000,95894,-1.597167547,-0.628973949,1.040938869,-0.279550904,-0.587732512,0.729839291,0.209180295
1497535006318510000,95895,-1.596502528,-0.636096659,1.041984507,-0.277848066,-0.586186237,0.731884581,0.208641097
1497535006328520000,95896,-1.595782372,-0.643434565,1.042717751,-0.276187315,-0.585122957,0.733455519,0.208313929
1497535006338550000,95897,-1.595328936,-0.65082499,1.043110159,-0.27360982,-0.584115145,0.735151716,0.208564422
1497535006348550000,95898,-1.594695219,-0.658534616,1.043257469,-0.271705472,-0.58377759,0.736065412,0.208776365
1497535006358560000,95899,-1.594141953,-0.666326802,1.04315126,-0.268763247,-0.585441216,0.736117665,0.207739458
1497535006368540000,95900,-1.593760565,-0.674062513,1.042630138,-0.265696637,-0.586112783,0.736809438,0.207337778
1497535006378560000,95901,-1.593282363,-0.681868458,1.041923893,-0.262778984,-0.586812028,0.737439655,0.206837145
1497535006388540000,95902,-1.592913307,-0.689890699,1.04099687,-0.260452703,-0.588167189,0.737433018,0.205952158
1497535006398500000,95903,-1.592704168,-0.698021626,1.039885672,-0.259243453,-0.58884847,0.737504117,0.205275397
1497535006408520000,95904,-1.59242294,-0.706205411,1.038535444,-0.257969515,-0.59011784,0.73731475,0.203910822
1497535006418460000,95905,-1.592152713,-0.71435914,1.036930543,-0.256036505,-0.592036808,0.737015221,0.201857103
1497535006428510000,95906,-1.591859789,-0.722883039,1.035152304,-0.254995983,-0.594822394,0.735656363,0.199932697
1497535006438530000,95907,-1.591809285,-0.731394969,1.033169342,-0.253830384,-0.596738167,0.734783518,0.198914249
1497535006448490000,95908,-1.591740094,-0.740002416,1.030981647,-0.252385057,-0.600707117,0.732904816,0.195712221
1497535006458530000,95909,-1.591950519,-0.748455948,1.028533866,-0.251181568,-0.601201567,0.733217549,0.194567525
1497535006468540000,95910,-1.591991057,-0.757441029,1.026274084,-0.250256277,-0.605157149,0.730921104,0.192122255
1497535006478560000,95911,-1.592812231,-0.766996097,1.023823217,-0.248953812,-0.617095991,0.723391637,0.184171326
1497535006488550000,95912,-1.592984045,-0.775820522,1.021466776,-0.247559186,-0.619286551,0.722631243,0.181666464
1497535006498440000,95913,-1.592992466,-0.784596423,1.019185261,-0.247277277,-0.621062916,0.721849943,0.179073901
1497535006508550000,95914,-1.592818537,-0.793374636,1.017111303,-0.246655789,-0.621897104,0.721846886,0.177036682
1497535006518590000,95915,-1.592718181,-0.801920979,1.01513912,-0.246172287,-0.622031047,0.722440759,0.174802549
1497535006528530000,95916,-1.59223163,-0.810329726,1.013751928,-0.245664999,-0.620046117,0.724197171,0.175299683
1497535006538550000,95917,-1.592043341,-0.818514247,1.012319288,-0.24420395,-0.618682386,0.725993697,0.174727468
1497535006548540000,95918,-1.591270478,-0.825877914,1.010922265,-0.244699258,-0.607230217,0.734539557,0.178452724
1497535006558630000,95919,-1.591181818,-0.834358937,1.009813432,-0.243748777,-0.605356331,0.736398918,0.17845694
1497535006568530000,95920,-1.591260526,-0.843144115,1.008738954,-0.243286849,-0.602479933,0.738741364,0.179138594
1497535006578520000,95921,-1.591345999,-0.852268762,1.007883816,-0.243603155,-0.598769287,0.741396719,0.180176996
1497535006588540000,95922,-1.59165386,-0.86198853,1.007078952,-0.24471578,-0.595533527,0.743325695,0.181441219
1497535006598500000,95923,-1.591890256,-0.871788436,1.006245552,-0.243942544,-0.593742182,0.745584319,0.179070601
1497535006608510000,95924,-1.591943399,-0.882407449,1.005370478,-0.241601598,-0.599529644,0.742785748,0.174534256
1497535006618470000,95925,-1.592780536,-0.893550071,1.004956852,-0.243422333,-0.590072576,0.749237937,0.176642117
1497535006628590000,95926,-1.593050706,-0.905166059,1.004345395,-0.242102572,-0.588732417,0.751234565,0.174433697
1497535006638600000,95927,-1.59343258,-0.917025534,1.003689923,-0.239318926,-0.587433979,0.753703862,0.171983317
1497535006648590000,95928,-1.593948944,-0.929318481,1.003135255,-0.235910271,-0.586614706,0.755750197,0.170502697
1497535006658600000,95929,-1.594608251,-0.94187846,1.00268677,-0.233514525,-0.585979302,0.757355772,0.168853366
1497535006668530000,95930,-1.595348131,-0.954729985,1.002717599,-0.231485466,-0.587746813,0.756925749,0.167426323
1497535006678540000,95931,-1.596346032,-0.967007446,1.002814288,-0.229346038,-0.58748083,0.75807794,0.166085839
1497535006688560000,95932,-1.597328673,-0.979470521,1.003774107,-0.229419926,-0.588721478,0.757069008,0.166192768
1497535006698580000,95933,-1.598588731,-0.99147017,1.00516203,-0.229527043,-0.590197252,0.75585672,0.166328471
1497535006708560000,95934,-1.600083861,-1.002692562,1.006988408,-0.230458253,-0.592070556,0.754136602,0.166190962
1497535006718550000,95935,-1.601724713,-1.014190121,1.009189526,-0.233482198,-0.595381835,0.750402362,0.167041398
1497535006728520000,95936,-1.603492941,-1.025190093,1.01151328,-0.236113659,-0.598236869,0.74732956,0.166917696
1497535006738560000,95937,-1.605220029,-1.036063178,1.013888792,-0.23892807,-0.599240685,0.745397506,0.167948018
1497535006748550000,95938,-1.607036902,-1.046851354,1.016236773,-0.241161894,-0.60108725,0.742864834,0.169372069
1497535006758560000,95939,-1.60882044,-1.057480299,1.018521763,-0.243821339,-0.602255357,0.740462779,0.17191426
1497535006768540000,95940,-1.610735855,-1.067700336,1.020498616,-0.245385713,-0.602851219,0.73873307,0.175013458
1497535006778550000,95941,-1.612556839,-1.077505272,1.022210305,-0.246429828,-0.603546058,0.737198255,0.177604135
1497535006788550000,95942,-1.614084065,-1.087299622,1.023795286,-0.248144428,-0.603518326,0.735678145,0.181569932
1497535006798620000,95943,-1.615534763,-1.0969491,1.025056403,-0.250470489,-0.603611066,0.733627908,0.186301656
1497535006808520000,95944,-1.616809562,-1.105866452,1.025977805,-0.250244584,-0.605416137,0.731459066,0.189252699
1497535006818560000,95945,-1.618005305,-1.114760067,1.026729672,-0.250712809,-0.607868806,0.728357627,0.192701245
1497535006828560000,95946,-1.619132874,-1.123414367,1.027410022,-0.251148061,-0.611100377,0.724730014,0.195569395
1497535006838560000,95947,-1.620372221,-1.131922791,1.028048051,-0.252277705,-0.616197915,0.719663438,0.196826383
1497535006848560000,95948,-1.62169484,-1.140261655,1.028860181,-0.25435309,-0.621400529,0.714306272,0.197313044
1497535006858550000,95949,-1.62290975,-1.14835881,1.02954751,-0.256836595,-0.625811367,0.709420421,0.197782111
1497535006868540000,95950,-1.624162123,-1.156005193,1.030255834,-0.259736939,-0.629315136,0.705285578,0.197664957
1497535006878520000,95951,-1.624979173,-1.163388556,1.030769354,-0.261662489,-0.631757297,0.70246621,0.197374475
1497535006888540000,95952,-1.625573483,-1.170384328,1.031246795,-0.262815227,-0.633343352,0.700758921,0.196828075
1497535006898620000,95953,-1.62607677,-1.177381579,1.031575858,-0.264019862,-0.635057519,0.69893562,0.196174561
1497535006908550000,95954,-1.626514467,-1.184376324,1.031861457,-0.265441026,-0.636459593,0.697198777,0.195893118
1497535006918560000,95955,-1.626988002,-1.191206147,1.032078889,-0.266861167,-0.637693858,0.695594815,0.195651512
1497535006928560000,95956,-1.627404474,-1.198054369,1.03216846,-0.268334298,-0.638338655,0.694318592,0.196066717
1497535006938570000,95957,-1.627841478,-1.204803502,1.032129732,-0.269817547,-0.639462375,0.692714187,0.196044428
1497535006948600000,95958,-1.628219251,-1.211588843,1.032125768,-0.271768877,-0.641126188,0.690466607,0.195843697
1497535006958560000,95959,-1.628657778,-1.218351284,1.032012357,-0.273456647,-0.643299542,0.687750396,0.195924873
1497535006968540000,95960,-1.628973598,-1.225235241,1.03190712,-0.275276467,-0.645338189,0.684880838,0.196722459
1497535006978540000,95961,-1.629302229,-1.232065678,1.031587183,-0.277116089,-0.648126195,0.681357893,0.197206823
1497535006988560000,95962,-1.629551973,-1.238948891,1.031221103,-0.278617043,-0.650225392,0.678492665,0.198058542
1497535006998560000,95963,-1.629761227,-1.245838743,1.030721562,-0.279789083,-0.651969333,0.67608096,0.198918558
1497535007008630000,95964,-1.629939069,-1.252639327,1.030077621,-0.280128189,-0.653255327,0.674556287,0.199397822
1497535007018560000,95965,-1.629811565,-1.259810456,1.02971512,-0.281835259,-0.654901551,0.672005464,0.200203653
1497535007028540000,95966,-1.629746412,-1.266852066,1.029062011,-0.282097639,-0.656364646,0.670411556,0.200386423
1497535007038560000,95967,-1.629667102,-1.274039422,1.028387502,-0.28205888,-0.657846463,0.668998491,0.200304361
1497535007048560000,95968,-1.629362954,-1.281807016,1.027782828,-0.282699463,-0.66081103,0.665734124,0.200519008
1497535007058550000,95969,-1.629079706,-1.289396746,1.026967163,-0.282259389,-0.662326467,0.664217855,0.201166423
1497535007068520000,95970,-1.628746362,-1.296940014,1.025955084,0.281738403,0.664378468,-0.662577454,-0.200538875
1497535007078490000,95971,-1.628113481,-1.305229133,1.025200113,0.282501511,0.667832498,-0.658785557,-0.200485011
1497535007088570000,95972,-1.627378705,-1.313791434,1.024466175,0.284251289,0.671032924,-0.654822544,-0.2003084
1497535007098570000,95973,-1.626831712,-1.32192347,1.023390311,0.284503017,0.672324859,-0.653138366,-0.201115866
1497535007108570000,95974,-1.626186912,-1.330557331,1.022263218,0.285651787,0.675285411,-0.649751519,-0.20053836
1497535007118530000,95975,-1.625318511,-1.342786301,1.02328031,0.279685301,0.674838841,-0.652639302,-0.201073651
1497535007128540000,95976,-1.62462491,-1.350961011,1.021674142,0.279451416,0.678167054,-0.649440154,-0.20055882
1497535007138570000,95977,-1.623616531,-1.360625401,1.020688412,0.278879565,0.681061662,-0.646643441,-0.200582804
1497535007148640000,95978,-1.622609517,-1.365972357,1.017243422,0.286433182,0.686495539,-0.637455145,-0.20082541
1497535007158550000,95979,-1.621620061,-1.379254993,1.018184151,0.277976889,0.686713402,-0.641254173,-0.199866552
1497535007168480000,95980,-1.620467146,-1.388895411,1.016767694,0.276914563,0.68951782,-0.638756473,-0.199683922
1497535007178540000,95981,-1.619141391,-1.397659934,1.015071478,0.276021932,0.691699526,-0.636553545,-0.200407694
1497535007188560000,95982,-1.617635267,-1.407267754,1.013657396,0.275954457,0.692799372,-0.635275263,-0.200757335
1497535007198580000,95983,-1.616133156,-1.416997898,1.012536036,0.275233976,0.694422009,-0.633455193,-0.201888209
1497535007208540000,95984,-1.614758012,-1.425636976,1.010592298,0.27515578,0.695070617,-0.63266632,-0.202236151
1497535007218550000,95985,-1.613319608,-1.435254433,1.009215783,0.27533493,0.69640876,-0.630770316,-0.203308443
1497535007228540000,95986,-1.611752704,-1.445512272,1.008430156,0.275479075,0.696360722,-0.630722591,-0.203425755
1497535007238570000,95987,-1.610353288,-1.45382623,1.006318094,0.276076165,0.697455178,-0.629177081,-0.20365271
1497535007248550000,95988,-1.60858807,-1.463825793,1.005396643,0.276191221,0.696225717,-0.630435419,-0.20381203
1497535007258560000,95989,-1.60668468,-1.473182608,1.003940322,0.276272221,0.696229244,-0.63041799,-0.203744098
1497535007268550000,95990,-1.604623956,-1.483007367,1.002656713,0.275704967,0.696271102,-0.630724927,-0.203419248
1497535007278530000,95991,-1.602214642,-1.493236095,1.001631664,0.275330672,0.695703546,-0.631754042,-0.202673204
1497535007288560000,95992,-1.599824912,-1.50351609,1.000577924,0.274015043,0.695438175,-0.632614174,-0.202684012
1497535007298560000,95993,-1.597300045,-1.514385006,1.000012415,0.273729938,0.696188375,-0.632046479,-0.20226447
1497535007308610000,95994,-1.594764193,-1.524886642,0.999579393,0.273321788,0.695769603,-0.632984101,-0.201323094
1497535007318550000,95995,-1.591944428,-1.5356083,0.999737688,0.27305194,0.695771409,-0.633367463,-0.200475539
1497535007328500000,95996,-1.588861676,-1.546051113,1.000417682,0.272553986,0.69544923,-0.634578395,-0.198431234
1497535007338510000,95997,-1.585506931,-1.556442307,1.001809689,0.271167763,0.694117627,-0.637360636,-0.196061682
1497535007348480000,95998,-1.58194556,-1.56650897,1.00336032,0.270037228,0.692718216,-0.640263376,-0.193091112
1497535007358630000,95999,-1.578105541,-1.576525054,1.005408648,0.268524224,0.691582722,-0.643101637,-0.18981139
1497535007368570000,96000,-1.574014412,-1.586520925,1.007869187,0.266382363,0.689544958,-0.647134682,-0.186507081
1497535007378590000,96001,-1.569549702,-1.596425741,1.01063275,0.263900407,0.687290431,-0.651509302,-0.183095791
1497535007388560000,96002,-1.564886821,-1.605175051,1.012879079,0.259792675,0.685507429,-0.656074165,-0.179315424
1497535007398580000,96003,-1.559729772,-1.615243691,1.01611926,0.255193984,0.682502058,-0.661442493,-0.177653593
1497535007408570000,96004,-1.554323368,-1.624514404,1.019011055,0.248812273,0.679456189,-0.667445996,-0.175919252
1497535007418610000,96005,-1.549081681,-1.632655958,1.020953308,0.241816831,0.676795686,-0.673182957,-0.174060123
1497535007428550000,96006,-1.543825843,-1.641510022,1.023378134,-0.234657197,-0.673203591,0.679533443,0.17311044
1497535007438570000,96007,-1.538948093,-1.649760908,1.025158665,-0.228951056,-0.669617636,0.685031532,0.172989696
1497535007448570000,96008,-1.53440791,-1.657879406,1.026690171,-0.224033288,-0.665871311,0.690338005,0.172794448
1497535007458590000,96009,-1.530070829,-1.66632896,1.028355115,-0.220899437,-0.661568774,0.69538669,0.173111373
1497535007468510000,96010,-1.52605089,-1.674050758,1.0295127,-0.219116666,-0.657072618,0.700078569,0.173589915
1497535007478570000,96011,-1.522217473,-1.681610237,1.030589238,-0.21866119,-0.652335908,0.704763176,0.173072278
1497535007488560000,96012,-1.518435361,-1.689103475,1.031506788,-0.218879397,-0.647837786,0.709231315,0.17143207
1497535007498550000,96013,-1.514642416,-1.696427251,1.03235905,-0.218807559,-0.643480682,0.713782002,0.169029933
1497535007508560000,96014,-1.510791598,-1.704367736,1.033573185,-0.218274813,-0.63985095,0.71802627,0.165484572
1497535007518580000,96015,-1.50687467,-1.712353739,1.034782418,-0.217495521,-0.637107892,0.721633486,0.161351616
1497535007528550000,96016,-1.502852049,-1.719854831,1.035681655,-0.216147995,-0.634670847,0.725389821,0.155828649
1497535007538570000,96017,-1.498629708,-1.727294519,1.036653333,-0.213126832,-0.633098676,0.728823737,0.150263035
1497535007548570000,96018,-1.494215267,-1.735129246,1.037818953,-0.209816646,-0.631912768,0.731845726,0.145138078
1497535007558600000,96019,-1.489627811,-1.742759423,1.039012325,-0.205727563,-0.629980433,0.7356591,0.140023261
1497535007568560000,96020,-1.484821222,-1.750515364,1.040376767,-0.201816424,-0.628861637,0.738583924,0.135266254
1497535007578550000,96021,-1.47992573,-1.758160013,1.04167532,-0.197731761,-0.626995168,0.742073235,0.130791914
1497535007588570000,96022,-1.474946835,-1.765383861,1.042774765,-0.193063027,-0.62543536,0.745591117,0.125104616
1497535007598580000,96023,-1.469877677,-1.772807733,1.043776864,-0.188005508,-0.625641159,0.747738403,0.118803828
1497535007608570000,96024,-1.464690503,-1.780801958,1.045048112,-0.183867939,-0.625269849,0.750070345,0.11235958
1497535007618580000,96025,-1.459229428,-1.788511831,1.045980986,-0.179406982,-0.624457549,0.752809472,0.105564218
1497535007628560000,96026,-1.453742881,-1.796591672,1.046934225,-0.173557385,-0.624996904,0.754819436,0.097490117
1497535007638580000,96027,-1.44789864,-1.804573255,1.047594709,-0.16791449,-0.625144689,0.756921269,0.089827806
1497535007648570000,96028,-1.441924816,-1.812955374,1.048337569,-0.16037141,-0.626955321,0.758078394,0.080778613
1497535007658630000,96029,-1.435803224,-1.820992845,1.048468334,-0.152297403,-0.628865546,0.759014789,0.072319956
1497535007668560000,96030,-1.429357271,-1.829158561,1.048358379,-0.144210837,-0.630300342,0.760165748,0.063818092
1497535007678550000,96031,-1.422853958,-1.837301549,1.04802977,-0.134681678,-0.633994733,0.759577759,0.054342901
1497535007688550000,96032,-1.416094976,-1.845330112,1.047492596,-0.12437997,-0.636700435,0.759661946,0.045342106
1497535007698570000,96033,-1.409334105,-1.853470709,1.046819247,-0.113876195,-0.639858706,0.759173747,0.035612779
1497535007708570000,96034,-1.402410153,-1.861214666,1.045966892,-0.1033166,-0.641429069,0.759736595,0.026357824
1497535007718520000,96035,-1.395511228,-1.868382422,1.044622405,-0.093655318,-0.644632855,0.75853061,0.017563522
1497535007728540000,96036,-1.388392641,-1.876063766,1.04395971,-0.082900019,-0.647629296,0.757384672,0.008505358
1497535007738580000,96037,-1.381259118,-1.883703834,1.043497087,-0.072656496,-0.648935147,0.757366439,-0.000534553
1497535007748570000,96038,-1.374068561,-1.890820331,1.043077899,-0.061635637,-0.651533074,0.756051439,-0.009587719
1497535007758590000,96039,-1.367015882,-1.897567044,1.042411365,-0.051823194,-0.65153676,0.756641196,-0.017558667
1497535007768600000,96040,-1.359786674,-1.904283544,1.042068873,-0.042028258,-0.652968098,0.75577976,-0.025753507
1497535007778570000,96041,-1.352691039,-1.910920535,1.041687117,-0.033482148,-0.653167114,0.755697162,-0.034255879
1497535007788580000,96042,-1.345634343,-1.917178015,1.041100628,-0.024556327,-0.653530881,0.755321776,-0.042230203
1497535007798580000,96043,-1.338412613,-1.923801635,1.04077667,-0.015822368,-0.654681827,0.754053624,-0.05044294
1497535007808510000,96044,-1.331251807,-1.929888653,1.039932868,-0.008308862,-0.654609115,0.753687573,-0.058076779
1497535007818540000,96045,-1.323903909,-1.936194978,1.039397429,-0.000148371,-0.655489822,0.752340492,-0.065702785
1497535007828580000,96046,-1.316571501,-1.942268279,1.038422411,0.006870041,-0.654835608,0.752189587,-0.073170714
1497535007838580000,96047,-1.309191886,-1.948572851,1.037767928,0.015506305,-0.65557905,0.750612395,-0.080973428
1497535007848580000,96048,-1.301769573,-1.954448889,1.036629507,0.022568387,-0.654507262,0.750498926,-0.088669463
1497535007858580000,96049,-1.294363757,-1.960383556,1.035545888,0.029762353,-0.654689568,0.749172646,-0.096104723
1497535007868570000,96050,-1.286840549,-1.966731346,1.034905318,0.037289061,-0.653800293,0.748614585,-0.103590088
1497535007878570000,96051,-1.27940771,-1.972491403,1.033656767,0.043385063,-0.653534267,0.747469662,-0.110904469
1497535007888630000,96052,-1.271913355,-1.97861522,1.032499544,0.049050112,-0.652382383,0.747006549,-0.118205447
1497535007898540000,96053,-1.264359559,-1.984624768,1.031223071,0.054659356,-0.650988832,0.74655717,-0.126009079
1497535007908590000,96054,-1.256803732,-1.990562798,1.029960741,0.058933765,-0.65031871,0.745504456,-0.133549587
1497535007918580000,96055,-1.249113836,-1.99665035,1.02863741,0.063904091,-0.649366812,0.744542304,-0.141052361
1497535007928530000,96056,-1.241340037,-2.002983987,1.027456101,0.068524657,-0.647459406,0.744364754,-0.148397447
1497535007938580000,96057,-1.233337063,-2.009116118,1.026302062,0.073309977,-0.646811271,0.743029237,-0.155461827
1497535007948580000,96058,-1.225067842,-2.015096596,1.024806835,0.077920589,-0.644584915,0.743023931,-0.162339479
1497535007958570000,96059,-1.216577614,-2.021414725,1.023580994,0.082953739,-0.643424864,0.741934318,-0.169282575
1497535007968580000,96060,-1.207786323,-2.027815279,1.022467276,0.08791623,-0.641357847,0.741651275,-0.175739109
1497535007978540000,96061,-1.19880113,-2.034290273,1.021590872,0.092598025,-0.639184063,0.741308963,-0.182566044
1497535007988570000,96062,-1.189531829,-2.040608809,1.020527034,0.096082064,-0.637680168,0.740679335,-0.188484384
1497535007998590000,96063,-1.180132857,-2.047280025,1.019711898,0.101741756,-0.634740563,0.740436513,-0.196231503
1497535008008570000,96064,-1.170401462,-2.053613444,1.018560739,0.105333385,-0.631977536,0.740493689,-0.202924539
1497535008018570000,96065,-1.16045496,-2.060374105,1.017565352,0.109883401,-0.629677336,0.739708209,-0.210389773
1497535008028540000,96066,-1.150241681,-2.066993532,1.016350737,0.112397561,-0.627478343,0.739316862,-0.216906192
1497535008038580000,96067,-1.139921103,-2.074106516,1.015267905,0.117016229,-0.625726005,0.737806915,-0.224533125
1497535008048570000,96068,-1.129402088,-2.081329616,1.014132166,0.119986909,-0.624363475,0.736567443,-0.230741835
1497535008058550000,96069,-1.119015814,-2.088757634,1.013319262,0.123811677,-0.623229585,0.734843779,-0.237192272
1497535008068560000,96070,-1.108671966,-2.096047842,1.012685073,0.126264679,-0.623250353,0.732786458,-0.242157457
1497535008078530000,96071,-1.098581114,-2.103186708,1.012660076,0.129023141,-0.623728166,0.730611338,-0.246014789
1497535008088590000,96072,-1.088676574,-2.110326244,1.013422477,0.131441016,-0.62450704,0.728531807,-0.248908865
1497535008098480000,96073,-1.078969696,-2.117159456,1.014837249,0.132897891,-0.625859268,0.726599008,-0.250384122
1497535008108570000,96074,-1.069498511,-2.123595288,1.016542784,0.134346565,-0.628502592,0.724167036,-0.250035192
1497535008118590000,96075,-1.060347943,-2.130142904,1.018949196,0.13546953,-0.631086793,0.722362097,-0.248133972
1497535008128540000,96076,-1.051653592,-2.136087543,1.021373668,0.136797017,-0.632621183,0.721322596,-0.246517193
1497535008138630000,96077,-1.043210743,-2.142149034,1.023956278,0.137765217,-0.632295343,0.72177917,-0.245475405
1497535008148610000,96078,-1.03492698,-2.148567108,1.026561284,0.138708231,-0.630298524,0.723602431,-0.244710687
1497535008158590000,96079,-1.026585489,-2.154538984,1.028294324,0.138261289,-0.629638403,0.724765836,-0.243215502
1497535008168580000,96080,-1.018448452,-2.160700171,1.029864073,0.137549878,-0.629212731,0.725807186,-0.241609807
1497535008178560000,96081,-1.010286806,-2.166997848,1.030995455,0.135859117,-0.6294645,0.726500212,-0.239821152
1497535008188570000,96082,-1.002332547,-2.173041592,1.031669787,0.13442582,-0.62906748,0.727312779,-0.239206867
1497535008198580000,96083,-0.994501041,-2.179137702,1.032254826,0.134692495,-0.630169129,0.726417533,-0.238877306
1497535008208580000,96084,-0.986527566,-2.185045935,1.032460561,0.136535608,-0.632327515,0.724283492,-0.238607135
1497535008218580000,96085,-0.978427969,-2.191059993,1.03285773,0.140685154,-0.635916365,0.720044817,-0.239485962
1497535008228560000,96086,-0.97020848,-2.19696799,1.033158967,0.145451119,-0.640481311,0.714803449,-0.240174294
1497535008238580000,96087,-0.962182003,-2.202980074,1.033855656,0.150477688,-0.64632871,0.708166645,-0.241071912
1497535008248580000,96088,-0.95412732,-2.208429244,1.03425445,0.154025695,-0.65173928,0.702274539,-0.241500449
1497535008258580000,96089,-0.94640472,-2.213585356,1.035017258,0.155782771,-0.655172572,0.698178296,-0.242956161
1497535008268580000,96090,-0.938741173,-2.218000907,1.035401073,0.157766643,-0.657536036,0.694849086,-0.244828092
1497535008278550000,96091,-0.931199996,-2.221977265,1.035811932,0.159570906,-0.658592251,0.69244297,-0.247620893
1497535008288580000,96092,-0.92369534,-2.225824847,1.036402025,0.162076135,-0.65921068,0.69012947,-0.250786604
1497535008298570000,96093,-0.916051757,-2.229604804,1.036914278,0.165351886,-0.659530263,0.688118936,-0.253319791
1497535008308540000,96094,-0.908206071,-2.233310671,1.037137288,0.168776493,-0.660812785,0.685305466,-0.25533777
1497535008318570000,96095,-0.900366552,-2.236872054,1.037264144,0.172762094,-0.661551167,0.682894923,-0.257211656
1497535008328570000,96096,-0.892450553,-2.240572072,1.037340602,0.17676376,-0.663715186,0.679168684,-0.258779103
1497535008338580000,96097,-0.884532296,-2.244489037,1.037437609,0.180984788,-0.666392436,0.674856796,-0.260257434
1497535008348570000,96098,-0.876580144,-2.248140496,1.03711942,0.184422357,-0.669007942,0.670850945,-0.261487624
1497535008358560000,96099,-0.868712338,-2.251642872,1.036643396,-0.188264741,0.67135607,-0.667003399,0.262571666
1497535008368570000,96100,-0.861023711,-2.255294791,1.036410984,-0.191430914,0.674456667,-0.66249741,0.263741522
1497535008378580000,96101,-0.853384699,-2.258622223,1.035928874,-0.194254429,0.676452056,-0.659289954,0.264602701
1497535008388570000,96102,-0.845707608,-2.261797059,1.035177873,-0.197097562,0.678621556,-0.65580089,0.265613495
1497535008398580000,96103,-0.838154507,-2.265128173,1.034678735,-0.200309486,0.681112459,-0.651820372,0.266631075
1497535008408590000,96104,-0.830529537,-2.267932548,1.033850061,-0.20272691,0.682229264,-0.649518299,0.267564967
1497535008418580000,96105,-0.822910009,-2.271024287,1.033124915,-0.20609209,0.68410461,-0.645920062,0.268913008
1497535008428560000,96106,-0.815196344,-2.273708617,1.032072804,-0.208660327,0.686288906,-0.642447789,0.269683599
1497535008438580000,96107,-0.807017135,-2.277189893,1.030573505,-0.214276202,0.69388046,-0.631529358,0.271636312
1497535008448580000,96108,-0.799660179,-2.279153412,1.029974414,-0.214996072,0.688747494,-0.637194683,0.270899453
1497535008458570000,96109,-0.791773965,-2.281795897,1.028839343,-0.217983086,0.690874261,-0.633794789,0.271072489
1497535008468580000,96110,-0.783897911,-2.284400378,1.027684089,-0.220714338,0.692075242,-0.631526785,0.271092164
1497535008478560000,96111,-0.775958449,-2.286971937,1.026409587,-0.223233884,0.694291892,-0.628468149,0.270468458
1497535008488580000,96112,-0.76786715,-2.289691311,1.02527393,-0.225259125,0.696572482,-0.625499141,0.269807207
1497535008498610000,96113,-0.759849278,-2.292199754,1.023887064,-0.226550222,0.69877091,-0.62315139,0.268470774
1497535008508580000,96114,-0.751839384,-2.295094334,1.02276168,-0.227389031,0.70086607,-0.62091366,0.267483097
1497535008518530000,96115,-0.743465713,-2.297570305,1.021234311,-0.229119064,0.703400806,-0.618041737,0.266000323
1497535008528590000,96116,-0.735117843,-2.300361966,1.020063401,-0.229983207,0.70503981,-0.616390005,0.264745072
1497535008538570000,96117,-0.726559011,-2.302777559,1.018390668,-0.23124024,0.706599327,-0.614792139,0.263203282
1497535008548510000,96118,-0.717854603,-2.30540743,1.016779626,-0.2329605,0.70960448,-0.61140818,0.261478347
1497535008558540000,96119,-0.708497275,-2.308380671,1.014399363,-0.236851114,0.717203499,-0.601308246,0.26067045
1497535008568580000,96120,-0.699784704,-2.310287558,1.012992469,-0.236641861,0.713996631,-0.606616364,0.257344182
1497535008578570000,96121,-0.690670757,-2.312901954,1.011199213,-0.239178797,0.71634535,-0.603735074,0.255238717
1497535008588590000,96122,-0.68157781,-2.315449471,1.009313457,-0.240697521,0.718506348,-0.601732865,0.252449778
1497535008598590000,96123,-0.672432049,-2.317689483,1.007102601,-0.242108897,0.720536907,-0.600117265,0.249136743
1497535008608590000,96124,-0.663611567,-2.320137808,1.005153289,-0.243224284,0.722764841,-0.598568676,0.245292627
1497535008618570000,96125,-0.655000523,-2.322416549,1.003331505,-0.242794135,0.723717334,-0.599099982,0.241585265
1497535008628530000,96126,-0.646414304,-2.324460002,1.001424045,-0.242322059,0.725206318,-0.598936472,0.237972518
1497535008638590000,96127,-0.637946449,-2.326478182,0.999614478,-0.241358273,0.726957005,-0.598455593,0.234799063
1497535008648580000,96128,-0.629356134,-2.328207688,0.997896399,-0.240111985,0.728259753,-0.598265968,0.232511932
1497535008658540000,96129,-0.620632354,-2.330113068,0.996587163,-0.238986044,0.729613283,-0.597722057,0.230821296
1497535008668570000,96130,-0.611573932,-2.331440286,0.995092657,-0.237945699,0.730499181,-0.59764767,0.229281603
1497535008678530000,96131,-0.602344676,-2.332830711,0.99407419,-0.237052761,0.731240787,-0.597704978,0.227687633
1497535008688640000,96132,-0.592799437,-2.334371751,0.993505529,-0.236095708,0.731843164,-0.597773625,0.226563662
1497535008698590000,96133,-0.583070325,-2.335502052,0.993151618,-0.234046205,0.732525132,-0.598119262,0.225571838
1497535008708590000,96134,-0.573116002,-2.336931406,0.993333599,-0.232460585,0.732848749,-0.598767406,0.224437924
1497535008718570000,96135,-0.563069024,-2.338181396,0.993913837,-0.230872801,0.733304076,-0.598975535,0.224033904
1497535008728520000,96136,-0.55288894,-2.339036474,0.994756226,-0.228762934,0.733330916,-0.599520128,0.224652853
1497535008738590000,96137,-0.54241853,-2.339931596,0.9960531,-0.226995672,0.733284414,-0.599687395,0.226145884
1497535008748590000,96138,-0.531761396,-2.340322945,0.997611589,-0.225754367,0.733520452,-0.59901474,0.228394513
1497535008758540000,96139,-0.520964002,-2.340484403,0.99951871,-0.225534366,0.732156674,-0.599676708,0.231232998
1497535008768570000,96140,-0.510084642,-2.340354982,1.001770481,-0.224804453,0.730143151,-0.600898316,0.23510668
1497535008778590000,96141,-0.499116811,-2.33992875,1.004058935,-0.224767967,0.727875718,-0.602033443,0.239232175
1497535008788570000,96142,-0.488240558,-2.339226633,1.00669468,-0.225390949,0.725156475,-0.603341661,0.243568977
1497535008798570000,96143,-0.47758052,-2.338596388,1.009390113,-0.22599857,0.722338911,-0.604713331,0.247937354
1497535008808560000,96144,-0.466826099,-2.337930857,1.011994473,-0.226803967,0.71842072,-0.60739911,0.251987999
1497535008818550000,96145,-0.455973365,-2.337570037,1.014024458,-0.230105356,0.718543957,-0.603841619,0.257140829
1497535008828580000,96146,-0.44602369,-2.336336076,1.016626836,-0.229715117,0.709602207,-0.612977409,0.260680588
1497535008838550000,96147,-0.435936835,-2.335996022,1.018738079,-0.231884877,0.705342936,-0.615306304,0.264799734
1497535008848510000,96148,-0.426078934,-2.335571301,1.020391485,-0.233598441,0.700311422,-0.618543383,0.269072041
1497535008858560000,96149,-0.416561515,-2.335357981,1.021880824,-0.234516027,0.695630913,-0.621696159,0.273118566
1497535008868600000,96150,-0.407307844,-2.335276973,1.023123339,-0.234256142,0.691419396,-0.625078312,0.276297634
1497535008878610000,96151,-0.398126447,-2.335417506,1.024248616,-0.233165795,0.687615564,-0.628010296,0.280038598
1497535008888600000,96152,-0.389405979,-2.33550518,1.025364319,-0.230993736,0.683888361,-0.631197495,0.283775133
1497535008898590000,96153,-0.380690141,-2.335632444,1.026361771,-0.228334812,0.680450021,-0.634112359,0.287667341
1497535008908590000,96154,-0.372217088,-2.335842949,1.027486611,-0.225194557,0.676337071,-0.637768105,0.291731765
1497535008918540000,96155,-0.363994852,-2.336040492,1.028746439,-0.222455002,0.673185878,-0.640212532,0.295740527
1497535008928550000,96156,-0.355650165,-2.336269684,1.029947085,-0.219837178,0.669737296,-0.643004528,0.299447403
1497535008938600000,96157,-0.347639284,-2.336616672,1.031471216,-0.216931036,0.666267962,-0.645523675,0.30385377
1497535008948590000,96158,-0.339750967,-2.33697214,1.033091544,-0.214163879,0.663360005,-0.647853218,0.307202775
1497535008958590000,96159,-0.331796085,-2.337428089,1.034789943,-0.212197166,0.660257951,-0.65000919,0.310676447
1497535008968580000,96160,-0.324134863,-2.33785188,1.036775404,-0.209263863,0.656911867,-0.653005443,0.313463435
1497535008978560000,96161,-0.316511939,-2.338222387,1.038787321,0.207233569,-0.653565641,0.655399313,-0.316793217
1497535008988600000,96162,-0.309148471,-2.338676527,1.04090245,0.204711914,-0.649529241,0.658836856,-0.319591608
1497535008998610000,96163,-0.301676416,-2.338967711,1.0429137,0.203026194,-0.64628129,0.66114345,-0.322475112
1497535009008510000,96164,-0.294201298,-2.339230495,1.044948586,0.201414106,-0.643199522,0.663450096,-0.324901066
1497535009018510000,96165,-0.286793994,-2.339507793,1.047048899,0.199728493,-0.639359403,0.666237765,-0.327803789
1497535009028570000,96166,-0.279166497,-2.339894906,1.048870387,0.198576072,-0.636273728,0.668317472,-0.330265112
1497535009038570000,96167,-0.271568074,-2.340190576,1.050499673,0.197418067,-0.632957955,0.670401217,-0.333095394
1497535009048600000,96168,-0.264120645,-2.340429472,1.052126736,0.196181233,-0.62936844,0.673131402,-0.335115512
1497535009058610000,96169,-0.256450594,-2.340869169,1.053481186,0.1964373,-0.626353016,0.674577331,-0.337697662
1497535009068590000,96170,-0.2486229,-2.341369277,1.054603054,0.196764763,-0.623914789,0.675748833,-0.339672607
1497535009078560000,96171,-0.240890176,-2.341786999,1.055542247,0.196742553,-0.62079691,0.677949709,-0.341009908
1497535009088580000,96172,-0.232938183,-2.342495,1.056260534,0.197932624,-0.61900001,0.678457446,-0.342574311
1497535009098610000,96173,-0.225032494,-2.342948329,1.056656838,0.199083688,-0.618136864,0.678592632,-0.343197526
1497535009108630000,96174,-0.216980106,-2.343711694,1.056871154,0.200072018,-0.616231863,0.679711763,-0.343833387
1497535009118590000,96175,-0.20892215,-2.344420156,1.056763296,0.201868096,-0.6152711,0.679499746,-0.344921499
1497535009128560000,96176,-0.200737887,-2.345150239,1.056474791,0.202309036,-0.613520294,0.680732438,-0.34535091
1497535009138610000,96177,-0.19252072,-2.346217192,1.055927819,0.204731615,-0.613749789,0.67967906,-0.34559013
1497535009148600000,96178,-0.184162353,-2.347441116,1.055091408,0.205991991,-0.613328357,0.679432363,-0.346074111
1497535009158600000,96179,-0.175671375,-2.348537955,1.054008235,0.207797464,-0.614020917,0.678039142,-0.346498845
1497535009168590000,96180,-0.166851841,-2.349964818,1.052546207,0.209875779,-0.61444744,0.676577315,-0.347346566
1497535009178600000,96181,-0.158331319,-2.351527115,1.0510387,0.210534896,-0.615771655,0.675187472,-0.347307075
1497535009188530000,96182,-0.149245567,-2.353076744,1.049053033,0.212352861,-0.616777591,0.673716734,-0.347271406
1497535009198610000,96183,-0.140299444,-2.354698246,1.047120573,0.214526636,-0.618709345,0.670856621,-0.348035145
1497535009208630000,96184,-0.131002017,-2.356872034,1.044953718,0.217362455,-0.620627984,0.66837789,-0.347628343
1497535009218580000,96185,-0.121269971,-2.358568219,1.042457405,0.218977498,-0.620850568,0.667292413,-0.348301971
1497535009228580000,96186,-0.111387293,-2.360861865,1.040239751,0.225180686,-0.624259227,0.661957075,-0.348434939
1497535009238590000,96187,-0.101641865,-2.362840301,1.038031326,0.228014388,-0.62445757,0.660456157,-0.349084298
1497535009248620000,96188,-0.091816776,-2.364521216,1.0359068,0.231289236,-0.624683444,0.658535174,-0.350153264
1497535009258600000,96189,-0.08212141,-2.365833276,1.033674837,0.23227482,-0.623977812,0.657790426,-0.352153168
1497535009268580000,96190,-0.07257689,-2.367200328,1.031749128,0.233955367,-0.62335625,0.656955175,-0.353697285
1497535009278600000,96191,-0.063126713,-2.368752247,1.030203588,0.236669983,-0.623420682,0.655018888,-0.355364923
1497535009288600000,96192,-0.05366286,-2.370282309,1.028538577,0.236697079,-0.622207405,0.655025417,-0.357455089
1497535009298610000,96193,-0.044092333,-2.371827579,1.027442392,0.234559649,-0.620059487,0.656623475,-0.359657637
1497535009308600000,96194,-0.035272448,-2.373383576,1.0264283,0.233773952,-0.616281483,0.658726972,-0.362802495
1497535009318610000,96195,-0.026254123,-2.37498547,1.025511336,0.233380872,-0.613225474,0.660253152,-0.365449944
1497535009328630000,96196,-0.016746924,-2.376948506,1.024853597,0.22899094,-0.609491065,0.663715309,-0.368192584
1497535009338610000,96197,-0.007170831,-2.379237238,1.023929343,0.224916822,-0.605732917,0.666708843,-0.37148267
1497535009348600000,96198,0.002696154,-2.381472754,1.023513069,0.221777706,-0.60232256,0.668641088,-0.375421468
1497535009358610000,96199,0.013140491,-2.383941282,1.023540824,0.217349881,-0.600196365,0.671074406,-0.377070939
1497535009368590000,96200,0.023448747,-2.38611964,1.024123127,0.213767793,-0.597498611,0.673009869,-0.379942702
1497535009378570000,96201,0.033841532,-2.388228993,1.025099196,0.212289624,-0.594449272,0.674915271,-0.382168229
1497535009388600000,96202,0.044355843,-2.3905171,1.027185904,0.213101002,-0.594256689,0.675008363,-0.381851621
1497535009398610000,96203,0.047969817,-2.394267362,1.02504614,0.215353692,-0.590192076,0.676029673,-0.385071399
1497535009408600000,96204,0.059081215,-2.396804463,1.028123175,0.217722928,-0.590031428,0.675337908,-0.385199106
1497535009418610000,96205,0.070079189,-2.399667343,1.03122111,0.21900611,-0.590391832,0.67480789,-0.384848178
1497535009428610000,96206,0.086616585,-2.40166112,1.038172277,0.221138066,-0.595342521,0.672138438,-0.380650968
1497535009438610000,96207,0.095958027,-2.40528829,1.040402064,0.230229175,-0.595639695,0.669804609,-0.37890588
1497535009448600000,96208,0.106956089,-2.409079065,1.043546857,0.221568921,-0.59831295,0.670181994,-0.379189823
1497535009458620000,96209,0.117001514,-2.412912278,1.045865577,0.220381106,-0.600969702,0.669414033,-0.377031082
1497535009468560000,96210,0.126393598,-2.416928667,1.047581919,0.221545501,-0.604224208,0.668705366,-0.372375927
1497535009478590000,96211,0.13603801,-2.420564096,1.049407348,0.219808768,-0.607458267,0.668477857,-0.368532106
1497535009488590000,96212,0.145685978,-2.423837141,1.050994585,0.2168238,-0.610356342,0.668498554,-0.365461705
1497535009498590000,96213,0.155412065,-2.426495479,1.052292797,0.216670909,-0.612670677,0.668390129,-0.361860461
1497535009508590000,96214,0.164581846,-2.428905178,1.053459017,0.218413429,-0.612754158,0.669722683,-0.358189118
1497535009518600000,96215,0.173995089,-2.430812841,1.054586318,0.21984988,-0.611787093,0.672524392,-0.353685631
1497535009528540000,96216,0.182995099,-2.431871607,1.056016521,0.226102306,-0.613170777,0.668590414,-0.354804459
1497535009538500000,96217,0.191599654,-2.43332439,1.057112749,0.232739625,-0.614232466,0.666429705,-0.352735301
1497535009548620000,96218,0.199919707,-2.434844336,1.058228047,0.237147157,-0.615776543,0.6649875,-0.349817238
1497535009558650000,96219,0.207818755,-2.436425928,1.059335742,0.241149692,-0.618261649,0.662227554,-0.347928191
1497535009568620000,96220,0.215479925,-2.438285896,1.060283446,0.242960007,-0.620298586,0.660628728,-0.346077714
1497535009578590000,96221,0.222495983,-2.440114543,1.061119962,0.245100633,-0.622539618,0.658337193,-0.344909037
1497535009588590000,96222,0.229536614,-2.441936754,1.061827818,0.244399845,-0.625018799,0.656701715,-0.34403935
1497535009598560000,96223,0.236183485,-2.443796944,1.062315898,0.243723374,-0.627592704,0.654741881,-0.343568602
1497535009608700000,96224,0.242906632,-2.445704736,1.062679708,0.241074863,-0.630079375,0.653364851,-0.343507297
1497535009618610000,96225,0.249510909,-2.447607225,1.063070697,0.239150782,-0.633388175,0.651186214,-0.342903539
1497535009628590000,96226,0.256274457,-2.449446736,1.063378151,0.236917484,-0.636160351,0.649473688,-0.342569763
1497535009638630000,96227,0.263019999,-2.451280231,1.063540432,0.235215226,-0.639846444,0.646888872,-0.341767631
1497535009648610000,96228,0.269646225,-2.452912583,1.063629869,0.233881169,-0.642558055,0.645021365,-0.34112488
1497535009658610000,96229,0.276080897,-2.454357809,1.063660744,-0.233174128,0.646273214,-0.642354464,0.339619642
1497535009668660000,96230,0.282732662,-2.455636359,1.063714189,-0.2334012,0.648524523,-0.640399616,0.338863032
1497535009678590000,96231,0.289152006,-2.456721169,1.063648055,-0.233693535,0.65065271,-0.638731645,0.337728098
1497535009688610000,96232,0.295770992,-2.45775873,1.063622472,-0.23411126,0.652656476,-0.637360107,0.336159987
1497535009698610000,96233,0.302493552,-2.458644141,1.063410694,-0.234645099,0.654545648,-0.636116257,0.33446641
1497535009708620000,96234,0.309043775,-2.459335811,1.06319137,-0.23559666,0.656676724,-0.634560406,0.332570272
1497535009718600000,96235,0.315707016,-2.460183873,1.0629136,-0.237699757,0.65864813,-0.632411739,0.331265541
1497535009728580000,96236,0.322405046,-2.460805993,1.062544921,-0.238455846,0.659654204,-0.631904406,0.329684642
1497535009738620000,96237,0.329247887,-2.461420749,1.062161074,-0.239707482,0.661736458,-0.63013623,0.327984016
1497535009748590000,96238,0.335930684,-2.461910708,1.061744889,-0.240171047,0.663060831,-0.629288313,0.326595196
1497535009758610000,96239,0.34283123,-2.462483477,1.06127829,-0.241615177,0.665105717,-0.627317781,0.325159797
1497535009768600000,96240,0.349562628,-2.462976759,1.060599872,-0.242310827,0.666033128,-0.627306903,0.32275592
1497535009778590000,96241,0.356524505,-2.463535261,1.060092122,-0.243212294,0.668035631,-0.62588937,0.320684692
1497535009788610000,96242,0.363365119,-2.463991681,1.059418556,-0.243714467,0.669334278,-0.625379434,0.318583499
1497535009798620000,96243,0.370406892,-2.464396235,1.058829642,-0.244455283,0.671239194,-0.624247577,0.316219104
1497535009808570000,96244,0.377689864,-2.464773389,1.058110202,-0.245327458,0.67274494,-0.623651453,0.313508452
1497535009818580000,96245,0.38512926,-2.465009324,1.057463597,-0.247147085,0.674088344,-0.622107585,0.312258508
1497535009828590000,96246,0.392783523,-2.465292508,1.056540149,-0.249662232,0.67601718,-0.620506822,0.30925851
1497535009838620000,96247,0.400610487,-2.465324899,1.055707114,-0.252142697,0.677134224,-0.6190768,0.307664132
1497535009848610000,96248,0.40868579,-2.465255287,1.054688825,-0.255562306,0.678929735,-0.616630654,0.305792346
1497535009858620000,96249,0.417116029,-2.465027969,1.053756977,-0.258649748,0.680105846,-0.615039003,0.303781781
1497535009868610000,96250,0.425457843,-2.46470663,1.052588354,-0.262112868,0.680913835,-0.613612613,0.301882022
1497535009878600000,96251,0.434082063,-2.464306619,1.051605332,-0.265877161,0.682110942,-0.611320104,0.300535737
1497535009888610000,96252,0.442716089,-2.463835564,1.050445979,-0.269747371,0.68300139,-0.609461123,0.298835401
1497535009898620000,96253,0.451585224,-2.463209473,1.04936493,-0.273034109,0.683259083,-0.608331688,0.297560007
1497535009908610000,96254,0.459957096,-2.462552313,1.048047386,-0.277422235,0.683885341,-0.606225363,0.296358825
1497535009918540000,96255,0.468916572,-2.461943381,1.04687415,-0.280617365,0.684755526,-0.604653303,0.29454736
1497535009928590000,96256,0.477631497,-2.461369149,1.0455216,-0.283330234,0.685357732,-0.603614385,0.292674618
1497535009938620000,96257,0.486332383,-2.460646077,1.044385974,-0.285620705,0.686150002,-0.602275691,0.291346837
1497535009948620000,96258,0.49447769,-2.459983325,1.042921092,-0.288457158,0.68674937,-0.600853237,0.290074403
1497535009958620000,96259,0.502973092,-2.459296943,1.041782426,-0.290319309,0.687640368,-0.599657425,0.288576498
1497535009968620000,96260,0.511312394,-2.458591112,1.04070362,-0.291957808,0.689006867,-0.598172943,0.286739092
1497535009978570000,96261,0.519312748,-2.457831855,1.039568729,-0.292493988,0.689964963,-0.597569633,0.285142334
1497535009988610000,96262,0.527713725,-2.457065767,1.038637604,-0.291965678,0.690579569,-0.597910865,0.283475748
1497535009998610000,96263,0.535921026,-2.456144662,1.037542738,-0.291875892,0.691530013,-0.597438266,0.282244969
1497535010008580000,96264,0.544151267,-2.454956138,1.036666669,-0.291048076,0.691976327,-0.597695112,0.281461069
1497535010018570000,96265,0.55256315,-2.45392496,1.035670948,-0.289890643,0.692657271,-0.598162129,0.279984619
1497535010028600000,96266,0.561055628,-2.452766549,1.034697049,-0.287658212,0.69288807,-0.599814716,0.278174733
1497535010038620000,96267,0.570063395,-2.451427884,1.034049917,-0.285282204,0.693697812,-0.600560652,0.276991537
1497535010048610000,96268,0.579110822,-2.44987531,1.033627164,-0.283016817,0.694180673,-0.601065652,0.27701039
1497535010058600000,96269,0.588392249,-2.448184917,1.033433611,-0.281499356,0.694300038,-0.601907369,0.276429175
1497535010068460000,96270,0.598061997,-2.446321763,1.033526957,-0.279459229,0.693841528,-0.603592131,0.27597647
1497535010078600000,96271,0.607803978,-2.444105771,1.034123547,-0.277954405,0.693208885,-0.604521465,0.277049795
1497535010088620000,96272,0.618058447,-2.441767661,1.03490769,-0.277552528,0.69231113,-0.605285759,0.278027057
1497535010098630000,96273,0.628371905,-2.438945277,1.036252465,-0.276561391,0.690390653,-0.606474635,0.281181545
1497535010108620000,96274,0.638744878,-2.435822476,1.037770205,-0.277830921,0.688055257,-0.607084108,0.284321699
1497535010118670000,96275,0.649406969,-2.43230703,1.039738239,-0.278996243,0.685747347,-0.606601964,0.289733895
1497535010128600000,96276,0.659903339,-2.42830927,1.041690605,-0.281031567,0.68122568,-0.608320631,0.294786094
1497535010138620000,96277,0.670464231,-2.423959592,1.04410599,-0.286341132,0.677821043,-0.606106799,0.301996584
1497535010148620000,96278,0.681015615,-2.41926129,1.046741706,-0.290253417,0.672101506,-0.606926589,0.309309933
1497535010158630000,96279,0.690862344,-2.414200885,1.049214867,-0.295393026,0.66655942,-0.606708604,0.316774635
1497535010168610000,96280,0.700597807,-2.409019619,1.051657145,-0.301540545,0.6594434,-0.607444298,0.32437498
1497535010178590000,96281,0.710262188,-2.403768277,1.054292064,-0.306564306,0.652439975,-0.608661896,0.331468099
1497535010188620000,96282,0.719520609,-2.39831383,1.056861235,-0.310955218,0.64409507,-0.611468989,0.338458371
1497535010198610000,96283,0.728499408,-2.393301179,1.058926462,-0.314110949,0.636277469,-0.614432684,0.344902553
1497535010208610000,96284,0.737151621,-2.388320724,1.060954918,-0.315850054,0.629333652,-0.61754838,0.350445284
1497535010218520000,96285,0.745532585,-2.384003025,1.062473644,-0.317043768,0.622065659,-0.621105668,0.35601308
1497535010228570000,96286,0.754283997,-2.379728573,1.064263756,0.316394976,-0.617306848,0.623345783,-0.360924521
1497535010238610000,96287,0.762495189,-2.375840713,1.06554422,0.315589093,-0.613605783,0.624777443,-0.365437566
1497535010248600000,96288,0.770751149,-2.372177154,1.066792098,0.313348788,-0.610650612,0.626075028,-0.370065435
1497535010258580000,96289,0.779160808,-2.368515403,1.068205349,0.310973373,-0.608153499,0.626463542,-0.375484106
1497535010268500000,96290,0.787524907,-2.364836893,1.069429755,0.309096883,-0.606242463,0.625710943,-0.381333199
1497535010278480000,96291,0.795878096,-2.361076904,1.070633392,0.307847224,-0.604367819,0.624257179,-0.387650101
1497535010288630000,96292,0.803564133,-2.357350325,1.071154457,0.306464123,-0.601378571,0.623398771,-0.394711956
1497535010298690000,96293,0.812145522,-2.353430927,1.072249312,0.307057129,-0.599196647,0.620836667,-0.401548417
1497535010308670000,96294,0.820827492,-2.349184955,1.073518293,0.3085071,-0.596316946,0.618160262,-0.408787671
1497535010318620000,96295,0.829590297,-2.344644612,1.074829074,0.311449906,-0.593408944,0.615035914,-0.415446273
1497535010328580000,96296,0.838353022,-2.339709352,1.076221613,0.31554727,-0.589918063,0.611461529,-0.422541594
1497535010338630000,96297,0.847270797,-2.334488112,1.077668739,0.318815625,-0.585676658,0.609080152,-0.429372587
1497535010348630000,96298,0.855793788,-2.329170758,1.078868129,0.324013228,-0.580496277,0.6063298,-0.436352694
1497535010358690000,96299,0.864150716,-2.323527642,1.080184173,0.328271702,-0.574652396,0.604121124,-0.443903122
1497535010368600000,96300,0.872475058,-2.317833248,1.081229036,0.332667428,-0.569254591,0.601601296,-0.450951742
1497535010378560000,96301,0.881096771,-2.311966725,1.082551397,0.33654514,-0.56435894,0.598577348,-0.458193751
1497535010388580000,96302,0.889226684,-2.306026021,1.083382141,0.340833574,-0.558546824,0.596029116,-0.4654108
1497535010398630000,96303,0.897765203,-2.299933794,1.084435483,0.345995961,-0.553764045,0.592158029,-0.472208689
1497535010408620000,96304,0.906027912,-2.29378194,1.085199513,0.350760203,-0.548339503,0.588498609,-0.479541924
1497535010418600000,96305,0.914431629,-2.287509917,1.085895152,0.356839061,-0.54285829,0.584328821,-0.486344107
1497535010428600000,96306,0.922825124,-2.281118089,1.086475789,0.362775201,-0.537571912,0.579758876,-0.493244603
1497535010438630000,96307,0.931175488,-2.274507588,1.087048321,-0.36957593,0.532382312,-0.574070221,0.500425905
1497535010448630000,96308,0.939751566,-2.267842799,1.087653803,-0.375730662,0.527303371,-0.568799378,0.507193151
1497535010458620000,96309,0.947790592,-2.261009996,1.087933933,-0.382682065,0.521451277,-0.562933895,0.514537105
1497535010468650000,96310,0.956130509,-2.253969855,1.088503908,-0.390114467,0.515980564,-0.556531938,0.521389452
1497535010478590000,96311,0.964082126,-2.246794326,1.088962372,-0.397068599,0.509587114,-0.55006156,0.52923509
1497535010488620000,96312,0.972021652,-2.239566919,1.089485134,-0.404096821,0.503469932,-0.543704259,0.536292333
1497535010498630000,96313,0.979133963,-2.232282753,1.089412529,-0.410431719,0.495954116,-0.537922856,0.544255748
1497535010508620000,96314,0.986366826,-2.224888031,1.089500949,-0.417839052,0.488779283,-0.531371697,0.55149747
1497535010518560000,96315,0.993163782,-2.217500574,1.089283319,-0.4249363,0.482156071,-0.525056326,0.55791623
1497535010528510000,96316,1.001264901,-2.2099087,1.09050472,-0.432377702,0.475410719,-0.518738643,0.56386558
1497535010538630000,96317,1.007695188,-2.202606886,1.090022899,-0.43797753,0.468323667,-0.513613575,0.57013132
1497535010548710000,96318,1.016002422,-2.195032121,1.091440306,-0.444437698,0.463082786,-0.507578858,0.574798372
1497535010558640000,96319,1.021961176,-2.187747325,1.090195213,-0.450415422,0.455746501,-0.50248563,0.580456084
1497535010568450000,96320,1.029319157,-2.180348641,1.090298077,-0.456557863,0.450576301,-0.496792144,0.584579746
1497535010578570000,96321,1.035562062,-2.173087047,1.089185953,-0.46189577,0.444138092,-0.491481837,0.589778989
1497535010588620000,96322,1.042279705,-2.165790247,1.088289054,-0.467871677,0.439804756,-0.485624443,0.593158302
1497535010598640000,96323,1.049952772,-2.158342979,1.088168628,-0.47340563,0.435765842,-0.480105693,0.596232978
1497535010608570000,96324,1.056244101,-2.151041431,1.086438928,-0.478681964,0.431291819,-0.474884545,0.599446088
1497535010618600000,96325,1.063594911,-2.143714323,1.085777197,-0.483027861,0.427847686,-0.469991606,0.602277622
1497535010628600000,96326,1.066279713,-2.136700991,1.079785954,-0.486316392,0.423578117,-0.465310176,0.606270885
1497535010638600000,96327,1.073342531,-2.129298854,1.078231506,-0.491153872,0.419176265,-0.460151559,0.609360054
1497535010648610000,96328,1.080013683,-2.121915356,1.076397728,-0.495391589,0.417079074,-0.454308807,0.611748091
1497535010658540000,96329,1.087799564,-2.114453404,1.075592899,-0.498514358,0.412426705,-0.449788088,0.615693368
1497535010668630000,96330,1.09420233,-2.107061671,1.073177586,-0.50226334,0.409868235,-0.444145395,0.618445176
1497535010678610000,96331,1.102364298,-2.099569895,1.072718303,-0.503808131,0.406666541,-0.440334875,0.622016792
1497535010688620000,96332,1.108198133,-2.092092167,1.070095829,-0.505798615,0.402599189,-0.43576403,0.626251837
1497535010698630000,96333,1.115070352,-2.084415186,1.068397628,-0.507698201,0.399441411,-0.431686995,0.629551772
1497535010708580000,96334,1.121736889,-2.076569066,1.06678979,-0.508577938,0.39708013,-0.427868593,0.632933107
1497535010718630000,96335,1.128332426,-2.068589025,1.065254186,-0.509266807,0.392405031,-0.42442565,0.637595858
1497535010728630000,96336,1.135161381,-2.060310521,1.064100607,-0.51028651,0.389150953,-0.421077462,0.640985947
1497535010738650000,96337,1.142836501,-2.051996488,1.064185096,-0.509154395,0.384527211,-0.418320911,0.646458229
1497535010748630000,96338,1.150010643,-2.043234544,1.063171537,-0.508430146,0.381520224,-0.415322663,0.650728969
1497535010758650000,96339,1.155699045,-2.034368028,1.060549737,-0.507906093,0.379622783,-0.410858976,0.655067054
1497535010768610000,96340,1.164473917,-2.025294339,1.06121239,-0.507958803,0.37661727,-0.406166259,0.659671324
1497535010778610000,96341,1.171515877,-2.015874984,1.059504672,-0.505908229,0.374675986,-0.402940243,0.664314632
1497535010788610000,96342,1.178225873,-2.006324294,1.057515246,-0.50609888,0.372372653,-0.397112782,0.668957375
1497535010798640000,96343,1.186684569,-1.996633436,1.057359332,-0.505493518,0.368352909,-0.392711928,0.674217902
1497535010808660000,96344,1.194582189,-1.986896942,1.05689898,-0.505221399,0.367256756,-0.388368803,0.67752748
1497535010818620000,96345,1.202905573,-1.977220135,1.057616199,-0.505346775,0.365070171,-0.383428886,0.681418151
1497535010828590000,96346,1.210845487,-1.967589929,1.05839837,-0.505484174,0.364487419,-0.379903556,0.683599268
1497535010838640000,96347,1.217854845,-1.95808978,1.058957379,-0.507632918,0.365263313,-0.375749036,0.683889022
1497535010848630000,96348,1.225945407,-1.948811452,1.061340153,-0.511820648,0.368585449,-0.371663281,0.68121274
1497535010858640000,96349,1.233593426,-1.939678354,1.063520778,-0.515765019,0.370866,-0.368153967,0.678901696
1497535010868590000,96350,1.24058543,-1.930595343,1.065481053,-0.517867475,0.372265127,-0.36683738,0.677246108
1497535010878570000,96351,1.247683406,-1.921818569,1.067803907,-0.518898093,0.371233312,-0.367257386,0.676795841
1497535010888610000,96352,1.254588,-1.9130783,1.069913109,-0.519555507,0.369261072,-0.36795561,0.676991141
1497535010898640000,96353,1.261123276,-1.904317126,1.071632827,-0.518267524,0.369597836,-0.370554493,0.676376804
1497535010908540000,96354,1.267836507,-1.895648573,1.073353171,-0.51756963,0.367175159,-0.372870067,0.676957897
1497535010918580000,96355,1.27449728,-1.886935379,1.074754871,-0.519000478,0.367156315,-0.374306474,0.675077334
1497535010928610000,96356,1.281191814,-1.878342879,1.07639415,-0.521168307,0.366997947,-0.374505464,0.673380843
1497535010938600000,96357,1.287356488,-1.869833238,1.07734601,-0.523921508,0.366115817,-0.374591314,0.671674631
1497535010948630000,96358,1.292984134,-1.861178498,1.0776537,-0.528565751,0.36581569,-0.372868768,0.669153203
1497535010958640000,96359,1.298704807,-1.852796015,1.078378847,-0.535650002,0.3635096,-0.369600143,0.666585013
1497535010968550000,96360,1.304192411,-1.844425359,1.079113409,-0.54292567,0.3618697,-0.366255514,0.663429677
1497535010978510000,96361,1.309639635,-1.83616786,1.080083513,-0.55049876,0.360096876,-0.362645924,0.660128237
1497535010988620000,96362,1.314607375,-1.828251307,1.081113108,-0.556605531,0.357967244,-0.35956712,0.657845895
1497535010998610000,96363,1.31940144,-1.820594472,1.082479335,-0.561907316,0.355862638,-0.356511084,0.656141599
1497535011008620000,96364,1.323084695,-1.812812756,1.082364243,-0.565056902,0.35305775,-0.354723918,0.655920623
1497535011018550000,96365,1.327218921,-1.805322873,1.083238712,-0.568465859,0.350846064,-0.351968201,0.65564624
1497535011028550000,96366,1.331271053,-1.797976604,1.083937994,-0.571454458,0.349234052,-0.349119928,0.655431655
1497535011038530000,96367,1.335393232,-1.790706609,1.084631203,-0.574520821,0.347836232,-0.346442267,0.654914909
1497535011048540000,96368,1.339281408,-1.783374109,1.084682434,-0.576745814,0.347668563,-0.343927586,0.654373481
1497535011058550000,96369,1.343262355,-1.77605678,1.084543751,-0.580225722,0.348234051,-0.340312628,0.652884732
1497535011068640000,96370,1.347516013,-1.768851573,1.084531762,-0.582580766,0.349840096,-0.337498489,0.651388001
1497535011078610000,96371,1.352460426,-1.761813631,1.08532246,-0.586044916,0.351598484,-0.334049305,0.649107791
1497535011088610000,96372,1.356331034,-1.754501309,1.084497263,-0.589241844,0.353472562,-0.330414241,0.647053032
1497535011098630000,96373,1.360551032,-1.74732278,1.084319933,-0.592740938,0.354656082,-0.326997335,0.644941847
1497535011108660000,96374,1.363902026,-1.73998601,1.083186662,-0.595125715,0.355623844,-0.324262934,0.643591963
1497535011118630000,96375,1.368239348,-1.732857592,1.083637628,-0.598756615,0.355258093,-0.32130887,0.64190561
1497535011128580000,96376,1.371244049,-1.7252845,1.082379984,-0.601401271,0.355347687,-0.318547917,0.640758736
1497535011138630000,96377,1.374535059,-1.717691848,1.081680419,-0.605256943,0.355012928,-0.3150674,0.639032384
1497535011148720000,96378,1.377742124,-1.709952238,1.080667833,-0.60826292,0.354268932,-0.312363723,0.637917431
1497535011158650000,96379,1.380863169,-1.702132469,1.079895916,-0.611585184,0.353191988,-0.309039193,0.636956639
1497535011168620000,96380,1.383998218,-1.694153999,1.079092303,-0.61546103,0.351866994,-0.305491803,0.635666656
1497535011178600000,96381,1.387010286,-1.68605675,1.078054027,-0.619120142,0.349912903,-0.302907434,0.634427534
1497535011188610000,96382,1.390104045,-1.677870712,1.077117489,-0.623160969,0.348518192,-0.300062758,0.63258819
1497535011198620000,96383,1.393035069,-1.669571257,1.07595681,-0.626922761,0.347068147,-0.297543062,0.630856306
1497535011208630000,96384,1.396070798,-1.661241956,1.074849385,-0.630865455,0.346104309,-0.295068741,0.628613572
1497535011218630000,96385,1.398742477,-1.652608827,1.073219078,-0.634867805,0.345278499,-0.292174314,0.626386301
1497535011228600000,96386,1.401855746,-1.644273387,1.072216444,-0.6383705,0.344939782,-0.290087286,0.623978379
1497535011238630000,96387,1.40478297,-1.635762303,1.070870596,-0.641115693,0.344568951,-0.288986927,0.621875761
1497535011248630000,96388,1.407546795,-1.627212122,1.069463495,-0.643664036,0.344912245,-0.287586184,0.619698587
1497535011258660000,96389,1.410612263,-1.618573758,1.068347014,-0.646558885,0.345037132,-0.286043696,0.617324865
1497535011268620000,96390,1.413450059,-1.609700387,1.06669186,-0.649445965,0.344866599,-0.285308153,0.614724512
1497535011278600000,96391,1.416339794,-1.600561117,1.065013225,-0.652731627,0.344529171,-0.283832164,0.612111408
1497535011288610000,96392,1.419291732,-1.591196668,1.06317466,-0.655723471,0.344394599,-0.282826438,0.609449174
1497535011298640000,96393,1.422179771,-1.581576037,1.061264884,-0.660331078,0.344129075,-0.281009065,0.605451859
1497535011308690000,96394,1.424939464,-1.571928112,1.059215617,-0.664170196,0.343297596,-0.279155792,0.602575104
1497535011318630000,96395,1.427600446,-1.562128417,1.057112785,-0.668022136,0.342665247,-0.277591682,0.599391201
1497535011328560000,96396,1.430194371,-1.552364814,1.055151897,-0.671226989,0.341676523,-0.276886648,0.596695289
1497535011338630000,96397,1.432774463,-1.54270581,1.053342175,-0.674137954,0.340662173,-0.276382176,0.594222345
1497535011348590000,96398,1.434944142,-1.533136201,1.05121104,-0.67541367,0.340613203,-0.277100668,0.592464548
1497535011358650000,96399,1.437154556,-1.523626459,1.049157942,-0.677172682,0.340707956,-0.277675071,0.590128632
1497535011368610000,96400,1.439391655,-1.514255032,1.047237115,-0.67832544,0.340572449,-0.278878423,0.588312697
1497535011378610000,96401,1.441460522,-1.504938622,1.045328278,-0.678766088,0.340867261,-0.279731,0.587227959
1497535011388600000,96402,1.44281425,-1.495281829,1.042774392,-0.678746667,0.343496362,-0.278994969,0.586067418
1497535011398650000,96403,1.444465252,-1.485642655,1.040583759,-0.679430135,0.344265279,-0.280066382,0.584310646
1497535011408630000,96404,1.446159129,-1.476004404,1.039077601,-0.679421937,0.344956645,-0.280009153,0.583939738
1497535011418630000,96405,1.447799409,-1.466133675,1.037384701,-0.678928343,0.34575722,-0.280941417,0.58359247
1497535011428600000,96406,1.449005885,-1.455809559,1.036084573,-0.678054472,0.345537915,-0.282491345,0.583990002
1497535011438650000,96407,1.450271404,-1.445320948,1.035182846,-0.677892957,0.346091613,-0.282131231,0.584023717
1497535011448640000,96408,1.451612596,-1.434715092,1.034689547,-0.677423386,0.346688174,-0.282183634,0.584189407
1497535011458650000,96409,1.452784409,-1.424016139,1.034661096,-0.676358054,0.348190207,-0.282086357,0.584577325
1497535011468600000,96410,1.453686881,-1.413144426,1.034968421,-0.675393812,0.349629669,-0.281615671,0.585059747
1497535011478610000,96411,1.45447184,-1.402138958,1.035701842,-0.67450896,0.349933352,-0.279549484,0.58688704
1497535011488610000,96412,1.455085969,-1.390877994,1.036737728,-0.674280575,0.35041714,-0.276671056,0.588223308
1497535011498650000,96413,1.455349572,-1.379537329,1.038023028,-0.673741258,0.350278343,-0.273172641,0.590554407
1497535011508680000,96414,1.455407594,-1.368152583,1.039766156,-0.673239306,0.349055981,-0.269497998,0.593531455
1497535011518640000,96415,1.454962738,-1.356883248,1.041652706,-0.672060942,0.34763685,-0.266643053,0.596979223
1497535011528620000,96416,1.454242707,-1.345687775,1.04392576,-0.670897317,0.344823584,-0.263030075,0.601505333
1497535011538640000,96417,1.453367581,-1.33462104,1.046337961,-0.669224017,0.341615138,-0.260708506,0.606192534
1497535011548710000,96418,1.452192007,-1.323739159,1.048745691,-0.66725312,0.33712793,-0.258765505,0.611684924
1497535011558650000,96419,1.45114118,-1.313006069,1.051200255,-0.665490584,0.332072473,-0.257244377,0.616989048
1497535011568620000,96420,1.449991061,-1.302526199,1.053520515,-0.663004021,0.326598038,-0.25695855,0.622681053
1497535011578640000,96421,1.449074492,-1.292198134,1.055664931,-0.661712542,0.321020509,-0.255759811,0.627430685
1497535011588560000,96422,1.44818184,-1.282352207,1.057497963,-0.65812377,0.316354814,-0.256778248,0.633133213
1497535011598640000,96423,1.447669232,-1.272740729,1.059170643,-0.655408293,0.312191037,-0.256848531,0.637969872
1497535011608700000,96424,1.447153294,-1.263516068,1.060570657,-0.651676724,0.309555727,-0.257803767,0.642674036
1497535011618640000,96425,1.446951848,-1.254554821,1.061795036,-0.647180498,0.307961174,-0.257862859,0.647938319
1497535011628620000,96426,1.446867518,-1.245767332,1.062941158,-0.642560327,0.307594678,-0.257695799,0.652759232
1497535011638640000,96427,1.446697419,-1.237198108,1.064006311,-0.637619218,0.307389746,-0.257028881,0.657943334
1497535011648750000,96428,1.44663046,-1.228747422,1.065284032,-0.633191001,0.307538069,-0.255519913,0.662720956
1497535011658610000,96429,1.446586732,-1.220545478,1.066542717,-0.628073126,0.307704811,-0.254101602,0.668037629
1497535011668610000,96430,1.446567089,-1.212273845,1.067788568,-0.623697853,0.30744321,-0.25240864,0.672881519
1497535011678630000,96431,1.44661617,-1.204127401,1.069059481,-0.61952373,0.307096372,-0.250789067,0.677485801
1497535011688650000,96432,1.446729008,-1.196105641,1.070330617,-0.615833679,0.306492265,-0.249029644,0.6817592
1497535011698620000,96433,1.446799969,-1.188177508,1.071771545,-0.612092371,0.306293011,-0.247963403,0.685595852
1497535011708640000,96434,1.446899286,-1.180359265,1.073224003,-0.608369629,0.3054309,-0.24688071,0.689672585
1497535011718630000,96435,1.447009832,-1.172602618,1.074713562,-0.605268906,0.304676659,-0.245470541,0.693228605
1497535011728610000,96436,1.447011872,-1.164836229,1.076190709,-0.601788004,0.303928619,-0.244281847,0.696997111
1497535011738630000,96437,1.447038209,-1.156912796,1.077830314,-0.598803535,0.302897775,-0.242999512,0.700455924
1497535011748630000,96438,1.447083279,-1.148995722,1.079392148,-0.595194025,0.301720831,-0.241649738,0.704495577
1497535011758630000,96439,1.446957323,-1.140989105,1.080924373,-0.592507406,0.300001557,-0.239678005,0.708158523
1497535011768600000,96440,1.446881111,-1.132743137,1.082527794,-0.590636115,0.298069848,-0.237027859,0.711421914
1497535011778540000,96441,1.446584817,-1.124548002,1.083860558,-0.587933211,0.295839224,-0.234797126,0.715320909
1497535011788580000,96442,1.446373254,-1.116129993,1.085144243,-0.58561808,0.292985942,-0.232510726,0.719131048
1497535011798560000,96443,1.446223919,-1.107620489,1.086368261,-0.584895927,0.289695476,-0.229995703,0.72185543
1497535011808530000,96444,1.445919406,-1.098937047,1.08722945,-0.584721575,0.286468382,-0.228053181,0.723897985
1497535011818660000,96445,1.445737373,-1.090080218,1.087989947,-0.584788284,0.283070289,-0.225916523,0.725848193
1497535011828640000,96446,1.445497334,-1.081206242,1.088465397,-0.586030772,0.279324516,-0.223466969,0.727054511
1497535011838620000,96447,1.445187263,-1.072395532,1.088563431,-0.586342994,0.276251873,-0.222275322,0.728340907
1497535011848600000,96448,1.445161368,-1.063408563,1.088627822,-0.586853198,0.273704379,-0.220679985,0.729376158
1497535011858660000,96449,1.444835032,-1.054662528,1.088127828,-0.588111464,0.269289255,-0.217607148,0.73092772
1497535011868600000,96450,1.444770374,-1.045773937,1.087414775,-0.589080502,0.26670081,-0.215897177,0.731603205
1497535011878630000,96451,1.444886709,-1.036715419,1.086326631,-0.590508948,0.265027954,-0.21420326,0.731557468
1497535011888680000,96452,1.445244335,-1.027707707,1.085246486,-0.591745821,0.263579086,-0.212619357,0.731543544
1497535011898660000,96453,1.445639928,-1.018512103,1.083844597,-0.593102072,0.263095246,-0.211095803,0.731060453
1497535011908590000,96454,1.446144551,-1.00924321,1.082070763,-0.594703984,0.262498724,-0.210293118,0.730204352
1497535011918640000,96455,1.446927427,-0.999727583,1.080378631,-0.596087552,0.263778422,-0.209412126,0.728867022
1497535011928560000,96456,1.447719,-0.990174037,1.078416113,-0.597664815,0.264208571,-0.209406531,0.727419758
1497535011938620000,96457,1.448527541,-0.980554523,1.076303754,-0.599578318,0.264884904,-0.209023081,0.725707365
1497535011948630000,96458,1.449344245,-0.970790026,1.073982047,-0.601759072,0.265010429,-0.208138415,0.724109034
1497535011958630000,96459,1.450391811,-0.960964584,1.071512344,-0.604032911,0.265110904,-0.206894228,0.722533895
1497535011968560000,96460,1.45119271,-0.951123155,1.068868356,-0.606793709,0.263040455,-0.205646727,0.721332473
1497535011978600000,96461,1.452006051,-0.941153385,1.066132005,-0.609170786,0.262268604,-0.204624776,0.719899183
1497535011988640000,96462,1.452743585,-0.931200525,1.063764966,-0.610283377,0.261225403,-0.203753288,0.719583273
1497535011998660000,96463,1.453265941,-0.921418965,1.061314925,-0.610986995,0.260827363,-0.202022595,0.719618545
1497535012008670000,96464,1.453545144,-0.911988888,1.059002534,-0.6102964,0.259527912,-0.200876449,0.72099391
1497535012018650000,96465,1.453956521,-0.902633369,1.057028787,-0.608927219,0.258628939,-0.199574774,0.722833745
1497535012028630000,96466,1.454313197,-0.89327079,1.055308564,-0.606305517,0.257967666,-0.199963307,0.725162726
1497535012038590000,96467,1.454502106,-0.884007552,1.053770739,-0.603762034,0.255929146,-0.200367266,0.72789054
1497535012048650000,96468,1.454805577,-0.874498693,1.052386723,-0.60135734,0.254083228,-0.201007714,0.730347151
1497535012058650000,96469,1.455505929,-0.864477974,1.051173146,-0.59757199,0.254403323,-0.202987343,0.732791105
1497535012068600000,96470,1.456085861,-0.854499325,1.049689232,-0.594677922,0.253483494,-0.202574877,0.735573047
1497535012078630000,96471,1.456999883,-0.843744293,1.048558328,-0.59149325,0.254979535,-0.202261841,0.737706798
1497535012088650000,96472,1.458058244,-0.832450245,1.047674756,-0.589091107,0.255960692,-0.200841248,0.739674648
1497535012098660000,96473,1.459066703,-0.820603478,1.04693306,-0.586396256,0.256668636,-0.199266443,0.741992942
1497535012108790000,96474,1.459946092,-0.808360272,1.046078581,-0.58446749,0.255004241,-0.197193314,0.744637755
1497535012118650000,96475,1.460894395,-0.795678471,1.045518593,-0.583894135,0.252419421,-0.194728795,0.746614205
1497535012128630000,96476,1.462167025,-0.78247353,1.045587766,-0.584280791,0.250003287,-0.19220361,0.7477781
1497535012138690000,96477,1.463305614,-0.769364134,1.04589873,-0.584899844,0.247197761,-0.190111745,0.748760952
1497535012148660000,96478,1.464433583,-0.75628547,1.046476542,-0.586120285,0.245217552,-0.188276513,0.748921436
1497535012158670000,96479,1.465979625,-0.743334107,1.047985283,-0.587069878,0.244174806,-0.18715109,0.748800435
1497535012168650000,96480,1.467310523,-0.730911026,1.049710053,-0.587946238,0.245787012,-0.187634128,0.74746331
1497535012178630000,96481,1.469365977,-0.718882836,1.052074988,-0.589463497,0.248885174,-0.187435313,0.745289849
1497535012188640000,96482,1.471482007,-0.707286513,1.054704238,-0.591838669,0.252491563,-0.187707129,0.742119286
1497535012198650000,96483,1.4741039,-0.695794303,1.057182161,-0.594822504,0.25601409,-0.187691125,0.738522184
1497535012208750000,96484,1.4769555,-0.684283128,1.059851132,-0.598755986,0.26139686,-0.188161459,0.733319996
1497535012218650000,96485,1.479921815,-0.672894192,1.06227379,-0.60082917,0.266105994,-0.190298814,0.729368405
1497535012228610000,96486,1.482273537,-0.661825382,1.064378912,-0.601734962,0.270397917,-0.193375554,0.726227167
1497535012238660000,96487,1.484126234,-0.651126571,1.065993845,-0.600827938,0.271722389,-0.197669589,0.725327144
1497535012248660000,96488,1.485473027,-0.640706004,1.067740704,-0.598717288,0.272564002,-0.202569577,0.725404742
1497535012258680000,96489,1.486523029,-0.630504288,1.068865064,-0.596700564,0.270975647,-0.207501854,0.726266904
1497535012268650000,96490,1.4871284,-0.620392875,1.069938422,-0.595803413,0.267514114,-0.212588007,0.726815541
1497535012278620000,96491,1.487955498,-0.610138452,1.070997341,-0.596456679,0.264210009,-0.217639122,0.725992916
1497535012288720000,96492,1.487921034,-0.600601177,1.070393328,-0.597280182,0.25903951,-0.221116402,0.7261284
1497535012298670000,96493,1.489107889,-0.590423776,1.071138866,-0.60271794,0.259139904,-0.221672224,0.721414597
1497535012308720000,96494,1.490821882,-0.580416251,1.071842514,-0.608182858,0.258965204,-0.220760217,0.717157975
1497535012318650000,96495,1.493114657,-0.570310417,1.07350663,-0.615924643,0.265088253,-0.217208752,0.70935563
1497535012328620000,96496,1.494973888,-0.560672247,1.074234276,-0.62013267,0.268518981,-0.215137421,0.705016963
1497535012338690000,96497,1.496755332,-0.551414639,1.075211808,-0.623292513,0.2730088,-0.211685401,0.701542536
1497535012348760000,96498,1.498115484,-0.542442844,1.075993539,-0.625863554,0.276811769,-0.207766348,0.69893004
1497535012358670000,96499,1.499336497,-0.53371389,1.076777258,-0.626008292,0.278325434,-0.205255925,0.698941039
1497535012368630000,96500,1.500186762,-0.525022002,1.077361093,-0.626452165,0.280840802,-0.203385947,0.698083294
1497535012378640000,96501,1.500954298,-0.516329228,1.077793647,-0.627257529,0.282950345,-0.202089884,0.696883615
1497535012388630000,96502,1.501633495,-0.507649882,1.078238137,-0.628373128,0.282507917,-0.200739135,0.696448339
1497535012398670000,96503,1.502319385,-0.49890056,1.078551912,-0.630827213,0.28466835,-0.199422253,0.693723088
1497535012408730000,96504,1.503026988,-0.490025212,1.078864823,-0.633558461,0.28610341,-0.199218342,0.690695713
1497535012418650000,96505,1.503775528,-0.481274266,1.078847614,-0.636877178,0.284719225,-0.199053936,0.688258639
1497535012428680000,96506,1.50447181,-0.472559884,1.078746179,-0.640492171,0.285541267,-0.199175596,0.684518112
1497535012438660000,96507,1.504681146,-0.464142472,1.078198486,-0.643321114,0.285426518,-0.199846583,0.681711808
1497535012448730000,96508,1.505471828,-0.455664125,1.078024069,-0.645502709,0.286427165,-0.200945803,0.678900962
1497535012458670000,96509,1.504389748,-0.448124125,1.07511925,-0.647870108,0.289703064,-0.20116771,0.675179983
1497535012468610000,96510,1.504792665,-0.439894267,1.07436485,-0.649594637,0.290548267,-0.202048552,0.672892929
1497535012478650000,96511,1.506899044,-0.430906945,1.076567517,-0.651117136,0.289035613,-0.202501618,0.671935997
1497535012488650000,96512,1.507335388,-0.422573691,1.075641158,-0.653415976,0.289389568,-0.203323537,0.669298722
1497535012498660000,96513,1.507569325,-0.414092676,1.074575573,-0.654712068,0.291592888,-0.204507006,0.666710267
1497535012508720000,96514,1.508064964,-0.405291497,1.073661341,-0.658406556,0.291411753,-0.204225529,0.663228415
1497535012518630000,96515,1.508316741,-0.396373304,1.072083589,-0.66078691,0.292060891,-0.205496141,0.660176061
1497535012528670000,96516,1.508712116,-0.387216315,1.070896172,-0.664859974,0.292833678,-0.205591151,0.655699574
1497535012538650000,96517,1.508880868,-0.377888632,1.069006423,-0.668847967,0.293245141,-0.206222754,0.651246389
1497535012548700000,96518,1.509118208,-0.368588349,1.06768899,-0.672146535,0.293003785,-0.206781886,0.64777239
1497535012558590000,96519,1.509342448,-0.35914034,1.066144955,-0.67531839,0.292860717,-0.20773211,0.644224374
1497535012568650000,96520,1.5094616,-0.349599229,1.064682207,-0.677608109,0.293239354,-0.209086219,0.641202687
1497535012578630000,96521,1.509279358,-0.340154825,1.062756043,-0.679518682,0.293605659,-0.210577172,0.638519641
1497535012588810000,96522,1.509361672,-0.330303501,1.061312079,-0.682242086,0.293674278,-0.211514893,0.635265775
1497535012598690000,96523,1.509188717,-0.32068152,1.059631506,-0.682855674,0.294685076,-0.212499026,0.63380833
1497535012608730000,96524,1.507479114,-0.311249725,1.055397389,-0.685800519,0.296131707,-0.21295365,0.629789174
1497535012618660000,96525,1.507362389,-0.30131652,1.053610438,-0.686126145,0.296631955,-0.21370419,0.628944286
1497535012628620000,96526,1.507160628,-0.291149335,1.051663868,-0.689089088,0.296841231,-0.213596276,0.625634193
1497535012638680000,96527,1.50693286,-0.281078459,1.049807643,-0.68916722,0.296060874,-0.214486741,0.625613251
1497535012648740000,96528,1.507119665,-0.270570637,1.047448373,-0.696158981,0.298789487,-0.209476476,0.61822902
1497535012658690000,96529,1.506553848,-0.260503295,1.045499598,-0.696711831,0.298677139,-0.211116568,0.617101601
1497535012668630000,96530,1.506058935,-0.250458315,1.043435501,-0.696988601,0.29929012,-0.212603999,0.615980401
1497535012678650000,96531,1.505404082,-0.240207607,1.041437231,-0.697914202,0.300035291,-0.213203038,0.614360688
1497535012688610000,96532,1.504692734,-0.230149737,1.039150565,-0.697261148,0.302074075,-0.213704427,0.613928793
1497535012698660000,96533,1.503763063,-0.219741731,1.037151549,-0.698071828,0.301988431,-0.214139027,0.612897372
1497535012708740000,96534,1.502740579,-0.209244972,1.035177069,-0.698571393,0.302353472,-0.214675786,0.611959716
1497535012718650000,96535,1.501597349,-0.198701525,1.033386541,-0.698052399,0.303921257,-0.215180734,0.611597882
1497535012728670000,96536,1.500445347,-0.18781374,1.032096627,-0.698030557,0.304572904,-0.215635192,0.611138407
1497535012738690000,96537,1.499118831,-0.17671054,1.03080161,-0.698121003,0.305544572,-0.216327133,0.610304965
1497535012748700000,96538,1.497822786,-0.165677523,1.03011749,-0.69746222,0.307319295,-0.216681602,0.610041298
1497535012758680000,96539,1.496690241,-0.15448283,1.029373058,-0.697713075,0.311405257,-0.214235549,0.60854446
1497535012768570000,96540,1.494778359,-0.143064218,1.029713564,-0.696475824,0.30860533,-0.217756602,0.610136247
1497535012778670000,96541,1.493225645,-0.132004095,1.030031098,-0.693831058,0.312184127,-0.216483022,0.611779891
1497535012788660000,96542,1.491500122,-0.120575641,1.03066622,-0.69313702,0.312913765,-0.21481003,0.612782749
1497535012798670000,96543,1.489367417,-0.109032242,1.031714484,-0.692074747,0.312265273,-0.213185752,0.614877857
1497535012808760000,96544,1.487326778,-0.097765778,1.03264645,-0.691458589,0.314493492,-0.207484146,0.616383965
1497535012818650000,96545,1.484243566,-0.086581447,1.034289077,-0.68845708,0.310318898,-0.207479286,0.621837098
1497535012828670000,96546,1.481256733,-0.075369182,1.03563493,-0.687694009,0.306978857,-0.203953177,0.625495031
1497535012838680000,96547,1.478445149,-0.064544169,1.037671315,-0.685376627,0.302902723,-0.201140376,0.630913123
1497535012848680000,96548,1.475616289,-0.054170356,1.039822202,-0.682715659,0.299123553,-0.197574117,0.636701576
1497535012858680000,96549,1.472601172,-0.043998323,1.04172787,-0.680036536,0.293907998,-0.195916623,0.642483522
1497535012868670000,96550,1.469961573,-0.034206316,1.044149499,-0.677473338,0.288846432,-0.19546996,0.647602586
1497535012878650000,96551,1.4674177,-0.024663739,1.046031382,-0.674047474,0.284924719,-0.195133047,0.652993875
1497535012888740000,96552,1.46468252,-0.016141022,1.048037299,-0.662628885,0.282276534,-0.201144502,0.663915513
1497535012898680000,96553,1.462957599,-0.007122528,1.050230057,-0.658804352,0.280603689,-0.20285507,0.667898358
1497535012908760000,96554,1.461270379,0.001609625,1.051922398,-0.653968604,0.279489737,-0.204761115,0.672520213
1497535012918610000,96555,1.459875341,0.010014412,1.053684677,-0.648984002,0.28069504,-0.206240307,0.676383764
1497535012928620000,96556,1.458805049,0.018310157,1.055493197,-0.643513528,0.282651569,-0.207211995,0.680486311
1497535012938670000,96557,1.457832,0.026446295,1.057306741,-0.637889379,0.284025259,-0.20751307,0.685102268
1497535012948740000,96558,1.45658903,0.034460098,1.058925949,-0.632934801,0.28530477,-0.206973787,0.689316021
1497535012958690000,96559,1.455686777,0.042497233,1.060676993,-0.627853009,0.286398155,-0.206794791,0.693550727
1497535012968660000,96560,1.454648839,0.050524031,1.06219793,-0.623454585,0.286685503,-0.205402902,0.697800437
1497535012978620000,96561,1.453765181,0.058410091,1.063960492,-0.618839324,0.285955583,-0.205202601,0.702252937
1497535012988640000,96562,1.452908178,0.066361893,1.06566898,-0.615120351,0.285618196,-0.20508075,0.705684834
1497535012998680000,96563,1.452269543,0.074364551,1.067372867,-0.612499802,0.28480916,-0.204302481,0.708511278
1497535013008720000,96564,1.451557641,0.082086601,1.069160937,-0.608512423,0.283499449,-0.205267923,0.712183805
1497535013018710000,96565,1.450924094,0.089871882,1.070872503,-0.605424971,0.283216061,-0.20554719,0.714842374
1497535013028620000,96566,1.450460926,0.097587953,1.072651911,-0.601770529,0.282436053,-0.206435961,0.717973747
1497535013038680000,96567,1.449811003,0.105299497,1.074129812,-0.599180678,0.282032764,-0.206248497,0.720348244
1497535013048670000,96568,1.448488427,0.113250233,1.07455988,-0.595699258,0.281870777,-0.205379577,0.723540247
1497535013058680000,96569,1.448236333,0.120971405,1.076340245,-0.592265842,0.280884737,-0.205810624,0.726613325
1497535013068620000,96570,1.447658712,0.128938238,1.077707048,-0.589860881,0.280393057,-0.205328042,0.728892496
1497535013078650000,96571,1.446882745,0.13699071,1.078589061,-0.588625198,0.279133396,-0.204850697,0.730507437
1497535013088610000,96572,1.446152156,0.145306867,1.079363913,-0.587180175,0.277895016,-0.204203154,0.732321565
1497535013098690000,96573,1.445709881,0.153590925,1.080242238,-0.58647719,0.276088117,-0.204262496,0.733550741
1497535013108720000,96574,1.444937062,0.162116635,1.080467692,-0.586269143,0.27385837,-0.203624314,0.734729354
1497535013118670000,96575,1.44419612,0.170703665,1.080436404,-0.586652511,0.271392103,-0.20391556,0.735257507
1497535013128620000,96576,1.443875532,0.179317659,1.080361164,-0.586977766,0.269649789,-0.204272961,0.7355397
1497535013138670000,96577,1.443377388,0.188106204,1.079877305,-0.587220091,0.267751938,-0.204107131,0.736085419
1497535013148650000,96578,1.443089995,0.196931885,1.079187741,-0.588512287,0.266123098,-0.204190152,0.735620939
1497535013158660000,96579,1.443055195,0.205709316,1.07848118,-0.589529399,0.264781968,-0.203385179,0.735513471
1497535013168640000,96580,1.442939418,0.214721569,1.077098553,-0.591530495,0.264230936,-0.202276706,0.734409845
1497535013178650000,96581,1.443100206,0.223904047,1.075428701,-0.593360194,0.263430105,-0.201263006,0.733499463
1497535013188600000,96582,1.443298531,0.233345524,1.073395142,-0.595512895,0.264079042,-0.199871939,0.73190017
1497535013198680000,96583,1.443559583,0.242677864,1.071098951,-0.598037167,0.264616109,-0.19900257,0.729882072
1497535013208710000,96584,1.444079105,0.252484975,1.06852193,-0.600600862,0.264692134,-0.197681889,0.728106139
1497535013218660000,96585,1.444291952,0.262403728,1.065251623,-0.602917041,0.266955643,-0.195830391,0.725862373
1497535013228630000,96586,1.44502955,0.272439712,1.062300233,-0.605920037,0.266849915,-0.194460029,0.723766074
1497535013238660000,96587,1.445790467,0.282729428,1.059610921,-0.609780412,0.266732656,-0.192512583,0.721082828
1497535013248740000,96588,1.446711613,0.292998275,1.056844563,-0.612630368,0.26648342,-0.192087108,0.718869363
1497535013258660000,96589,1.447463002,0.303589602,1.054130052,-0.616649186,0.265642363,-0.19067097,0.71611626
1497535013268630000,96590,1.447817429,0.313744785,1.051097272,-0.616993994,0.267990353,-0.189785098,0.715179137
1497535013278560000,96591,1.448420468,0.323387669,1.048721349,-0.617339068,0.267637752,-0.187884253,0.71551521
1497535013288600000,96592,1.44879904,0.332428383,1.046788139,-0.615000858,0.267917971,-0.186199321,0.717860515
1497535013298690000,96593,1.448823663,0.341382644,1.044659542,-0.612022893,0.266619043,-0.185504365,0.721061991
1497535013308590000,96594,1.448875487,0.350130298,1.043108757,-0.60772267,0.265575345,-0.18655545,0.724803392
1497535013318630000,96595,1.448884059,0.359345392,1.041706944,-0.601875646,0.265318423,-0.18944582,0.729014487
1497535013328630000,96596,1.449384526,0.369089566,1.040664793,-0.596530922,0.265941288,-0.192117356,0.732473216
1497535013338660000,96597,1.45005899,0.379296166,1.039664152,-0.59177596,0.265735267,-0.194419135,0.735790174
1497535013348680000,96598,1.45105017,0.390277097,1.038706066,-0.588520124,0.266827565,-0.194366874,0.738016688
1497535013358700000,96599,1.45225337,0.401792716,1.038035073,-0.585362148,0.267297067,-0.192736403,0.740780745
1497535013368610000,96600,1.453263552,0.413557328,1.037497005,-0.581264619,0.267348369,-0.192003103,0.744171419
1497535013378680000,96601,1.454394146,0.425807625,1.037406188,-0.580419702,0.265262659,-0.189054802,0.746328998
1497535013388650000,96602,1.455351041,0.438558098,1.037792014,-0.578367846,0.263434439,-0.188088543,0.748809476
1497535013398670000,96603,1.456243021,0.45106066,1.038744253,-0.579571336,0.258317314,-0.186484895,0.750061741
1497535013408630000,96604,1.457266839,0.463858462,1.040460982,-0.580731119,0.255038632,-0.186755151,0.750219419
1497535013418620000,96605,1.458489604,0.476199021,1.042452605,-0.582933604,0.252316336,-0.187066793,0.749353651
1497535013428620000,96606,1.460090135,0.48818831,1.045044516,-0.585931293,0.251468438,-0.187478001,0.74719485
1497535013438670000,96607,1.462202113,0.499878648,1.04762975,-0.588927526,0.252086011,-0.189023346,0.744235976
1497535013448730000,96608,1.464740405,0.511129077,1.050320061,-0.592428155,0.252470211,-0.189478155,0.741205573
1497535013458700000,96609,1.467651314,0.522149406,1.053055532,-0.594393238,0.253682533,-0.191009388,0.738821538
1497535013468690000,96610,1.470759167,0.533103625,1.05567344,-0.596023927,0.256242701,-0.192128812,0.736329869
1497535013478660000,96611,1.473821645,0.543626864,1.057991584,-0.594711743,0.260041326,-0.195718736,0.735112663
1497535013488700000,96612,1.476642046,0.554238858,1.060059007,-0.594436351,0.263790426,-0.198802133,0.733169658
1497535013498690000,96613,1.479234201,0.564744695,1.062015114,-0.594025235,0.266343504,-0.202384942,0.731597904
1497535013508770000,96614,1.481489459,0.575110652,1.063692968,-0.59318385,0.268844682,-0.206521675,0.730208364
1497535013518640000,96615,1.483526707,0.58545689,1.065239605,-0.59404833,0.270551596,-0.211623552,0.727409024
1497535013528710000,96616,1.485297252,0.595817112,1.066636488,-0.595901375,0.271523913,-0.214994295,0.724536934
1497535013538640000,96617,1.486725609,0.605945239,1.067838216,-0.599402328,0.270699472,-0.216999342,0.721352848
1497535013548690000,96618,1.488073514,0.615908089,1.068961553,-0.603826326,0.268863392,-0.217425859,0.718214619
1497535013558690000,96619,1.489233983,0.625703266,1.070001069,-0.60970428,0.266189555,-0.215348647,0.714862765
1497535013568710000,96620,1.490690695,0.635468536,1.071181284,-0.615390858,0.265263873,-0.213638684,0.710835904
1497535013578630000,96621,1.49210152,0.645144597,1.07220643,-0.620393196,0.264909701,-0.212014123,0.707096276
1497535013588670000,96622,1.493511921,0.654549389,1.073218963,-0.625092809,0.265344644,-0.208863582,0.703723812
1497535013598700000,96623,1.494911158,0.663823717,1.07394885,-0.628581008,0.266201292,-0.206349673,0.701029672
1497535013608800000,96624,1.49612498,0.6727751,1.074739877,-0.631361105,0.265748517,-0.203464037,0.699545042
1497535013618660000,96625,1.497274076,0.681601503,1.075252876,-0.633736353,0.265683434,-0.200072986,0.698399132
1497535013628620000,96626,1.498555018,0.690454002,1.075450019,-0.636725194,0.265815033,-0.19915328,0.695888904
1497535013638660000,96627,1.499576687,0.69890398,1.07588078,-0.638335423,0.265625826,-0.197198193,0.695042216
1497535013648680000,96628,1.500651289,0.707294964,1.075726774,-0.640873248,0.265265175,-0.196331568,0.693087139
1497535013658690000,96629,1.501886922,0.715704785,1.075802463,-0.644099888,0.265352065,-0.196108051,0.690119735
1497535013668650000,96630,1.503242749,0.723943939,1.075626167,-0.646472974,0.266529729,-0.196607676,0.687299075
1497535013678650000,96631,1.504763205,0.732128608,1.075557522,-0.649584566,0.268467156,-0.196882098,0.683522288
1497535013688690000,96632,1.506356234,0.74004515,1.075246558,-0.651342308,0.270911222,-0.197261915,0.680770185
1497535013698700000,96633,1.507945075,0.74793679,1.074872448,-0.653721042,0.273992393,-0.197789325,0.677094049
1497535013708820000,96634,1.509470711,0.755710641,1.074337987,-0.654480952,0.277867886,-0.198771604,0.674487932
1497535013718620000,96635,1.511073521,0.763521532,1.073736998,-0.656526081,0.281266115,-0.198772683,0.671082929
1497535013728670000,96636,1.512610301,0.771339792,1.073088364,-0.657608047,0.285045893,-0.199881262,0.66809279
1497535013738630000,96637,1.513928817,0.779467608,1.072212473,-0.658984643,0.288128218,-0.20036267,0.665263986
1497535013748650000,96638,1.515154408,0.787647146,1.071339805,-0.662019165,0.290290668,-0.199810543,0.661466326
1497535013758690000,96639,1.516296914,0.796231302,1.070433352,-0.663890703,0.292312166,-0.200611709,0.658450966
1497535013768640000,96640,1.517228065,0.804905053,1.069407359,-0.667082008,0.293061938,-0.200168404,0.655018248
1497535013778680000,96641,1.517941286,0.813753554,1.06829012,-0.669706484,0.293944932,-0.20002426,0.651981516
1497535013788680000,96642,1.518449325,0.822587789,1.067075517,-0.67202079,0.293015696,-0.2000232,0.65001583
1497535013798720000,96643,1.518974652,0.831631144,1.065908907,-0.67436562,0.292970996,-0.200022484,0.647603283
1497535013808770000,96644,1.519271666,0.840742547,1.064803124,-0.676722726,0.291747433,-0.199895627,0.645733324
1497535013818650000,96645,1.519552941,0.84975636,1.063629102,-0.678021948,0.291315999,-0.199633942,0.644645264
1497535013828670000,96646,1.519813096,0.859114994,1.062333546,-0.679487589,0.29145351,-0.200376845,0.642806804
1497535013838620000,96647,1.520018222,0.868404611,1.061000553,-0.680870936,0.291279412,-0.19987328,0.641577544
1497535013848750000,96648,1.520250173,0.877986405,1.059813895,-0.682298794,0.292158346,-0.199786096,0.63968537
1497535013858690000,96649,1.520407789,0.887675067,1.058273751,-0.683399951,0.2922146,-0.199426007,0.638595649
1497535013868690000,96650,1.520354517,0.897414375,1.056629588,-0.685813989,0.291878707,-0.198657414,0.636397066
1497535013878630000,96651,1.52047392,0.907532366,1.05490941,-0.687134205,0.292527107,-0.199214423,0.634498297
1497535013888640000,96652,1.520350372,0.917538213,1.053220165,-0.689143046,0.291862348,-0.198774153,0.632761462
1497535013898690000,96653,1.520276835,0.92758263,1.051341812,-0.691089669,0.291183596,-0.198914651,0.630904227
1497535013908780000,96654,1.520225353,0.937769693,1.049589364,-0.692346012,0.290980733,-0.200075042,0.629251293
1497535013918710000,96655,1.520027415,0.947759786,1.047806629,-0.694082621,0.290874282,-0.201278987,0.626999391
1497535013928570000,96656,1.519893442,0.957644579,1.045955678,-0.694729404,0.290879156,-0.202928822,0.625747765
1497535013938650000,96657,1.519664512,0.967453187,1.043970962,-0.695638663,0.291780323,-0.205012351,0.623635333
1497535013948660000,96658,1.519512423,0.97731164,1.042076971,-0.69513542,0.293258329,-0.207434816,0.622701452
1497535013958680000,96659,1.519279284,0.987197438,1.040277841,-0.695672145,0.294743883,-0.20848088,0.621049139
1497535013968660000,96660,1.518914738,0.99709803,1.038217394,-0.696199926,0.296099841,-0.209358731,0.619515512
1497535013978640000,96661,1.518574447,1.007265804,1.036356281,-0.695674367,0.298607564,-0.211390342,0.618210985
1497535013988660000,96662,1.517889835,1.017510023,1.034660159,-0.695579483,0.299393575,-0.212037485,0.617715772
1497535013998630000,96663,1.517103287,1.028041347,1.033455951,-0.695214437,0.300480668,-0.213465995,0.617106574
1497535014008580000,96664,1.516183503,1.038912359,1.032416274,-0.693816829,0.301965817,-0.21614942,0.617020487
1497535014018750000,96665,1.515163509,1.049796852,1.031661042,-0.693146911,0.302265985,-0.218122208,0.616932198
1497535014028760000,96666,1.514271694,1.060944637,1.031503543,-0.692420126,0.30350705,-0.21957356,0.616624108
1497535014038800000,96667,1.513384158,1.072110692,1.031298893,-0.691419257,0.30452272,-0.221021089,0.616729278
1497535014048740000,96668,1.512385757,1.083176804,1.031309778,-0.689390325,0.306541632,-0.221965323,0.617660589
1497535014058700000,96669,1.511411273,1.094312149,1.031734804,-0.687796701,0.309155884,-0.222598965,0.617906173
1497535014068700000,96670,1.510249611,1.105521354,1.032127876,-0.685783517,0.311344408,-0.222247679,0.619170087
1497535014078650000,96671,1.508800356,1.116762459,1.032863011,-0.684236199,0.312861219,-0.220315871,0.620805605
1497535014088700000,96672,1.506922192,1.127878145,1.033743905,-0.681428143,0.313405274,-0.218262165,0.624335204
1497535014098700000,96673,1.504572429,1.138940325,1.034848784,-0.679432045,0.312126557,-0.215390192,0.628137067
1497535014108760000,96674,1.50202245,1.149805072,1.036114244,-0.677135296,0.309248375,-0.213383428,0.632709053
1497535014118630000,96675,1.499360139,1.160529132,1.037619267,-0.675010389,0.305889459,-0.21054995,0.6375432
1497535014128680000,96676,1.496670414,1.17091617,1.039164127,-0.672724037,0.300720115,-0.20801887,0.643224636
1497535014138810000,96677,1.493943738,1.180801381,1.04089326,-0.670020197,0.295655095,-0.206980426,0.648706485
1497535014148700000,96678,1.491179886,1.190115997,1.042537444,-0.66642843,0.291460995,-0.207818615,0.654014571
1497535014158700000,96679,1.48878001,1.199128103,1.044255957,-0.661693386,0.288503017,-0.210104102,0.659381633
1497535014168590000,96680,1.486543512,1.207710606,1.046036415,-0.656385173,0.286843466,-0.213223046,0.664390896
1497535014178630000,96681,1.484650015,1.216014289,1.047605186,-0.649335829,0.285993288,-0.217262238,0.670349118
1497535014188680000,96682,1.483076319,1.224081367,1.049262531,-0.643405339,0.287243079,-0.221098491,0.674267336
1497535014198710000,96683,1.481716373,1.231930095,1.050864511,-0.636346796,0.289553095,-0.22382063,0.679062653
1497535014208740000,96684,1.480515852,1.239676841,1.052407673,-0.630649177,0.291996019,-0.22652272,0.682427577
1497535014218640000,96685,1.479375805,1.247423509,1.054140775,-0.623872061,0.294872416,-0.228350033,0.686797039
1497535014228690000,96686,1.478304853,1.255171461,1.055839909,-0.618229344,0.296103303,-0.228891808,0.691175703
1497535014238710000,96687,1.477196479,1.262945619,1.057633614,-0.612936755,0.296793216,-0.229183874,0.695483338
1497535014248710000,96688,1.476190862,1.270783371,1.059641137,-0.608101081,0.297162899,-0.229399002,0.699487944
1497535014258720000,96689,1.475194711,1.278701448,1.061604413,-0.603979397,0.296766076,-0.229520251,0.703177956
1497535014268720000,96690,1.474155019,1.286473593,1.063750163,-0.599655738,0.295156603,-0.229241035,0.70763276
1497535014278610000,96691,1.473096013,1.294215065,1.065766258,-0.596420454,0.294115662,-0.230236413,0.710471543
1497535014288660000,96692,1.472007852,1.301922311,1.067991417,-0.59228933,0.292497222,-0.230998663,0.714337695
1497535014298720000,96693,1.471003805,1.309516561,1.070167104,-0.588478369,0.291114437,-0.232102576,0.717686553
1497535014308780000,96694,1.469879972,1.317023698,1.072102794,-0.586204948,0.289531225,-0.232682271,0.719996104
1497535014318680000,96695,1.468995467,1.324751206,1.074141391,-0.582820909,0.288725658,-0.233153643,0.722908473
1497535014328740000,96696,1.468170782,1.332460616,1.075761662,-0.580485309,0.287783935,-0.233116666,0.725171589
1497535014338710000,96697,1.467537691,1.340304426,1.077407685,-0.578515345,0.287640219,-0.233039131,0.726825883
1497535014348710000,96698,1.466834846,1.348155318,1.078626112,-0.576460361,0.287253079,-0.23226527,0.728856615
1497535014358720000,96699,1.466233336,1.35616589,1.079630466,-0.575837331,0.286970725,-0.231337901,0.729754717
1497535014368690000,96700,1.465617739,1.364179751,1.080364321,-0.574625905,0.286600525,-0.230428829,0.731141411
1497535014378640000,96701,1.465042276,1.37234456,1.08081285,-0.574447139,0.284825288,-0.229080912,0.732398099
1497535014388630000,96702,1.464333145,1.38051574,1.080773768,-0.574602338,0.283224955,-0.228003095,0.733232819
1497535014398720000,96703,1.463799422,1.388896053,1.080774808,-0.574723189,0.281822475,-0.226674214,0.734090014
1497535014408780000,96704,1.463126764,1.397244471,1.080109741,-0.575893066,0.28003974,-0.225660191,0.734167828
1497535014418710000,96705,1.462625963,1.405728079,1.079300268,-0.576713915,0.278043489,-0.224248139,0.734714673
1497535014428730000,96706,1.462232399,1.41428505,1.078250577,-0.578910747,0.276437528,-0.22245626,0.734137489
1497535014438700000,96707,1.461995738,1.423089713,1.076987699,-0.581016263,0.274826364,-0.220738211,0.733597447
1497535014448810000,96708,1.46183204,1.431859247,1.075562148,-0.582631372,0.27371703,-0.21874997,0.73332675
1497535014458710000,96709,1.461834536,1.440830354,1.073741072,-0.584915737,0.273187132,-0.216676451,0.732320754
1497535014468710000,96710,1.461856319,1.449872566,1.072031266,-0.587485565,0.27247253,-0.213209403,0.731547115
1497535014478680000,96711,1.461943709,1.45917277,1.070050488,-0.590308668,0.271354982,-0.210279211,0.730537338
1497535014488720000,96712,1.462125415,1.468751282,1.068151842,-0.59269469,0.270655499,-0.207135132,0.729762731
1497535014498720000,96713,1.462378987,1.478540472,1.066163546,-0.595858507,0.269528531,-0.204154581,0.728442117
1497535014508790000,96714,1.462418558,1.488433347,1.064102274,-0.599116341,0.26788852,-0.200112639,0.727495899
1497535014518710000,96715,1.462433551,1.498568491,1.061920187,-0.602549903,0.266283382,-0.196514054,0.726229304
1497535014528500000,96716,1.462406658,1.508758418,1.060018267,-0.605155267,0.264050903,-0.193468665,0.725695597
1497535014538700000,96717,1.462185164,1.519087994,1.057843635,-0.609243791,0.2617496,-0.189614338,0.72412399
1497535014548690000,96718,1.461956626,1.52934069,1.0559575,-0.61160949,0.260736587,-0.186764999,0.723235162
1497535014558700000,96719,1.461505759,1.539483607,1.054133476,-0.614055997,0.258716052,-0.18305245,0.722836799
1497535014568650000,96720,1.460946144,1.549279034,1.052495435,-0.61419609,0.255164536,-0.179403454,0.724892146
1497535014578680000,96721,1.460419803,1.558925207,1.051025284,-0.613623904,0.252598339,-0.17677897,0.72691745
1497535014588700000,96722,1.459888567,1.568495092,1.049945065,-0.612406001,0.249405405,-0.173777289,0.729765228
1497535014598690000,96723,1.459551608,1.578385954,1.048974935,-0.609606068,0.246771026,-0.171691564,0.73348927
1497535014608790000,96724,1.459103631,1.588150909,1.048158601,-0.60539459,0.244940339,-0.171060235,0.737726248
1497535014618610000,96725,1.458825085,1.598252771,1.047407456,-0.602024105,0.243914001,-0.170003698,0.741061185
1497535014628670000,96726,1.458726911,1.608864975,1.046656144,-0.598214237,0.243654945,-0.168524509,0.74456127
1497535014638700000,96727,1.458673516,1.619945962,1.046111166,-0.595731804,0.243559534,-0.166225441,0.747095358
1497535014648750000,96728,1.458383546,1.631312625,1.045744187,-0.595219257,0.241592934,-0.162611104,0.748935591
1497535014658720000,96729,1.457831939,1.643112412,1.045948077,-0.596155621,0.239444034,-0.159387879,0.749573569
1497535014668690000,96730,1.456879404,1.655052382,1.046404612,-0.59895004,0.234892853,-0.156212882,0.74945429
1497535014678670000,96731,1.455542029,1.6668971,1.047603377,-0.602548141,0.228554035,-0.153735993,0.749042078
1497535014688690000,96732,1.454103606,1.678506295,1.049188587,-0.608241041,0.221771994,-0.151640786,0.746903669
1497535014698720000,96733,1.452422378,1.689529568,1.051522364,-0.613193676,0.214626643,-0.151088197,0.745051191
1497535014708750000,96734,1.450750137,1.700205427,1.054278286,-0.616940651,0.206702455,-0.151027352,0.744210365
1497535014718690000,96735,1.449026686,1.710845221,1.05686811,-0.619774219,0.197617929,-0.151366125,0.744254908
1497535014728650000,96736,1.447381907,1.721350076,1.059643973,-0.62224978,0.189334119,-0.150953739,0.744426471
1497535014738680000,96737,1.445807733,1.73199888,1.062050724,-0.623845706,0.18249008,-0.150662323,0.744858893
1497535014748740000,96738,1.444477647,1.74252061,1.064249356,-0.625637729,0.177741949,-0.148522305,0.744933794
1497535014758690000,96739,1.443360333,1.753196721,1.065972061,-0.627357628,0.175034558,-0.145320609,0.744759848
1497535014768660000,96740,1.442288018,1.763689691,1.067471555,-0.631506656,0.173234913,-0.139555301,0.742774075
1497535014778590000,96741,1.441041652,1.774167426,1.068942358,-0.634997957,0.16972708,-0.133038861,0.741802517
1497535014788800000,96742,1.439575021,1.784684711,1.070023003,-0.641268262,0.165971401,-0.12704712,0.73830044
1497535014798760000,96743,1.437834386,1.795085089,1.071040507,-0.647979633,0.160459795,-0.119752669,0.734870293
1497535014808680000,96744,1.435610865,1.805224593,1.071648048,-0.655302144,0.153668864,-0.112907775,0.730901371
1497535014818620000,96745,1.433183402,1.815251849,1.071989502,-0.662835473,0.146991673,-0.105287947,0.726606518
1497535014828700000,96746,1.430403649,1.824988719,1.072128211,-0.670584432,0.138963045,-0.097651612,0.722128766
1497535014838730000,96747,1.427345822,1.834466483,1.071953286,-0.677862072,0.131475404,-0.090221819,0.717688827
1497535014848640000,96748,1.42402407,1.843594266,1.071636425,-0.6839155,0.122964775,-0.083125816,0.714303403
1497535014858730000,96749,1.420460801,1.852424449,1.0712679,-0.688621351,0.114452707,-0.075593516,0.712030078
1497535014868720000,96750,1.416705278,1.861101596,1.07077722,-0.694331461,0.106639388,-0.067994461,0.708455092
1497535014878660000,96751,1.412467998,1.869153032,1.070513937,-0.696187037,0.098222369,-0.062062675,0.708395511
1497535014888810000,96752,1.408737251,1.877127772,1.069780317,-0.700330011,0.089857648,-0.051415142,0.706271875
1497535014898730000,96753,1.404834227,1.885014041,1.069207987,-0.703811637,0.082957937,-0.041982767,0.704275945
1497535014908720000,96754,1.400742811,1.892789248,1.069044205,-0.708479001,0.077398507,-0.032050915,0.70074226
1497535014918660000,96755,1.396688905,1.900289838,1.068814784,-0.711074773,0.071674647,-0.024140852,0.699036932
1497535014928750000,96756,1.392470048,1.907113179,1.068417695,-0.711304459,0.064608258,-0.017858452,0.699680509
1497535014938700000,96757,1.388319644,1.915406356,1.068442375,-0.71903903,0.057967076,-0.008842149,0.692491522
1497535014948740000,96758,1.383983907,1.922600729,1.06823792,-0.721248038,0.050934558,-0.002333692,0.690797722
1497535014958720000,96759,1.379496295,1.929043208,1.067954131,-0.719855191,0.046929212,0.002389918,0.692531907
1497535014968720000,96760,1.375080199,1.936154392,1.067720653,-0.722307213,0.040473223,0.009271887,0.690324736
1497535014978660000,96761,1.370564184,1.943162834,1.067441337,-0.725017042,0.032841097,0.015832823,0.687765275
1497535014988710000,96762,1.365740772,1.949830964,1.067084693,-0.725929243,0.028331279,0.021685186,0.686843378
1497535014998720000,96763,1.360951433,1.956525834,1.066494316,-0.728025778,0.020649475,0.028885394,0.684629608
1497535015008620000,96764,1.355906001,1.963230138,1.065761753,-0.728996749,0.01329773,0.034784017,0.683503461
1497535015018730000,96765,1.350702086,1.96953448,1.065104704,-0.730373595,0.005998604,0.042662275,0.681687874
1497535015028690000,96766,1.345350349,1.976707621,1.064416652,-0.733222013,-0.001858714,0.04713997,0.67835083
1497535015038710000,96767,1.339803159,1.983276245,1.063603879,-0.734433367,-0.008953231,0.053630187,0.676499277
1497535015048720000,96768,1.334113304,1.989928492,1.062963483,-0.736921749,-0.01677022,0.058890571,0.673199076
1497535015058710000,96769,1.328494133,1.996479662,1.062356222,-0.738457424,-0.024302568,0.064362785,0.670781224
1497535015068680000,96770,1.322985271,2.002663459,1.061303755,-0.737749114,-0.031154752,0.068646935,0.67085261
1497535015078680000,96771,1.317321905,2.009061482,1.060654975,-0.739246484,-0.038106941,0.072995188,0.668381776
1497535015088690000,96772,1.311660924,2.015252254,1.059641424,-0.739037925,-0.043630596,0.077486741,0.667768763
1497535015098680000,96773,1.305988102,2.021204774,1.058382298,-0.738580537,-0.049355593,0.081899392,0.667349462
1497535015108800000,96774,1.30002918,2.027409876,1.057701373,-0.739406071,-0.053380775,0.084933501,0.665744287
1497535015118750000,96775,1.293971335,2.033488326,1.056423547,-0.739542023,-0.058961831,0.089255863,0.664555859
1497535015128660000,96776,1.287695644,2.039790737,1.055603321,-0.73977169,-0.064750617,0.093256241,0.663210734
1497535015138720000,96777,1.281219412,2.045795415,1.05414117,-0.739750539,-0.069717443,0.097720793,0.662087053
1497535015148720000,96778,1.274520318,2.052101788,1.052839944,-0.741478133,-0.076026191,0.101408733,0.658897917
1497535015158720000,96779,1.267651261,2.058197366,1.051492741,-0.742349301,-0.082431049,0.106394853,0.656355676
1497535015168720000,96780,1.260697329,2.06371486,1.049906672,-0.743705495,-0.086918973,0.109893558,0.653659418
1497535015178680000,96781,1.253596837,2.069469229,1.048340994,-0.744786973,-0.092889686,0.114564762,0.650798576
1497535015188700000,96782,1.24638707,2.075218695,1.046625221,-0.747003872,-0.098318364,0.119070484,0.646638179
1497535015198730000,96783,1.239218973,2.080534,1.044830335,-0.748506471,-0.103836619,0.122132132,0.643459215
1497535015208750000,96784,1.231895687,2.086039786,1.042606178,-0.75120095,-0.107337155,0.124485308,0.63928028
1497535015218720000,96785,1.224595671,2.091101767,1.040742787,-0.752701432,-0.111948069,0.127736276,0.636075175
1497535015228690000,96786,1.217224586,2.096408315,1.038808381,-0.754436416,-0.116154638,0.130335766,0.632729312
1497535015238650000,96787,1.209872727,2.101318428,1.037057763,-0.75516723,-0.119388509,0.131717362,0.630967016
1497535015248780000,96788,1.202534218,2.10598526,1.035292285,-0.756964424,-0.123366043,0.132957182,0.627780271
1497535015258720000,96789,1.195164155,2.110893614,1.033872096,-0.756527703,-0.127250129,0.133623601,0.627389809
1497535015268710000,96790,1.18767149,2.115582475,1.032802606,-0.756760351,-0.129615617,0.134823022,0.626367556
1497535015278660000,96791,1.180096657,2.119997989,1.031576069,-0.757225603,-0.131681653,0.135350244,0.625259658
1497535015288700000,96792,1.172298295,2.124732694,1.030738028,-0.757580482,-0.134688044,0.136296108,0.623982624
1497535015298730000,96793,1.164411863,2.128910482,1.029598731,-0.757398026,-0.136071837,0.137013008,0.623746841
1497535015308830000,96794,1.156424406,2.133161669,1.02875852,-0.757326198,-0.139220204,0.137961194,0.62292975
1497535015318730000,96795,1.148262849,2.137661948,1.028284741,-0.756831449,-0.142533224,0.138540767,0.622653109
1497535015328660000,96796,1.140121665,2.141474804,1.027404442,-0.758257741,-0.142037728,0.138104284,0.621126145
1497535015338710000,96797,1.131683526,2.145984503,1.027235067,-0.75689341,-0.145437577,0.138971259,0.621809671
1497535015348710000,96798,1.123242378,2.149778695,1.026859743,-0.756526724,-0.145489332,0.139400103,0.622147716
1497535015358730000,96799,1.114643668,2.153638738,1.026886891,-0.755497176,-0.145573178,0.140030912,0.62323656
1497535015368710000,96800,1.105966018,2.157344064,1.026962799,-0.756390393,-0.14496844,0.140755305,0.622129945
1497535015378670000,96801,1.097111444,2.161139359,1.027275955,-0.755885924,-0.145653406,0.142936686,0.622085733
1497535015388680000,96802,1.088112787,2.16478108,1.028009205,-0.755310141,-0.146376119,0.144826276,0.622178409
1497535015398720000,96803,1.078952403,2.1680479,1.028496561,-0.755276804,-0.14688974,0.148196711,0.621303539
1497535015408840000,96804,1.069684236,2.171016709,1.029348304,-0.753157676,-0.148422472,0.153331004,0.622265127
1497535015418720000,96805,1.060464954,2.173696876,1.030320706,-0.750573943,-0.150335423,0.158976397,0.623509841
1497535015428680000,96806,1.051340177,2.176310222,1.031584961,-0.746892908,-0.153898133,0.164164553,0.625712672
1497535015438710000,96807,1.042523921,2.178829264,1.032915137,-0.743681246,-0.155940003,0.170077142,0.627450942
1497535015448710000,96808,1.034173945,2.180783008,1.034031178,-0.739336757,-0.156164315,0.175332797,0.631072323
1497535015458730000,96809,1.026048843,2.183143791,1.035554352,-0.733726732,-0.157990932,0.180609048,0.635660538
1497535015468680000,96810,1.018303461,2.184674649,1.03648158,-0.728129638,-0.157789274,0.185058928,0.64084551
1497535015478630000,96811,1.010801448,2.18648841,1.03752362,-0.721922235,-0.156086629,0.189433903,0.646977625
1497535015488580000,96812,1.003450796,2.188297778,1.038710457,-0.71617321,-0.15515512,0.193206747,0.652452278
1497535015498700000,96813,0.996209473,2.190289531,1.039808288,-0.710333988,-0.152217982,0.197712467,0.658152788
1497535015508780000,96814,0.989123547,2.192041532,1.040672131,-0.706076295,-0.147590445,0.201842551,0.662520121
1497535015518730000,96815,0.981962217,2.194357243,1.041922019,-0.700085937,-0.145147878,0.208301778,0.667399538
1497535015528790000,96816,0.974771236,2.196536427,1.043310734,-0.696583707,-0.143520607,0.214633854,0.669406666
1497535015538780000,96817,0.967531162,2.198747428,1.044958501,-0.692602196,-0.142328465,0.221216821,0.671645684
1497535015548710000,96818,0.960433803,2.200586493,1.046538984,-0.686769939,-0.140459481,0.227785158,0.675819581
1497535015558710000,96819,0.953365116,2.202305108,1.048186604,-0.682547266,-0.141232029,0.23386863,0.677855595
1497535015568720000,96820,0.946419531,2.204031744,1.050267038,-0.676423194,-0.142728194,0.239595241,0.681670335
1497535015578690000,96821,0.939657744,2.205677018,1.052301178,-0.669940509,-0.143603845,0.244457614,0.686147306
1497535015588710000,96822,0.932950888,2.206939476,1.054095218,-0.666172613,-0.141788162,0.248173484,0.688854186
1497535015598730000,96823,0.926286136,2.208501374,1.056169925,-0.661571904,-0.14280992,0.25290564,0.691351343
1497535015608790000,96824,0.919510815,2.210187299,1.058218712,-0.657008313,-0.143561948,0.257287508,0.69392592
1497535015618650000,96825,0.912794689,2.211604415,1.060036935,-0.653937773,-0.142613086,0.260965168,0.695646518
1497535015628770000,96826,0.905834332,2.213364435,1.061999944,-0.650355196,-0.144102158,0.265406824,0.697016431
1497535015638730000,96827,0.898883324,2.21497913,1.063678753,-0.646526216,-0.145319701,0.269424013,0.698782325
1497535015648820000,96828,0.891674658,2.216926167,1.065476165,-0.644664403,-0.147424838,0.273189726,0.698599383
1497535015658740000,96829,0.884569019,2.218829479,1.067073066,-0.64163405,-0.149386859,0.27655917,0.699645866
1497535015668730000,96830,0.877405134,2.220709736,1.068447884,-0.640168226,-0.150421238,0.278784204,0.699883891
1497535015678690000,96831,0.870267487,2.222708286,1.069834228,-0.638377365,-0.153565905,0.280850682,0.700010534
1497535015688720000,96832,0.863107738,2.224287055,1.070570162,-0.636932266,-0.154382927,0.283036509,0.70026676
1497535015698730000,96833,0.8559476,2.226162509,1.071288129,-0.633261068,-0.157502244,0.285093494,0.702064927
1497535015708820000,96834,0.848665903,2.227936163,1.071564968,-0.633171127,-0.160386859,0.286007533,0.701120582
1497535015718740000,96835,0.841255906,2.229990024,1.071935379,-0.63175885,-0.164158011,0.286905708,0.701154774
1497535015728680000,96836,0.833734757,2.231699218,1.071522757,-0.631872859,-0.166765209,0.287663816,0.700125406
1497535015738720000,96837,0.826269695,2.233886814,1.071467695,-0.630691977,-0.170513075,0.288649762,0.699881588
1497535015748720000,96838,0.818813481,2.235864715,1.070767431,-0.630556329,-0.173919157,0.289909576,0.698643887
1497535015758720000,96839,0.81112836,2.238174458,1.070306642,-0.630571,-0.17720511,0.29086077,0.697408471
1497535015768730000,96840,0.803553217,2.240266293,1.069232144,-0.63059985,-0.179250155,0.291739965,0.696491927
1497535015778530000,96841,0.795843336,2.243154099,1.068352271,-0.631390305,-0.182556379,0.292502506,0.694594655
1497535015788510000,96842,0.788153324,2.245752568,1.067416071,-0.632154531,-0.184804328,0.294358207,0.692518055
1497535015798750000,96843,0.780337523,2.248475579,1.066091107,-0.634163269,-0.186075792,0.294462628,0.69029306
1497535015808700000,96844,0.772489351,2.251315797,1.064541297,-0.63552084,-0.187703865,0.295334857,0.688228046
1497535015818710000,96845,0.764668154,2.254055056,1.062819551,-0.636939249,-0.189908971,0.295834807,0.68609383
1497535015828710000,96846,0.756677737,2.256964761,1.060995248,-0.638035064,-0.191400487,0.296424333,0.684404651
1497535015838700000,96847,0.748426933,2.260153177,1.059118175,-0.639276546,-0.19465803,0.297465698,0.681870888
1497535015848800000,96848,0.740038644,2.26343715,1.057229742,-0.639830331,-0.198677334,0.298401129,0.679780281
1497535015858710000,96849,0.731239467,2.266820022,1.055329064,-0.641204364,-0.203231133,0.299170145,0.676794869
1497535015868830000,96850,0.722258183,2.269830759,1.053210061,-0.640800898,-0.206726735,0.301191174,0.67522007
1497535015878690000,96851,0.713345777,2.272772856,1.051280302,-0.641219662,-0.209163819,0.301865503,0.673769293
1497535015888730000,96852,0.704258971,2.275918778,1.049658268,-0.640696419,-0.212081133,0.303780021,0.672493413
1497535015898750000,96853,0.695551378,2.278632044,1.047861122,-0.639944213,-0.213074471,0.306252245,0.671773947
1497535015908740000,96854,0.686802999,2.281389799,1.046267734,-0.63818851,-0.214354903,0.309402497,0.671593252
1497535015918740000,96855,0.678033783,2.284234229,1.0446768,-0.63720064,-0.215111569,0.31167207,0.671239807
1497535015928730000,96856,0.669224544,2.287372489,1.043367086,-0.63548125,-0.216523859,0.313739735,0.671452439
1497535015938740000,96857,0.660203212,2.290453691,1.04196586,-0.635129636,-0.216433506,0.315962344,0.670771705
1497535015948840000,96858,0.650956716,2.293985799,1.040774009,-0.633057027,-0.216401167,0.318342616,0.671615452
1497535015958740000,96859,0.641664055,2.29761946,1.039711834,-0.632102691,-0.217168245,0.320705591,0.671142358
1497535015968750000,96860,0.632082319,2.301410598,1.038780848,-0.631042977,-0.215257478,0.3226943,0.671801584
1497535015978690000,96861,0.62227298,2.305357255,1.037794011,-0.628997835,-0.21534696,0.325179881,0.672491974
1497535015988730000,96862,0.612216367,2.309518499,1.036917973,-0.62769685,-0.214944918,0.327755599,0.672585767
1497535015998730000,96863,0.602004277,2.313555665,1.035990098,-0.625988134,-0.215576516,0.330992198,0.672391097
1497535016008850000,96864,0.591634949,2.317648197,1.03539872,-0.624881445,-0.215740778,0.33300197,0.672375479
1497535016018750000,96865,0.581374411,2.321461919,1.034939879,-0.623637727,-0.217121103,0.336267208,0.671460183
1497535016028750000,96866,0.57128407,2.325075712,1.035006515,-0.622960309,-0.217486732,0.337717479,0.671242787
1497535016038740000,96867,0.561307071,2.328828373,1.035820752,-0.621840187,-0.21791117,0.338316887,0.671841639
1497535016048790000,96868,0.551795409,2.332332294,1.037133201,-0.622162002,-0.219338372,0.33792152,0.671278011
1497535016058670000,96869,0.542322872,2.336209821,1.039048235,-0.622261574,-0.219598636,0.337105685,0.671510782
1497535016068700000,96870,0.533007817,2.340204941,1.04113987,-0.623762349,-0.221201066,0.33611724,0.670086429
1497535016078680000,96871,0.52375893,2.344459619,1.043252918,-0.624696092,-0.223111662,0.336240815,0.668519329
1497535016088750000,96872,0.514640829,2.34913846,1.045688794,-0.62626332,-0.224001453,0.334999304,0.667377756
1497535016098740000,96873,0.505654082,2.353446611,1.047587903,-0.626487728,-0.222892279,0.334343327,0.667867276
1497535016108770000,96874,0.496695054,2.35790646,1.049321198,-0.627788174,-0.220266109,0.332971056,0.668202908
1497535016118730000,96875,0.487850778,2.362514531,1.050724027,-0.629176268,-0.217520629,0.332100586,0.668229901
1497535016128640000,96876,0.479015595,2.366811084,1.051757618,-0.630714405,-0.213496345,0.330616142,0.668813589
1497535016138740000,96877,0.470377116,2.371093114,1.052683314,-0.631993614,-0.210441506,0.329917058,0.668919411
1497535016148730000,96878,0.461641227,2.375092898,1.053344342,-0.6325958,-0.208933988,0.328423335,0.669557507
1497535016158730000,96879,0.452970917,2.378659919,1.053782125,-0.633301184,-0.210049057,0.327430582,0.669027815
1497535016168760000,96880,0.444132769,2.382168152,1.054299545,-0.634091999,-0.213042715,0.32609461,0.667983865
1497535016178680000,96881,0.435409279,2.385153212,1.054599851,-0.635174861,-0.217174438,0.325131342,0.666091413
1497535016188710000,96882,0.42663951,2.387935108,1.054764323,-0.636634602,-0.222139091,0.324548003,0.663339431
1497535016198720000,96883,0.418068149,2.390821989,1.055169475,-0.638972954,-0.227314027,0.324503757,0.659347563
1497535016208770000,96884,0.409565881,2.393541936,1.055474405,-0.641198734,-0.23131872,0.324571401,0.655750898
1497535016218720000,96885,0.401367989,2.396037859,1.055730189,-0.642614787,-0.233470436,0.324881294,0.653444669
1497535016228500000,96886,0.393435718,2.398392343,1.056028304,-0.644417124,-0.23656077,0.326043741,0.649970039
1497535016238690000,96887,0.385501675,2.400704659,1.056255545,-0.645669573,-0.238572187,0.327183378,0.647414203
1497535016248660000,96888,0.377693061,2.402752374,1.056373897,-0.647049436,-0.241236305,0.328986659,0.6441272
1497535016258690000,96889,0.369882881,2.404688924,1.056313754,-0.647853398,-0.243084675,0.331053834,0.641559955
1497535016268680000,96890,0.3621561,2.406667035,1.056217639,-0.649185924,-0.245170935,0.332810015,0.638503205
1497535016278760000,96891,0.354428624,2.408535971,1.056099223,-0.650397065,-0.246385979,0.334512847,0.635907825
1497535016288760000,96892,0.3466733,2.410451073,1.055839567,-0.651798363,-0.248356581,0.335780628,0.63303181
1497535016298750000,96893,0.338856792,2.412302973,1.055657223,-0.653549302,-0.249478366,0.337006652,0.630127266
1497535016308780000,96894,0.331200453,2.414034283,1.055184279,-0.655376634,-0.251863692,0.337981332,0.626749366
1497535016318730000,96895,0.323427619,2.415741791,1.054882192,-0.657920807,-0.253511493,0.338216794,0.623282869
1497535016328780000,96896,0.315640781,2.417375623,1.054484468,-0.659690232,-0.255690085,0.33819745,0.620527085
1497535016338740000,96897,0.307808048,2.418831523,1.053930975,-0.661684352,-0.257789505,0.338317748,0.617462137
1497535016348770000,96898,0.29996693,2.420279611,1.053481081,-0.663983875,-0.260715851,0.338007255,0.613924877
1497535016358750000,96899,0.292136525,2.421631065,1.052914889,-0.665322841,-0.263327059,0.337344469,0.611721412
1497535016368770000,96900,0.28432811,2.422726031,1.052312029,-0.666292721,-0.26571226,0.337482834,0.609554216
1497535016378680000,96901,0.276467961,2.423761378,1.051549108,-0.66753713,-0.268365252,0.336887721,0.607355691
1497535016388760000,96902,0.268506167,2.424670122,1.050568166,-0.669012989,-0.271480036,0.336048443,0.604807122
1497535016398740000,96903,0.260539538,2.425512538,1.049676789,-0.66986561,-0.27462567,0.335467903,0.602762052
1497535016408790000,96904,0.25243923,2.426271942,1.048654356,-0.671132174,-0.278218844,0.334829928,0.600053998
1497535016418730000,96905,0.244213085,2.42711765,1.047505584,-0.672667532,-0.281274073,0.333618457,0.59758013
1497535016428750000,96906,0.235873609,2.427713454,1.046130718,-0.673999823,-0.284941339,0.333406218,0.59445182
1497535016438690000,96907,0.227552647,2.428521284,1.045005382,-0.676191234,-0.288871336,0.331575517,0.591080742
1497535016448790000,96908,0.219116975,2.429031887,1.043538338,-0.677812469,-0.291797103,0.330058233,0.588630844
1497535016458720000,96909,0.210682362,2.429595461,1.042091514,-0.679513279,-0.294139756,0.329197839,0.585979769
1497535016468800000,96910,0.202286105,2.430132762,1.040723725,-0.681699093,-0.296659665,0.327253399,0.583253464
1497535016478670000,96911,0.193746509,2.430609972,1.039091263,-0.683261272,-0.299220232,0.325472605,0.581110034
1497535016488710000,96912,0.18514057,2.43097915,1.037613291,-0.684792283,-0.301074391,0.323869332,0.57924295
1497535016498730000,96913,0.176563523,2.431194495,1.035956782,-0.686365479,-0.303457395,0.322169569,0.577081283
1497535016508800000,96914,0.167819024,2.431400758,1.03411935,-0.68740967,-0.305576301,0.320342044,0.57573609
1497535016518720000,96915,0.158983067,2.431567338,1.032313292,-0.689087311,-0.30771774,0.318756207,0.573465737
1497535016528720000,96916,0.150175495,2.431581124,1.030388681,-0.690631764,-0.310145562,0.316517752,0.571536534
1497535016538730000,96917,0.141243556,2.431573778,1.028298474,-0.69164549,-0.312740011,0.314955039,0.569757426
1497535016548780000,96918,0.13225925,2.431572814,1.026545563,-0.693465207,-0.314543039,0.312944621,0.567656892
1497535016558740000,96919,0.123414329,2.431323181,1.024403913,-0.694291414,-0.317045947,0.310831837,0.566414043
1497535016568810000,96920,0.114449002,2.43120655,1.022439379,-0.695255695,-0.31785256,0.308658249,0.565967627
1497535016578680000,96921,0.105583203,2.430899915,1.020407598,-0.696399836,-0.319140271,0.306325297,0.565103148
1497535016588730000,96922,0.096812719,2.43058706,1.018443658,-0.697832869,-0.319536481,0.303764314,0.564493549
1497535016598680000,96923,0.088000776,2.430256214,1.016403886,-0.698408961,-0.320588953,0.301342203,0.564482527
1497535016608820000,96924,0.079410664,2.429626928,1.014354563,-0.699740663,-0.320117495,0.299014507,0.564338655
1497535016618730000,96925,0.070640391,2.428959071,1.012440348,-0.700932637,-0.319982739,0.297180287,0.563904567
1497535016628520000,96926,0.061917194,2.428255797,1.010696864,-0.702091662,-0.31935597,0.295144325,0.563887302
1497535016638750000,96927,0.053157845,2.427427303,1.008999514,-0.702789899,-0.318944583,0.294078577,0.563807149
1497535016648810000,96928,0.044186672,2.426567369,1.00770157,-0.70401917,-0.317878073,0.292978874,0.563448239
1497535016658710000,96929,0.03520976,2.42565451,1.006707523,-0.705286934,-0.316107559,0.292027117,0.563352922
1497535016668810000,96930,0.026242083,2.424649011,1.006128966,-0.706350905,-0.313747361,0.291785547,0.56346445
1497535016678680000,96931,0.017170438,2.423472695,1.005992158,-0.707293674,-0.311365267,0.292392827,0.563288349
1497535016688800000,96932,0.008113784,2.421977125,1.006141364,-0.708040315,-0.308886077,0.293636555,0.56306827
1497535016698740000,96933,-0.001182799,2.420302138,1.00681294,-0.708334821,-0.307014013,0.295654756,0.56266548
1497535016708800000,96934,-0.010484255,2.41822269,1.007697474,-0.708468274,-0.304551529,0.297992734,0.562602348
1497535016718730000,96935,-0.019925256,2.415934425,1.009020127,-0.708279653,-0.303183992,0.300390772,0.562303106
1497535016728810000,96936,-0.029346481,2.41344432,1.010831396,-0.70684303,-0.301547924,0.303793733,0.563161743
1497535016738740000,96937,-0.038594155,2.410730813,1.012861439,-0.70503709,-0.299854094,0.307051982,0.564561161
1497535016748780000,96938,-0.047726226,2.407868875,1.015266559,-0.703431359,-0.297911803,0.30994331,0.566010624
1497535016758740000,96939,-0.056636387,2.404675631,1.017633956,-0.700476126,-0.295995447,0.313034945,0.568971893
1497535016768780000,96940,-0.065419624,2.401436867,1.020190437,-0.696459922,-0.294723131,0.316221853,0.572787564
1497535016778660000,96941,-0.073996692,2.398123293,1.022585038,-0.6922725,-0.293293179,0.31919886,0.576931525
1497535016788720000,96942,-0.082484412,2.394721737,1.024578811,-0.687210416,-0.293249759,0.322473797,0.581168714
1497535016798740000,96943,-0.090829655,2.391454424,1.02630737,-0.682014127,-0.293668918,0.32571636,0.585255628
1497535016808810000,96944,-0.099159785,2.388634731,1.027826886,-0.676450649,-0.294708223,0.329300221,0.589171407
1497535016818710000,96945,-0.107254993,2.385970978,1.028843016,-0.671871597,-0.294782759,0.331846365,0.59293311
1497535016828690000,96946,-0.115143194,2.383683857,1.029617418,-0.667883169,-0.294044289,0.334052383,0.596555977
1497535016838740000,96947,-0.122650277,2.381366135,1.0300591,-0.663989119,-0.293293607,0.336652602,0.599801914
1497535016848660000,96948,-0.129884763,2.379352185,1.030155377,-0.659812685,-0.290799283,0.339840294,0.603814187
1497535016858680000,96949,-0.136874884,2.377531731,1.030308158,-0.656600926,-0.286713203,0.342445774,0.607784218
1497535016868690000,96950,-0.143643481,2.376042287,1.030655971,-0.653478412,-0.282119572,0.344985471,0.611849276
1497535016878680000,96951,-0.150244521,2.374403668,1.03064071,-0.650475445,-0.276853739,0.348507042,0.615448246
1497535016888800000,96952,-0.156739979,2.373061185,1.030912599,-0.64819602,-0.271730879,0.351730668,0.618295873
1497535016898710000,96953,-0.163339376,2.372073294,1.031660434,-0.646401209,-0.265343393,0.354835759,0.62116821
1497535016908770000,96954,-0.169883727,2.371110111,1.032197834,-0.644472352,-0.26048268,0.357806587,0.623521136
1497535016918660000,96955,-0.176398073,2.37011943,1.032944524,-0.643187877,-0.256048617,0.36071638,0.625005723
1497535016928720000,96956,-0.182793831,2.369229708,1.033944686,-0.640997301,-0.252729163,0.363280727,0.627118445
1497535016938730000,96957,-0.189170796,2.36806003,1.034918653,-0.639297916,-0.249061943,0.366300479,0.628562075
1497535016948820000,96958,-0.195530323,2.367090933,1.036208726,-0.636601855,-0.245689431,0.368807563,0.631154311
1497535016958740000,96959,-0.201894321,2.366006494,1.037468166,-0.633478519,-0.243947117,0.371761343,0.633236349
1497535016968730000,96960,-0.208389611,2.364998136,1.038990042,-0.631147444,-0.241764454,0.373550141,0.635344902
1497535016978680000,96961,-0.214839178,2.363567074,1.040190657,-0.627772135,-0.239919788,0.375653752,0.638141756
1497535016988800000,96962,-0.221489273,2.362479618,1.041748012,-0.625279289,-0.238621851,0.377989158,0.639694942
1497535016998700000,96963,-0.228306287,2.361458387,1.043038411,-0.622448942,-0.237013761,0.379974692,0.64187306
1497535017008810000,96964,-0.235230676,2.360352312,1.044307392,-0.620647598,-0.235834872,0.381502208,0.643144258
1497535017018670000,96965,-0.242268837,2.359380072,1.045410988,-0.6186756,-0.235742041,0.383148013,0.64409921
1497535017028700000,96966,-0.249638061,2.358722353,1.046550076,-0.617411073,-0.235146323,0.383903076,0.645079997
1497535017038760000,96967,-0.256928693,2.357762821,1.047468032,-0.614979483,-0.235915496,0.385628219,0.646092092
1497535017048810000,96968,-0.264462111,2.356861427,1.048265697,-0.614130588,-0.236846732,0.387027115,0.645722276
1497535017058810000,96969,-0.272007116,2.355994075,1.048918267,-0.612103477,-0.238302248,0.387480478,0.64683866
1497535017068800000,96970,-0.279619288,2.35499569,1.049401699,-0.610302028,-0.239534598,0.38856938,0.647432195
1497535017078690000,96971,-0.287335158,2.354258817,1.049936843,-0.608263025,-0.240656804,0.388778711,0.648807759
1497535017088730000,96972,-0.295123195,2.353535064,1.050186537,-0.607149953,-0.243271326,0.389385201,0.648511497
1497535017098690000,96973,-0.303057238,2.352805144,1.050203818,-0.606271719,-0.245802687,0.390091219,0.647954075
1497535017108770000,96974,-0.311136048,2.351989019,1.049619737,-0.604964138,-0.24887058,0.390377253,0.647832869
1497535017118770000,96975,-0.319346731,2.351452778,1.048942983,-0.605392829,-0.251967072,0.390991436,0.645862071
1497535017128720000,96976,-0.327491081,2.350764605,1.047773944,-0.604577914,-0.254506548,0.391710334,0.645193752
1497535017138740000,96977,-0.336029754,2.350240499,1.046358547,-0.605825579,-0.257438999,0.392194402,0.642560566
1497535017148750000,96978,-0.344752017,2.350000158,1.044618776,-0.606108904,-0.260347945,0.392204936,0.641113276
1497535017158750000,96979,-0.35372282,2.34986649,1.042767026,-0.607594328,-0.262642992,0.392510487,0.638579133
1497535017168750000,96980,-0.362770857,2.349612839,1.04042047,-0.608453315,-0.266566015,0.392888584,0.635897541
1497535017178730000,96981,-0.37210258,2.34946349,1.037986225,-0.609441653,-0.270292799,0.393425319,0.633039646
1497535017188820000,96982,-0.381634735,2.349339454,1.035618829,-0.610335738,-0.273733413,0.39434426,0.630121345
1497535017198670000,96983,-0.391280852,2.349187802,1.033308786,-0.610652782,-0.277021444,0.395501894,0.627646837
1497535017208810000,96984,-0.4010321,2.348766972,1.030665699,-0.610164167,-0.280256373,0.396915801,0.625790621
1497535017218750000,96985,-0.410727096,2.348184601,1.028362526,-0.609575509,-0.281909602,0.399124683,0.624214837
1497535017228700000,96986,-0.420248422,2.347566433,1.026084898,-0.609062638,-0.283414533,0.400962368,0.622854786
1497535017238750000,96987,-0.429578326,2.34671606,1.023712157,-0.607629449,-0.285542475,0.404378863,0.621071399
1497535017248690000,96988,-0.438909232,2.34603548,1.021403908,-0.606118966,-0.287841535,0.406963047,0.619796845
1497535017258740000,96989,-0.448302271,2.345526107,1.019631865,-0.604674712,-0.290186062,0.410202448,0.617976127
1497535017268810000,96990,-0.457907556,2.345172434,1.017948425,-0.602685033,-0.292439591,0.412079416,0.617608607
1497535017278730000,96991,-0.467525615,2.345061434,1.016881092,-0.601411783,-0.293595398,0.414108844,0.616943656
1497535017288850000,96992,-0.477244766,2.344976782,1.015845774,-0.598822248,-0.29370107,0.41560253,0.618406124
1497535017298740000,96993,-0.486895484,2.34492353,1.015159974,-0.597074065,-0.293042309,0.417839183,0.618901594
1497535017308840000,96994,-0.496534103,2.34491244,1.014795506,-0.59472677,-0.289905778,0.419596443,0.621444715
1497535017318760000,96995,-0.50611867,2.34499484,1.014969904,-0.593403981,-0.287487989,0.421203037,0.622744228
1497535017328710000,96996,-0.515809579,2.344798132,1.01557561,-0.592959073,-0.285162897,0.422635639,0.623266217
1497535017338740000,96997,-0.525428566,2.344570019,1.016921226,-0.592306651,-0.284189447,0.423570911,0.623696138
1497535017348750000,96998,-0.535110693,2.344338216,1.018897603,-0.591351115,-0.28492409,0.42334434,0.624421085
1497535017358750000,96999,-0.54474272,2.34439541,1.021581107,-0.591392063,-0.287712444,0.42246315,0.623700139
1497535017368750000,97000,-0.554107248,2.344340725,1.024212987,-0.590342347,-0.291018956,0.421488603,0.623819876
1497535017378730000,97001,-0.56348837,2.344551269,1.026940227,-0.590036349,-0.29416524,0.420381353,0.623380652
1497535017388780000,97002,-0.573039436,2.344636121,1.029186811,-0.589635745,-0.297389722,0.419640573,0.622728538
1497535017398740000,97003,-0.582558229,2.344884511,1.030953133,-0.589410892,-0.29956122,0.419101218,0.622263645
1497535017408830000,97004,-0.592039523,2.345043575,1.032449451,-0.588608887,-0.299741769,0.419635358,0.622575792
1497535017418760000,97005,-0.601691603,2.345333674,1.033584216,-0.589364529,-0.300338375,0.419608561,0.621590675
1497535017428710000,97006,-0.611306123,2.345530519,1.034374697,-0.590400191,-0.300371958,0.420228014,0.620171522
1497535017438690000,97007,-0.620881917,2.345460797,1.035051913,-0.591494078,-0.3013025,0.420814805,0.618277008
1497535017448760000,97008,-0.630640268,2.34542234,1.035717102,-0.592793061,-0.303439041,0.420495044,0.61620212
1497535017458700000,97009,-0.640226398,2.344756146,1.036069441,-0.593720376,-0.307373322,0.42024153,0.613526538
1497535017468750000,97010,-0.647452051,2.340832676,1.036928435,-0.608598347,-0.314079829,0.412525948,0.60065319
1497535017478620000,97011,-0.65727437,2.340539338,1.036479524,-0.590437415,-0.325237758,0.43036589,0.600324296
1497535017488750000,97012,-0.66629669,2.338926307,1.036711846,-0.588691415,-0.331580862,0.431010234,0.598102607
1497535017498690000,97013,-0.673926078,2.3364184,1.037736026,-0.581483191,-0.33805406,0.431238327,0.601357012
1497535017508850000,97014,-0.682418193,2.334681702,1.037959381,-0.57935098,-0.345720551,0.43200053,0.598502535
1497535017518770000,97015,-0.691738983,2.333579564,1.037192861,-0.585891258,-0.355555918,0.433655554,0.585025028
1497535017528740000,97016,-0.698750284,2.330937839,1.038299968,-0.577193714,-0.361112357,0.434764587,0.589427719
1497535017538770000,97017,-0.706610624,2.328953478,1.038310222,-0.599795038,-0.366395136,0.419598375,0.574402054
1497535017548740000,97018,-0.714003176,2.327105741,1.038241142,-0.599173244,-0.370912134,0.420166609,0.571730385
1497535017558710000,97019,-0.721420447,2.325473649,1.038051527,-0.598914565,-0.375690185,0.423597225,0.566324659
1497535017568740000,97020,-0.728597969,2.323730869,1.038097203,-0.599029359,-0.378657902,0.426471231,0.562053653
1497535017578720000,97021,-0.735770208,2.322024103,1.037939472,-0.599227926,-0.382386596,0.430789725,0.555991544
1497535017588740000,97022,-0.743019686,2.320404872,1.037674381,-0.600136365,-0.384689147,0.433309403,0.551446793
1497535017598700000,97023,-0.750145929,2.318669066,1.037624767,-0.598126038,-0.386217937,0.436402377,0.550121726
1497535017608830000,97024,-0.757345064,2.316878372,1.037228951,-0.600302251,-0.389940817,0.438562187,0.543365968
1497535017618760000,97025,-0.763699276,2.314552006,1.03705655,-0.601959824,-0.389936621,0.437091052,0.542720199
1497535017628720000,97026,-0.773237785,2.31395552,1.03542595,-0.584120531,-0.396744478,0.456896879,0.5409642
1497535017638750000,97027,-0.780376266,2.311566894,1.035149016,-0.584437657,-0.399961223,0.458730158,0.536684532
1497535017648750000,97028,-0.786705687,2.309056427,1.03611086,-0.577909182,-0.40208591,0.457383284,0.543275649
1497535017658790000,97029,-0.794682166,2.306972732,1.035505787,-0.580289133,-0.405239743,0.451823194,0.543047949
1497535017668740000,97030,-0.801482304,2.30300554,1.036028888,-0.572260093,-0.411143881,0.467614892,0.533680998
1497535017678720000,97031,-0.808589503,2.29979295,1.035603544,-0.574834278,-0.416671742,0.467200168,0.526948019
1497535017688730000,97032,-0.816000537,2.296803505,1.034984898,-0.573445714,-0.421727624,0.467405006,0.524250307
1497535017698680000,97033,-0.819784093,2.292828043,1.032326109,-0.569720648,-0.413827621,0.470686503,0.531619505
1497535017708850000,97034,-0.826877927,2.289416625,1.031235869,-0.568596436,-0.417642661,0.472800901,0.527950764
1497535017718750000,97035,-0.835911058,2.28532786,1.033919696,-0.590935087,-0.437466161,0.452946903,0.504240204
1497535017728730000,97036,-0.843204131,2.281783652,1.032810505,-0.589490591,-0.443137326,0.453569743,0.500404478
1497535017738700000,97037,-0.850794279,2.27811003,1.032257584,0.588688515,0.446810345,-0.454294692,-0.497416003
1497535017748620000,97038,-0.858054657,2.274257169,1.03113587,0.587358023,0.451684703,-0.454473295,-0.494414306
1497535017758670000,97039,-0.865621053,2.270432631,1.03016731,0.587131807,0.455578053,-0.45513979,-0.490482059
1497535017768750000,97040,-0.873137256,2.266404167,1.029194443,0.586179683,0.459438186,-0.45551065,-0.487667899
1497535017778770000,97041,-0.87982772,2.261838697,1.028123776,0.579755827,0.460954597,-0.45790187,-0.491660369
1497535017788890000,97042,-0.886937061,2.257530998,1.026532658,0.579525678,0.465513294,-0.457413724,-0.488077911
1497535017798750000,97043,-0.895494501,2.25305882,1.02644946,0.578737994,0.470247427,-0.457110874,-0.484746676
1497535017808770000,97044,-0.903026225,2.248428724,1.025293331,0.578163571,0.474825438,-0.456957768,-0.48110008
1497535017818770000,97045,-0.910258675,2.243730008,1.023870826,0.576842022,0.479886981,-0.456945969,-0.477663217
1497535017828710000,97046,-0.917070686,2.238864926,1.021898858,0.575402514,0.484176014,-0.457504757,-0.474526007
1497535017838800000,97047,-0.924613577,2.233847011,1.02084342,0.574675721,0.487859681,-0.457679207,-0.471455715
1497535017848760000,97048,-0.93177766,2.228734544,1.01926839,0.573604923,0.492262664,-0.457415746,-0.468428967
1497535017858780000,97049,-0.938902754,2.22353635,1.017880027,0.57212399,0.495915188,-0.458139232,-0.465672322
1497535017868780000,97050,-0.945750889,2.218294939,1.016054924,0.570955566,0.500002764,-0.458273308,-0.462593291
1497535017878730000,97051,-0.952670574,2.213607488,1.013555435,0.575992949,0.504909724,-0.456261555,-0.452905825
1497535017888730000,97052,-0.959609122,2.207904107,1.013185588,0.569392684,0.506200937,-0.458351068,-0.457675519
1497535017898710000,97053,-0.966066596,2.20269234,1.011329015,0.568508633,0.508994169,-0.458115135,-0.455909413
1497535017908700000,97054,-0.972935951,2.197426522,1.010373613,0.567442006,0.510908153,-0.458466266,-0.454742907
1497535017918780000,97055,-0.979219061,2.192007924,1.008912951,0.566112125,0.512607276,-0.458873707,-0.454076827
1497535017928720000,97056,-0.985585334,2.18684808,1.00673462,0.570961983,0.515534388,-0.45715371,-0.446359937
1497535017938770000,97057,-0.992310509,2.180539071,1.007108032,0.563341494,0.516624983,-0.459879915,-0.451946293
1497535017948760000,97058,-0.998802805,2.174487916,1.006060329,0.56167012,0.518875748,-0.459629473,-0.451702758
1497535017958780000,97059,-1.005498014,2.168189236,1.005391367,0.560574336,0.521155191,-0.45938069,-0.450691759
1497535017968860000,97060,-1.01160349,2.161743386,1.004151327,0.559165137,0.523540375,-0.459682178,-0.449368579
1497535017978750000,97061,-1.018713555,2.155152025,1.004251434,0.557734569,0.525489847,-0.459671975,-0.448881105
1497535017988760000,97062,-1.025246475,2.148371758,1.00388659,0.55724182,0.526745544,-0.459688923,-0.448003103
1497535017998790000,97063,-1.03168411,2.141488907,1.00372828,0.556345008,0.527308403,-0.460024161,-0.448111427
1497535018008770000,97064,-1.038020211,2.134388633,1.003704772,0.555888736,0.527635663,-0.460741806,-0.44755481
1497535018018780000,97065,-1.044695228,2.127032053,1.004347246,0.555632896,0.527270318,-0.46186412,-0.447146096
1497535018028740000,97066,-1.04977218,2.119572719,1.002319833,0.559347603,0.527686128,-0.462146687,-0.441699048
1497535018038780000,97067,-1.056948735,2.111150408,1.004664487,0.553157566,0.528779792,-0.465608947,-0.444541278
1497535018048750000,97068,-1.063518706,2.102639409,1.005822723,0.552084076,0.52968459,-0.46817947,-0.442092063
1497535018058770000,97069,-1.069738448,2.093749959,1.006696322,0.549422662,0.531780245,-0.4713253,-0.439541775
1497535018068760000,97070,-1.075259181,2.084425299,1.007367921,0.545954484,0.533293247,-0.47558145,-0.437440621
1497535018078730000,97071,-1.0813392,2.074956771,1.00877167,0.542586016,0.534650576,-0.479815646,-0.43534598
1497535018088820000,97072,-1.086713313,2.065320205,1.010094039,0.538086668,0.536632052,-0.485254404,-0.432454555
1497535018098770000,97073,-1.091721202,2.055653804,1.011215599,0.533036477,0.53776977,-0.490921452,-0.430896643
1497535018108840000,97074,-1.096688606,2.046106734,1.012811001,0.527434196,0.540178224,-0.49657779,-0.428288633
1497535018118770000,97075,-1.101463826,2.036719149,1.014005819,0.521850871,0.541323576,-0.50216577,-0.427165067
1497535018128710000,97076,-1.106085849,2.027634155,1.015398975,0.515980947,0.542820313,-0.508146371,-0.425319921
1497535018138780000,97077,-1.109387282,2.019152675,1.0145104,0.51506669,0.541040115,-0.514140758,-0.421475006
1497535018148740000,97078,-1.114655197,2.010592955,1.017632899,0.503326739,0.542643782,-0.521511175,-0.424530346
1497535018158780000,97079,-1.118785901,2.00266515,1.018565393,0.497607905,0.541782288,-0.528516063,-0.42370874
1497535018168760000,97080,-1.122896752,1.995031958,1.019255675,0.492640321,0.540194628,-0.53509594,-0.423281954
1497535018178760000,97081,-1.127137701,1.987691482,1.01996833,-0.489017096,-0.537235959,0.541520957,0.423077838
1497535018188750000,97082,-1.131253792,1.98057818,1.020383596,-0.485402633,-0.534142571,0.548509843,0.422152757
1497535018198770000,97083,-1.135409082,1.973640514,1.02104146,-0.483583663,-0.530832286,0.554627535,0.420419103
1497535018208850000,97084,-1.13948006,1.966775139,1.021688966,-0.481084809,-0.52692837,0.561509277,0.419059938
1497535018218720000,97085,-1.143495919,1.959993936,1.022568485,-0.478635272,-0.523655947,0.568295823,0.416812408
1497535018228760000,97086,-1.14744524,1.953279091,1.023595444,-0.476455187,-0.520405025,0.574680265,0.414622307
1497535018238770000,97087,-1.151118141,1.946550958,1.024692446,-0.473590682,-0.516610633,0.581620968,0.412967759
1497535018248760000,97088,-1.154886934,1.939828175,1.026170433,-0.470194085,-0.51377101,0.588112758,0.411193697
1497535018258790000,97089,-1.158585963,1.933036777,1.027677113,-0.467161786,-0.512288996,0.593546981,0.408683046
1497535018268770000,97090,-1.16225182,1.926275974,1.029452901,-0.462750917,-0.511277899,0.599281957,0.406592713
1497535018278740000,97091,-1.16571496,1.919505391,1.031301668,-0.458040713,-0.509859316,0.60541688,0.404614118
1497535018288740000,97092,-1.169423414,1.912697521,1.03325044,-0.453834987,-0.509148279,0.610799712,0.402151149
1497535018298760000,97093,-1.172875521,1.905856382,1.035101444,-0.449610892,-0.508316629,0.615918809,0.400135315
1497535018308840000,97094,-1.176566398,1.899031686,1.037038929,-0.445689469,-0.506993378,0.621132207,0.398137405
1497535018318770000,97095,-1.180188678,1.892128276,1.038762368,-0.441091809,-0.506479636,0.626627714,0.395289896
1497535018328760000,97096,-1.183948091,1.885260198,1.040549395,-0.436924994,-0.506377862,0.631600359,0.392121151
1497535018338760000,97097,-1.187684262,1.87820754,1.041700044,-0.433769179,-0.505379857,0.635735919,0.390224731
1497535018348750000,97098,-1.191400623,1.871081173,1.043488892,-0.428806866,-0.506945832,0.640281329,0.38622586
1497535018358780000,97099,-1.195140394,1.863813884,1.044687029,-0.424700774,-0.507887798,0.644265533,0.382885309
1497535018368760000,97100,-1.199001647,1.856505732,1.045732066,-0.420263908,-0.509207978,0.647795864,0.380060524
1497535018378740000,97101,-1.202900758,1.848958594,1.046618797,-0.416084252,-0.511634285,0.65066618,0.376480777
1497535018388730000,97102,-1.206715612,1.841417176,1.047420349,-0.411641798,-0.514145412,0.653348322,0.373284738
1497535018398770000,97103,-1.210494677,1.833726325,1.047752447,-0.407115088,-0.516476917,0.656059255,0.370263627
1497535018408850000,97104,-1.21436586,1.825973646,1.048055876,-0.401917975,-0.519646974,0.658484491,0.367188151
1497535018418770000,97105,-1.218156831,1.818104238,1.047974281,-0.397972733,-0.522611484,0.660222393,0.36414466
1497535018428850000,97106,-1.22205395,1.810233719,1.047706103,-0.393398055,-0.525307133,0.662535478,0.361022337
1497535018438760000,97107,-1.226057701,1.80234641,1.047236973,-0.389820675,-0.528537087,0.66393196,0.357606966
1497535018448720000,97108,-1.230239298,1.794381328,1.046436232,-0.386341888,-0.531472508,0.665459847,0.354175255
1497535018458770000,97109,-1.23440045,1.786325617,1.045479605,-0.38369997,-0.534850496,0.666504045,0.349973767
1497535018468680000,97110,-1.238870691,1.778203511,1.044215529,-0.381498243,-0.538229181,0.667054931,0.346130261
1497535018478620000,97111,-1.24340482,1.769993926,1.042541853,-0.379773883,-0.541992455,0.666849893,0.342530579
1497535018488730000,97112,-1.24803321,1.761607405,1.040788482,-0.378552799,-0.545904906,0.666346661,0.338626253
1497535018498810000,97113,-1.252777193,1.753073385,1.03884794,-0.376789392,-0.549685707,0.66603842,0.335064473
1497535018508870000,97114,-1.2574569,1.744323576,1.036715862,-0.374641089,-0.554356684,0.665620979,0.330577426
1497535018518870000,97115,-1.262517181,1.735241095,1.034661069,-0.37104255,-0.559881316,0.664959495,0.32663314
1497535018528740000,97116,-1.267722954,1.725744434,1.032270319,-0.368069437,-0.564918859,0.663844437,0.323577094
1497535018538770000,97117,-1.272761839,1.715997307,1.030194431,-0.363431307,-0.570787614,0.66354362,0.319106641
1497535018548710000,97118,-1.27772082,1.706127622,1.028112779,-0.358961834,-0.57491432,0.663888961,0.316024324
1497535018558780000,97119,-1.282193834,1.696289323,1.026327798,-0.354941905,-0.57855495,0.66455382,0.312503813
1497535018568770000,97120,-1.286361006,1.686780069,1.024608654,-0.351650903,-0.579827135,0.666546069,0.309610197
1497535018578730000,97121,-1.290484118,1.677465774,1.023020957,-0.348020543,-0.579558064,0.670256288,0.306187297
1497535018588660000,97122,-1.294818327,1.668300998,1.021969311,-0.344247597,-0.579590928,0.672996976,0.304373158
1497535018598780000,97123,-1.299776179,1.659188549,1.020741221,-0.339758099,-0.579004832,0.675958531,0.303970234
1497535018608810000,97124,-1.304513778,1.649956797,1.020398421,-0.336076535,-0.579304868,0.678560916,0.301684464
1497535018618780000,97125,-1.309744005,1.640781769,1.019776632,-0.334406067,-0.577546309,0.6807668,0.301942722
1497535018628740000,97126,-1.314940936,1.631642308,1.019460631,-0.332613626,-0.57536446,0.683763915,0.301315154
1497535018638770000,97127,-1.320254185,1.622353445,1.019203056,-0.331187898,-0.571698164,0.688030854,0.300148847
1497535018648700000,97128,-1.325978158,1.612988471,1.018819111,-0.33086952,-0.568134527,0.691685169,0.298864762
1497535018658750000,97129,-1.331687526,1.603175321,1.018226697,-0.329971946,-0.565259701,0.694999808,0.297615948
1497535018668860000,97130,-1.337717865,1.593168677,1.017570417,-0.329574685,-0.561102209,0.69911822,0.296274454
1497535018678750000,97131,-1.343628875,1.582854367,1.017070711,-0.328303201,-0.560259099,0.701797182,0.292929113
1497535018688720000,97132,-1.351497068,1.571482679,1.016662995,-0.329560022,-0.576030504,0.6943403,0.278335404
1497535018698780000,97133,-1.355968779,1.561911367,1.016854525,-0.328077611,-0.567752756,0.700382121,0.281933989
1497535018708820000,97134,-1.361103494,1.55209385,1.018085662,-0.326842956,-0.563621279,0.704170626,0.282220596
1497535018718780000,97135,-1.366769514,1.541967852,1.019312248,-0.325752071,-0.567249699,0.702255175,0.280982272
1497535018728790000,97136,-1.372543311,1.532246704,1.020931472,-0.325041284,-0.570825577,0.700907798,0.277911107
1497535018738780000,97137,-1.378284175,1.523010426,1.022684636,-0.325076015,-0.574065912,0.698459443,0.27735955
1497535018748840000,97138,-1.383245656,1.514170656,1.024950506,-0.321311855,-0.572991576,0.700641883,0.278460585
1497535018758780000,97139,-1.389008368,1.505300678,1.026692127,-0.320713566,-0.575470641,0.698716266,0.278876191
1497535018768840000,97140,-1.394130004,1.496749106,1.028800208,-0.320648292,-0.574045846,0.699651148,0.27954304
1497535018778730000,97141,-1.399352855,1.488244798,1.03051137,-0.323803029,-0.57387353,0.698349204,0.279515935
1497535018788880000,97142,-1.404822734,1.479932331,1.031949594,-0.32366323,-0.57239582,0.699392881,0.280097728
1497535018798780000,97143,-1.408990117,1.471431213,1.03293213,-0.324100167,-0.572999063,0.698107233,0.28156251
1497535018808860000,97144,-1.414169464,1.462538511,1.034456696,-0.322383812,-0.58206489,0.692640175,0.278421855
1497535018818780000,97145,-1.418726014,1.455039773,1.03562462,-0.322609752,-0.579434234,0.695235869,0.277175042
1497535018828800000,97146,-1.423119338,1.446599203,1.036268249,-0.320153916,-0.58456322,0.691818341,0.277803339
1497535018838780000,97147,-1.427323659,1.438301261,1.037011948,-0.318812953,-0.589760015,0.6886041,0.27634366
1497535018848860000,97148,-1.431495569,1.430005857,1.037619516,-0.317340399,-0.596989343,0.683506769,0.275167754
1497535018858780000,97149,-1.435411275,1.422284873,1.037704251,-0.311705251,-0.602222206,0.683096213,0.271197002
1497535018868840000,97150,-1.439254668,1.414536357,1.037901769,-0.312473032,-0.607024142,0.679495304,0.26864182
1497535018878720000,97151,-1.442633822,1.407361336,1.038419247,-0.311667698,-0.60868652,0.680172339,0.264063545
1497535018888770000,97152,-1.44613459,1.399869144,1.038556268,-0.312155278,-0.612448055,0.677791289,0.260893523
1497535018898790000,97153,-1.449205991,1.392638424,1.038667927,-0.313824842,-0.614118492,0.676397877,0.258569833
1497535018908850000,97154,-1.452449315,1.385480443,1.038528387,-0.314100563,-0.615742051,0.676020185,0.255341482
1497535018918770000,97155,-1.455544463,1.37797752,1.038612922,-0.315024656,-0.61897439,0.673470998,0.253114571
1497535018928740000,97156,-1.457950735,1.370602878,1.03791886,-0.31391319,-0.61974268,0.673381818,0.252852619
1497535018938720000,97157,-1.461375996,1.363325882,1.037268332,-0.316447328,-0.621076618,0.670923154,0.252956605
1497535018948710000,97158,-1.464197906,1.356069869,1.036914712,-0.31812542,-0.622615896,0.669447984,0.250968244
1497535018958720000,97159,-1.467281243,1.348728964,1.036472773,-0.319862367,-0.624048358,0.667596933,0.250132062
1497535018968780000,97160,-1.47020991,1.341492914,1.036045246,-0.322299791,-0.625042132,0.665836317,0.249213114
1497535018978690000,97161,-1.473318226,1.334037033,1.035757096,-0.325694703,-0.624270663,0.664566287,0.250121469
1497535018988860000,97162,-1.476310201,1.326630997,1.03554598,-0.329164096,-0.623971444,0.663100959,0.250215414
1497535018998750000,97163,-1.478832183,1.319236685,1.035110859,-0.331486003,-0.62551508,0.660975981,0.248914978
1497535019008870000,97164,-1.481489718,1.311801328,1.034676156,-0.334036119,-0.627639526,0.65879089,0.24593304
1497535019018790000,97165,-1.48384525,1.304551267,1.033620204,-0.334755182,-0.630171948,0.656963703,0.243353605
1497535019028860000,97166,-1.485986145,1.296915281,1.033050702,-0.334378735,-0.632055755,0.655582953,0.242708418
1497535019038790000,97167,-1.48851502,1.289514882,1.031437573,-0.325582897,-0.632801914,0.660739255,0.238707251
1497535019048860000,97168,-1.490433456,1.281835808,1.030550235,-0.324897944,-0.634367151,0.659619665,0.238582355
1497535019058800000,97169,-1.492350891,1.274253171,1.029360081,-0.324191942,-0.637207549,0.657609149,0.237521222
1497535019068850000,97170,-1.494207588,1.26644886,1.028372111,-0.324214504,-0.639629996,0.655536921,0.236706081
1497535019078760000,97171,-1.496162323,1.258534404,1.027200207,-0.324117051,-0.642086517,0.653309366,0.236347022
1497535019088780000,97172,-1.498140102,1.250597966,1.02585294,-0.324351952,-0.644774681,0.650609047,0.236155225
1497535019098790000,97173,-1.500170158,1.242196003,1.024874004,-0.32583366,-0.645958061,0.648476415,0.236746591
1497535019108790000,97174,-1.502005318,1.234061319,1.023353497,0.325815626,0.649160672,-0.64558172,-0.235921264
1497535019118780000,97175,-1.503825656,1.225632316,1.021838004,0.326332968,0.651979169,-0.642540658,-0.235735996
1497535019128730000,97176,-1.505595353,1.216854162,1.02051656,0.326425599,0.653861259,-0.640453516,-0.2360743
1497535019138790000,97177,-1.50726405,1.208087974,1.018682474,0.326842284,0.657805234,-0.636393539,-0.235519976
1497535019148840000,97178,-1.508936812,1.198829067,1.016994743,0.326723141,0.660958129,-0.633206497,-0.235448239
1497535019158790000,97179,-1.510493813,1.189626152,1.015114873,0.326504152,0.665159465,-0.629142709,-0.234813492
1497535019168770000,97180,-1.511915665,1.180253995,1.013061534,0.326356429,0.670092878,-0.624402707,-0.233641338
1497535019178740000,97181,-1.513406666,1.17077443,1.011109302,0.325275502,0.673223772,-0.621646681,-0.233497333
1497535019188740000,97182,-1.514718289,1.161403741,1.008940807,0.324187539,0.677259701,-0.618100221,-0.232752772
1497535019198760000,97183,-1.51593781,1.152069647,1.006934535,0.323852394,0.680482537,-0.614794362,-0.232574797
1497535019208760000,97184,-1.517140928,1.142808356,1.004946691,0.323773592,0.683132873,-0.611734814,-0.232982094
1497535019218690000,97185,-1.518230123,1.13378217,1.003071488,0.324251,0.685290474,-0.608928701,-0.233332578
1497535019228780000,97186,-1.519357571,1.124858869,1.001342407,0.325158732,0.686288213,-0.60693761,-0.234322483
1497535019238800000,97187,-1.520008304,1.116163101,0.999818635,0.332109533,0.688958478,-0.599950669,-0.234731055
1497535019248940000,97188,-1.520780684,1.107484279,0.998016538,0.332874638,0.688682626,-0.599319737,-0.236064757
1497535019258820000,97189,-1.521561007,1.098577586,0.996417582,0.334692549,0.689400207,-0.59767676,-0.235564731
1497535019268790000,97190,-1.522087577,1.089408002,0.994953763,0.336193707,0.689297824,-0.596720159,-0.236151121
1497535019278750000,97191,-1.522176515,1.080179747,0.993248842,0.33683279,0.689847358,-0.595641953,-0.236357689
1497535019288780000,97192,-1.522350653,1.07045374,0.991857884,0.336874712,0.690499483,-0.594883227,-0.236304547
1497535019298780000,97193,-1.522051292,1.060518537,0.990725687,0.337329719,0.690201093,-0.594400694,-0.237737095
1497535019308860000,97194,-1.522027539,1.050150172,0.989969336,0.337733706,0.690734618,-0.593541498,-0.237760637
1497535019318780000,97195,-1.521697604,1.039775153,0.989400755,0.338366586,0.690155419,-0.593434628,-0.238807232
1497535019328760000,97196,-1.521367156,1.029231775,0.989279289,0.338968971,0.689519012,-0.593526152,-0.239562675
1497535019338740000,97197,-1.520924683,1.01855153,0.989512602,0.340197884,0.688238458,-0.59403563,-0.240239245
1497535019348720000,97198,-1.520274397,1.007791989,0.989987796,0.3409675,0.68680036,-0.595011425,-0.240848156
1497535019358800000,97199,-1.519705487,0.996692203,0.990785198,0.342237818,0.686156583,-0.595465503,-0.239756657
1497535019368900000,97200,-1.51881275,0.985459043,0.991705075,0.342681705,0.685410317,-0.596563328,-0.238524928
1497535019378740000,97201,-1.517707061,0.974161369,0.992644113,0.342046755,0.684644128,-0.598480976,-0.23682685
1497535019388750000,97202,-1.516388159,0.962664522,0.993908977,0.340812405,0.683270438,-0.601362382,-0.235269417
1497535019398800000,97203,-1.514792312,0.951102828,0.995387208,0.340229627,0.682345412,-0.603536736,-0.233220816
1497535019408900000,97204,-1.512935836,0.939711491,0.996700997,0.337654139,0.68107498,-0.607283001,-0.230941358
1497535019418790000,97205,-1.510949307,0.92841787,0.998241873,0.335665181,0.678895707,-0.61150678,-0.229104702
1497535019428780000,97206,-1.509053898,0.917243393,0.999893519,0.333005455,0.677311997,-0.615743217,-0.226309779
1497535019438800000,97207,-1.506900596,0.906537586,1.001160368,0.329187428,0.674676967,-0.621326126,-0.224500496
1497535019448880000,97208,-1.504882657,0.896049879,1.002481115,0.325486493,0.672964112,-0.625976017,-0.222107795
1497535019458820000,97209,-1.50318307,0.885697641,1.003833558,0.321967061,0.670730963,-0.630919742,-0.219994243
1497535019468890000,97210,-1.50162176,0.875611905,1.005321439,0.318270561,0.667818967,-0.636349312,-0.218589182
1497535019478730000,97211,-1.500012361,0.866129676,1.006287302,0.314566238,0.664685247,-0.641954475,-0.217108397
1497535019488910000,97212,-1.498895792,0.856633757,1.007554006,0.312434241,0.661010123,-0.64717066,-0.21591804
1497535019498790000,97213,-1.497738662,0.847596399,1.008776811,0.310574826,0.656309756,-0.6528207,-0.215930347
1497535019508830000,97214,-1.496882513,0.838696939,1.010199261,-0.31027241,-0.651592084,0.657769256,0.215634862
1497535019518800000,97215,-1.496263427,0.830084769,1.011718513,-0.310426669,-0.647017882,0.662503585,0.214690807
1497535019528810000,97216,-1.49578322,0.821658795,1.013595928,-0.311036067,-0.64253683,0.666895079,0.213667827
1497535019538810000,97217,-1.495238624,0.813556499,1.01528695,-0.311394627,-0.637810631,0.67151403,0.212837715
1497535019548890000,97218,-1.494727173,0.805672305,1.017037855,-0.312123867,-0.632516103,0.676316297,0.212363691
1497535019558770000,97219,-1.494235915,0.797945677,1.018866425,-0.313157866,-0.627623805,0.68045306,0.2121418
1497535019568840000,97220,-1.493858262,0.790305639,1.020802618,-0.313068258,-0.62311821,0.68461668,0.21216023
1497535019578750000,97221,-1.493374759,0.782823339,1.022783558,-0.313650911,-0.618186563,0.688740298,0.212380039
1497535019588850000,97222,-1.492935541,0.775357392,1.024949883,-0.313099154,-0.613921058,0.692678534,0.212758791
1497535019598790000,97223,-1.492394852,0.767947909,1.027248579,-0.312447879,-0.609851194,0.696490417,0.21297639
1497535019608860000,97224,-1.491765155,0.760583104,1.029393293,-0.3101575,-0.606394457,0.700403766,0.213360379
1497535019618780000,97225,-1.49142113,0.75295961,1.031776074,-0.309532476,-0.602003648,0.704294474,0.213893775
1497535019628850000,97226,-1.490931038,0.745375891,1.033812495,-0.307716817,-0.598784433,0.707805897,0.213958817
1497535019638800000,97227,-1.490448876,0.737774763,1.035547741,-0.305617994,-0.595839037,0.711347944,0.21344223
1497535019648800000,97228,-1.490179513,0.730024775,1.037119783,-0.303477085,-0.594101667,0.714073841,0.212234346
1497535019658790000,97229,-1.49007,0.722076865,1.038674757,-0.302223534,-0.592083155,0.716411108,0.211786677
1497535019668770000,97230,-1.490017661,0.714119219,1.039788141,-0.300960604,-0.59099713,0.718188187,0.21059638
1497535019678780000,97231,-1.489712205,0.706319759,1.040271735,-0.298749738,-0.588743804,0.720999485,0.210449687
1497535019688790000,97232,-1.489824177,0.69812955,1.041124718,-0.297749306,-0.588361554,0.721896361,0.209861089
1497535019698800000,97233,-1.489019551,0.690678073,1.040261468,-0.292923625,-0.586836956,0.725152557,0.209694793
1497535019708900000,97234,-1.4891087,0.682368359,1.040684934,-0.291723385,-0.586188404,0.726159535,0.209697284
1497535019718710000,97235,-1.489230116,0.673971636,1.040891711,-0.290102754,-0.586616754,0.726568203,0.209331847
1497535019728730000,97236,-1.489216757,0.665557978,1.040441554,-0.28811674,-0.586851248,0.727271735,0.208974114
1497535019738790000,97237,-1.489435148,0.656823977,1.040226133,-0.286940521,-0.586797587,0.727766937,0.209019176
1497535019748780000,97238,-1.489651784,0.648039088,1.039421999,-0.285008068,-0.588013399,0.727675042,0.208565761
1497535019758810000,97239,-1.489835554,0.639110269,1.038200887,-0.282974367,-0.589554854,0.72757002,0.207346202
1497535019768790000,97240,-1.490386824,0.62974193,1.037008517,-0.2821536,-0.591412365,0.726709602,0.206189028
1497535019778750000,97241,-1.49060288,0.62048113,1.03492616,-0.28004491,-0.593711505,0.726271374,0.203988697
1497535019788870000,97242,-1.491503718,0.610567629,1.033425915,-0.280499497,-0.596576479,0.724247538,0.202193076
1497535019798790000,97243,-1.489404155,0.60336032,1.025135312,-0.281099062,-0.598729295,0.722705873,0.200506284
1497535019808870000,97244,-1.490055364,0.593268824,1.022457601,-0.28094229,-0.602021379,0.720624291,0.198348988
1497535019818730000,97245,-1.490798519,0.582990823,1.019680753,-0.280037866,-0.605798119,0.718418401,0.196118417
1497535019828870000,97246,-1.49158839,0.572480598,1.016994166,-0.278678259,-0.609681678,0.71630201,0.193747542
1497535019838800000,97247,-1.492358277,0.561843904,1.0142112,-0.277279524,-0.612531304,0.714947881,0.191757644
1497535019848800000,97248,-1.493092379,0.551034593,1.011506203,-0.275199046,-0.616074048,0.713248592,0.189722686
1497535019858820000,97249,-1.493698776,0.540201533,1.008890928,-0.273536191,-0.618555024,0.712146717,0.188187903
1497535019868860000,97250,-1.494068017,0.529641469,1.006124172,-0.272609663,-0.619866099,0.711821295,0.186441505
1497535019878770000,97251,-1.494387532,0.519464772,1.003627238,-0.271078968,-0.620155798,0.712732325,0.184216212
1497535019888740000,97252,-1.494640098,0.509817193,1.001107753,-0.270392142,-0.619364691,0.714320159,0.181720056
1497535019898790000,97253,-1.494978125,0.500452486,0.999337813,-0.269245367,-0.616922457,0.717456927,0.179357666
1497535019908780000,97254,-1.495267211,0.49118581,0.997681947,-0.268130757,-0.612970467,0.721338307,0.1790088
1497535019918750000,97255,-1.495847471,0.481439404,0.996553472,-0.267416842,-0.607929826,0.725565477,0.180178517
1497535019928740000,97256,-1.496585915,0.471289054,0.995172983,-0.26713004,-0.603214018,0.729388856,0.181014604
1497535019938760000,97257,-1.497672009,0.460410218,0.994191626,-0.268126811,-0.599096272,0.732332342,0.181331218
1497535019948840000,97258,-1.498894654,0.449080534,0.993279052,-0.268349005,-0.595068008,0.735733402,0.180497198
1497535019958820000,97259,-1.500067426,0.437336244,0.992306156,-0.269068787,-0.590748813,0.739171335,0.179564932
1497535019968820000,97260,-1.501262224,0.42521916,0.991641393,-0.268891943,-0.587637706,0.742122207,0.177858593
1497535019978780000,97261,-1.502337952,0.412832942,0.991228176,-0.267568668,-0.585269894,0.745043464,0.175432026
1497535019988780000,97262,-1.503439604,0.40030136,0.99144835,-0.264797321,-0.584661087,0.74711163,0.172852555
1497535019998720000,97263,-1.504705479,0.387733432,0.992823368,-0.261829433,-0.58544863,0.747941971,0.171108321
1497535020008740000,97264,-1.506073523,0.37543487,0.994960099,-0.259962815,-0.587019354,0.747531039,0.170367131
1497535020018910000,97265,-1.507672243,0.363445903,0.997614146,-0.259340337,-0.590534791,0.745089385,0.169861879
1497535020028790000,97266,-1.509612192,0.351711019,1.000480582,-0.258297539,-0.593349851,0.743261171,0.169650132
1497535020038800000,97267,-1.511679679,0.340264766,1.003085865,-0.257352549,-0.595452944,0.742021372,0.169144144
1497535020048800000,97268,-1.514187472,0.32889699,1.005701799,-0.256734541,-0.59678329,0.741075281,0.169542056
1497535020058710000,97269,-1.516905668,0.317709468,1.008135049,-0.257308864,-0.597239544,0.740371408,0.170138927
1497535020068770000,97270,-1.519773748,0.306623701,1.010135104,-0.259286801,-0.597460854,0.739240314,0.171273586
1497535020078740000,97271,-1.522637317,0.295664597,1.01202653,-0.262350908,-0.597494388,0.737769773,0.172824242
1497535020088830000,97272,-1.525396968,0.284827314,1.013615393,-0.26483431,-0.598207498,0.735864287,0.174683508
1497535020098760000,97273,-1.527974256,0.274076954,1.015218471,-0.267643993,-0.598741759,0.73382486,0.177132929
1497535020108840000,97274,-1.530144798,0.263628519,1.016546393,-0.268888475,-0.600321159,0.731343388,0.180139786
1497535020118860000,97275,-1.53202323,0.253347865,1.017813993,-0.268935212,-0.602982319,0.72863209,0.182157769
1497535020128870000,97276,-1.533685834,0.243252479,1.018906847,-0.268042421,-0.607404056,0.724757404,0.184228876
1497535020138790000,97277,-1.535155491,0.233380712,1.019949661,-0.265766542,-0.612721565,0.721063603,0.184411794
1497535020148840000,97278,-1.536544983,0.223835023,1.020936374,-0.264058745,-0.617983183,0.717227056,0.184269135
1497535020158820000,97279,-1.538018513,0.214516717,1.022074141,-0.262479044,-0.623562223,0.713180809,0.18343402
1497535020168720000,97280,-1.539514715,0.205584286,1.022989638,-0.262271637,-0.62774023,0.709947941,0.182015695
1497535020178800000,97281,-1.540890964,0.19670455,1.023925495,-0.26140427,-0.634309452,0.704940211,0.179940618
1497535020188800000,97282,-1.542348236,0.18841056,1.024646558,-0.262762312,-0.637050121,0.702538728,0.177658231
1497535020198740000,97283,-1.543332366,0.180437652,1.025633899,-0.261473055,-0.637326461,0.702658587,0.178094732
1497535020208830000,97284,-1.544884283,0.172367983,1.025992788,-0.263652757,-0.639573203,0.700558372,0.175075153
1497535020218830000,97285,-1.545959659,0.16459736,1.026495111,-0.264074447,-0.639181508,0.700471088,0.176215612
1497535020228770000,97286,-1.54776223,0.156636173,1.026468752,-0.268357871,-0.642446879,0.696661591,0.172941287
1497535020238810000,97287,-1.549172222,0.148990454,1.026707993,-0.270820075,-0.643020892,0.695096993,0.173265085
1497535020248800000,97288,-1.551017458,0.141255074,1.026500242,-0.275476054,-0.645837437,0.691233315,0.170890179
1497535020258820000,97289,-1.549431184,0.137876003,1.02676036,-0.273613409,-0.617935797,0.713842949,0.183628149
1497535020268740000,97290,-1.551120756,0.129963653,1.026727877,-0.276066566,-0.622946723,0.708791645,0.182589803
1497535020278790000,97291,-1.552357833,0.122725165,1.026387884,-0.278994021,-0.623945556,0.706643408,0.183055655
1497535020288800000,97292,-1.553592754,0.115405836,1.026119156,-0.281252926,-0.625454692,0.704205491,0.183841905
1497535020298770000,97293,-1.55800446,0.103515983,1.025196759,-0.287155713,-0.660030957,0.673466005,0.168357571
1497535020308910000,97294,-1.558636171,0.096380977,1.0250572,-0.287600927,-0.659368999,0.672948672,0.172215894
1497535020318820000,97295,-1.559804995,0.088790208,1.024193923,-0.290665239,-0.663292128,0.668322242,0.170007802
1497535020328800000,97296,-1.560539214,0.081276176,1.023410194,-0.291842516,-0.665077106,0.665874028,0.170622882
1497535020338780000,97297,-1.561168848,0.073749084,1.022707241,0.293198763,0.666434009,-0.663605463,-0.171837094
1497535020348800000,97298,-1.561842439,0.066108075,1.021919574,0.294637395,0.66813601,-0.661048658,-0.172620248
1497535020358820000,97299,-1.562397025,0.058365236,1.021054173,0.295793208,0.669990103,-0.658416597,-0.173514339
1497535020368810000,97300,-1.56302034,0.050500242,1.020269175,0.29721925,0.671885408,-0.655544544,-0.174619779
1497535020378800000,97301,-1.560716745,0.045960613,1.019825608,-0.293944571,-0.649288219,0.675323909,0.189628629
1497535020388800000,97302,-1.561282013,0.037773379,1.01871607,-0.295406113,-0.652105641,0.671553974,0.191072553
1497535020398800000,97303,-1.561946206,0.029495708,1.017642876,-0.297126441,-0.654819667,0.667784194,0.192331362
1497535020408900000,97304,-1.562617546,0.021077469,1.016520705,-0.29871839,-0.657349822,0.664158803,0.193782404
1497535020418800000,97305,-1.563276038,0.012512901,1.015256514,-0.300802833,-0.659784158,0.660407835,0.195100005
1497535020428800000,97306,-1.563925902,0.003747151,1.013932563,0.302620368,0.662505784,-0.656502006,-0.19624504
1497535020438820000,97307,-1.566944836,-0.007230681,1.011824968,0.310459321,0.680453403,-0.636921319,-0.186894114
1497535020448800000,97308,-1.567355617,-0.016180585,1.010302346,0.312066195,0.681848202,-0.63413261,-0.188609523
1497535020458830000,97309,-1.567662968,-0.025304668,1.008504719,0.313613773,0.683729815,-0.63104564,-0.189582017
1497535020468800000,97310,-1.567678392,-0.034618734,1.006813373,0.313309205,0.685628959,-0.628283387,-0.192380506
1497535020478810000,97311,-1.567666601,-0.044048336,1.005051557,0.312857185,0.687571648,-0.625627199,-0.194823556
1497535020488790000,97312,-1.567677684,-0.053477122,1.003177258,0.312846214,0.689651674,-0.622909172,-0.196193726
1497535020498830000,97313,-1.567845769,-0.062739272,1.001143759,0.314410151,0.691384984,-0.620187403,-0.196215813
1497535020508900000,97314,-1.567918023,-0.07188363,0.999220795,0.3158254,0.692860799,-0.617627352,-0.196811289
1497535020518790000,97315,-1.56782465,-0.080936764,0.997367909,0.316656818,0.694115337,-0.615228993,-0.198558918
1497535020528780000,97316,-1.567636902,-0.089808445,0.995491797,0.317447035,0.69444804,-0.613824751,-0.200470632
1497535020538810000,97317,-1.567475046,-0.098490708,0.993992389,0.318621575,0.694349706,-0.612606798,-0.202661515
1497535020548800000,97318,-1.567288767,-0.10715014,0.992263704,0.320728154,0.694364294,-0.610921545,-0.204368648
1497535020558750000,97319,-1.567092647,-0.115872716,0.990450439,0.322785698,0.693602032,-0.610278054,-0.205636359
1497535020568800000,97320,-1.566866097,-0.124675731,0.988681037,0.325370507,0.692561189,-0.609658434,-0.206904874
1497535020578750000,97321,-1.56647557,-0.133674775,0.987007062,0.327600025,0.691840875,-0.608743877,-0.20848338
1497535020588810000,97322,-1.566004308,-0.142873432,0.985487692,0.329779539,0.690995665,-0.607973299,-0.210092634
1497535020598810000,97323,-1.565355249,-0.152280587,0.984003553,0.331385278,0.690035182,-0.607459985,-0.212197108
1497535020608800000,97324,-1.564758441,-0.161915337,0.982851266,0.333334336,0.689171476,-0.606578029,-0.214462099
1497535020618800000,97325,-1.564233319,-0.171738248,0.981849399,0.33586733,0.688342701,-0.605435082,-0.216392755
1497535020628780000,97326,-1.563598748,-0.181672088,0.980998762,0.338368717,0.686803096,-0.604997678,-0.218599928
1497535020638780000,97327,-1.562963715,-0.191617515,0.98075566,0.340900726,0.685266204,-0.604339341,-0.221293663
1497535020648790000,97328,-1.562280416,-0.201647632,0.98052597,0.344330208,0.683361823,-0.603968948,-0.222878525
1497535020658760000,97329,-1.561534053,-0.211856486,0.980876713,0.347360729,0.681034037,-0.604239165,-0.224562232
1497535020668770000,97330,-1.560447854,-0.222325304,0.981148921,0.349768756,0.679086496,-0.604732375,-0.225393218
1497535020678700000,97331,-1.559107687,-0.233103482,0.9816321,0.351259931,0.677571048,-0.605565286,-0.225398803
1497535020688720000,97332,-1.55765218,-0.24399636,0.982594908,0.351917726,0.676091871,-0.607250614,-0.224277478
1497535020698750000,97333,-1.55577997,-0.255017129,0.98372619,0.351382472,0.675274096,-0.609314383,-0.221971251
1497535020708750000,97334,-1.553939599,-0.266081193,0.985146273,0.35042922,0.673792488,-0.612684209,-0.218680372
1497535020718860000,97335,-1.55170317,-0.277075748,0.986813727,0.347234567,0.672827502,-0.616374212,-0.216365753
1497535020728810000,97336,-1.549618089,-0.287850997,0.988604916,0.344164767,0.671417375,-0.620700975,-0.213259517
1497535020738830000,97337,-1.547464025,-0.298434574,0.990153389,0.340800327,0.669518735,-0.625760358,-0.209818432
1497535020748840000,97338,-1.545433839,-0.308583517,0.992531635,0.337327296,0.66733489,-0.630476786,-0.208262964
1497535020758840000,97339,-1.543331476,-0.318583676,0.994160959,0.333544282,0.664744078,-0.635736186,-0.206647103
1497535020768820000,97340,-1.541343894,-0.32834661,0.995968395,0.329951269,0.662059027,-0.640732246,-0.205602027
1497535020778780000,97341,-1.539410648,-0.337805421,0.997982964,0.325294533,0.659268852,-0.645614127,-0.206713441
1497535020788730000,97342,-1.537942781,-0.346940701,0.999611669,0.323206633,0.655764305,-0.65049753,-0.205824224
1497535020798830000,97343,-1.536582319,-0.355952666,1.001023048,-0.320990984,-0.652662592,0.654812644,0.205467103
1497535020808760000,97344,-1.53539339,-0.36481868,1.002327486,-0.318933013,-0.649007935,0.659357807,0.205712703
1497535020818800000,97345,-1.533716211,-0.373712497,1.004618022,-0.312904684,-0.645977703,0.663157094,0.212193627
1497535020828790000,97346,-1.532903684,-0.382046088,1.005898182,-0.312930748,-0.642280102,0.666693068,0.212299247
1497535020838820000,97347,-1.532103236,-0.389975914,1.007544069,-0.312642341,-0.637471251,0.671121336,0.213263508
1497535020848810000,97348,-1.531426966,-0.397680965,1.008863532,-0.313813072,-0.632247207,0.675374236,0.213669058
1497535020858820000,97349,-1.530946279,-0.405229353,1.010476404,-0.313975873,-0.627553643,0.679335051,0.214707857
1497535020868820000,97350,-1.530709441,-0.412733535,1.011936164,-0.315376922,-0.624533167,0.682064284,0.212800454
1497535020878790000,97351,-1.53036552,-0.419885669,1.013644968,-0.315507309,-0.619445482,0.686228669,0.214085605
1497535020888850000,97352,-1.530156494,-0.427005135,1.015388123,-0.315770871,-0.615721771,0.689381785,0.214308683
1497535020898820000,97353,-1.529855231,-0.434048802,1.017236285,-0.31580075,-0.612208979,0.692572146,0.214041761
1497535020908830000,97354,-1.529566215,-0.441071636,1.019251269,-0.313921366,-0.608787823,0.696184918,0.214842554
1497535020918830000,97355,-1.529317423,-0.44812648,1.021082132,-0.312879588,-0.606225079,0.698906369,0.214772913
1497535020928800000,97356,-1.528859463,-0.455068427,1.022973544,-0.311050287,-0.602392452,0.702782881,0.215562695
1497535020938830000,97357,-1.528468453,-0.462050335,1.024976592,-0.308111883,-0.598794929,0.70675904,0.216802585
1497535020948780000,97358,-1.528200243,-0.469070153,1.026457527,-0.30711363,-0.595797063,0.709931158,0.216113
1497535020958840000,97359,-1.528136196,-0.476348738,1.027928973,-0.305551702,-0.594777557,0.711723723,0.215237443
1497535020968830000,97360,-1.527810017,-0.483535332,1.029117652,-0.305190098,-0.591594593,0.714446734,0.215501057
1497535020978810000,97361,-1.527731306,-0.490935759,1.03021186,-0.304068821,-0.589144448,0.716707981,0.216288331
1497535020988830000,97362,-1.527495841,-0.498539327,1.031041602,-0.30339142,-0.58769175,0.71822204,0.216169272
1497535020998850000,97363,-1.527519173,-0.506420172,1.031767762,-0.303023153,-0.584294207,0.720544205,0.218158883
1497535021008830000,97364,-1.527523099,-0.514784341,1.032365141,-0.302949802,-0.583331362,0.720964757,0.219444204
1497535021018800000,97365,-1.527751834,-0.523411272,1.0327993,-0.302662924,-0.582840552,0.720851986,0.221504988
1497535021028790000,97366,-1.525903323,-0.528011702,1.032331337,-0.290607074,-0.580281953,0.730183235,0.21366522
1497535021038800000,97367,-1.525733975,-0.536342656,1.032203605,-0.288297488,-0.582194797,0.729917168,0.212496363
1497535021048790000,97368,-1.525883651,-0.544943263,1.031834054,-0.286657513,-0.583493132,0.729544283,0.212434399
1497535021058800000,97369,-1.525836742,-0.55345672,1.031263216,-0.284679407,-0.584713461,0.729716931,0.211142143
1497535021068840000,97370,-1.525995252,-0.562070413,1.030425357,-0.282680938,-0.586095564,0.729835631,0.209579169
1497535021078810000,97371,-1.526283153,-0.5709054,1.029368542,-0.281206112,-0.58778525,0.729541102,0.207849469
1497535021088820000,97372,-1.526653934,-0.579891947,1.027994676,-0.280021472,-0.589506378,0.729147006,0.205948659
1497535021098810000,97373,-1.527307557,-0.589272742,1.026414896,-0.280216203,-0.591682554,0.727748441,0.204384056
1497535021108760000,97374,-1.527977827,-0.598755836,1.024639447,-0.279466411,-0.594798269,0.726071824,0.202319673
1497535021118810000,97375,-1.528530359,-0.608302015,1.02267753,-0.278488007,-0.597498979,0.724715297,0.200567044
1497535021128780000,97376,-1.529165575,-0.617946019,1.020516193,-0.27727398,-0.599406574,0.724043693,0.198976454
1497535021138830000,97377,-1.529994671,-0.628103422,1.01851567,-0.276949629,-0.602328189,0.722096104,0.197678711
1497535021148790000,97378,-1.530864861,-0.637991175,1.016362805,-0.273493233,-0.606202921,0.720952445,0.194800006
1497535021158820000,97379,-1.531565604,-0.648478444,1.014323987,-0.272737504,-0.607706378,0.720054332,0.194496711
1497535021168820000,97380,-1.532113702,-0.658653967,1.012406656,-0.269884936,-0.610351927,0.719609913,0.191818195
1497535021178780000,97381,-1.532547361,-0.668814064,1.010455119,-0.266681912,-0.61076251,0.720642414,0.191113644
1497535021188810000,97382,-1.532782934,-0.678518835,1.008589526,-0.263514018,-0.611334889,0.722122866,0.188065367
1497535021198860000,97383,-1.533034861,-0.688117648,1.006917082,-0.26131799,-0.610959543,0.723669671,0.186396223
1497535021208880000,97384,-1.533467004,-0.697234394,1.005299939,-0.259454383,-0.60843858,0.726696025,0.185469148
1497535021218830000,97385,-1.534795696,-0.708485183,1.004376727,-0.257967231,-0.619585201,0.719162603,0.179922865
1497535021228810000,97386,-1.534560669,-0.715856733,1.00277968,-0.258557266,-0.600989763,0.733069489,0.185926248
1497535021238820000,97387,-1.535754183,-0.725963871,1.001826828,-0.258477763,-0.598553686,0.734782628,0.187128891
1497535021248780000,97388,-1.537053603,-0.736001126,1.000804034,-0.257579742,-0.595364977,0.737564541,0.187594692
1497535021258830000,97389,-1.538552594,-0.746657854,0.999908863,-0.258558449,-0.592428299,0.73963378,0.187398267
1497535021268820000,97390,-1.540315978,-0.757112477,0.998988288,-0.25863101,-0.58777345,0.74339404,0.187076651
1497535021278780000,97391,-1.542176386,-0.768229575,0.998255979,-0.259434478,-0.583537202,0.746471191,0.186972853
1497535021288850000,97392,-1.543964658,-0.779820336,0.997787673,-0.259278084,-0.580979587,0.748746093,0.186056129
1497535021298660000,97393,-1.545887498,-0.791179118,0.997575822,-0.257613584,-0.577521697,0.752299602,0.18479513
1497535021308740000,97394,-1.547730908,-0.802955594,0.998123254,-0.255636362,-0.577459725,0.753345843,0.183467595
1497535021318810000,97395,-1.549610635,-0.814490096,0.999351995,-0.253059758,-0.576875142,0.754813702,0.182844483
1497535021328770000,97396,-1.551191422,-0.82606832,1.000827467,-0.252060223,-0.579786217,0.752922971,0.18281298
1497535021338740000,97397,-1.553881462,-0.837223651,1.003232765,-0.252229957,-0.578393323,0.753876972,0.183059344
1497535021348770000,97398,-1.556427277,-0.848860289,1.0055006,-0.252740998,-0.585738781,0.748233263,0.182151182
1497535021358810000,97399,-1.559673477,-0.860086299,1.008217877,-0.255249664,-0.583901377,0.748545326,0.183266707
1497535021368810000,97400,-1.5630031,-0.871129631,1.010654213,-0.255921008,-0.586507195,0.746375235,0.182859935
1497535021378790000,97401,-1.566371258,-0.882127614,1.012976004,-0.256894473,-0.589233258,0.743791538,0.183258141
1497535021388810000,97402,-1.56961544,-0.893053955,1.015011767,-0.25935135,-0.589589586,0.742070143,0.185614927
1497535021398790000,97403,-1.572724509,-0.903709588,1.016796315,-0.262139808,-0.588142251,0.741353422,0.189120378
1497535021408850000,97404,-1.575404627,-0.914163011,1.018493647,-0.264170926,-0.58834992,0.739990888,0.190975338
1497535021418740000,97405,-1.577973845,-0.924509521,1.020045012,-0.264478298,-0.590254582,0.737989005,0.192413581
1497535021428780000,97406,-1.580153883,-0.934878302,1.021551615,-0.265690817,-0.590768225,0.736119914,0.196287456
1497535021438840000,97407,-1.582117529,-0.944576772,1.022654506,-0.262929581,-0.593409168,0.734608063,0.197698228
1497535021448940000,97408,-1.583984637,-0.954695495,1.023829678,-0.261906817,-0.596387111,0.731901692,0.20011783
1497535021458840000,97409,-1.585623707,-0.964403229,1.024919422,-0.25942344,-0.602052286,0.728273506,0.199625209
1497535021468720000,97410,-1.587290498,-0.974081801,1.025994551,-0.258073502,-0.606858292,0.724721883,0.199748023
1497535021478800000,97411,-1.58913747,-0.983407836,1.02700756,-0.256534104,-0.61152983,0.721385865,0.1995594
1497535021488830000,97412,-1.590692117,-0.992400623,1.028150196,-0.255829614,-0.617182346,0.717519563,0.19698436
1497535021498830000,97413,-1.592449537,-1.001089432,1.028958917,-0.25586484,-0.620647901,0.714712725,0.19625261
1497535021508830000,97414,-1.593927878,-1.00955314,1.029775159,-0.256495371,-0.622593862,0.7129512,0.19567216
1497535021518830000,97415,-1.595422852,-1.017814904,1.030331131,-0.256975848,-0.624478424,0.711400937,0.19467619
1497535021528770000,97416,-1.596672579,-1.025824389,1.030763556,-0.257478187,-0.626257761,0.710220597,0.192595178
1497535021538810000,97417,-1.597855502,-1.034052236,1.031323423,-0.258907481,-0.629132566,0.707723774,0.190489346
1497535021548870000,97418,-1.599317973,-1.042232463,1.031574833,-0.260916363,-0.630860253,0.705670779,0.189649002
1497535021558810000,97419,-1.600628659,-1.050167134,1.031800006,-0.262599463,-0.632962787,0.703667136,0.187755679
1497535021568820000,97420,-1.60204429,-1.058255379,1.031936143,-0.265273882,-0.635709501,0.700510153,0.186517358
1497535021578790000,97421,-1.60354264,-1.066376697,1.031972219,-0.268866302,-0.63786982,0.697277784,0.186109366
1497535021588830000,97422,-1.604867781,-1.073931854,1.031876747,-0.270982192,-0.640370659,0.694631904,0.184338245
1497535021598830000,97423,-1.606263012,-1.081833317,1.031633287,-0.273559749,-0.642916466,0.691231692,0.184451159
1497535021608900000,97424,-1.607371204,-1.089328263,1.031280082,-0.275116722,-0.644967827,0.688758592,0.184225113
1497535021618840000,97425,-1.608444799,-1.0968643,1.030919379,-0.277116206,-0.64653442,0.686404211,0.18452401
1497535021628760000,97426,-1.609360978,-1.104583123,1.03055046,-0.279132154,-0.648918831,0.683339314,0.18449112
1497535021638830000,97427,-1.61019662,-1.112374918,1.03001193,-0.280611695,-0.651787486,0.67997633,0.184559853
1497535021648850000,97428,-1.6108849,-1.12022089,1.029399131,-0.282090444,-0.654346985,0.676970863,0.184297194
1497535021658840000,97429,-1.611329304,-1.128124786,1.028807426,-0.283682431,-0.656164313,0.674547084,0.184279421
1497535021668810000,97430,-1.611862386,-1.136072954,1.027933033,-0.283917719,-0.658852797,0.672033502,0.183506654
1497535021678800000,97431,-1.612176649,-1.144155186,1.027088011,-0.284227834,-0.661446792,0.669269614,0.183795709
1497535021688830000,97432,-1.612470622,-1.152212077,1.026034617,-0.283665281,-0.664211123,0.666798534,0.183677184
1497535021698900000,97433,-1.61270973,-1.160413354,1.024933298,0.283176587,0.667291024,-0.663956352,-0.183563809
1497535021708910000,97434,-1.612833372,-1.168574916,1.023844357,0.282539627,0.669747225,-0.661621068,-0.184031456
1497535021718840000,97435,-1.612862654,-1.177006676,1.022824174,0.282644432,0.67211794,-0.659072789,-0.184370982
1497535021728830000,97436,-1.612925712,-1.185674384,1.021545585,0.283141533,0.674755997,-0.655901789,-0.185278333
1497535021738830000,97437,-1.61285683,-1.194179529,1.020394723,0.28371645,0.676482984,-0.65382723,-0.185433821
1497535021748830000,97438,-1.612807364,-1.203112146,1.019186359,0.284171332,0.67913044,-0.650544168,-0.186603282
1497535021758820000,97439,-1.612695365,-1.211803897,1.017874251,0.283744533,0.681712099,-0.648002412,-0.186682964
1497535021768840000,97440,-1.612522311,-1.220895093,1.016382259,0.283888926,0.683870625,-0.645495334,-0.187253356
1497535021778820000,97441,-1.612246409,-1.229855906,1.014849022,0.283710951,0.686308155,-0.643103453,-0.186834583
1497535021788810000,97442,-1.611958486,-1.239208343,1.013268852,0.283858892,0.688752307,-0.640111088,-0.187888754
1497535021798840000,97443,-1.611502649,-1.248678222,1.011578919,0.283723369,0.691237664,-0.637357733,-0.188325945
1497535021808910000,97444,-1.610980501,-1.258072086,1.009849331,0.283368713,0.694634381,-0.633882975,-0.188089402
1497535021818830000,97445,-1.610367702,-1.267488732,1.00806639,0.283777813,0.696801964,-0.630978951,-0.189216117
1497535021828750000,97446,-1.609841583,-1.276707586,1.006246594,0.283644927,0.699094945,-0.628501888,-0.189201456
1497535021838830000,97447,-1.609266257,-1.285984223,1.004551562,0.28328893,0.701743588,-0.625185245,-0.190910262
1497535021848830000,97448,-1.608544222,-1.295131066,1.002901289,0.284419841,0.702348737,-0.623449999,-0.192669938
1497535021858840000,97449,-1.608116152,-1.303898572,1.001202137,0.284761496,0.704009461,-0.621005176,-0.193995208
1497535021868840000,97450,-1.607471529,-1.312549935,0.999576954,0.286456887,0.703548433,-0.619880478,-0.196749198
1497535021878780000,97451,-1.606752541,-1.321303321,0.997945707,0.289112606,0.702818846,-0.618879612,-0.198614192
1497535021888830000,97452,-1.605928436,-1.330073817,0.99646952,0.291245063,0.703382313,-0.617012064,-0.199313192
1497535021898840000,97453,-1.60494316,-1.338910098,0.99474839,0.293065048,0.703176335,-0.615970367,-0.200590195
1497535021908880000,97454,-1.603808755,-1.347968414,0.993120519,0.294852202,0.702025251,-0.615926357,-0.202132255
1497535021918840000,97455,-1.602412879,-1.357368471,0.991856174,0.297104667,0.702208103,-0.614252318,-0.203289662
1497535021928800000,97456,-1.600665319,-1.366872316,0.990581971,0.298500581,0.700282252,-0.614831415,-0.206117689
1497535021938830000,97457,-1.598728068,-1.380169638,0.991866614,0.295799655,0.699285426,-0.616664313,-0.207912438
1497535021948830000,97458,-1.596687964,-1.390641503,0.991642969,0.297166428,0.697690331,-0.617176176,-0.209794861
1497535021958850000,97459,-1.594711923,-1.401000757,0.991592196,0.298127132,0.696439379,-0.61733289,-0.212114373
1497535021968800000,97460,-1.592591629,-1.410668608,0.991274766,0.299308216,0.694723798,-0.61829917,-0.213259404
1497535021978770000,97461,-1.59019537,-1.422028703,0.992135892,0.300302885,0.693003635,-0.61960697,-0.213661746
1497535021988840000,97462,-1.587583107,-1.427785897,0.989935709,0.309554953,0.693706209,-0.614023057,-0.214296784
1497535021998840000,97463,-1.584764465,-1.443275163,0.99352294,0.301456136,0.68931627,-0.623429341,-0.212845333
1497535022008880000,97464,-1.581579353,-1.453909878,0.99441714,0.301594177,0.688037315,-0.625254324,-0.211429977
1497535022018850000,97465,-1.578026089,-1.464418119,0.995467806,0.300232522,0.686290548,-0.628522807,-0.209343729
1497535022028820000,97466,-1.574075573,-1.475454298,0.997055261,0.297372958,0.684305381,-0.632694707,-0.207347238
1497535022038840000,97467,-1.569860198,-1.485796172,0.998553161,0.294024215,0.682685657,-0.636821692,-0.204812567
1497535022048840000,97468,-1.565551363,-1.495972454,1.000079402,0.28916581,0.680652723,-0.642141188,-0.201865548
1497535022058790000,97469,-1.561210057,-1.505981824,1.001902675,0.283019425,0.678343845,-0.648146506,-0.19913749
1497535022068810000,97470,-1.556904988,-1.515797467,1.003628407,0.277575557,0.675980012,-0.653377338,-0.197739442
1497535022078800000,97471,-1.552806111,-1.525196829,1.005326917,0.272906485,0.672733544,-0.658911017,-0.196946441
1497535022088810000,97472,-1.548923908,-1.534228058,1.0069715,0.26907614,0.668532181,-0.665018508,-0.195992699
1497535022098840000,97473,-1.545323204,-1.543377097,1.008858978,-0.266078204,-0.663841577,0.670791779,0.196354625
1497535022108830000,97474,-1.542046628,-1.552191657,1.010499538,-0.264471077,-0.659512019,0.675589787,0.196665669
1497535022118780000,97475,-1.539060934,-1.561012777,1.012297614,-0.264628029,-0.654406216,0.680526578,0.196489405
1497535022128780000,97476,-1.536327299,-1.568973907,1.013695358,-0.265005211,-0.650472481,0.684437897,0.19545474
1497535022138810000,97477,-1.533544716,-1.577349796,1.015503088,-0.266452584,-0.645479948,0.688966411,0.19412352
1497535022148790000,97478,-1.530915762,-1.585008193,1.016826806,-0.267652048,-0.64076783,0.693648988,0.191389788
1497535022158780000,97479,-1.528210384,-1.593371449,1.018573411,-0.268414987,-0.636058268,0.69833033,0.18899213
1497535022168820000,97480,-1.525446961,-1.601225568,1.020153486,-0.268748411,-0.631718023,0.703191855,0.18500769
1497535022178860000,97481,-1.52279437,-1.608775569,1.021387024,-0.26832353,-0.628705623,0.707028281,0.181225638
1497535022188880000,97482,-1.519996179,-1.616630641,1.023015651,-0.267689893,-0.624881435,0.711641079,0.177291535
1497535022198800000,97483,-1.517065397,-1.625074316,1.02502248,-0.265706046,-0.622161167,0.715584675,0.173937783
1497535022208840000,97484,-1.514220617,-1.632479364,1.026390346,-0.262965516,-0.620678064,0.71892726,0.169562594
1497535022218850000,97485,-1.511065545,-1.640764549,1.028324891,-0.259784649,-0.618317786,0.722935735,0.16600896
1497535022228820000,97486,-1.507920907,-1.648319747,1.029649349,-0.255446732,-0.616834965,0.726596207,0.162233
1497535022238840000,97487,-1.504576653,-1.656542065,1.031376424,-0.25052725,-0.615885009,0.730036027,0.158016303
1497535022248830000,97488,-1.501251761,-1.664235831,1.032427015,-0.245171041,-0.615117047,0.73349279,0.15333136
1497535022258840000,97489,-1.497886411,-1.672339438,1.033597514,-0.240478856,-0.613793362,0.737089925,0.14874835
1497535022268840000,97490,-1.494413184,-1.680632442,1.034795715,-0.235051579,-0.614151092,0.739595463,0.143414581
1497535022278820000,97491,-1.491040714,-1.689057853,1.035890787,-0.229658535,-0.613988012,0.742450643,0.137995366
1497535022288820000,97492,-1.487741015,-1.697219063,1.036704194,-0.224420446,-0.61446468,0.744787657,0.131757229
1497535022298830000,97493,-1.484431344,-1.70532168,1.03732868,-0.219786371,-0.614620895,0.747037249,0.125977997
1497535022308850000,97494,-1.480948339,-1.713565176,1.038056305,-0.213949556,-0.615207615,0.749254619,0.119844458
1497535022318850000,97495,-1.477433409,-1.721672861,1.038623496,-0.20860409,-0.614811053,0.751979327,0.114099929
1497535022328800000,97496,-1.473901823,-1.729772664,1.039035577,-0.203576138,-0.614617655,0.754429745,0.107877961
1497535022338830000,97497,-1.470182477,-1.738193365,1.039531377,-0.196824084,-0.616435716,0.755749903,0.100545375
1497535022348840000,97498,-1.466511517,-1.745899076,1.039345001,-0.191033332,-0.617264672,0.757429208,0.093763461
1497535022358840000,97499,-1.462501351,-1.754519366,1.039674413,-0.18455859,-0.6181971,0.759138162,0.086485394
1497535022368850000,97500,-1.458518156,-1.762740333,1.039582108,-0.177505809,-0.620576526,0.759655652,0.079370982
1497535022378830000,97501,-1.454240265,-1.771501857,1.039763545,-0.1706555,-0.621388931,0.761313236,0.071795911
1497535022388850000,97502,-1.450001665,-1.780295234,1.039767741,-0.163411348,-0.623612448,0.76180909,0.063648704
1497535022398760000,97503,-1.445558394,-1.789114038,1.03970422,-0.156288499,-0.625099451,0.762644168,0.056554887
1497535022408850000,97504,-1.441025972,-1.797574531,1.039170143,-0.148977564,-0.628209707,0.762103058,0.048550781
1497535022418850000,97505,-1.436384709,-1.805984957,1.038600023,-0.140793775,-0.63025054,0.762430843,0.040750215
1497535022428830000,97506,-1.431778256,-1.814099897,1.037739351,-0.132249157,-0.632424114,0.762527072,0.033201886
1497535022438840000,97507,-1.427047844,-1.822431073,1.036796567,-0.123528774,-0.635595843,0.761659824,0.025157082
1497535022448860000,97508,-1.422106549,-1.831025013,1.036193519,-0.114584433,-0.637977757,0.761274619,0.017769158
1497535022458850000,97509,-1.417269699,-1.839369026,1.035162191,-0.105089658,-0.641846105,0.759530297,0.010171928
1497535022468840000,97510,-1.412371942,-1.847615051,1.034033563,-0.097610011,-0.644389325,0.758434584,0.003415326
1497535022478810000,97511,-1.407528355,-1.856074196,1.033035196,-0.089446158,-0.64648927,0.757654589,-0.003245317
1497535022488840000,97512,-1.40253139,-1.864490266,1.031935895,-0.083066305,-0.648419036,0.756678303,-0.00952306
1497535022498840000,97513,-1.397430403,-1.87297847,1.030838888,-0.075767436,-0.651244625,0.754901458,-0.016233402
1497535022508910000,97514,-1.392280423,-1.881493478,1.0295459,-0.068120438,-0.653662054,0.753367216,-0.02287713
1497535022518780000,97515,-1.386942118,-1.890156206,1.028499045,-0.061099533,-0.654742996,0.752786519,-0.029848177
1497535022528800000,97516,-1.381469365,-1.898510292,1.027312552,-0.053967412,-0.656642164,0.751406867,-0.036004273
1497535022538840000,97517,-1.375920478,-1.906848307,1.02618257,-0.047168263,-0.657888085,0.750483666,-0.041625591
1497535022548850000,97518,-1.370409224,-1.915350677,1.025381045,-0.039918966,-0.658215137,0.7502017,-0.048546061
1497535022558870000,97519,-1.364873208,-1.923757645,1.024500734,-0.032837996,-0.660141412,0.748407639,-0.054963524
1497535022568840000,97520,-1.359469621,-1.931688558,1.023369768,-0.02720973,-0.660477301,0.747915991,-0.060423799
1497535022578800000,97521,-1.354031994,-1.940300815,1.022980709,-0.022335895,-0.661248028,0.746909566,-0.066168376
1497535022588830000,97522,-1.348759251,-1.948824944,1.022516191,-0.018083295,-0.662308424,0.745524226,-0.072209239
1497535022598840000,97523,-1.343552064,-1.956939067,1.021756589,-0.013721085,-0.661256868,0.74594407,-0.078221038
1497535022608910000,97524,-1.338334717,-1.965638315,1.021576669,-0.010437829,-0.659358804,0.747062296,-0.083874584
1497535022618850000,97525,-1.333035442,-1.974268917,1.021470022,-0.007057465,-0.659142352,0.74657481,-0.090042238
1497535022628720000,97526,-1.327680579,-1.982399049,1.021328432,-0.005321633,-0.657363023,0.747544317,-0.094989628
1497535022638840000,97527,-1.322233711,-1.990644775,1.021636658,-0.003385768,-0.657236725,0.747043542,-0.099771587
1497535022648810000,97528,-1.316634017,-1.998986484,1.022474785,-0.000716162,-0.655570232,0.747874754,-0.104453385
1497535022658860000,97529,-1.310883876,-2.006562776,1.023188881,0.002030146,-0.656033846,0.747009796,-0.107665391
1497535022668850000,97530,-1.305092495,-2.014513512,1.024539678,0.0058964,-0.655999495,0.746580557,-0.110667822
1497535022678790000,97531,-1.299261685,-2.022587663,1.026154757,0.011278675,-0.657523596,0.744777486,-0.113322588
1497535022688820000,97532,-1.293515383,-2.030606742,1.027704849,0.01781763,-0.660566179,0.741527129,-0.116070548
1497535022698840000,97533,-1.287896693,-2.038725801,1.02922766,0.02374127,-0.663772981,0.738169597,-0.11809923
1497535022708730000,97534,-1.282377545,-2.046721986,1.030521268,0.029806256,-0.665883987,0.735780609,-0.119737209
1497535022718570000,97535,-1.27696857,-2.054324381,1.031362913,0.034306343,-0.666401568,0.734899994,-0.121053804
1497535022728520000,97536,-1.27168773,-2.062119735,1.032162661,0.038867439,-0.665508966,0.735264647,-0.122364364
1497535022738720000,97537,-1.266536247,-2.069689916,1.032508279,0.041200498,-0.665350478,0.73510664,-0.123407815
1497535022749070000,97538,-1.261468625,-2.077542103,1.032947976,0.043748305,-0.666036969,0.734096524,-0.124832433
1497535022758840000,97539,-1.25642735,-2.085196764,1.033285012,0.045882203,-0.667571914,0.732315108,-0.126321597
1497535022768840000,97540,-1.251396278,-2.092630748,1.033392774,0.048081394,-0.669112107,0.73054643,-0.127589501
1497535022778790000,97541,-1.246238963,-2.099844672,1.033443396,0.051665921,-0.671473532,0.727912242,-0.128832051
1497535022788830000,97542,-1.240954259,-2.106550705,1.033396616,0.0568281,-0.673523896,0.725367691,-0.130299047
1497535022798840000,97543,-1.23556989,-2.11314869,1.033574819,0.063119414,-0.676334462,0.721755784,-0.132876724
1497535022808970000,97544,-1.230070306,-2.11969298,1.033714305,0.071348339,-0.679781372,0.717131479,-0.136121791
1497535022818850000,97545,-1.224452978,-2.125722898,1.033616177,0.078690287,-0.68231454,0.713308829,-0.139446128
1497535022828830000,97546,-1.218756476,-2.131542313,1.033482368,0.085006037,-0.684798941,0.709527983,-0.142809053
1497535022838800000,97547,-1.213023239,-2.136934023,1.033291417,0.090777191,-0.68655828,0.706371669,-0.146411392
1497535022848820000,97548,-1.207193273,-2.142441438,1.033389146,0.095785392,-0.687764198,0.703753988,-0.150119587
1497535022858850000,97549,-1.201327097,-2.147412081,1.033265525,0.101250414,-0.688443437,0.701332222,-0.154683875
1497535022868840000,97550,-1.195448394,-2.152041843,1.032943634,0.105887291,-0.688669657,0.699442151,-0.159068111
1497535022878800000,97551,-1.189511469,-2.156865625,1.032820832,0.111145275,-0.688856656,0.69727343,-0.164112763
1497535022888840000,97552,-1.183476599,-2.161445892,1.032466658,0.114513198,-0.689509435,0.695056091,-0.16840575
1497535022898770000,97553,-1.1774592,-2.16603489,1.032031293,0.118604877,-0.690848645,0.691875341,-0.173117144
1497535022908910000,97554,-1.171390752,-2.170980986,1.031798897,-0.121547765,0.692605186,-0.688447231,0.177664313
1497535022918770000,97555,-1.165352833,-2.175501308,1.031176686,-0.124548745,0.694574238,-0.684739807,0.182169246
1497535022928760000,97556,-1.159274559,-2.180435036,1.03090616,-0.127651452,0.696959847,-0.680564084,0.186506316
1497535022938820000,97557,-1.153140658,-2.184666463,1.030016421,-0.130272355,0.699820339,-0.676038046,0.190402644
1497535022948930000,97558,-1.147016315,-2.189135456,1.029416291,-0.133433758,0.701366224,-0.67278081,0.194027922
1497535022958900000,97559,-1.140833455,-2.193439608,1.028756796,-0.136923295,0.703761031,-0.668606065,0.197328032
1497535022968850000,97560,-1.13459232,-2.197495367,1.027937156,-0.140106533,0.705767293,-0.664889584,0.200460791
1497535022978770000,97561,-1.128273177,-2.201753589,1.027169532,-0.14433594,0.707558363,-0.661345868,0.202854484
1497535022988830000,97562,-1.121791489,-2.20570501,1.02605712,-0.148604235,0.709845647,-0.657073174,0.205647228
1497535022998840000,97563,-1.115177453,-2.209764758,1.024952934,-0.152823224,0.712418393,-0.652701646,0.207570848
1497535023008920000,97564,-1.10841532,-2.213513186,1.02371879,-0.15701027,0.714749706,-0.648403848,0.209888262
1497535023018860000,97565,-1.101658457,-2.217558331,1.022716986,-0.161767678,0.716394281,-0.64459934,0.212372651
1497535023028810000,97566,-1.094705134,-2.221097327,1.021312203,-0.166470483,0.718560203,-0.640253411,0.214556247
1497535023038860000,97567,-1.087721305,-2.224822757,1.020144137,-0.171842689,0.720234641,-0.636099358,0.217047828
1497535023048810000,97568,-1.080563624,-2.228264356,1.018974764,-0.176380136,0.721630485,-0.632616668,0.2189421
1497535023058860000,97569,-1.073331945,-2.231870314,1.018021853,-0.181001111,0.722847663,-0.62925598,0.220831985
1497535023068930000,97570,-1.065893412,-2.234831797,1.016593886,-0.185136839,0.723837843,-0.626358209,0.222392721
1497535023078780000,97571,-1.058439986,-2.238078171,1.015663494,-0.189979477,0.724620193,-0.623377231,0.224129879
1497535023088870000,97572,-1.050749875,-2.241034297,1.014502424,-0.194140111,0.724864058,-0.621373066,0.22533803
1497535023098860000,97573,-1.042872887,-2.243798352,1.013169124,-0.199528102,0.725315081,-0.618637168,0.226703825
1497535023108880000,97574,-1.034883877,-2.246629636,1.012028071,-0.203457952,0.725472337,-0.616651584,0.228113072
1497535023118830000,97575,-1.02643309,-2.249208371,1.010401546,-0.209547619,0.726618617,-0.612848251,0.229199044
1497535023128820000,97576,-1.017921238,-2.251779278,1.008968307,-0.21387725,0.727308217,-0.610113875,0.230304883
1497535023138770000,97577,-1.009142736,-2.254573384,1.007521383,-0.219918468,0.728484156,-0.606166757,0.231319181
1497535023148870000,97578,-1.000216304,-2.256960082,1.005715726,-0.225629914,0.728899943,-0.60336993,0.231820496
1497535023158850000,97579,-0.99119759,-2.259600493,1.004059375,-0.230828263,0.730723311,-0.598943441,0.232440336
1497535023168910000,97580,-0.982393035,-2.26216319,1.002631684,-0.234690213,0.730471656,-0.597610922,0.232793579
1497535023178850000,97581,-0.973340576,-2.264716956,1.001024273,-0.238595357,0.731192803,-0.595244077,0.232623792
1497535023188850000,97582,-0.964604063,-2.267426009,0.999533056,-0.241036221,0.732409677,-0.5928756,0.232327632
1497535023198780000,97583,-0.955899516,-2.269833244,0.998113035,-0.242944211,0.732663258,-0.592079014,0.231570943
1497535023208860000,97584,-0.947138346,-2.272246616,0.996524427,-0.244235124,0.733782771,-0.590287828,0.231240847
1497535023218870000,97585,-0.938354583,-2.274460917,0.9952651,-0.24641864,0.734262975,-0.588736157,0.231355734
1497535023228890000,97586,-0.929507009,-2.27647683,0.994000943,-0.247746378,0.734419387,-0.587885952,0.231603118
1497535023238830000,97587,-0.920366245,-2.278369592,0.992888319,-0.250336958,0.734750511,-0.586315201,0.231748956
1497535023248930000,97588,-0.911287489,-2.280053273,0.992066905,-0.252478012,0.734719972,-0.585260271,0.232189215
1497535023258800000,97589,-0.902324821,-2.281497814,0.99141164,-0.253833762,0.734058139,-0.585298046,0.232708547
1497535023268910000,97590,-0.893296701,-2.282835302,0.990961163,-0.254383064,0.733439191,-0.585857706,0.232652011
1497535023278820000,97591,-0.884379003,-2.284577808,0.991047545,-0.254150584,0.733613936,-0.585900552,0.232246888
1497535023288800000,97592,-0.875281079,-2.286845313,0.99072141,-0.253531965,0.739250472,-0.578886015,0.232639774
1497535023298780000,97593,-0.866523473,-2.28791759,0.99201727,-0.251232752,0.733267976,-0.588054891,0.231066276
1497535023308930000,97594,-0.857521655,-2.289417518,0.992889994,-0.248540555,0.733685332,-0.58861117,0.231236493
1497535023318870000,97595,-0.848444868,-2.29061012,0.994063997,-0.246141135,0.733267387,-0.589782786,0.23214165
1497535023328870000,97596,-0.83907518,-2.291713073,0.995361827,-0.24398302,0.732743569,-0.590693447,0.233752862
1497535023338790000,97597,-0.829612713,-2.292491079,0.997188053,-0.242101391,0.731989153,-0.591280558,0.236571548
1497535023348940000,97598,-0.819828535,-2.292931571,0.999021264,-0.241511326,0.731000296,-0.591440446,0.239810438
1497535023358800000,97599,-0.809982443,-2.293139327,1.001226865,-0.241469501,0.728871477,-0.592667515,0.243277756
1497535023368940000,97600,-0.800203511,-2.293244329,1.003853603,-0.241350975,0.725579444,-0.595151629,0.247141085
1497535023378810000,97601,-0.790365645,-2.293074032,1.006070687,-0.241307896,0.722808109,-0.596757812,0.251394216
1497535023388920000,97602,-0.780597647,-2.292829661,1.008519,-0.242300642,0.719188394,-0.599072605,0.255285069
1497535023398900000,97603,-0.771119966,-2.292605917,1.010990076,-0.243084041,0.714832007,-0.602320726,0.259104407
1497535023408930000,97604,-0.761754333,-2.292525133,1.013179615,-0.243992652,0.710281139,-0.605439704,0.263459777
1497535023418870000,97605,-0.75262898,-2.292202026,1.015227308,-0.244837391,0.704920467,-0.609477238,0.267729869
1497535023428890000,97606,-0.743803037,-2.292265952,1.017251754,-0.244653916,0.699505869,-0.613750427,0.272298392
1497535023438800000,97607,-0.735134823,-2.292386777,1.018953604,-0.244298417,0.694177348,-0.617739073,0.277190421
1497535023448940000,97608,-0.72667615,-2.292635985,1.020447316,-0.243911356,0.689530722,-0.62099876,0.281806979
1497535023458810000,97609,-0.718650239,-2.293045917,1.021851799,-0.243378143,0.684483265,-0.624219663,0.287401379
1497535023468850000,97610,-0.710730304,-2.29329114,1.022861317,-0.241824061,0.680069969,-0.627113187,0.292839567
1497535023478840000,97611,-0.703090879,-2.293482455,1.023736249,-0.239827648,0.675572016,-0.629976213,0.298689006
1497535023488900000,97612,-0.69587485,-2.293934728,1.024680431,-0.236828546,0.671703441,-0.632619786,0.304169252
1497535023498910000,97613,-0.689004034,-2.294300545,1.025559527,-0.233280589,0.667379996,-0.636261568,0.308796574
1497535023508870000,97614,-0.682286059,-2.29485819,1.026635004,-0.228934618,0.663755822,-0.639609119,0.31291744
1497535023518870000,97615,-0.675906348,-2.295441891,1.027713372,-0.224730183,0.659983775,-0.643042235,0.316882385
1497535023528870000,97616,-0.66969982,-2.296103502,1.028913967,-0.220617479,0.656325076,-0.646764273,0.319783202
1497535023538890000,97617,-0.663441313,-2.296703509,1.030079799,-0.215925029,0.653738379,-0.649782473,0.322157184
1497535023548950000,97618,-0.657454683,-2.29740789,1.031539974,0.211773652,-0.651133138,0.652788513,-0.324106022
1497535023558850000,97619,-0.651452546,-2.298177233,1.033014957,0.207761828,-0.648366445,0.656055271,-0.325649285
1497535023568940000,97620,-0.645429529,-2.299009927,1.034907653,0.203957414,-0.645577551,0.659271772,-0.327095902
1497535023578810000,97621,-0.639052055,-2.299648586,1.036547571,0.201165451,-0.642926228,0.662162042,-0.328206881
1497535023588930000,97622,-0.632445064,-2.300359756,1.038339145,0.199734242,-0.640216126,0.664726084,-0.329194134
1497535023598860000,97623,-0.625516184,-2.300932166,1.040136118,0.1997942,-0.637672026,0.6663776,-0.330753018
1497535023608930000,97624,-0.618392539,-2.30121083,1.041538643,0.198953674,-0.634669393,0.669048076,-0.331642684
1497535023618860000,97625,-0.611174117,-2.301979281,1.043347748,0.199132197,-0.631678451,0.671198564,-0.332898168
1497535023628790000,97626,-0.603844039,-2.302619907,1.044956837,0.200009522,-0.629533446,0.671992934,-0.334827312
1497535023638880000,97627,-0.596285809,-2.303345248,1.046348415,0.200587071,-0.628099199,0.672289763,-0.336574953
1497535023648790000,97628,-0.588827677,-2.303948538,1.047576186,0.200162578,-0.624679555,0.674992314,-0.337780656
1497535023658770000,97629,-0.58110355,-2.304521571,1.048693132,0.201404942,-0.622983974,0.675637958,-0.338881053
1497535023668980000,97630,-0.573204954,-2.305209009,1.049560747,0.202765089,-0.621270806,0.676384292,-0.339725173
1497535023678870000,97631,-0.565380038,-2.305880485,1.050238961,0.204507594,-0.619276831,0.677231701,-0.340631873
1497535023688970000,97632,-0.557301771,-2.306751799,1.050736645,0.206860478,-0.617879005,0.677779769,-0.340659453
1497535023698880000,97633,-0.549032451,-2.307623805,1.050835907,0.2093136,-0.617182165,0.677440483,-0.341098789
1497535023708910000,97634,-0.540825523,-2.308668975,1.050715773,0.212419207,-0.61590164,0.677348875,-0.34167492
1497535023718870000,97635,-0.532470467,-2.309737415,1.050330545,0.214864186,-0.615851627,0.676311852,-0.342289984
1497535023728900000,97636,-0.524060056,-2.310988893,1.049485345,0.217219242,-0.615616601,0.675557602,-0.342715521
1497535023738860000,97637,-0.515617733,-2.312463267,1.048488911,0.218592175,-0.615938356,0.674518348,-0.34331094
1497535023748850000,97638,-0.507072353,-2.314055097,1.047098529,0.219961735,-0.617208971,0.673055934,-0.343024242
1497535023758870000,97639,-0.498504302,-2.315834879,1.045438987,0.220939171,-0.617954511,0.672113603,-0.342901457
1497535023768870000,97640,-0.489633327,-2.317716705,1.043548425,0.22190675,-0.619862751,0.670140507,-0.342694128
1497535023778820000,97641,-0.480798046,-2.319815182,1.041618615,0.223571398,-0.621997495,0.667871273,-0.3421738
1497535023788860000,97642,-0.471728838,-2.32177751,1.039278573,0.224971395,-0.623623357,0.666053287,-0.341840313
1497535023798880000,97643,-0.462553192,-2.324026825,1.036942287,0.225949415,-0.625232412,0.664302403,-0.341663008
1497535023808930000,97644,-0.453220419,-2.326086797,1.034432803,0.228636531,-0.626425954,0.662180299,-0.34180859
1497535023818870000,97645,-0.443710017,-2.328197469,1.0320845,0.230783358,-0.627140279,0.660287827,-0.342715769
1497535023828870000,97646,-0.433995509,-2.330147977,1.029762925,0.232692022,-0.627188867,0.659493247,-0.342866163
1497535023838870000,97647,-0.423792219,-2.332456204,1.027364611,0.238559606,-0.632138917,0.651702952,-0.344634541
1497535023848840000,97648,-0.414897991,-2.333768505,1.025537834,0.236201766,-0.626934877,0.656954507,-0.345792078
1497535023858820000,97649,-0.405541019,-2.33560549,1.023738901,0.23606406,-0.626068994,0.656724986,-0.347884561
1497535023868870000,97650,-0.396276722,-2.337443523,1.022196773,0.2357608,-0.624707506,0.657466906,-0.349134137
1497535023878830000,97651,-0.387166587,-2.339263562,1.020868915,0.23488481,-0.622823101,0.65867182,-0.350816111
1497535023888930000,97652,-0.377867303,-2.341124317,1.019651932,0.233266705,-0.620928139,0.660276078,-0.352236271
1497535023898880000,97653,-0.368362664,-2.343201572,1.018698441,0.231090458,-0.618311579,0.66273632,-0.353650338
1497535023908880000,97654,-0.358323767,-2.345441128,1.017593956,0.227762618,-0.616233887,0.66514781,-0.354906152
1497535023918860000,97655,-0.348102162,-2.347920592,1.016747738,0.224552491,-0.614118499,0.666697702,-0.357699345
1497535023928830000,97656,-0.337196644,-2.350477682,1.015684433,0.221191711,-0.613318096,0.667328334,-0.359983382
1497535023938860000,97657,-0.325829736,-2.35320653,1.014810976,0.218379089,-0.612544902,0.667222832,-0.363198304
1497535023948880000,97658,-0.313998454,-2.356000817,1.014177581,0.216318085,-0.610851228,0.667647169,-0.366489456
1497535023958840000,97659,-0.302084245,-2.358715012,1.014058226,0.216579024,-0.610205599,0.666305332,-0.369837611
1497535023968860000,97660,-0.290025325,-2.361275172,1.014388919,0.21732874,-0.60867584,0.666077361,-0.37232095
1497535023978840000,97661,-0.278357116,-2.363695876,1.015741338,0.218343106,-0.608137606,0.666177974,-0.372426968
1497535023988860000,97662,-0.267109456,-2.366187923,1.017933184,0.21886969,-0.608297519,0.666799478,-0.370740668
1497535023998880000,97663,-0.256350409,-2.36897868,1.020720732,0.218971681,-0.610457761,0.666358134,-0.36791244
1497535024008880000,97664,-0.245983789,-2.372047628,1.023702726,0.218892573,-0.613291719,0.66508432,-0.365543645
1497535024018870000,97665,-0.235797792,-2.37558957,1.02680099,0.218905105,-0.615191298,0.664272772,-0.363815758
1497535024028820000,97666,-0.22564998,-2.379394122,1.029533008,0.218203305,-0.617593406,0.663354606,-0.36183749
1497535024038870000,97667,-0.215884144,-2.383112505,1.031973183,0.215547812,-0.618779933,0.664629048,-0.359052591
1497535024048880000,97668,-0.206139563,-2.386904745,1.034173038,0.212547008,-0.620830655,0.665242098,-0.356154486
1497535024058840000,97669,-0.196714917,-2.390733043,1.036061998,0.208207351,-0.622013911,0.667172104,-0.353029427
1497535024068790000,97670,-0.187409591,-2.394156503,1.037667242,0.204329623,-0.622762362,0.669476173,-0.349597054
1497535024078810000,97671,-0.178077649,-2.397466747,1.039084853,0.201110316,-0.623256502,0.671969789,-0.345778219
1497535024088860000,97672,-0.16890645,-2.400313552,1.040171651,0.199161745,-0.624389399,0.673686375,-0.341495456
1497535024098870000,97673,-0.159833503,-2.402988205,1.041244575,0.19968348,-0.625812439,0.67461984,-0.336709623
1497535024108950000,97674,-0.151079872,-2.405450101,1.042384241,0.201296585,-0.626605451,0.675099951,-0.33329469
1497535024118860000,97675,-0.142315044,-2.407829312,1.043479833,0.204627146,-0.630165066,0.672416813,-0.32996265
1497535024128830000,97676,-0.133799265,-2.410237808,1.044694957,0.207314713,-0.63309257,0.670320254,-0.326932965
1497535024138850000,97677,-0.125278344,-2.412584838,1.045883723,0.208557591,-0.637611711,0.666844234,-0.324459249
1497535024148890000,97678,-0.117181555,-2.415133098,1.046976415,0.21153193,-0.642180846,0.662296462,-0.322833394
1497535024158810000,97679,-0.108980269,-2.417596725,1.048120918,0.212572701,-0.644999428,0.6597375,-0.321768574
1497535024168810000,97680,-0.100810214,-2.420060196,1.048798393,0.213373808,-0.648517691,0.656414262,-0.320962209
1497535024178830000,97681,-0.092950207,-2.422227642,1.049535083,0.213191388,-0.650335445,0.65414706,-0.322032398
1497535024188800000,97682,-0.085404289,-2.424120011,1.050204421,-0.21364326,0.652232541,-0.651826376,0.322601373
1497535024198880000,97683,-0.077658877,-2.426050321,1.050596705,-0.214098651,0.654169973,-0.649623175,0.322820607
1497535024208960000,97684,-0.069919933,-2.427952502,1.050941529,-0.213814972,0.655623371,-0.648715251,0.32188457
1497535024218870000,97685,-0.062288102,-2.429869709,1.051200716,-0.214313256,0.657677602,-0.646502715,0.321813982
1497535024228830000,97686,-0.054765837,-2.43176078,1.051432981,-0.216534108,0.660658168,-0.643683339,0.319867979
1497535024238860000,97687,-0.047176407,-2.433759289,1.051608576,-0.216203779,0.663571566,-0.641760631,0.31791822
1497535024248880000,97688,-0.039487096,-2.435554553,1.051568566,-0.217467966,0.666641036,-0.639347203,0.315487825
1497535024258890000,97689,-0.032067782,-2.437484458,1.051633321,-0.218241269,0.669325675,-0.637228753,0.313549687
1497535024268870000,97690,-0.024580701,-2.439212998,1.051526082,-0.219237216,0.671916851,-0.635482197,0.310845889
1497535024278810000,97691,-0.017093248,-2.44076192,1.051758068,-0.220463423,0.672731705,-0.636129487,0.306866759
1497535024288860000,97692,-0.010051816,-2.442509005,1.051247754,-0.222568628,0.674901794,-0.634491046,0.303960337
1497535024298870000,97693,-0.002563558,-2.444160071,1.051067169,-0.220987685,0.677273143,-0.632787367,0.303390312
1497535024308940000,97694,0.005169608,-2.445597462,1.050535026,-0.220658406,0.678519691,-0.63247606,0.30148786
1497535024318830000,97695,0.013064264,-2.447180693,1.050030496,-0.220437561,0.681488798,-0.630010012,0.300112788
1497535024328790000,97696,0.020947948,-2.448611494,1.049383083,-0.220328695,0.683696763,-0.628422048,0.298495784
1497535024338810000,97697,0.028963837,-2.450079659,1.048830578,-0.21963464,0.686044141,-0.626695252,0.29724926
1497535024348860000,97698,0.03725846,-2.451447891,1.047860814,-0.220354425,0.689113633,-0.624169382,0.294921872
1497535024358870000,97699,0.045589333,-2.453190209,1.047035602,-0.220721139,0.692288866,-0.62193524,0.291915848
1497535024368830000,97700,0.054181221,-2.454658683,1.045965913,-0.221179143,0.695483236,-0.6187302,0.290784791
1497535024378720000,97701,0.062688872,-2.456149054,1.044726523,-0.220455367,0.698217341,-0.617172138,0.288080768
1497535024388890000,97702,0.071205838,-2.45761719,1.043751601,-0.222394569,0.701984113,-0.613465611,0.28533998
1497535024398880000,97703,0.079898034,-2.458876051,1.042593225,-0.22260559,0.703950475,-0.611663052,0.284198506
1497535024408950000,97704,0.088616965,-2.460101698,1.041514445,-0.22324426,0.706276064,-0.609598305,0.282357977
1497535024418840000,97705,0.097212494,-2.461204227,1.040502519,-0.224153863,0.708625184,-0.607471228,0.280328559
1497535024428840000,97706,0.105802887,-2.461987381,1.039505581,-0.223637593,0.708554007,-0.607603135,0.280634775
1497535024438870000,97707,0.114376186,-2.462868915,1.038445422,-0.223862828,0.709587514,-0.607036831,0.27906501
1497535024448880000,97708,0.122921491,-2.463574721,1.037376433,-0.223650091,0.710530458,-0.606394121,0.278232412
1497535024458830000,97709,0.131400194,-2.464289171,1.03637402,-0.224240582,0.711400374,-0.605617167,0.277224666
1497535024468880000,97710,0.140100134,-2.465079057,1.035120257,-0.224293677,0.711831875,-0.605596584,0.276116831
1497535024478870000,97711,0.148639211,-2.465939999,1.03396479,-0.224070434,0.71295776,-0.604942995,0.274822935
1497535024488760000,97712,0.157177404,-2.466652242,1.032752631,-0.224146495,0.714088642,-0.604273981,0.273292363
1497535024498760000,97713,0.165781124,-2.467533505,1.031310326,-0.224209242,0.714622517,-0.604420039,0.271516649
1497535024508780000,97714,0.174338116,-2.468298417,1.030008256,-0.224574348,0.715512914,-0.604079836,0.269620444
1497535024518760000,97715,0.183055834,-2.468934433,1.028702894,-0.224082769,0.715742459,-0.604741118,0.267932503
1497535024528720000,97716,0.191736711,-2.469595916,1.027404544,-0.223966794,0.716656684,-0.604750696,0.265553511
1497535024538800000,97717,0.200691475,-2.470296325,1.026047166,-0.223885102,0.717307976,-0.604878884,0.263564535
1497535024548780000,97718,0.209412031,-2.470932188,1.024824401,-0.224173141,0.718230979,-0.604777883,0.261025623
1497535024558730000,97719,0.21848255,-2.471396847,1.023464391,-0.22328148,0.718908098,-0.605411056,0.258445315
1497535024568770000,97720,0.227659902,-2.471978325,1.022263842,-0.223135411,0.720259266,-0.605140885,0.255424523
1497535024578850000,97721,0.237029554,-2.472515286,1.02099056,-0.222202357,0.721692894,-0.604983499,0.252547907
1497535024588890000,97722,0.246480337,-2.472960815,1.020095912,-0.220938263,0.722954357,-0.605328739,0.249199517
1497535024598880000,97723,0.256301765,-2.473177737,1.019204343,-0.219264971,0.723464853,-0.606421952,0.246523619
1497535024609000000,97724,0.26649372,-2.47337306,1.018565232,-0.218300472,0.723941964,-0.607108216,0.244279657
1497535024618880000,97725,0.276692557,-2.473517068,1.018178798,-0.217618012,0.724596663,-0.607552198,0.241831352
1497535024628830000,97726,0.287363094,-2.473509801,1.018088884,-0.216552866,0.724886113,-0.608106731,0.24052273
1497535024638860000,97727,0.298194248,-2.473458246,1.018058627,-0.215837591,0.72508162,-0.608670628,0.239146075
1497535024648890000,97728,0.309049776,-2.473209826,1.018454278,-0.214528628,0.725164439,-0.609397699,0.23821933
1497535024658880000,97729,0.32027254,-2.472957647,1.018955873,-0.213597651,0.724965956,-0.609731191,0.238805948
1497535024668880000,97730,0.331345384,-2.472528206,1.019625053,-0.212561676,0.725087027,-0.609811877,0.23915646
1497535024678840000,97731,0.342710699,-2.471979339,1.020720982,-0.212448467,0.724249106,-0.610052267,0.241174444
1497535024688870000,97732,0.354056421,-2.47101561,1.021831882,-0.212026506,0.723002597,-0.610439155,0.244286807
1497535024698840000,97733,0.365569851,-2.469728957,1.023294248,-0.212204361,0.721067053,-0.610838912,0.248812055
1497535024708950000,97734,0.376870344,-2.468202205,1.024901566,-0.213571965,0.719098143,-0.610609344,0.253852526
1497535024718760000,97735,0.387962036,-2.466497321,1.026619383,-0.215181284,0.71545605,-0.612036989,0.259288217
1497535024728850000,97736,0.39882674,-2.464771641,1.028421506,-0.216710615,0.711736804,-0.613421635,0.264917211
1497535024738830000,97737,0.409248912,-2.463190528,1.03043198,-0.218699647,0.706842627,-0.615652574,0.271138109
1497535024748860000,97738,0.419200729,-2.461441654,1.032362906,-0.219449965,0.702382546,-0.618024461,0.276669906
1497535024758890000,97739,0.428664297,-2.459709855,1.034319239,-0.220092288,0.697446098,-0.621340071,0.281184708
1497535024768890000,97740,0.437916481,-2.458185857,1.036234772,-0.219401824,0.692056351,-0.625762064,0.285206391
1497535024778850000,97741,0.44671512,-2.456823412,1.03809223,-0.218819088,0.686913221,-0.630047255,0.288632794
1497535024788890000,97742,0.455154413,-2.455550165,1.039909007,-0.216726367,0.682219912,-0.634346433,0.291907991
1497535024798900000,97743,0.463598546,-2.454516408,1.041624941,-0.213899233,0.677969221,-0.638558337,0.294700023
1497535024809000000,97744,0.471695021,-2.453470021,1.043294531,-0.209532811,0.673582128,-0.643440333,0.297266978
1497535024818920000,97745,0.479464783,-2.452625069,1.045005133,-0.204824752,0.670498067,-0.647183719,0.299386703
1497535024828860000,97746,0.487056641,-2.451706466,1.046800505,-0.199405688,0.66644272,-0.651763659,0.302151625
1497535024838890000,97747,0.494612789,-2.450935135,1.048495747,-0.194009573,0.662949196,-0.65569176,0.304839243
1497535024848850000,97748,0.501934164,-2.450176941,1.050175849,-0.189543746,0.659417644,-0.659184552,0.307761703
1497535024858850000,97749,0.509073303,-2.449444239,1.051908277,0.18516011,-0.656194184,0.662135212,-0.310969272
1497535024868890000,97750,0.516198125,-2.448699486,1.053799348,0.181495793,-0.653001356,0.664873243,-0.313993753
1497535024878860000,97751,0.523582387,-2.44801823,1.055842478,0.177760411,-0.649714989,0.667623074,-0.317097934
1497535024888890000,97752,0.530762451,-2.447316735,1.057739855,0.175228321,-0.646371556,0.67026782,-0.319749739
1497535024898930000,97753,0.53777962,-2.446662096,1.0595481,0.174478656,-0.643101307,0.672501274,-0.322055811
1497535024908970000,97754,0.545025675,-2.445892744,1.061615832,0.172873788,-0.639385281,0.675496797,-0.324045049
1497535024918900000,97755,0.552455957,-2.445098066,1.063770758,0.171434433,-0.635737066,0.678262941,-0.326202393
1497535024928960000,97756,0.559731819,-2.444342186,1.065616212,0.170771075,-0.6321039,0.680657692,-0.328613764
1497535024938900000,97757,0.569069563,-2.443904318,1.068516882,0.159808226,-0.628304604,0.685956262,-0.330391681
1497535024948990000,97758,0.576491659,-2.443328788,1.070020367,0.159151475,-0.625893206,0.687472997,-0.33212856
1497535024958890000,97759,0.584008734,-2.442664625,1.071483016,0.159654696,-0.623902183,0.687992379,-0.334548845
1497535024968900000,97760,0.590194602,-2.441900239,1.07186594,0.169263703,-0.622529365,0.685024278,-0.338450479
1497535024978840000,97761,0.597888247,-2.441452481,1.072955767,0.169068355,-0.620705466,0.685428574,-0.341069327
1497535024988920000,97762,0.605687004,-2.440976311,1.073847769,0.169570426,-0.618868595,0.685931975,-0.343139708
1497535024998880000,97763,0.613669771,-2.44058825,1.074681108,0.170753498,-0.617611579,0.68574216,-0.345191065
1497535025009150000,97764,0.621716593,-2.440206117,1.075371392,0.171865427,-0.615847658,0.686028545,-0.347215744
1497535025018850000,97765,0.629868607,-2.439787413,1.075744745,0.173496216,-0.614346685,0.686162905,-0.348794612
1497535025028830000,97766,0.638092198,-2.439326019,1.075966191,0.176295274,-0.613196925,0.685362747,-0.350980644
1497535025038860000,97767,0.646310513,-2.438933688,1.075971709,0.17960576,-0.611698896,0.684918987,-0.352777851
1497535025048840000,97768,0.65478473,-2.438761285,1.075595095,0.182832699,-0.611370641,0.683475021,-0.354485598
1497535025058870000,97769,0.663210136,-2.438614818,1.075006531,0.185825074,-0.611586077,0.681592353,-0.356178855
1497535025068840000,97770,0.672035449,-2.438609363,1.074241767,0.188044815,-0.611141286,0.680432134,-0.357991045
1497535025078850000,97771,0.680773402,-2.438719552,1.073031852,0.191256821,-0.612234599,0.677693794,-0.359611938
1497535025088790000,97772,0.689816042,-2.43885404,1.07154037,0.194848424,-0.612979714,0.674891312,-0.361678973
1497535025098840000,97773,0.698811397,-2.438844437,1.06994322,0.198466564,-0.613456025,0.67258687,-0.363193653
1497535025108930000,97774,0.707907809,-2.439223566,1.068118842,0.203270961,-0.614762437,0.669022604,-0.364906589
1497535025118930000,97775,0.717507606,-2.439439802,1.066349356,0.207810259,-0.615212668,0.666427666,-0.366336507
1497535025128830000,97776,0.72705864,-2.439861937,1.064325279,0.214162823,-0.616438947,0.662147772,-0.368371602
1497535025138900000,97777,0.73711964,-2.440040309,1.062646615,0.219117868,-0.617602803,0.658609501,-0.369848162
1497535025148920000,97778,0.746949029,-2.440262048,1.060622465,0.224631167,-0.617628047,0.655585101,-0.371866386
1497535025158810000,97779,0.756785329,-2.440385804,1.058756693,0.229865345,-0.617935815,0.652507794,-0.373565028
1497535025168900000,97780,0.767030738,-2.440253025,1.057018896,0.233889452,-0.617476902,0.650055172,-0.376093437
1497535025178860000,97781,0.776762433,-2.439872306,1.055318771,0.238681728,-0.617002249,0.64701856,-0.37908606
1497535025188890000,97782,0.786320381,-2.43949941,1.053691691,0.243757472,-0.615519492,0.644629399,-0.382323146
1497535025198850000,97783,0.79569025,-2.439071943,1.052346094,0.247304773,-0.612796731,0.643091322,-0.386980707
1497535025208860000,97784,0.805152167,-2.438523099,1.051422268,0.249795229,-0.609920476,0.642288434,-0.391235126
1497535025218860000,97785,0.814445712,-2.438160689,1.05069564,0.251429488,-0.607414064,0.641811333,-0.394853873
1497535025228870000,97786,0.823914427,-2.437884445,1.050257619,0.251077153,-0.603760131,0.643128044,-0.398522629
1497535025238840000,97787,0.83287016,-2.438037787,1.049324665,0.250383141,-0.6003652,0.644225736,-0.402297291
1497535025248890000,97788,0.842571086,-2.438212069,1.048906202,0.247963082,-0.598596753,0.644479516,-0.406007869
1497535025258900000,97789,0.852495205,-2.438496846,1.04862447,0.246519732,-0.595722349,0.644998096,-0.410268644
1497535025268900000,97790,0.862798022,-2.438901505,1.048411713,0.24456915,-0.592753863,0.645463916,-0.414976051
1497535025278880000,97791,0.87354367,-2.439123864,1.048367564,0.244833577,-0.591099927,0.643826926,-0.419695468
1497535025288880000,97792,0.884546534,-2.439275513,1.048391243,0.24535697,-0.588017212,0.643751133,-0.423816227
1497535025298860000,97793,0.895771933,-2.439256708,1.048560406,0.247195088,-0.585878832,0.642350332,-0.42781612
1497535025308890000,97794,0.907042243,-2.439057248,1.048920647,0.250338352,-0.582498498,0.641316447,-0.432133572
1497535025318900000,97795,0.918371321,-2.438700364,1.049671182,0.255420712,-0.581399132,0.638349539,-0.43502319
1497535025328850000,97796,0.929809906,-2.438317378,1.050946667,0.259664223,-0.578977957,0.637046874,-0.437641746
1497535025338890000,97797,0.941101786,-2.437838992,1.05250784,0.264827254,-0.578102846,0.634690349,-0.439126161
1497535025348890000,97798,0.952505851,-2.437474372,1.054577785,0.271320617,-0.578022279,0.631773926,-0.439473633
1497535025358900000,97799,0.963486364,-2.436843436,1.056941617,0.277563241,-0.577002851,0.630008932,-0.439448635
1497535025368900000,97800,0.973835012,-2.436270046,1.05929584,0.284601031,-0.574343261,0.629127689,-0.439693555
1497535025378850000,97801,0.984403074,-2.435481491,1.06222976,0.289548259,-0.572320417,0.629057582,-0.439201213
1497535025388860000,97802,0.994441561,-2.434850446,1.064794055,0.294394701,-0.570159604,0.628633209,-0.4393974
1497535025398890000,97803,1.00454314,-2.434361023,1.067145806,0.29785649,-0.569842493,0.627348043,-0.439312506
1497535025408910000,97804,1.014652116,-2.433850509,1.069429444,0.30189791,-0.568873403,0.626030124,-0.439689649
1497535025418900000,97805,1.024604344,-2.433161817,1.071490119,0.305295289,-0.567696838,0.624798113,-0.440615937
1497535025428850000,97806,1.034224219,-2.432279884,1.073284986,0.311032861,-0.566315373,0.622200133,-0.442054807
1497535025438900000,97807,1.043834191,-2.431330033,1.074918782,0.316616779,-0.564243204,0.619921527,-0.443937746
1497535025448910000,97808,1.053394419,-2.430155064,1.07618703,0.325392632,-0.563527302,0.615809641,-0.444224155
1497535025458900000,97809,1.062572933,-2.428876673,1.077218585,0.333272101,-0.562699527,0.612361721,-0.444198234
1497535025468900000,97810,1.07187526,-2.427390222,1.078084597,0.342655049,-0.563028172,0.607541755,-0.443260432
1497535025478850000,97811,1.080610225,-2.425916297,1.07864235,0.350977131,-0.562263976,0.602940951,-0.444000546
1497535025488890000,97812,1.088786674,-2.424380813,1.078729284,0.359076628,-0.56237684,0.5972425,-0.445081634
1497535025498890000,97813,1.097293797,-2.422761525,1.079035674,0.367041838,-0.562852468,0.591139716,-0.446129157
1497535025508900000,97814,1.105449735,-2.420842281,1.079300762,0.373084213,-0.562454568,0.586268701,-0.448042452
1497535025518910000,97815,1.113748851,-2.418712562,1.079608031,0.379931609,-0.562507326,0.58042999,-0.449820528
1497535025528870000,97816,1.120869421,-2.416547882,1.078914613,0.385757175,-0.562081793,0.575406029,-0.451844399
1497535025538900000,97817,1.128872948,-2.413983446,1.07923841,0.393308726,-0.561306803,0.568884909,-0.454546894
1497535025548910000,97818,1.136465957,-2.411234182,1.079381875,0.399264303,-0.559779656,0.563467402,-0.457972969
1497535025558920000,97819,1.144085974,-2.408538192,1.079504656,-0.406516896,0.559546497,-0.556487616,0.460405543
1497535025568890000,97820,1.150456902,-2.405988912,1.078126845,-0.412102009,0.55770533,-0.551355252,0.463836269
1497535025578870000,97821,1.158638322,-2.402726911,1.079067363,-0.418740065,0.556958075,-0.545512742,0.465693363
1497535025588860000,97822,1.165244339,-2.399732645,1.078421949,-0.42363412,0.55548657,-0.540361781,0.469018068
1497535025598900000,97823,1.172203819,-2.396678273,1.078067417,-0.429110989,0.554616003,-0.534636581,0.471623341
1497535025608910000,97824,1.179186541,-2.393434225,1.07799907,-0.433902567,0.553022006,-0.529898428,0.474450081
1497535025618910000,97825,1.18627136,-2.389996485,1.078160706,-0.438232548,0.552214746,-0.525033483,0.476813328
1497535025628840000,97826,1.192771946,-2.386710803,1.077488789,-0.443550292,0.550823114,-0.519485738,0.479574397
1497535025638880000,97827,1.199212236,-2.383231184,1.076776814,-0.449328759,0.548798211,-0.514068499,0.482346109
1497535025648950000,97828,1.205931194,-2.379572004,1.076366317,-0.454598234,0.54744577,-0.508845902,0.484478505
1497535025658900000,97829,1.213091607,-2.375563467,1.076568635,-0.46070043,0.545630373,-0.503449773,0.486395864
1497535025668900000,97830,1.219194189,-2.37181016,1.075066184,-0.467128324,0.543711199,-0.497550765,0.488479781
1497535025678880000,97831,1.226054932,-2.367669747,1.074651739,-0.472579548,0.542018215,-0.492533216,0.490199814
1497535025688840000,97832,1.232089019,-2.363774277,1.072921579,-0.479847762,0.540172575,-0.486408811,0.491290325
1497535025698910000,97833,1.239010099,-2.359368753,1.072611153,-0.485277288,0.538368689,-0.481291446,0.492974292
1497535025708910000,97834,1.245417104,-2.355081547,1.071369371,-0.49153063,0.536483169,-0.476025583,0.493946449
1497535025718710000,97835,1.252182749,-2.350519299,1.070947628,-0.496764854,0.534704277,-0.471454121,0.49502225
1497535025728900000,97836,1.258594344,-2.34585586,1.070314459,-0.501908979,0.532369545,-0.467262587,0.496322192
1497535025738910000,97837,1.264415658,-2.341160883,1.068882426,-0.505723954,0.529412849,-0.463819903,0.498835058
1497535025749110000,97838,1.271488066,-2.335960171,1.06948728,-0.51037363,0.526491164,-0.460388619,0.500367996
1497535025758910000,97839,1.276989894,-2.330962916,1.06789359,-0.514767339,0.523253945,-0.456989385,0.502374957
1497535025768940000,97840,1.283157403,-2.325576675,1.067366367,-0.518684107,0.520248368,-0.454022213,0.504154998
1497535025778840000,97841,1.289091749,-2.320078412,1.06645092,-0.523166072,0.517620116,-0.450570495,0.505324555
1497535025788900000,97842,1.295151794,-2.314444086,1.065598484,-0.527073637,0.514803687,-0.447477573,0.506886937
1497535025798880000,97843,1.301536339,-2.308524968,1.064867839,-0.531185702,0.51265728,-0.444332237,0.50753633
1497535025808940000,97844,1.307870489,-2.302449199,1.064077053,-0.535832753,0.510766456,-0.440562786,0.507843795
1497535025818880000,97845,1.313695689,-2.296314964,1.062496441,-0.540652366,0.508812309,-0.436289342,0.508386332
1497535025828770000,97846,1.319908463,-2.289833471,1.061523777,-0.54482547,0.50715379,-0.432645025,0.508702785
1497535025838880000,97847,1.325775576,-2.283283772,1.060085818,-0.550337423,0.504869418,-0.428159848,0.508836651
1497535025848960000,97848,1.331719546,-2.276489431,1.059038967,-0.554727111,0.502601314,-0.423895387,0.509884744
1497535025858950000,97849,1.337489401,-2.269681548,1.057633912,-0.559259843,0.500640313,-0.419696706,0.510335556
1497535025869050000,97850,1.343410937,-2.262738341,1.056652463,-0.562905603,0.498734439,-0.416512758,0.510801688
1497535025878840000,97851,1.34859128,-2.255758158,1.054929776,-0.566761434,0.496925722,-0.41259538,0.511479576
1497535025888990000,97852,1.354127753,-2.248573482,1.053964374,-0.570232155,0.495371926,-0.409430306,0.511672521
1497535025898910000,97853,1.359082593,-2.241321735,1.052628718,-0.573765,0.492985382,-0.406073436,0.512702157
1497535025908950000,97854,1.364043713,-2.233719498,1.051931943,-0.577342635,0.489736105,-0.403072876,0.514165622
1497535025918910000,97855,1.368380571,-2.225936337,1.05072367,-0.580531848,0.486527747,-0.400641515,0.51551906
1497535025928910000,97856,1.37287376,-2.217825806,1.049751557,-0.584091824,0.48335965,-0.397904018,0.516597118
1497535025938920000,97857,1.37726477,-2.209562685,1.048788937,-0.588074907,0.480214639,-0.395055477,0.517197229
1497535025949090000,97858,1.38183972,-2.201141557,1.048465141,-0.591247954,0.477131848,-0.393353037,0.517730089
1497535025958920000,97859,1.385953591,-2.192679649,1.0478114,-0.595050209,0.473929459,-0.391011322,0.518089048
1497535025968810000,97860,1.390036159,-2.184147979,1.04735038,-0.596981908,0.471365582,-0.390045686,0.518932994
1497535025978840000,97861,1.394059011,-2.175584829,1.047265542,-0.59848448,0.469179303,-0.389625063,0.5194992
1497535025988920000,97862,1.398242133,-2.166880934,1.047617248,-0.59949273,0.467490161,-0.38920208,0.520176083
1497535025998910000,97863,1.402293513,-2.158085624,1.04793391,-0.599842896,0.466246832,-0.389011873,0.521029898
1497535026008950000,97864,1.406149455,-2.149048591,1.04820245,-0.599349107,0.465255374,-0.38954234,0.522087015
1497535026018920000,97865,1.410129256,-2.139694749,1.048881951,-0.599218184,0.46400159,-0.3893466,0.523497199
1497535026028850000,97866,1.413742813,-2.129992487,1.049430502,-0.598927218,0.462371289,-0.389324649,0.525285918
1497535026038900000,97867,1.41786463,-2.119914646,1.050903944,-0.598843869,0.460592041,-0.388481569,0.527563325
1497535026048970000,97868,1.420670656,-2.109514699,1.050819524,-0.599048923,0.4582375,-0.387048233,0.530426665
1497535026058930000,97869,1.423833991,-2.098637817,1.051390526,-0.599919664,0.455242012,-0.385021918,0.533487798
1497535026068900000,97870,1.42756698,-2.087519305,1.053466673,-0.600834595,0.451970921,-0.382015236,0.537386672
1497535026078860000,97871,1.429828465,-2.076212227,1.053582223,-0.603206104,0.447479881,-0.378108821,0.541237352
1497535026088980000,97872,1.431958385,-2.064977015,1.054065208,-0.604113296,0.442367666,-0.374866585,0.546656215
1497535026098940000,97873,1.434433035,-2.053815061,1.055380962,-0.605537441,0.436499007,-0.370849581,0.552506664
1497535026108980000,97874,1.436787622,-2.042930032,1.056700702,-0.606866434,0.431056418,-0.366594759,0.558132402
1497535026118920000,97875,1.43857327,-2.032319328,1.057483934,-0.608076871,0.424904896,-0.363153583,0.563753336
1497535026128920000,97876,1.440234066,-2.022288764,1.058320979,-0.607026862,0.419712064,-0.360496445,0.570440607
1497535026138910000,97877,1.442139147,-2.012498831,1.05961351,-0.606000365,0.413595703,-0.358690096,0.57709927
1497535026148970000,97878,1.443206096,-2.003043723,1.059515105,-0.603800991,0.409000006,-0.357483998,0.583393991
1497535026158910000,97879,1.445253862,-1.993884366,1.060749941,-0.600570669,0.405513964,-0.356560569,0.58969302
1497535026169010000,97880,1.446789184,-1.984918685,1.061112296,-0.597053737,0.401742094,-0.355389384,0.59651363
1497535026178890000,97881,1.449351959,-1.976108063,1.062864695,-0.594188952,0.400104201,-0.352812355,0.601979701
1497535026188980000,97882,1.451540948,-1.967553945,1.064257649,-0.590182229,0.398886377,-0.349856199,0.608420278
1497535026198920000,97883,1.452793293,-1.958896268,1.064249422,-0.58680341,0.396713865,-0.34644763,0.615023501
1497535026208930000,97884,1.454989513,-1.950477927,1.066330358,-0.582961719,0.395022865,-0.343186834,0.62155882
1497535026218920000,97885,1.456712615,-1.94212689,1.067937715,-0.580193796,0.392051274,-0.339297402,0.628130743
1497535026228920000,97886,1.458207314,-1.933848676,1.069720549,-0.57738421,0.388451316,-0.336443426,0.634459511
1497535026238900000,97887,1.459448674,-1.925681022,1.07141656,-0.574644677,0.384790833,-0.334144326,0.640364802
1497535026248880000,97888,1.460792569,-1.917567995,1.073748766,-0.572186448,0.38057457,-0.332637401,0.64584675
1497535026258900000,97889,1.461805943,-1.909484476,1.075683375,-0.569836672,0.376815003,-0.331301944,0.65079616
1497535026268900000,97890,1.46307768,-1.901318658,1.077880381,-0.568169177,0.372134928,-0.329731415,0.655725992
1497535026278890000,97891,1.464312856,-1.893199033,1.079829818,-0.566597533,0.368299444,-0.327401528,0.660402146
1497535026288880000,97892,1.466100675,-1.885070026,1.082578722,-0.566171106,0.36371012,-0.324608477,0.664676285
1497535026298900000,97893,1.467302932,-1.876682225,1.083901972,-0.56536538,0.359703094,-0.321943478,0.668825888
1497535026308890000,97894,1.468622728,-1.868439735,1.085422773,-0.564695562,0.355981773,-0.31838545,0.673072511
1497535026318920000,97895,1.47041673,-1.860156644,1.087135121,-0.564579158,0.35228154,-0.314935836,0.676730013
1497535026328940000,97896,1.472181308,-1.851964183,1.088750664,-0.564834463,0.348387241,-0.311131572,0.6802834
1497535026338900000,97897,1.473712761,-1.843790636,1.089966324,-0.564813255,0.344840374,-0.307962394,0.68354244
1497535026348970000,97898,1.475031561,-1.835708669,1.09065989,-0.564070567,0.340718942,-0.305291861,0.687409541
1497535026358920000,97899,1.476715792,-1.827671091,1.091861478,-0.56434128,0.336729614,-0.302498718,0.690381497
1497535026369000000,97900,1.477967688,-1.819388093,1.092010538,-0.564908936,0.332659708,-0.300186983,0.692894789
1497535026378830000,97901,1.479498747,-1.811195323,1.092485216,-0.565905998,0.328533727,-0.297382944,0.6952549
1497535026388970000,97902,1.480814306,-1.802857895,1.092332872,-0.566859956,0.324620469,-0.294629931,0.697484441
1497535026398930000,97903,1.482300536,-1.794449921,1.09231663,-0.568044549,0.320744279,-0.292022893,0.699407698
1497535026408990000,97904,1.484315269,-1.786178807,1.092984859,-0.569884651,0.316574237,-0.288935139,0.701091094
1497535026418930000,97905,1.485210325,-1.777536416,1.091664236,-0.571076377,0.313449496,-0.285538062,0.702914789
1497535026428970000,97906,1.487048527,-1.769259622,1.091871302,-0.572707484,0.309493558,-0.282130405,0.704714346
1497535026438920000,97907,1.488184979,-1.760741106,1.090769804,-0.573863044,0.306665502,-0.279010835,0.706250968
1497535026449000000,97908,1.490384514,-1.752516252,1.090944669,-0.575671029,0.303871189,-0.275363506,0.707417915
1497535026458930000,97909,1.491852363,-1.74393351,1.089643458,-0.57667977,0.302483687,-0.272873384,0.708155476
1497535026468940000,97910,1.493366827,-1.735182556,1.087840156,-0.578224014,0.300553463,-0.269855582,0.708874157
1497535026478860000,97911,1.495501625,-1.72676887,1.087002918,-0.580354959,0.298832311,-0.26651707,0.709123418
1497535026488980000,97912,1.497507622,-1.718004195,1.085309995,-0.582345758,0.298568375,-0.264533082,0.708344967
1497535026498920000,97913,1.499693492,-1.709177477,1.083609229,-0.584983722,0.297446976,-0.262023005,0.70757564
1497535026508950000,97914,1.501688191,-1.700022416,1.081380843,-0.587282738,0.296509612,-0.259727553,0.706910626
1497535026518910000,97915,1.50409227,-1.690758455,1.079558508,-0.589731331,0.294751988,-0.256842061,0.706661432
1497535026528920000,97916,1.50620273,-1.680848025,1.076787596,-0.593292835,0.293168603,-0.253550104,0.705526844
1497535026538880000,97917,1.508508602,-1.670864569,1.074487548,-0.59580202,0.291144096,-0.25092493,0.705189157
1497535026548900000,97918,1.510559987,-1.660599596,1.072162839,-0.599090928,0.288533947,-0.24817918,0.704446816
1497535026558910000,97919,1.512433868,-1.650183138,1.069607851,-0.601544651,0.285759152,-0.245774903,0.704329779
1497535026568980000,97920,1.513834461,-1.639909555,1.066619273,-0.602243841,0.284646031,-0.242283437,0.705391898
1497535026578900000,97921,1.515878001,-1.629743562,1.064492213,-0.603767537,0.28269526,-0.238556618,0.706143676
1497535026589030000,97922,1.517747504,-1.619907195,1.062375213,-0.604333203,0.281126366,-0.234612027,0.707606206
1497535026598930000,97923,1.519381775,-1.610199195,1.060480559,-0.603391458,0.279474644,-0.232155328,0.709870816
1497535026608980000,97924,1.520966311,-1.600460647,1.058726878,-0.602092578,0.27712552,-0.230030118,0.712581307
1497535026618920000,97925,1.522168845,-1.590504912,1.056684316,-0.599802651,0.274894743,-0.228631554,0.715819302
1497535026628930000,97926,1.523935071,-1.580280795,1.05522084,-0.596696078,0.274279591,-0.227673878,0.71895
1497535026638910000,97927,1.52585475,-1.569802633,1.054332448,-0.593202786,0.273094687,-0.227662482,0.722287714
1497535026648990000,97928,1.5281362,-1.558845507,1.053474301,-0.591508077,0.27374971,-0.225767582,0.7240223
1497535026658930000,97929,1.53017484,-1.547499456,1.052466857,-0.588144305,0.272910444,-0.22458777,0.727438313
1497535026668930000,97930,1.532473832,-1.535651157,1.051468517,-0.587655089,0.273172226,-0.22094347,0.728850063
1497535026678880000,97931,1.534907372,-1.523444734,1.051078759,-0.585603405,0.272205638,-0.219794306,0.731206678
1497535026688990000,97932,1.538690243,-1.509139826,1.051011839,-0.604770158,0.269569913,-0.20615295,0.720476286
1497535026698930000,97933,1.541378398,-1.496219583,1.051130796,-0.608060647,0.267641406,-0.201943531,0.719617355
1497535026708980000,97934,1.541541005,-1.484613197,1.050233774,-0.573190447,0.273872085,-0.219568995,0.740429773
1497535026718930000,97935,1.543392685,-1.474504324,1.052440341,-0.603858281,0.277780948,-0.212462411,0.716276933
1497535026728870000,97936,1.545185761,-1.462578499,1.053030537,-0.584349414,0.257256843,-0.210024769,0.740435193
1497535026738910000,97937,1.548069722,-1.44912282,1.055668229,-0.577457262,0.270461904,-0.217039269,0.739112593
1497535026748940000,97938,1.549628588,-1.439266394,1.057172831,-0.588447746,0.260221255,-0.210254526,0.736075528
1497535026758930000,97939,1.552798911,-1.427957946,1.059887308,-0.591271896,0.26159489,-0.209895405,0.733423191
1497535026768930000,97940,1.555960465,-1.416846015,1.062272297,-0.594277912,0.261739462,-0.210085306,0.730883288
1497535026778900000,97941,1.559404681,-1.405870361,1.064906261,-0.595486865,0.265182466,-0.209903642,0.728707153
1497535026788970000,97942,1.562670979,-1.395380716,1.066875533,-0.595500288,0.266917902,-0.212539052,0.72729732
1497535026798940000,97943,1.565975284,-1.384982446,1.068872558,-0.59440844,0.270588448,-0.214495897,0.726258913
1497535026808940000,97944,1.569486532,-1.374619249,1.070752223,-0.594231009,0.273622252,-0.217212916,0.724457674
1497535026818940000,97945,1.572422099,-1.364590043,1.072222778,-0.592882328,0.276142033,-0.220553636,0.723596722
1497535026828920000,97946,1.575122786,-1.354462938,1.073347579,-0.593203378,0.277366857,-0.224278405,0.721717796
1497535026838850000,97947,1.577338989,-1.344670416,1.074354508,-0.594015362,0.278177178,-0.227789048,0.719635572
1497535026848960000,97948,1.579487275,-1.334841152,1.075444079,-0.596842265,0.277023291,-0.229591046,0.717164806
1497535026858940000,97949,1.581486124,-1.325164221,1.076345567,-0.601221784,0.275347443,-0.230296261,0.713918612
1497535026868920000,97950,1.583529096,-1.315621884,1.077318392,-0.606171043,0.273298272,-0.229622627,0.71073073
1497535026878880000,97951,1.58573033,-1.306051905,1.078367032,-0.611410051,0.272587027,-0.228163404,0.706976324
1497535026888980000,97952,1.588023065,-1.296606079,1.079367902,-0.616338192,0.273085767,-0.226001882,0.703188841
1497535026898920000,97953,1.59038971,-1.28724992,1.080375382,-0.620363967,0.274192375,-0.223850895,0.699898469
1497535026908920000,97954,1.592672605,-1.278056375,1.081258192,-0.622635682,0.276123906,-0.221996382,0.69770911
1497535026918940000,97955,1.594689092,-1.26920991,1.08218215,-0.624490361,0.277964566,-0.218232193,0.696507142
1497535026928850000,97956,1.596606776,-1.260435118,1.082803066,-0.626101204,0.279507717,-0.215203301,0.695384971
1497535026938870000,97957,1.598251873,-1.252159315,1.083096433,-0.627802945,0.279568022,-0.211694494,0.69490332
1497535026948950000,97958,1.599851959,-1.243912827,1.083255413,-0.629592658,0.279469596,-0.209328288,0.694039983
1497535026958870000,97959,1.601670041,-1.23553433,1.083471207,-0.63073151,0.28044796,-0.208526595,0.692851618
1497535026968990000,97960,1.603426543,-1.227244493,1.083628404,-0.633180056,0.280790818,-0.206998799,0.690934896
1497535026978880000,97961,1.605275356,-1.218891884,1.083727519,-0.636390306,0.281909716,-0.20603179,0.687811887
1497535026988970000,97962,1.607103448,-1.210567559,1.083658499,-0.638824229,0.283906322,-0.206074173,0.684714715
1497535026998920000,97963,1.609006535,-1.202328961,1.083513235,-0.641548655,0.285293957,-0.205629301,0.681717883
1497535027008910000,97964,1.610723868,-1.194303913,1.083250364,-0.643923184,0.286560973,-0.205401109,0.679011139
1497535027018930000,97965,1.612306496,-1.186473884,1.082773852,-0.646535351,0.287325278,-0.204499144,0.676473447
1497535027028810000,97966,1.613757883,-1.178717288,1.082268932,-0.648993022,0.288072482,-0.203837295,0.673997522
1497535027038940000,97967,1.615208026,-1.170922162,1.081518933,-0.650283632,0.289478698,-0.204116024,0.672063933
1497535027048990000,97968,1.616752265,-1.162980218,1.080971165,-0.651551084,0.291197571,-0.204004634,0.670124815
1497535027058930000,97969,1.618110911,-1.155002622,1.080199552,-0.652363182,0.29272444,-0.205321099,0.668264863
1497535027068990000,97970,1.619399958,-1.146813535,1.079465711,-0.654429819,0.294057554,-0.205436,0.665618372
1497535027078860000,97971,1.620715422,-1.138542164,1.078367409,-0.656218791,0.295460855,-0.206056492,0.663038841
1497535027088930000,97972,1.622000139,-1.130062423,1.077454076,-0.658444422,0.29700353,-0.206514951,0.659993501
1497535027098910000,97973,1.623194408,-1.12139951,1.076195593,-0.660369574,0.298632181,-0.207531176,0.657009633
1497535027108940000,97974,1.624277013,-1.112674462,1.074964107,-0.663690188,0.299442356,-0.207483132,0.653299594
1497535027118940000,97975,1.625534067,-1.103555207,1.073808865,-0.665082847,0.301885513,-0.209110608,0.650232802
1497535027128950000,97976,1.626602397,-1.094350927,1.072452884,-0.667439132,0.303131001,-0.20988258,0.646982151
1497535027138960000,97977,1.627569251,-1.08503309,1.070938509,-0.670024891,0.303901286,-0.210588501,0.643710445
1497535027148980000,97978,1.628443095,-1.075413749,1.069495059,-0.672753014,0.304913982,-0.210774788,0.640316199
1497535027158920000,97979,1.62922677,-1.065670373,1.067649904,-0.676305446,0.305126288,-0.210406699,0.636582998
1497535027168980000,97980,1.630055126,-1.055621004,1.066014512,-0.679536979,0.305843669,-0.210536902,0.632742726
1497535027178880000,97981,1.630717229,-1.045534868,1.064061743,-0.68313841,0.305676237,-0.210255273,0.629028355
1497535027188970000,97982,1.63118029,-1.035281053,1.062094868,-0.686381739,0.305880679,-0.210116317,0.625434451
1497535027198920000,97983,1.631542767,-1.025273871,1.060005739,-0.68850056,0.305254095,-0.210936859,0.623131252
1497535027208930000,97984,1.631808697,-1.015232971,1.057909056,-0.691253993,0.304105815,-0.211913749,0.620306484
1497535027218900000,97985,1.632132517,-1.005213839,1.056309076,-0.692817452,0.303979639,-0.212979263,0.618255765
1497535027228960000,97986,1.632375533,-0.99555719,1.054078828,-0.694262296,0.30317093,-0.214924442,0.616356013
1497535027238920000,97987,1.632485276,-0.986209266,1.052128343,-0.694489447,0.3028254,-0.218106548,0.615150972
1497535027248970000,97988,1.632932147,-0.976750698,1.050374264,-0.695227837,0.304084545,-0.220492107,0.612840987
1497535027258910000,97989,1.633290509,-0.967447235,1.048711764,-0.694823457,0.305524892,-0.223046915,0.611657565
1497535027268990000,97990,1.633582743,-0.958272104,1.046735799,-0.69424186,0.307348382,-0.224469833,0.610883381
1497535027278870000,97991,1.633973399,-0.94886366,1.044784705,-0.694118154,0.309371408,-0.225805756,0.609508885
1497535027288820000,97992,1.634042056,-0.939516538,1.042741955,-0.693418971,0.311386103,-0.226186066,0.60913766
1497535027298840000,97993,1.634198291,-0.929865509,1.040659642,-0.693001805,0.312843261,-0.227188732,0.608492295
1497535027308900000,97994,1.634184355,-0.919895026,1.039078361,-0.692535346,0.314558684,-0.227686439,0.607952724
1497535027318890000,97995,1.633879371,-0.909795536,1.0372605,-0.691829717,0.315851551,-0.229381163,0.607448535
1497535027328920000,97996,1.633828622,-0.899182981,1.03637605,-0.691069257,0.318450175,-0.230960778,0.606357887
1497535027338950000,97997,1.633359302,-0.88864952,1.034954449,-0.69031247,0.320096975,-0.233128883,0.605522539
1497535027349000000,97998,1.633051806,-0.877936709,1.034259039,-0.689736101,0.321603345,-0.233781294,0.605129496
1497535027358960000,97999,1.632654568,-0.866981765,1.033988804,-0.688709618,0.323828617,-0.2343795,0.604880433
1497535027368910000,98000,1.632137752,-0.855781895,1.03425931,-0.687285259,0.326241055,-0.234759718,0.605056709
1497535027378890000,98001,1.631364722,-0.844357294,1.034552782,-0.686823441,0.327438036,-0.233735264,0.605331083
1497535027388960000,98002,1.630419744,-0.832693759,1.035210852,-0.686075619,0.328150304,-0.232516067,0.606262239
1497535027398960000,98003,1.629155509,-0.820798277,1.036130431,-0.685466614,0.327835498,-0.230457639,0.607905161
1497535027409010000,98004,1.627596786,-0.808827258,1.037451461,-0.684887532,0.327244568,-0.227544831,0.609970009
1497535027418950000,98005,1.625641997,-0.796902766,1.038912594,-0.684421178,0.324998508,-0.224360934,0.612866863
1497535027428930000,98006,1.623532559,-0.785016924,1.040710668,-0.683214838,0.322347769,-0.221443511,0.616662121
1497535027438950000,98007,1.621201247,-0.773308852,1.042481159,-0.682167559,0.318264874,-0.218150167,0.62110015
1497535027448940000,98008,1.618853379,-0.761879667,1.044383861,-0.680198763,0.313398697,-0.215988515,0.626466169
1497535027458950000,98009,1.616471592,-0.750759716,1.046322155,-0.678684834,0.30837285,-0.213100053,0.63157062
1497535027469010000,98010,1.614178345,-0.740034552,1.048230099,-0.676297328,0.302825684,-0.211634973,0.637282643
1497535027478890000,98011,1.612110778,-0.729659748,1.050183495,-0.672934202,0.298645414,-0.21135649,0.642883279
1497535027489010000,98012,1.610150753,-0.719582375,1.051881964,-0.670241,0.295460875,-0.210557826,0.647414299
1497535027498950000,98013,1.608677642,-0.709824575,1.053532756,-0.665819179,0.292305429,-0.211535552,0.653065898
1497535027509000000,98014,1.607380855,-0.700359536,1.055054512,-0.661312468,0.290594285,-0.211950763,0.658253489
1497535027518960000,98015,1.606317199,-0.691157923,1.056534615,-0.656728936,0.29065898,-0.212831899,0.662515693
1497535027528920000,98016,1.605514878,-0.682273694,1.058014347,-0.651674759,0.290906715,-0.213131115,0.667284362
1497535027538950000,98017,1.604784352,-0.673623253,1.059511265,-0.646654416,0.29239979,-0.213036995,0.671532329
1497535027548900000,98018,1.604193669,-0.665195443,1.061219016,-0.640813041,0.294271633,-0.213325947,0.67620625
1497535027558960000,98019,1.603648147,-0.656969113,1.062757651,-0.635529671,0.295328285,-0.21309652,0.680788598
1497535027568990000,98020,1.603145136,-0.648863061,1.064560107,-0.630217979,0.296886561,-0.212971809,0.685074213
1497535027578720000,98021,1.602679537,-0.64089501,1.06624008,-0.625220995,0.297577223,-0.213056067,0.689313874
1497535027588690000,98022,1.602407853,-0.632946113,1.068045676,-0.620207885,0.298535565,-0.213360224,0.693322516
1497535027598940000,98023,1.602033686,-0.625175242,1.069944114,-0.615950068,0.298610773,-0.213120757,0.697148953
1497535027609020000,98024,1.601584432,-0.617405046,1.072035625,-0.611437975,0.298242014,-0.213849781,0.701044631
1497535027618910000,98025,1.600960914,-0.609656217,1.07402308,-0.60727928,0.297010927,-0.214493382,0.704974449
1497535027628950000,98026,1.600435478,-0.601722883,1.076125701,-0.603484008,0.296586113,-0.214887494,0.708284614
1497535027638930000,98027,1.599829675,-0.593777997,1.078114275,-0.598914343,0.294047374,-0.215665122,0.71297006
1497535027649010000,98028,1.599296664,-0.585622997,1.079957173,-0.595903994,0.293098975,-0.215631332,0.715887246
1497535027658940000,98029,1.598811815,-0.577355495,1.081408433,-0.593098268,0.290689399,-0.215347564,0.719277098
1497535027668980000,98030,1.598582782,-0.568840709,1.082724093,-0.591420977,0.289481807,-0.214692217,0.721338175
1497535027678890000,98031,1.597930595,-0.560444737,1.08373355,-0.589218999,0.287816525,-0.214318343,0.723913163
1497535027688990000,98032,1.597690584,-0.551771406,1.08462554,-0.588388402,0.286238256,-0.213236386,0.725532214
1497535027698930000,98033,1.597448553,-0.543035397,1.085424007,-0.586570241,0.284822046,-0.212922631,0.727650815
1497535027708950000,98034,1.597910324,-0.533852674,1.087148895,-0.588653917,0.285188453,-0.211002926,0.726382735
1497535027718920000,98035,1.596672274,-0.525544703,1.086041252,-0.585577565,0.281729415,-0.212328504,0.729824676
1497535027728900000,98036,1.596444207,-0.516566056,1.086114154,-0.585282873,0.279930432,-0.212382075,0.730737139
1497535027738940000,98037,1.59612767,-0.507508153,1.085759714,-0.585509722,0.278505239,-0.211999085,0.73121104
1497535027749010000,98038,1.596125897,-0.498172979,1.085295703,-0.586401701,0.276119738,-0.21146865,0.731554472
1497535027758930000,98039,1.596232768,-0.488645136,1.084546978,-0.587123117,0.274815193,-0.211208542,0.731542211
1497535027768920000,98040,1.596075291,-0.479167142,1.083374407,-0.589158366,0.272389474,-0.209045319,0.731434515
1497535027778840000,98041,1.596532974,-0.469284086,1.082116418,-0.590664364,0.271627392,-0.207888108,0.730832883
1497535027788990000,98042,1.596773157,-0.459522001,1.080294987,-0.593086313,0.269270532,-0.205213103,0.730499547
1497535027798930000,98043,1.597291859,-0.449529893,1.078334444,-0.595048429,0.268728102,-0.203508261,0.72957999
1497535027808860000,98044,1.5979867,-0.439197758,1.076113228,-0.597452578,0.269442957,-0.201660046,0.727862718
1497535027818930000,98045,1.598790565,-0.42879807,1.073688184,-0.599609603,0.269561341,-0.200442607,0.726379907
1497535027829040000,98046,1.59953006,-0.418274235,1.070937841,-0.602373363,0.26835625,-0.19855168,0.725057574
1497535027838900000,98047,1.600467163,-0.407447009,1.068366567,-0.605594563,0.267913485,-0.196462555,0.723104456
1497535027848980000,98048,1.600008035,-0.396969311,1.063172668,-0.608521305,0.269106512,-0.194747011,0.720664352
1497535027858890000,98049,1.600765233,-0.385878616,1.060441952,-0.611625468,0.26658026,-0.193099292,0.719417761
1497535027868920000,98050,1.601429676,-0.374705868,1.057836599,-0.613059162,0.2647435,-0.192286748,0.719093283
1497535027878910000,98051,1.602013274,-0.363585527,1.055568834,-0.614535472,0.262684569,-0.191029108,0.718923397
1497535027888980000,98052,1.602323765,-0.352912691,1.053317896,-0.615222478,0.260064275,-0.188896684,0.719851316
1497535027898930000,98053,1.602815958,-0.342439557,1.051596634,-0.614540036,0.258371423,-0.187524858,0.721400845
1497535027909010000,98054,1.603147815,-0.332233463,1.049912346,-0.612770254,0.256527918,-0.186570261,0.723807696
1497535027918930000,98055,1.603585493,-0.321982925,1.048672036,-0.610384718,0.254395962,-0.186717029,0.726532822
1497535027929010000,98056,1.60412863,-0.31141299,1.0474211,-0.606422422,0.252652002,-0.187492177,0.730250297
1497535027938920000,98057,1.605096497,-0.300440217,1.046602734,-0.603067554,0.252190437,-0.187798725,0.733103777
1497535027948990000,98058,1.606480999,-0.288968981,1.045888968,-0.600077362,0.252725997,-0.187306694,0.735495025
1497535027958940000,98059,1.607924085,-0.277108466,1.044993137,-0.595700081,0.253725356,-0.186168282,0.738990005
1497535027968920000,98060,1.609438582,-0.265017388,1.044245549,-0.592522918,0.25510215,-0.184471831,0.741491489
1497535027978860000,98061,1.610878381,-0.252747519,1.043696656,-0.589909908,0.254781081,-0.181662973,0.744373203
1497535027988930000,98062,1.612289613,-0.240260489,1.043459475,-0.586798104,0.254875625,-0.180412885,0.747099453
1497535027998960000,98063,1.613876966,-0.227537388,1.044182745,-0.584820072,0.253051872,-0.179522998,0.749480972
1497535028009040000,98064,1.615409729,-0.215035054,1.045349824,-0.585449994,0.250866932,-0.178741,0.749910489
1497535028018940000,98065,1.617235559,-0.202759862,1.047392172,-0.587650968,0.249400983,-0.179587376,0.748474357
1497535028028900000,98066,1.619503478,-0.190563938,1.050031743,-0.591629062,0.24911685,-0.179131594,0.745538544
1497535028038940000,98067,1.622009516,-0.178747548,1.052396192,-0.595692589,0.250185975,-0.179562608,0.741831913
1497535028049030000,98068,1.62488459,-0.167094883,1.054861914,-0.597548959,0.252062028,-0.179894788,0.739620065
1497535028058950000,98069,1.628089181,-0.155742909,1.057475222,-0.598723408,0.254332307,-0.180713716,0.737690932
1497535028068940000,98070,1.631336564,-0.144719111,1.059879212,-0.599460826,0.256605696,-0.182339281,0.735902589
1497535028078840000,98071,1.634330702,-0.133852123,1.061731127,-0.598914591,0.25963096,-0.185055042,0.73460718
1497535028088940000,98072,1.637097137,-0.123184661,1.063429535,-0.598522101,0.262388205,-0.187757565,0.733260405
1497535028098960000,98073,1.639566504,-0.112670622,1.064953718,-0.597558954,0.264153479,-0.190999376,0.732574552
1497535028109030000,98074,1.641747856,-0.102315942,1.066333541,-0.595911088,0.265216429,-0.19536024,0.732382822
1497535028118950000,98075,1.643657938,-0.092163674,1.067578619,-0.59710935,0.265000591,-0.198696255,0.730585319
1497535028128930000,98076,1.645364264,-0.082113627,1.068728758,-0.599081044,0.263529168,-0.201103123,0.728842791
1497535028138960000,98077,1.647085827,-0.072170725,1.069840215,-0.603054516,0.261777573,-0.203117977,0.72563134
1497535028149030000,98078,1.649034243,-0.062259065,1.071042173,-0.608625771,0.261454603,-0.203988559,0.720836201
1497535028158960000,98079,1.651048498,-0.052489458,1.07215869,-0.614040192,0.262969203,-0.204485184,0.715533123
1497535028168930000,98080,1.653274927,-0.042819216,1.073346048,-0.61926066,0.26516978,-0.203924701,0.710363244
1497535028178910000,98081,1.655295019,-0.033438171,1.074267919,-0.623677426,0.268156012,-0.202916939,0.705651145
1497535028188920000,98082,1.65730179,-0.024326023,1.075423115,-0.626324043,0.27116197,-0.20098207,0.702705904
1497535028198960000,98083,1.658902252,-0.015346816,1.075910136,-0.627975563,0.273491814,-0.198346391,0.701076051
1497535028208960000,98084,1.660709079,-0.006163337,1.0766302,-0.635007794,0.275741153,-0.192011889,0.69560287
1497535028218930000,98085,1.661781648,0.002839248,1.076858166,-0.637705299,0.276232182,-0.189504097,0.693625209
1497535028228960000,98086,1.662747698,0.011913976,1.077168842,-0.639928023,0.276228085,-0.187934323,0.692004956
1497535028238960000,98087,1.663614896,0.020969976,1.077534355,-0.641620542,0.276606164,-0.187257549,0.690468479
1497535028249020000,98088,1.664423201,0.030203177,1.077438751,-0.645605781,0.276451104,-0.185893745,0.687176453
1497535028258960000,98089,1.665257643,0.03940147,1.077365415,-0.649439189,0.276351323,-0.184587142,0.683949028
1497535028268990000,98090,1.666117336,0.0485875,1.07721383,-0.652960995,0.276075074,-0.184208193,0.680802345
1497535028278910000,98091,1.667132519,0.057519419,1.077020781,-0.656376666,0.277468536,-0.182250479,0.677470034
1497535028288920000,98092,1.667841949,0.066453694,1.07655961,-0.659749536,0.277889014,-0.181875098,0.674114007
1497535028298940000,98093,1.668842987,0.075128921,1.076043386,-0.661616044,0.280836406,-0.180101052,0.671534612
1497535028308950000,98094,1.669623315,0.083720885,1.075634494,-0.663655372,0.281374025,-0.18068654,0.669135696
1497535028318940000,98095,1.670496491,0.092444064,1.074887754,-0.66591053,0.282976811,-0.17996345,0.666408619
1497535028328960000,98096,1.671455925,0.100922629,1.074197605,-0.666897007,0.285553321,-0.178956448,0.664591809
1497535028338920000,98097,1.672091106,0.10977154,1.073324197,-0.669426522,0.284907799,-0.180138378,0.662001392
1497535028348980000,98098,1.672904503,0.118426043,1.072227192,-0.670605777,0.287535738,-0.179505359,0.65984007
1497535028358930000,98099,1.673581709,0.127350277,1.071224386,-0.67320912,0.286945958,-0.180321652,0.657218076
1497535028368930000,98100,1.674453326,0.136117499,1.070142485,-0.674815776,0.288739381,-0.180168303,0.654822587
1497535028378900000,98101,1.675108962,0.145103298,1.068787157,-0.675904327,0.290691038,-0.180161494,0.652835275
1497535028388900000,98102,1.675673939,0.154285356,1.067431064,-0.678373808,0.291152682,-0.181065794,0.64981095
1497535028398940000,98103,1.67628497,0.163342279,1.06617553,-0.680405983,0.292310164,-0.181978331,0.646905212
1497535028409020000,98104,1.676837916,0.172768311,1.06492484,-0.682378592,0.293369956,-0.1831036,0.644023756
1497535028418940000,98105,1.677279903,0.182079608,1.063389758,-0.68388055,0.294781214,-0.184408778,0.641408475
1497535028428930000,98106,1.677578714,0.19128912,1.061905743,-0.684832968,0.295961489,-0.18542694,0.639552541
1497535028438960000,98107,1.677767757,0.20111335,1.060278311,-0.687844042,0.295599143,-0.186952002,0.636035116
1497535028448940000,98108,1.677667319,0.211326673,1.058988888,-0.693308994,0.292124044,-0.189928122,0.630803844
1497535028458970000,98109,1.677494301,0.220879235,1.057180275,-0.694657709,0.292951864,-0.191186237,0.628552063
1497535028469000000,98110,1.677292155,0.230530327,1.055386429,-0.696540332,0.292829825,-0.192678867,0.626064784
1497535028478870000,98111,1.675875599,0.240910995,1.051653347,-0.69875932,0.292036541,-0.193909851,0.623577614
1497535028489000000,98112,1.675715216,0.250484918,1.050063633,-0.699757321,0.291530354,-0.195405656,0.622226947
1497535028498940000,98113,1.674980461,0.260417418,1.048587841,-0.703431411,0.287471658,-0.199988527,0.618505364
1497535028509000000,98114,1.674844643,0.269812146,1.046670418,-0.704301755,0.288126167,-0.201729127,0.616642287
1497535028518930000,98115,1.674898226,0.278977535,1.044920947,-0.704346524,0.289263275,-0.204736362,0.61506565
1497535028528890000,98116,1.674940111,0.288024272,1.043173351,-0.70396722,0.290706015,-0.207877365,0.613764749
1497535028538940000,98117,1.674922126,0.297191856,1.041502994,-0.702979525,0.293697867,-0.209683881,0.612857259
1497535028548930000,98118,1.674986398,0.306535792,1.039685834,-0.703006996,0.296254535,-0.210259277,0.611396312
1497535028558950000,98119,1.674832962,0.316022249,1.038418485,-0.702597935,0.297780717,-0.212272872,0.610428549
1497535028569000000,98120,1.674479993,0.325710828,1.036824046,-0.701457311,0.300526179,-0.212165158,0.610432308
1497535028578870000,98121,1.673843487,0.335786433,1.035799248,-0.700914632,0.301575331,-0.214154212,0.6098434
1497535028588870000,98122,1.673096498,0.346133318,1.034715018,-0.699807624,0.303371111,-0.214229754,0.610197403
1497535028598920000,98123,1.67223444,0.356828945,1.034187195,-0.699257564,0.303383993,-0.215997875,0.610198271
1497535028608900000,98124,1.671223107,0.367691056,1.033848738,-0.698247467,0.304354086,-0.217203314,0.610443925
1497535028618920000,98125,1.670203667,0.378718297,1.033987479,-0.697848611,0.305200685,-0.217926575,0.610219523
1497535028628950000,98126,1.669175935,0.389783746,1.034276483,-0.696548448,0.306202958,-0.21902631,0.610808877
1497535028638950000,98127,1.667439212,0.401274318,1.034029203,-0.695663236,0.307308256,-0.218028968,0.61161889
1497535028649020000,98128,1.666224328,0.412494742,1.03484431,-0.694798348,0.308671592,-0.216807144,0.612349382
1497535028658950000,98129,1.664302657,0.423388029,1.034675111,-0.687753875,0.31518257,-0.213113925,0.618253193
1497535028668970000,98130,1.662695726,0.434733645,1.035921908,-0.686838023,0.315181288,-0.210492749,0.620166984
1497535028678870000,98131,1.660909531,0.4458913,1.037333834,-0.685178129,0.314966072,-0.206944471,0.623298717
1497535028688970000,98132,1.658059275,0.457286281,1.038971715,-0.682875659,0.309352061,-0.206890029,0.628632367
1497535028698890000,98133,1.655778948,0.468318157,1.040647317,-0.680379901,0.307053324,-0.204043824,0.6333779
1497535028708980000,98134,1.653470088,0.479179198,1.042673889,-0.67925251,0.30259935,-0.201061082,0.637670841
1497535028718940000,98135,1.650949355,0.489813683,1.044529423,-0.677145649,0.29725982,-0.199176744,0.642992219
1497535028728950000,98136,1.648570015,0.499774688,1.046367203,-0.674257928,0.292285688,-0.197526653,0.648790063
1497535028738970000,98137,1.646373577,0.509811333,1.048464954,-0.671224843,0.287927896,-0.197261761,0.653943832
1497535028749050000,98138,1.644258671,0.518997353,1.049887587,-0.667206842,0.284225864,-0.198152829,0.659383155
1497535028758960000,98139,1.642463754,0.528176053,1.051775216,-0.662462143,0.281711589,-0.198795034,0.665028589
1497535028769090000,98140,1.64114845,0.537205944,1.053531986,-0.658953946,0.279838662,-0.199673868,0.669029421
1497535028778910000,98141,1.639901233,0.545862347,1.055227071,-0.653785047,0.280679804,-0.200146087,0.673591496
1497535028789020000,98142,1.638721927,0.554131044,1.056609487,-0.648611569,0.281375348,-0.200873537,0.678071359
1497535028798990000,98143,1.637669467,0.562246175,1.058370741,-0.642949356,0.28245186,-0.200984701,0.682965755
1497535028808950000,98144,1.636859696,0.570275167,1.060008354,-0.638219848,0.283936246,-0.200782182,0.686834878
1497535028818890000,98145,1.636023083,0.577976307,1.061373005,-0.632659777,0.285721664,-0.199747971,0.691524031
1497535028828940000,98146,1.635567705,0.585925475,1.06336285,-0.628555715,0.286192874,-0.199546292,0.695120587
1497535028838970000,98147,1.635054739,0.593373395,1.065061031,-0.623332677,0.287395905,-0.199504745,0.699326694
1497535028849050000,98148,1.634650016,0.600952954,1.067042517,-0.619458194,0.287792653,-0.199013011,0.702738043
1497535028858960000,98149,1.634132187,0.608036649,1.068665791,-0.614433227,0.288935716,-0.200062621,0.706373066
1497535028868950000,98150,1.633840805,0.615348025,1.070827596,-0.610614151,0.289028108,-0.201423079,0.709254436
1497535028878910000,98151,1.633326334,0.622602851,1.072933949,-0.606130398,0.288593494,-0.202792225,0.712878004
1497535028888970000,98152,1.633007248,0.62996834,1.074968107,-0.603212942,0.288181987,-0.203315598,0.715365681
1497535028898980000,98153,1.632549834,0.637160975,1.076772392,-0.599114998,0.287584056,-0.20476821,0.718628284
1497535028908940000,98154,1.63218674,0.64464588,1.078579783,-0.596550585,0.286702814,-0.204122215,0.721292602
1497535028919000000,98155,1.631670622,0.652225867,1.08018441,-0.592651208,0.284932073,-0.204223561,0.725169633
1497535028928950000,98156,1.631390237,0.660106921,1.081683684,-0.591222482,0.284299331,-0.20313475,0.726887984
1497535028938970000,98157,1.630882803,0.668001827,1.082870434,-0.58847592,0.282802026,-0.202901939,0.729760172
1497535028948970000,98158,1.630489141,0.676218287,1.084085266,-0.587549,0.280880886,-0.201435025,0.731652945
1497535028959010000,98159,1.630121405,0.684464908,1.084959227,-0.586723003,0.279104014,-0.200920728,0.733135682
1497535028968950000,98160,1.629735847,0.692906451,1.085674385,-0.586976811,0.276562641,-0.200110238,0.734116627
1497535028978870000,98161,1.629181542,0.701139676,1.085887315,-0.584669988,0.275013393,-0.200803296,0.736346845
1497535028988980000,98162,1.629022485,0.709938694,1.086448687,-0.584365802,0.273050751,-0.200538144,0.737390229
1497535028998970000,98163,1.628614187,0.718410536,1.086325051,-0.583620795,0.271516527,-0.200312129,0.738607199
1497535029008940000,98164,1.628266884,0.727096797,1.086105321,-0.585031924,0.268737719,-0.199011345,0.738858694
1497535029018980000,98165,1.627821262,0.735785781,1.085123941,-0.586655153,0.265354591,-0.197413744,0.739222893
1497535029028870000,98166,1.627639604,0.744885851,1.084281384,-0.587254275,0.263231106,-0.197221287,0.739557682
1497535029038970000,98167,1.627461973,0.754092742,1.083248853,-0.590022382,0.260223492,-0.194444334,0.73915406
1497535029048980000,98168,1.627394839,0.763525585,1.08180572,-0.592076808,0.257987268,-0.192852108,0.738712182
1497535029058980000,98169,1.627581882,0.773226364,1.080265504,-0.595193789,0.25612359,-0.190522324,0.737459357
1497535029068880000,98170,1.627553196,0.78293132,1.078570835,-0.598225329,0.25389126,-0.188381052,0.736327552
1497535029078940000,98171,1.627818642,0.792953831,1.076617391,-0.601043881,0.252814629,-0.186476961,0.73488595
1497535029089020000,98172,1.628047737,0.803106069,1.074571949,-0.605446261,0.249964679,-0.183602739,0.732968293
1497535029098970000,98173,1.62836883,0.813408414,1.072497179,-0.608505158,0.247771453,-0.180889628,0.731853621
1497535029109020000,98174,1.62881293,0.823983116,1.070419074,-0.61258043,0.244484488,-0.178047468,0.730254512
1497535029118980000,98175,1.629234178,0.8344731,1.068112178,-0.615930417,0.241829296,-0.175491924,0.728938199
1497535029128970000,98176,1.62954243,0.845041008,1.066077807,-0.619001015,0.238322512,-0.172957706,0.728097354
1497535029138970000,98177,1.629881276,0.855665095,1.064165579,-0.620965423,0.235756278,-0.170827689,0.727762888
1497535029149030000,98178,1.629930243,0.865782459,1.062206124,-0.622880951,0.23237821,-0.167516971,0.727981973
1497535029158980000,98179,1.629911784,0.875520787,1.06020685,-0.620712121,0.230404337,-0.166473881,0.730696073
1497535029169050000,98180,1.629867909,0.884912416,1.058295948,-0.619139326,0.228537583,-0.164767602,0.732999799
1497535029178930000,98181,1.630239216,0.894539967,1.056999015,-0.617119568,0.2274914,-0.164867969,0.735003167
1497535029189020000,98182,1.630612267,0.904022792,1.055766109,-0.615431981,0.225516396,-0.164774993,0.737044798
1497535029198980000,98183,1.631076234,0.913424674,1.054575899,-0.61311782,0.224051976,-0.165531637,0.739247271
1497535029209050000,98184,1.631801575,0.923028042,1.053541025,-0.6098983,0.223216758,-0.166581,0.741922579
1497535029218980000,98185,1.632769046,0.932897635,1.05249776,-0.607074843,0.223639445,-0.167215385,0.743965421
1497535029229000000,98186,1.633907163,0.943009306,1.051386865,-0.602871115,0.223682668,-0.167241229,0.747357247
1497535029238970000,98187,1.635271783,0.953855971,1.050502114,-0.600343356,0.22413337,-0.166382263,0.749445815
1497535029248980000,98188,1.636651775,0.964887658,1.04930876,-0.597770864,0.223928518,-0.164901225,0.751886693
1497535029258930000,98189,1.638166177,0.976561621,1.048544869,-0.596696094,0.222774299,-0.162166463,0.75367594
1497535029269100000,98190,1.639773468,0.988461707,1.047816083,-0.595086454,0.221913591,-0.160724398,0.755509191
1497535029278920000,98191,1.641442721,1.000613703,1.047380838,-0.596712285,0.22098082,-0.158596442,0.75494973
1497535029288980000,98192,1.643174582,1.012685409,1.047441886,-0.596994883,0.220557059,-0.158125333,0.754949053
1497535029298970000,98193,1.644984365,1.024714352,1.048187609,-0.597654168,0.219967032,-0.158056716,0.754613858
1497535029309130000,98194,1.646856265,1.036428731,1.04919494,-0.599871974,0.220255822,-0.159365165,0.752491682
1497535029318980000,98195,1.648726842,1.047630108,1.050679192,-0.602866292,0.220362162,-0.160563759,0.749807996
1497535029328960000,98196,1.650920289,1.058709754,1.052467903,-0.604155628,0.221129923,-0.163353413,0.7479393
1497535029338970000,98197,1.653301417,1.069424765,1.054343925,-0.605187446,0.221638426,-0.166273069,0.746309473
1497535029348990000,98198,1.655847526,1.07987412,1.056455367,-0.606569944,0.221769077,-0.169619004,0.744392889
1497535029358970000,98199,1.658496284,1.089983243,1.058769632,-0.606528205,0.222690992,-0.17366712,0.743217324
1497535029368990000,98200,1.661164647,1.099803725,1.061110248,-0.605491715,0.224855517,-0.177504526,0.74250382
1497535029378900000,98201,1.66394605,1.10962731,1.063294846,-0.605616947,0.227632812,-0.181145914,0.74067373
1497535029388980000,98202,1.666524955,1.119163393,1.065235762,-0.605138094,0.230184652,-0.184000876,0.739571897
1497535029398920000,98203,1.668886947,1.128532785,1.066912907,-0.606034388,0.232462175,-0.186823375,0.737414866
1497535029408990000,98204,1.671114689,1.137573887,1.068562668,-0.604925814,0.234070996,-0.190113513,0.736975156
1497535029418950000,98205,1.673072518,1.146275429,1.069816476,-0.60604274,0.234718994,-0.191783929,0.735416968
1497535029428920000,98206,1.674928262,1.154970671,1.070907477,-0.607708532,0.235339949,-0.192908031,0.733547504
1497535029439010000,98207,1.676773737,1.163668547,1.072004636,-0.611080339,0.236002252,-0.193468663,0.730379102
1497535029449040000,98208,1.678636972,1.172240498,1.072887336,-0.614757012,0.236854183,-0.193662997,0.726958428
1497535029459020000,98209,1.680450426,1.180561145,1.07366106,-0.61946236,0.238156182,-0.193214764,0.722645191
1497535029469020000,98210,1.682226033,1.188677994,1.074511968,-0.623982371,0.240403788,-0.192092238,0.7182984
1497535029478940000,98211,1.684074523,1.196594271,1.07522973,-0.627252076,0.242593157,-0.191108065,0.714969301
1497535029489010000,98212,1.685715796,1.204084926,1.075814719,-0.630556298,0.245644957,-0.190000096,0.711306736
1497535029498970000,98213,1.68716031,1.21127866,1.076217426,-0.632027663,0.248171094,-0.188828368,0.709433569
1497535029508920000,98214,1.688547951,1.218329619,1.076587511,-0.633095942,0.250391676,-0.188901825,0.70767905
1497535029518980000,98215,1.68972561,1.225231751,1.076897913,-0.634725255,0.252307112,-0.188716849,0.705585518
1497535029529000000,98216,1.690974874,1.231937475,1.077028787,-0.636203694,0.254110329,-0.189399204,0.703420743
1497535029538990000,98217,1.692006529,1.238447271,1.077171155,-0.637497338,0.256194257,-0.190156156,0.701286163
1497535029548940000,98218,1.693195045,1.244954284,1.077347264,-0.638135992,0.259164849,-0.192087215,0.699084071
1497535029558990000,98219,1.694346054,1.251205869,1.077411947,-0.639000863,0.261567099,-0.193158742,0.69710132
1497535029569030000,98220,1.695395695,1.257302819,1.077413136,-0.639773901,0.264771904,-0.195680702,0.694474087
1497535029578930000,98221,1.696513241,1.26332449,1.077516259,-0.640374684,0.266971715,-0.197752995,0.692488355
1497535029589040000,98222,1.697693205,1.269408273,1.077373369,-0.641348557,0.271355783,-0.200724886,0.689019295
1497535029598990000,98223,1.698788488,1.275403176,1.077179758,-0.642780963,0.274670651,-0.203048745,0.68568205
1497535029608980000,98224,1.699962945,1.28144075,1.076972056,-0.643972236,0.278878034,-0.206137804,0.68193402
1497535029618980000,98225,1.700968075,1.287449367,1.076569709,-0.644721837,0.28244277,-0.208555437,0.679017278
1497535029628990000,98226,1.701896082,1.293532473,1.076225619,-0.645752009,0.285939332,-0.211404097,0.675685836
1497535029638980000,98227,1.702681121,1.299521733,1.075732364,-0.646608511,0.288108601,-0.213326892,0.673336843
1497535029649050000,98228,1.703472266,1.305775403,1.0753037,-0.647582689,0.291059826,-0.215885376,0.670309141
1497535029658980000,98229,1.703999517,1.311925076,1.074970361,-0.648521852,0.293443345,-0.217883743,0.667710331
1497535029669030000,98230,1.704689473,1.318315957,1.074394602,-0.64965317,0.295947688,-0.220354808,0.664687508
1497535029678920000,98231,1.705236682,1.32464594,1.073877399,-0.650474449,0.29804327,-0.222519832,0.662222112
1497535029689050000,98232,1.705743224,1.331152426,1.07353515,-0.650147212,0.299391892,-0.22536652,0.660971278
1497535029698990000,98233,1.706327704,1.337868094,1.072939929,-0.651798349,0.302139502,-0.227398545,0.657389181
1497535029709130000,98234,1.706742949,1.344542342,1.072366313,-0.651790373,0.304367906,-0.230110586,0.655422463
1497535029718950000,98235,1.70730058,1.351389045,1.071764643,-0.652230727,0.30671196,-0.232642415,0.652993383
1497535029728990000,98236,1.707720103,1.358441048,1.071004785,-0.653097749,0.308261168,-0.234307962,0.650798096
1497535029738970000,98237,1.708205762,1.365757384,1.07039556,-0.653935796,0.310286047,-0.236513489,0.648191262
1497535029749090000,98238,1.70862175,1.373325692,1.069477639,-0.655481209,0.311649644,-0.238338286,0.645301283
1497535029758980000,98239,1.708953373,1.381079708,1.068512233,-0.65712516,0.312929988,-0.239878867,0.642432468
1497535029768970000,98240,1.709112229,1.388996951,1.067489708,-0.659114765,0.313557614,-0.241176696,0.639596083
1497535029778920000,98241,1.70922046,1.397067197,1.066522609,-0.660800254,0.313607975,-0.242661673,0.637266329
1497535029789030000,98242,1.709217917,1.405318573,1.065377621,-0.662829799,0.31367428,-0.242902448,0.635030318
1497535029798990000,98243,1.70909162,1.413655589,1.064287202,-0.665496353,0.31341683,-0.243257086,0.632226609
1497535029809020000,98244,1.708882376,1.422019081,1.063140246,-0.667339477,0.313058984,-0.243709544,0.630283867
1497535029818980000,98245,1.708645134,1.430465984,1.062000242,-0.668839275,0.312825981,-0.244473849,0.62851131
1497535029828920000,98246,1.70821685,1.438907377,1.060774545,-0.670772336,0.311949241,-0.244867058,0.626731417
1497535029838990000,98247,1.707919839,1.447469936,1.059652631,-0.672025438,0.311329662,-0.245012766,0.625639191
1497535029849080000,98248,1.707423913,1.455980279,1.058586995,-0.673080274,0.310745549,-0.246225543,0.624318133
1497535029858990000,98249,1.706858688,1.46458561,1.057460856,-0.674314547,0.310267868,-0.246997452,0.622917331
1497535029869020000,98250,1.706283971,1.473283572,1.056088398,-0.675345393,0.309725338,-0.247212385,0.621984607
1497535029878870000,98251,1.705590245,1.482120731,1.054907016,-0.676516118,0.308703957,-0.247542389,0.621088218
1497535029889050000,98252,1.704863614,1.490974398,1.053741711,-0.676845203,0.307468262,-0.247993852,0.62116253
1497535029898980000,98253,1.70406804,1.499920633,1.052529053,-0.677130171,0.306765466,-0.24916694,0.620729825
1497535029909040000,98254,1.703177289,1.508959662,1.051415148,-0.677039264,0.306370799,-0.251052672,0.620263915
1497535029918970000,98255,1.702448073,1.518392657,1.050330581,-0.677333218,0.305546457,-0.2520128,0.619960179
1497535029928960000,98256,1.70158846,1.527921571,1.049000816,-0.677739597,0.305356801,-0.252837633,0.619273279
1497535029939000000,98257,1.700570275,1.537705698,1.048027368,-0.677143066,0.30474655,-0.254297072,0.619628766
1497535029949040000,98258,1.699480847,1.547517407,1.04697836,-0.676868669,0.30487436,-0.254686168,0.619705886
1497535029958990000,98259,1.698271777,1.557651619,1.046310626,-0.677341371,0.304378221,-0.254381201,0.619558529
1497535029969050000,98260,1.696975423,1.567930335,1.045791117,-0.677533156,0.303427841,-0.253183839,0.620305015
1497535029978950000,98261,1.69559964,1.578269563,1.045357305,-0.678403199,0.303235138,-0.251290242,0.62021832
1497535029989070000,98262,1.693752045,1.588602013,1.045323005,-0.677775527,0.302397695,-0.249330626,0.622101446
1497535029998980000,98263,1.691425449,1.59899591,1.045928932,-0.677570856,0.299756572,-0.247370676,0.624380878
1497535030009030000,98264,1.688935359,1.609591134,1.046344759,-0.678234792,0.2968314,-0.242387821,0.627006245
1497535030018990000,98265,1.685706948,1.61994089,1.047277516,-0.677777289,0.293505983,-0.238268867,0.630634705
1497535030028940000,98266,1.681980978,1.630356291,1.048509955,-0.677494565,0.288020036,-0.232830562,0.635480529
1497535030038980000,98267,1.677643792,1.640750214,1.050147302,-0.67740969,0.280320377,-0.226955932,0.641114345
1497535030048990000,98268,1.673039278,1.650990296,1.051773919,-0.677009825,0.271862269,-0.221058634,0.647210696
1497535030058980000,98269,1.667985891,1.660787705,1.053605403,-0.675042549,0.262596907,-0.216627083,0.654548034
1497535030069030000,98270,1.662906712,1.670477755,1.055827041,-0.673922985,0.250833345,-0.212770694,0.66154295
1497535030078950000,98271,1.657812377,1.67933782,1.057539099,-0.670799817,0.242877334,-0.209223446,0.668777808
1497535030088980000,98272,1.653404857,1.688478595,1.059058056,-0.670080811,0.234249589,-0.2044594,0.674029073
1497535030098980000,98273,1.64907109,1.697008282,1.060754121,-0.665544464,0.227570721,-0.202914882,0.681239813
1497535030109030000,98274,1.645305469,1.705229881,1.062108363,-0.661774834,0.223402022,-0.20019781,0.687070915
1497535030118980000,98275,1.641931985,1.713514604,1.063419487,-0.6579444,0.221871906,-0.198085787,0.691841054
1497535030128930000,98276,1.638711851,1.721351308,1.064550053,-0.653602176,0.221448154,-0.194640155,0.697051017
1497535030138940000,98277,1.635512005,1.729328756,1.065703935,-0.64946284,0.221660143,-0.190403242,0.702005275
1497535030148960000,98278,1.632216273,1.737248805,1.066839966,-0.645342176,0.221753895,-0.184913786,0.707223853
1497535030158890000,98279,1.628801795,1.74525181,1.067910606,-0.6423831,0.220884607,-0.177366905,0.712105978
1497535030169000000,98280,1.625094433,1.753420401,1.069073333,-0.639709732,0.218493092,-0.169190603,0.717221561
1497535030178950000,98281,1.621102755,1.761734511,1.070370543,-0.638524749,0.215214595,-0.16111661,0.721117369
1497535030189040000,98282,1.616778901,1.770192273,1.071680748,-0.63724393,0.209835713,-0.152115245,0.725775515
1497535030199000000,98283,1.612101874,1.778698782,1.073137165,-0.637309199,0.203294665,-0.143687295,0.729288849
1497535030209040000,98284,1.6070604,1.787161329,1.074604656,-0.636555782,0.194475011,-0.135528608,0.733899314
1497535030218990000,98285,1.601624646,1.795579937,1.075982382,-0.63706911,0.1849643,-0.127475062,0.737347452
1497535030228970000,98286,1.59614604,1.803978549,1.077343034,-0.636257996,0.175084401,-0.120027155,0.741697174
1497535030238970000,98287,1.590400603,1.812318953,1.078714042,-0.636151652,0.165086563,-0.110887344,0.745494131
1497535030248940000,98288,1.5847898,1.820621638,1.079770703,-0.635859215,0.155438752,-0.101785801,0.749107138
1497535030259000000,98289,1.578963365,1.828777826,1.080988368,-0.634638493,0.1462157,-0.093257776,0.753098891
1497535030269050000,98290,1.573006387,1.836938386,1.082226518,-0.634056634,0.137780612,-0.083085874,0.756363289
1497535030278950000,98291,1.567065561,1.845157433,1.083109823,-0.634233639,0.128993873,-0.072842286,0.758816363
1497535030289060000,98292,1.561081633,1.853472856,1.084046529,-0.633927643,0.121014012,-0.063932352,0.761185921
1497535030298990000,98293,1.55471155,1.861735047,1.085019497,-0.635921143,0.111578616,-0.053369646,0.76177831
1497535030309050000,98294,1.548306202,1.870074784,1.085748806,-0.637347281,0.101789655,-0.041832543,0.762677749
1497535030318990000,98295,1.541613058,1.878338532,1.086577979,-0.638674835,0.092121341,-0.030985455,0.763313838
1497535030329000000,98296,1.53445462,1.88642674,1.087539067,-0.639363252,0.07858281,-0.021572771,0.764574385
1497535030338990000,98297,1.527176217,1.894299689,1.087992053,-0.640998627,0.068870529,-0.009677208,0.764384695
1497535030348980000,98298,1.520001291,1.901432646,1.08833603,-0.639377068,0.057045467,0.003508299,0.766766243
1497535030358990000,98299,1.512591715,1.909109411,1.088783694,-0.641149894,0.044951289,0.014277671,0.765964975
1497535030369030000,98300,1.505217591,1.916322026,1.088919272,-0.64088397,0.033592001,0.024988847,0.766495187
1497535030378940000,98301,1.497806441,1.923065189,1.088889622,-0.639862549,0.022960733,0.036044161,0.767300164
1497535030389070000,98302,1.490200476,1.93027117,1.089033795,-0.640976525,0.012180639,0.045488356,0.766114571
1497535030398970000,98303,1.482502851,1.936689786,1.08916637,-0.639342885,0.003099595,0.057112453,0.76679152
1497535030409010000,98304,1.475085863,1.943618924,1.089375517,-0.643601087,-0.009400126,0.067615974,0.762310539
1497535030419010000,98305,1.467906424,1.949938992,1.088936762,-0.642736902,-0.019570301,0.076339112,0.762022715
1497535030429010000,98306,1.460711095,1.957133496,1.088834025,-0.647243177,-0.03009625,0.086064921,0.756811281
1497535030438970000,98307,1.453553064,1.96275105,1.088232877,-0.643994976,-0.038014993,0.094128304,0.758264593
1497535030449030000,98308,1.446570761,1.968731212,1.087255443,-0.643498534,-0.046612913,0.102254642,0.757153129
1497535030458980000,98309,1.439568034,1.975334389,1.086364505,-0.645029559,-0.054066791,0.109583445,0.754324279
1497535030469050000,98310,1.432431387,1.981732392,1.085349192,-0.647224754,-0.061384887,0.11658218,0.750826617
1497535030478980000,98311,1.425380208,1.988117551,1.083935468,-0.648731613,-0.068748678,0.12308521,0.747844198
1497535030489020000,98312,1.418207102,1.994580742,1.082391526,-0.650499954,-0.074705726,0.129051062,0.744724571
1497535030498990000,98313,1.411206999,2.000666898,1.080379884,-0.650677089,-0.082746402,0.135492055,0.742572732
1497535030508980000,98314,1.403830852,2.007034269,1.078546087,-0.652242163,-0.090412106,0.141628289,0.739153055
1497535030519000000,98315,1.396235717,2.013369758,1.076590467,-0.653211768,-0.098026133,0.147803826,0.736110924
1497535030529030000,98316,1.388636507,2.019528253,1.074381887,-0.654452108,-0.108465595,0.154769625,0.732102463
1497535030539000000,98317,1.380512315,2.026226689,1.072434404,-0.655296418,-0.114336878,0.159482799,0.7294374
1497535030549060000,98318,1.372499701,2.032636354,1.070441604,-0.656423894,-0.121838968,0.165128481,0.725944572
1497535030559000000,98319,1.364459933,2.038678843,1.068535842,-0.656414171,-0.128842928,0.170814032,0.723424151
1497535030569070000,98320,1.356530676,2.04473511,1.066559638,-0.65508264,-0.134988154,0.177424508,0.721917916
1497535030578960000,98321,1.348649471,2.050668199,1.064989931,-0.654453014,-0.139996307,0.183283891,0.720068956
1497535030589020000,98322,1.340845213,2.056313738,1.063329289,-0.652592942,-0.145123897,0.189632185,0.719097449
1497535030599010000,98323,1.333002942,2.061891722,1.062082457,-0.650317856,-0.148049753,0.195630878,0.718955156
1497535030609000000,98324,1.325285325,2.067188768,1.060634133,-0.64667698,-0.15269393,0.202050085,0.719492329
1497535030618990000,98325,1.317356699,2.072780583,1.059756732,-0.643700114,-0.155315865,0.20761196,0.720016958
1497535030628990000,98326,1.309221524,2.078367362,1.058945245,-0.64169499,-0.157116987,0.212956092,0.71985519
1497535030638990000,98327,1.301044139,2.084073496,1.058056178,-0.637893897,-0.157808466,0.217497637,0.721721998
1497535030649160000,98328,1.292598955,2.090087769,1.057413713,-0.63551638,-0.158739023,0.221821909,0.722299034
1497535030659000000,98329,1.284091985,2.096144092,1.056587538,-0.633176983,-0.158889289,0.226762327,0.72278624
1497535030669070000,98330,1.275317848,2.102182549,1.055808506,-0.62972631,-0.158402567,0.230671674,0.724668186
1497535030678940000,98331,1.266476147,2.108660896,1.055281391,-0.62681905,-0.159558564,0.235608139,0.72534664
1497535030689080000,98332,1.257392771,2.115340553,1.054772045,-0.624763071,-0.161800555,0.239788579,0.725253834
1497535030699010000,98333,1.248108885,2.12153717,1.054231116,-0.621854684,-0.162496048,0.243536671,0.726348178
1497535030709050000,98334,1.238466352,2.12775317,1.054209238,-0.624253169,-0.160728173,0.246361846,0.723726658
1497535030719000000,98335,1.22899168,2.133740176,1.05411038,-0.622917787,-0.163906369,0.250142401,0.722867147
1497535030728990000,98336,1.219349665,2.14068922,1.055084695,-0.626293873,-0.163687111,0.251283924,0.719596348
1497535030739010000,98337,1.210071713,2.146664641,1.055976854,-0.628672215,-0.165710874,0.25199732,0.716804368
1497535030749060000,98338,1.200801657,2.152978492,1.057228186,-0.631691996,-0.168131901,0.252059671,0.713556451
1497535030759000000,98339,1.191657685,2.159050389,1.058714977,-0.634174474,-0.171932121,0.251267788,0.710722576
1497535030769060000,98340,1.182853544,2.164774545,1.060147004,-0.634306379,-0.175108412,0.250646075,0.710048595
1497535030778950000,98341,1.17415528,2.170751621,1.061978102,-0.634370429,-0.176773798,0.250882483,0.709495006
1497535030789050000,98342,1.16574704,2.176721501,1.063548983,-0.635208855,-0.177005608,0.24980864,0.709065842
1497535030798990000,98343,1.157557261,2.182305976,1.064667949,-0.63445735,-0.175229878,0.249048368,0.710445826
1497535030809050000,98344,1.149423682,2.18778051,1.065948212,-0.634087417,-0.173632752,0.249206653,0.71111241
1497535030818970000,98345,1.141414012,2.193178883,1.066775053,-0.634505506,-0.172912126,0.249319906,0.710875336
1497535030829000000,98346,1.133362569,2.198336387,1.067367875,-0.634368127,-0.174450995,0.249424842,0.710585095
1497535030838980000,98347,1.12535116,2.203349176,1.06793496,-0.635608689,-0.177860866,0.24998905,0.708429658
1497535030849010000,98348,1.117180873,2.208223687,1.0683461,-0.637095092,-0.18307035,0.249586318,0.705904923
1497535030858990000,98349,1.10902629,2.212542767,1.068572025,-0.639088997,-0.190272233,0.249460568,0.702232978
1497535030868990000,98350,1.101017781,2.216890827,1.06891391,-0.641649009,-0.197583116,0.249032619,0.69801878
1497535030878910000,98351,1.093110698,2.221107169,1.069038137,-0.643275469,-0.202722157,0.249524522,0.694865391
1497535030888920000,98352,1.085498455,2.225339045,1.069134193,-0.64642698,-0.208760505,0.251435537,0.689442805
1497535030898780000,98353,1.078015003,2.229628411,1.06918498,-0.65046681,-0.210411817,0.251732764,0.685018549
1497535030909040000,98354,1.070964691,2.233322612,1.069095625,-0.652380439,-0.212628352,0.254717026,0.681401631
1497535030919030000,98355,1.063889784,2.237175424,1.069061216,-0.65493389,-0.213447293,0.257028039,0.677818885
1497535030928990000,98356,1.057000574,2.240863747,1.068826003,-0.65696742,-0.214358991,0.259672183,0.674547544
1497535030939000000,98357,1.050162518,2.244412667,1.068830208,-0.65892703,-0.214562928,0.262376089,0.67151821
1497535030949070000,98358,1.043227902,2.247884464,1.068471598,-0.660555471,-0.215646609,0.264613282,0.668687386
1497535030959010000,98359,1.036243162,2.251379322,1.068117415,-0.663644357,-0.216472034,0.266115164,0.664754651
1497535030969050000,98360,1.029283455,2.254861071,1.067676391,-0.66558353,-0.217105771,0.267921557,0.661877397
1497535030978950000,98361,1.022318085,2.258118673,1.067027594,-0.667519302,-0.218203341,0.268888264,0.659169466
1497535030989060000,98362,1.015245121,2.261421764,1.066495182,-0.670158052,-0.218995188,0.269731384,0.655876722
1497535030998990000,98363,1.008276034,2.26454043,1.065727359,-0.672853921,-0.220867503,0.270598347,0.652120911
1497535031009060000,98364,1.001191776,2.267744106,1.065125171,-0.67581166,-0.22176087,0.271215138,0.648492919
1497535031019010000,98365,0.994164616,2.270644704,1.064179105,-0.679144058,-0.223212214,0.271597263,0.644340425
1497535031029010000,98366,0.986972124,2.273491595,1.063227128,-0.681471654,-0.224805505,0.271961323,0.641167613
1497535031038990000,98367,0.979696041,2.276307417,1.062324492,-0.683912122,-0.22671651,0.27258322,0.637622319
1497535031049070000,98368,0.972400713,2.278799542,1.061056532,-0.685580956,-0.229108299,0.272712458,0.634914211
1497535031058970000,98369,0.965013402,2.281181975,1.059949505,-0.686939288,-0.231778695,0.27317611,0.632271985
1497535031069040000,98370,0.957535997,2.283780085,1.058769903,-0.689051594,-0.234395432,0.273101941,0.6290326
1497535031078970000,98371,0.950083981,2.286131453,1.057470974,-0.691653816,-0.236656286,0.271923304,0.625832659
1497535031089070000,98372,0.942558438,2.28859916,1.056162463,-0.693371882,-0.238330891,0.270707484,0.623819909
1497535031099010000,98373,0.934976979,2.291115892,1.054835022,-0.696622681,-0.240758106,0.269430164,0.619806229
1497535031109040000,98374,0.927414698,2.293526416,1.053326667,-0.698237678,-0.241592508,0.267796763,0.618370519
1497535031119010000,98375,0.919789253,2.296039477,1.051903883,-0.701315939,-0.243050479,0.266388853,0.614914138
1497535031129020000,98376,0.912015827,2.29841141,1.050490454,-0.703731529,-0.244542834,0.264628397,0.61231736
1497535031138990000,98377,0.904115464,2.300806156,1.048973884,-0.706390819,-0.245509939,0.263078207,0.609529932
1497535031149010000,98378,0.896113201,2.303050294,1.047452414,-0.708300288,-0.246799973,0.261950422,0.60727461
1497535031159010000,98379,0.887822924,2.305330777,1.045748526,-0.710191967,-0.249007117,0.260609761,0.604735793
1497535031169040000,98380,0.879379391,2.307390817,1.044016008,-0.711870159,-0.251294567,0.259223921,0.602407566
1497535031178970000,98381,0.87077712,2.309356631,1.04213993,-0.713559843,-0.253601629,0.257487953,0.600182071
1497535031189070000,98382,0.86197377,2.311357295,1.040260378,-0.715013942,-0.255650179,0.255865275,0.598273357
1497535031198990000,98383,0.853197757,2.313196725,1.038166627,-0.716622214,-0.258027771,0.2541339,0.596062272
1497535031209000000,98384,0.844104201,2.31517163,1.036258964,-0.718263344,-0.25991045,0.252254874,0.594063806
1497535031219010000,98385,0.835086199,2.316980342,1.034167005,-0.719843241,-0.261692446,0.250470683,0.592120942
1497535031229000000,98386,0.826071121,2.318722866,1.032162447,-0.720672233,-0.263759272,0.249198079,0.590730815
1497535031238970000,98387,0.817095368,2.320313698,1.030257071,-0.721577956,-0.264972494,0.247318648,0.589871441
1497535031249070000,98388,0.808169137,2.321872626,1.028186509,-0.721842491,-0.26559105,0.245459747,0.590046036
1497535031258980000,98389,0.799380196,2.323167582,1.026255322,-0.723038221,-0.266279275,0.243580998,0.589049554
1497535031269040000,98390,0.790614141,2.32430153,1.024390865,-0.722871775,-0.26687901,0.24211844,0.589585152
1497535031279000000,98391,0.781756108,2.325450434,1.022642596,-0.723038235,-0.267492044,0.241570526,0.589327921
1497535031289040000,98392,0.772875332,2.326512388,1.02096576,-0.723611283,-0.267552971,0.24156401,0.58859914
1497535031299010000,98393,0.763808157,2.327493529,1.019265004,-0.724132646,-0.267100769,0.240152501,0.588740915
1497535031308990000,98394,0.754593506,2.328240228,1.017686087,-0.724054709,-0.26691306,0.239350433,0.589248307
1497535031319010000,98395,0.745176754,2.32904063,1.016448211,-0.724419184,-0.266680205,0.238583855,0.589216648
1497535031328960000,98396,0.735504565,2.329651821,1.015218323,-0.724176821,-0.266018284,0.237433964,0.590277322
1497535031338950000,98397,0.725651096,2.330395999,1.01453003,-0.724568534,-0.265156961,0.236718492,0.59047149
1497535031349060000,98398,0.71554361,2.331066338,1.013971484,-0.724244216,-0.263667812,0.235764531,0.591916114
1497535031359010000,98399,0.705356387,2.331619882,1.013787605,-0.724596007,-0.262468007,0.235120166,0.592275004
1497535031369070000,98400,0.695011287,2.332003663,1.013730637,-0.723836471,-0.260688117,0.234865971,0.59408791
1497535031378970000,98401,0.684341055,2.332548009,1.013978989,-0.724242937,-0.258907662,0.233911075,0.594747508
1497535031388990000,98402,0.673538208,2.332874946,1.014600225,-0.724262016,-0.257895662,0.235017613,0.594727737
1497535031399000000,98403,0.662575506,2.332831112,1.014952552,-0.723682067,-0.256346138,0.235493175,0.59591433
1497535031409000000,98404,0.651311058,2.332988089,1.015947019,-0.722990984,-0.256267508,0.238381932,0.59563836
1497535031419020000,98405,0.639996674,2.332545095,1.016753151,-0.722647967,-0.255687237,0.240554103,0.595430665
1497535031429010000,98406,0.628513698,2.332048272,1.017926444,-0.72007934,-0.256239279,0.244497058,0.596697884
1497535031438990000,98407,0.617137447,2.330927179,1.019052192,-0.718679791,-0.256581393,0.248737565,0.596485516
1497535031449020000,98408,0.605770018,2.330032127,1.020380205,-0.71592249,-0.257807677,0.253342179,0.597334018
1497535031458980000,98409,0.594679094,2.328817456,1.021743682,-0.71277616,-0.25946712,0.258571681,0.598136812
1497535031469000000,98410,0.583805408,2.327377657,1.022979851,-0.708708233,-0.260535912,0.264384672,0.599962019
1497535031478960000,98411,0.573246571,2.326306825,1.024729325,-0.704083558,-0.262242685,0.269581344,0.60234626
1497535031488980000,98412,0.562963093,2.32502797,1.026046437,-0.699858329,-0.262858746,0.274423892,0.604809992
1497535031498960000,98413,0.5530184,2.324000116,1.027558221,-0.694149287,-0.263720097,0.27915757,0.608834566
1497535031509010000,98414,0.543432502,2.322957395,1.028982337,-0.689665254,-0.262502362,0.283659567,0.612365575
1497535031519010000,98415,0.534035482,2.322281169,1.030579844,-0.6852344,-0.261974434,0.288175671,0.615449426
1497535031529050000,98416,0.524844709,2.321503421,1.031914677,-0.680487634,-0.259605918,0.293687145,0.619103552
1497535031539040000,98417,0.516024012,2.32107359,1.033419224,-0.676771246,-0.257284811,0.297792154,0.62217766
1497535031549010000,98418,0.507392953,2.320708924,1.035097853,-0.673145773,-0.253836964,0.302517419,0.625239774
1497535031559020000,98419,0.498965731,2.320412242,1.036765492,-0.669997801,-0.249736402,0.306857351,0.628150652
1497535031569000000,98420,0.490813028,2.320104785,1.038434395,-0.666930432,-0.245532762,0.310805812,0.631123767
1497535031578920000,98421,0.482933061,2.319847938,1.040254952,-0.663509225,-0.240150172,0.314281116,0.635067543
1497535031588910000,98422,0.475103592,2.319736872,1.042102246,-0.660718219,-0.235944826,0.317746511,0.637823353
1497535031598960000,98423,0.467497316,2.319532039,1.043825179,-0.657796746,-0.231264242,0.32108545,0.640877856
1497535031609050000,98424,0.459996387,2.31954718,1.045932572,-0.655179066,-0.226610019,0.324247781,0.643623856
1497535031619060000,98425,0.452575282,2.319357995,1.047867898,-0.652504486,-0.222084757,0.326857317,0.646591487
1497535031629010000,98426,0.445044582,2.31915641,1.049869084,-0.649430633,-0.218051086,0.329823901,0.64954582
1497535031638950000,98427,0.437522074,2.31905873,1.052013938,-0.645015539,-0.215247794,0.332868007,0.653316333
1497535031649080000,98428,0.429829865,2.318698253,1.053931608,-0.642214179,-0.213042473,0.335895808,0.655246412
1497535031658980000,98429,0.422131846,2.318495501,1.055943481,-0.638595058,-0.210800037,0.338436217,0.658194974
1497535031669060000,98430,0.414170065,2.318336483,1.057793609,-0.635637416,-0.210237296,0.341640332,0.659581108
1497535031678980000,98431,0.40599544,2.318255189,1.059458027,-0.631829022,-0.2095252,0.344544561,0.661951904
1497535031689070000,98432,0.397770586,2.317977974,1.060824287,-0.629066245,-0.210194302,0.347751601,0.662693624
1497535031698990000,98433,0.389373449,2.317719785,1.062154415,-0.626017639,-0.2103756,0.35096098,0.663830108
1497535031709010000,98434,0.380819758,2.317574074,1.06319143,-0.622699062,-0.211900234,0.354286893,0.664699155
1497535031719000000,98435,0.372220219,2.317353558,1.063957891,-0.621231628,-0.21306288,0.356910765,0.664296756
1497535031728980000,98436,0.36358996,2.317070215,1.064564313,-0.617957442,-0.214663745,0.360161961,0.665080024
1497535031738950000,98437,0.35477642,2.316964538,1.064944882,-0.615882782,-0.216865196,0.362830246,0.664839905
1497535031749010000,98438,0.346021128,2.316720071,1.064998257,-0.613376439,-0.218102698,0.36501401,0.665556406
1497535031759010000,98439,0.33705311,2.316634613,1.06480227,-0.612076488,-0.219863965,0.367353172,0.664886349
1497535031769010000,98440,0.328163728,2.31641798,1.064300135,-0.609842929,-0.221614284,0.369720128,0.665045666
1497535031778970000,98441,0.319208982,2.31650498,1.063721331,-0.608424822,-0.223032944,0.372368755,0.664392242
1497535031789020000,98442,0.310131185,2.316536268,1.062774847,-0.607707486,-0.224460781,0.375051938,0.663057323
1497535031799010000,98443,0.301090834,2.316780351,1.061795628,-0.606680516,-0.226401898,0.377218958,0.662107839
1497535031809020000,98444,0.291999308,2.316894104,1.06024994,-0.606583335,-0.228222378,0.379070561,0.660512462
1497535031819020000,98445,0.28279209,2.317069321,1.058517511,-0.606240735,-0.230065571,0.380768096,0.659209877
1497535031829050000,98446,0.273519922,2.317356492,1.05663085,-0.606142928,-0.232055096,0.381958737,0.657912385
1497535031839020000,98447,0.264020194,2.317880362,1.054568556,-0.606892556,-0.234705751,0.382594241,0.655908746
1497535031849020000,98448,0.254417079,2.31838744,1.05207866,-0.60790534,-0.237624613,0.382931509,0.653719435
1497535031858950000,98449,0.244547441,2.319031841,1.049652266,-0.609300605,-0.240690548,0.382985293,0.651262695
1497535031869090000,98450,0.234453002,2.319674702,1.047006989,-0.610836556,-0.244550404,0.383102743,0.64831018
1497535031878960000,98451,0.224173808,2.320523724,1.044522197,-0.612518642,-0.247570288,0.38322325,0.645499656
1497535031889070000,98452,0.213726248,2.321433569,1.04208096,-0.613795061,-0.250681666,0.383462832,0.642939019
1497535031899030000,98453,0.203186715,2.3221545,1.03959034,-0.614783193,-0.253395461,0.384124483,0.640531613
1497535031909090000,98454,0.19258878,2.322877547,1.037334767,-0.615537034,-0.256304094,0.385526041,0.637802511
1497535031919020000,98455,0.182300266,2.323293015,1.035074296,-0.614606229,-0.257915014,0.387480587,0.636865624
1497535031928980000,98456,0.172202765,2.323515239,1.03294949,-0.613335673,-0.258519943,0.389716008,0.636481127
1497535031939050000,98457,0.162322243,2.323471543,1.030883143,-0.610831405,-0.259685919,0.393632858,0.636004238
1497535031949020000,98458,0.152447725,2.323635654,1.029142391,-0.607779019,-0.260095716,0.396598181,0.636918178
1497535031958990000,98459,0.142525429,2.323612969,1.027590409,-0.604223932,-0.260713428,0.399453158,0.638262582
1497535031969030000,98460,0.13238337,2.323914822,1.026230448,-0.601231019,-0.260129681,0.401312826,0.640157658
1497535031978980000,98461,0.12178293,2.324370186,1.024884457,-0.598325907,-0.259027885,0.403053392,0.64222942
1497535031989080000,98462,0.110912746,2.325195928,1.023746585,-0.596246203,-0.257605914,0.404531878,0.643804022
1497535031999000000,98463,0.099721237,2.32623571,1.02289723,-0.59488551,-0.257319625,0.407061928,0.643582495
1497535032009040000,98464,0.08822577,2.327074214,1.021888311,-0.593020809,-0.256408168,0.40935484,0.644212532
1497535032019010000,98465,0.076498893,2.328031366,1.02130165,-0.591844568,-0.257382034,0.412065063,0.643177176
1497535032029050000,98466,0.064578738,2.328963366,1.021357969,-0.59113704,-0.257057158,0.413778074,0.642857934
1497535032039030000,98467,0.053079668,2.329732046,1.021794048,-0.589937439,-0.258218432,0.415695292,0.642257335
1497535032048990000,98468,0.041660388,2.330727229,1.023349039,-0.590550979,-0.259384276,0.415954805,0.641054553
1497535032058960000,98469,0.030564879,2.331696933,1.025410894,-0.591242118,-0.259905205,0.414630952,0.641064128
1497535032068980000,98470,0.019728222,2.332783123,1.027833186,-0.592486706,-0.262135771,0.412406105,0.64044168
1497535032079000000,98471,0.008716471,2.334387015,1.030490124,-0.594119397,-0.263387881,0.408962967,0.640623336
1497535032089030000,98472,-0.002114422,2.336012892,1.03277886,-0.593997315,-0.266278303,0.40580212,0.641551007
1497535032099010000,98473,-0.012729868,2.338028348,1.035258738,-0.595076965,-0.26953704,0.403288616,0.640774127
1497535032109060000,98474,-0.023039685,2.339601104,1.036770792,-0.594886779,-0.270359396,0.4014906,0.641732666
1497535032119010000,98475,-0.033545224,2.342052552,1.038549992,-0.597186071,-0.269421891,0.398316272,0.641969461
1497535032128970000,98476,-0.04374065,2.343858552,1.039754478,-0.598317587,-0.267763941,0.396344505,0.642829348
1497535032139020000,98477,-0.053913173,2.345705925,1.040800176,-0.600163434,-0.266444836,0.393460465,0.643428212
1497535032149020000,98478,-0.063722254,2.347066883,1.041476415,-0.600101313,-0.265370155,0.391680301,0.645014447
1497535032159050000,98479,-0.073655408,2.348193385,1.04225763,-0.601133593,-0.267098291,0.389239512,0.644817423
1497535032169020000,98480,-0.083222573,2.349018916,1.042662234,-0.600670073,-0.270234813,0.38742114,0.645037572
1497535032178960000,98481,-0.092930058,2.349877765,1.043359097,-0.602266492,-0.274513883,0.384773219,0.643324779
1497535032189020000,98482,-0.102321462,2.350660516,1.043877454,-0.603706805,-0.278541111,0.382589988,0.64154333
1497535032199030000,98483,-0.111561024,2.351631575,1.04439102,-0.606280432,-0.282094874,0.380339894,0.638895989
1497535032209030000,98484,-0.120847283,2.352786249,1.0450669,-0.610226705,-0.284760062,0.378348185,0.635128119
1497535032219020000,98485,-0.129750036,2.353858414,1.045480986,-0.613151014,-0.285189377,0.377418064,0.632667731
1497535032228940000,98486,-0.138422488,2.354904788,1.045927812,-0.61551709,-0.285805381,0.377003498,0.630335116
1497535032239030000,98487,-0.147057368,2.355864517,1.046311375,-0.618671898,-0.286329117,0.377339757,0.626797756
1497535032249080000,98488,-0.155552001,2.356763856,1.046701329,-0.620642881,-0.286066445,0.37789649,0.624630008
1497535032259020000,98489,-0.163929377,2.357369777,1.046850999,-0.622643279,-0.286667081,0.378283696,0.622124406
1497535032269030000,98490,-0.172259623,2.357957844,1.047050742,-0.624530404,-0.287039749,0.378028199,0.620213381
1497535032278970000,98491,-0.180542831,2.358451688,1.047084005,-0.626198953,-0.287267313,0.377299991,0.618867578
1497535032289020000,98492,-0.188509112,2.358849735,1.047092249,-0.627517489,-0.287681524,0.376901456,0.617581115
1497535032299000000,98493,-0.196598028,2.359302426,1.047133483,-0.62985753,-0.288021807,0.375684166,0.615779456
1497535032309010000,98494,-0.204716738,2.359788417,1.046964438,-0.63225801,-0.288092191,0.373705809,0.614488947
1497535032318980000,98495,-0.212729151,2.36021083,1.046780548,-0.634492317,-0.289304072,0.371156783,0.613160091
1497535032328960000,98496,-0.220728645,2.360665845,1.046557618,-0.637594627,-0.28936852,0.368581715,0.611462567
1497535032339000000,98497,-0.228648043,2.361281218,1.046444922,-0.640473455,-0.288635339,0.365442967,0.610683906
1497535032349060000,98498,-0.236631453,2.361711731,1.04609347,-0.643251426,-0.289343609,0.362981208,0.608894507
1497535032359020000,98499,-0.244487737,2.36198291,1.0456189,-0.645198734,-0.289329823,0.360460699,0.608337844
1497535032369040000,98500,-0.252445371,2.36195008,1.045114645,-0.647649343,-0.289251535,0.357915645,0.607272812
1497535032378970000,98501,-0.260474722,2.362032185,1.044420804,-0.649270355,-0.289917612,0.355421926,0.606688584
1497535032389050000,98502,-0.268667265,2.361865573,1.043763434,-0.650830997,-0.290463213,0.352893914,0.606230996
1497535032399030000,98503,-0.276970138,2.361591502,1.042977798,-0.653091344,-0.291827225,0.350479399,0.60454343
1497535032409020000,98504,-0.285386241,2.361434212,1.042201494,-0.654784535,-0.292472681,0.347955589,0.603857476
1497535032418930000,98505,-0.293895407,2.361048116,1.041259892,-0.656886198,-0.293255101,0.345375309,0.602675589
1497535032428990000,98506,-0.302579268,2.360706666,1.040176853,-0.659068274,-0.295098489,0.342442463,0.601064932
1497535032439030000,98507,-0.31129978,2.360136512,1.039044271,-0.661696387,-0.296408091,0.339779548,0.599040896
1497535032449090000,98508,-0.320309425,2.359802583,1.037906922,-0.664066481,-0.298083122,0.33649513,0.597438858
1497535032459000000,98509,-0.329238052,2.359273603,1.036691276,-0.665904603,-0.299521927,0.334028851,0.596055704
1497535032469080000,98510,-0.338437087,2.358470234,1.035028172,-0.668399194,-0.301676796,0.33102825,0.59384672
1497535032478970000,98511,-0.347793403,2.357920358,1.033663869,-0.671092671,-0.303172911,0.328130743,0.591651104
1497535032489040000,98512,-0.357245944,2.357131182,1.032069101,-0.673696829,-0.305612061,0.325690426,0.588778055
1497535032499040000,98513,-0.366700662,2.356129041,1.03034105,-0.675645793,-0.307743351,0.323406448,0.586689919
1497535032509070000,98514,-0.376263503,2.355160621,1.028597493,-0.677544725,-0.310725698,0.321009959,0.584239072
1497535032519010000,98515,-0.3857735,2.354067632,1.02686033,-0.678674669,-0.313472444,0.318627141,0.582762787
1497535032529040000,98516,-0.395340622,2.352770796,1.024964206,-0.679911026,-0.316191828,0.316469172,0.581025807
1497535032538970000,98517,-0.404733841,2.351305196,1.023111562,-0.680922855,-0.318278051,0.314218679,0.57992221
1497535032549000000,98518,-0.413997359,2.349800748,1.021398073,-0.681791476,-0.32040349,0.312047837,0.578902525
1497535032559000000,98519,-0.423222523,2.348482924,1.01966885,-0.681988133,-0.321654873,0.309396217,0.579399957
1497535032569080000,98520,-0.432263571,2.347091646,1.018030089,-0.682435588,-0.322551495,0.307044007,0.579625896
1497535032579020000,98521,-0.44125407,2.345714163,1.016395497,-0.683212374,-0.322414239,0.30456875,0.580092912
1497535032589060000,98522,-0.450160943,2.344612174,1.015163614,-0.683330971,-0.321950882,0.302403229,0.581342155
1497535032599050000,98523,-0.458874269,2.343337452,1.013989556,-0.683965178,-0.320631884,0.300645342,0.582236386
1497535032609050000,98524,-0.46775012,2.342034457,1.012646147,-0.684138442,-0.319314528,0.298224482,0.58399913
1497535032619070000,98525,-0.476706386,2.340774708,1.011727642,-0.684402186,-0.317051391,0.296533836,0.585781314
1497535032628980000,98526,-0.485799335,2.338870995,1.010437011,-0.684665543,-0.314783584,0.295342122,0.587296706
1497535032639040000,98527,-0.495274759,2.337342319,1.009485018,-0.684640504,-0.312820436,0.293827042,0.589131924
1497535032649040000,98528,-0.505078177,2.33540733,1.008735595,-0.68508258,-0.310881192,0.293092713,0.590009666
1497535032659040000,98529,-0.515214221,2.33334551,1.007974724,-0.684841935,-0.309299188,0.292771278,0.591278712
1497535032669120000,98530,-0.525519657,2.331208825,1.007705029,-0.68519062,-0.307968723,0.293014576,0.591448677
1497535032678980000,98531,-0.536001588,2.328760488,1.007566691,-0.685148614,-0.307272688,0.294336772,0.591202788
1497535032689100000,98532,-0.546529079,2.326034984,1.008007675,-0.684651855,-0.306444753,0.296704624,0.591024379
1497535032699030000,98533,-0.557200541,2.323067863,1.008705723,-0.684244907,-0.305887437,0.299724154,0.590260294
1497535032709090000,98534,-0.567843015,2.319841862,1.010150633,-0.682261695,-0.306121073,0.304480827,0.590000249
1497535032719050000,98535,-0.578415551,2.315724855,1.011597132,-0.680068738,-0.307494199,0.310170092,0.588853414
1497535032728990000,98536,-0.589006846,2.311347386,1.013713994,-0.676459177,-0.310135208,0.316406579,0.588307752
1497535032739030000,98537,-0.599219802,2.306362403,1.016037227,-0.671160214,-0.313310704,0.323249382,0.58897386
1497535032749050000,98538,-0.609357641,2.301246047,1.018861192,-0.664602299,-0.316703565,0.329688335,0.591023043
1497535032759000000,98539,-0.619206869,2.295863357,1.021841193,-0.657961538,-0.32075483,0.336077066,0.592667832
1497535032769040000,98540,-0.628713176,2.290258148,1.02448813,-0.650067465,-0.324599216,0.341883683,0.595955692
1497535032778980000,98541,-0.637877159,2.284931676,1.027221217,-0.642138578,-0.32808494,0.347174188,0.599573517
1497535032789090000,98542,-0.645691746,2.277899302,1.03007153,-0.642203393,-0.332982328,0.352157312,0.593871029
1497535032799030000,98543,-0.655552137,2.275226607,1.031986382,-0.628432101,-0.330566434,0.356198144,0.607389339
1497535032809130000,98544,-0.66409824,2.271004305,1.033889832,-0.623153599,-0.329966906,0.360512305,0.61059996
1497535032819020000,98545,-0.672552144,2.267191043,1.035730455,-0.619455875,-0.328468982,0.364323805,0.61290351
1497535032828990000,98546,-0.680856866,2.263468726,1.037186775,-0.616016491,-0.326060343,0.368809707,0.614969703
1497535032839020000,98547,-0.688979844,2.259836188,1.038583058,-0.613430814,-0.323385723,0.373769227,0.615971489
1497535032849070000,98548,-0.695550873,2.2537072,1.040826381,-0.615425698,-0.323221874,0.3810049,0.609601588
1497535032859040000,98549,-0.704903063,2.251409316,1.041215591,-0.606144509,-0.320713247,0.391129955,0.613798995
1497535032869000000,98550,-0.71357736,2.248769315,1.042604295,-0.605383346,-0.318761647,0.392824536,0.614484256
1497535032879000000,98551,-0.72189013,2.244744841,1.043734751,-0.602861897,-0.319602805,0.39957883,0.612166922
1497535032889110000,98552,-0.730179127,2.24062536,1.044992888,-0.599096658,-0.320277904,0.406308552,0.611079879
1497535032899050000,98553,-0.738388632,2.236276442,1.046124481,-0.59494038,-0.322697077,0.412379968,0.609799396
1497535032909050000,98554,-0.746488812,2.231830447,1.047446551,-0.590748562,-0.325558281,0.418509415,0.608175807
1497535032919030000,98555,-0.75405019,2.225721785,1.048668663,-0.588884525,-0.330997581,0.42988944,0.599041474
1497535032928990000,98556,-0.762210978,2.220789943,1.049694492,-0.583361425,-0.334132337,0.435937762,0.598333767
1497535032939040000,98557,-0.770348492,2.216025839,1.050693838,-0.579315851,-0.337253292,0.441804117,0.596206746
1497535032949090000,98558,-0.778535834,2.210808207,1.051376338,-0.574228553,-0.33912103,0.448258287,0.595250371
1497535032959040000,98559,-0.786746112,2.206002648,1.052225023,-0.571073998,-0.342007642,0.454483326,0.59190385
1497535032969080000,98560,-0.795038862,2.200914641,1.052961769,-0.566720882,-0.345047036,0.461282523,0.589057229
1497535032978940000,98561,-0.803241407,2.195657456,1.053553616,-0.563063473,-0.348795282,0.467999207,0.585045399
1497535032989080000,98562,-0.810669241,2.190000767,1.055070243,-0.561756898,-0.352838087,0.468388249,0.583563981
1497535032999030000,98563,-0.818564836,2.184295534,1.055825015,-0.552451502,-0.35476896,0.476211513,0.584943517
1497535033009030000,98564,-0.826775544,2.178729035,1.056112115,-0.545172382,-0.360733312,0.484549071,0.581266504
1497535033018980000,98565,-0.835062188,2.173036929,1.056086532,-0.539639503,-0.36732842,0.491974402,0.57603839
1497535033028910000,98566,-0.844150158,2.167789963,1.055219741,-0.541856301,-0.376937557,0.49759978,0.562764858
1497535033039060000,98567,-0.851869788,2.161654085,1.05579342,-0.526697999,-0.378400009,0.503803888,0.570599942
1497535033049020000,98568,-0.85929312,2.155292147,1.055702773,-0.52084689,-0.383690772,0.510538136,0.566436863
1497535033059120000,98569,-0.865858352,2.148668208,1.055585782,-0.526912421,-0.391928872,0.512197325,0.553542194
1497535033069120000,98570,-0.874954343,2.143389113,1.05542792,-0.512602903,-0.399852901,0.526076466,0.548269526
1497535033079010000,98571,-0.882689492,2.137689705,1.054913191,-0.505696953,-0.405802078,0.532533662,0.544061728
1497535033089060000,98572,-0.89021415,2.131870822,1.05455764,-0.501265144,-0.410167784,0.538277979,0.539214672
1497535033099050000,98573,-0.897275649,2.124146687,1.057685298,-0.496925023,-0.412892547,0.54478309,0.534599524
1497535033109120000,98574,-0.904715768,2.118342992,1.057251795,-0.492756109,-0.417531226,0.549621337,0.529882514
1497535033118970000,98575,-0.91405455,2.112603218,1.058773649,-0.489307178,-0.423319039,0.553719336,0.524189254
1497535033129040000,98576,-0.920984958,2.106866927,1.05735107,-0.485071424,-0.427436163,0.558154038,0.520065487
1497535033138980000,98577,-0.928345565,2.100960476,1.056269936,-0.48219482,-0.430505962,0.562138914,0.515899809
1497535033148770000,98578,-0.935606076,2.095094181,1.054459409,-0.478423105,-0.434223418,0.565702129,0.51238897
1497535033159050000,98579,-0.943468429,2.088949884,1.053136784,-0.475764744,-0.437998713,0.569080144,0.507890564
1497535033169120000,98580,-0.951747507,2.082829581,1.052268737,-0.472127243,-0.444653814,0.572205618,0.501955758
1497535033178960000,98581,-0.960002805,2.07630786,1.050792073,-0.468549206,-0.449523296,0.575841556,0.496786626
1497535033189070000,98582,-0.968531073,2.069536655,1.049488548,-0.464963998,-0.456038029,0.579044654,0.490453958
1497535033199060000,98583,-0.977090224,2.062525127,1.048042405,-0.460575702,-0.463092369,0.582408835,0.483958087
1497535033209040000,98584,-0.98564271,2.055281477,1.046561196,-0.455871534,-0.469767549,0.586066999,0.477519704
1497535033219050000,98585,-0.994155186,2.04784243,1.045062328,-0.450582013,-0.476095719,0.590378349,0.470916257
1497535033229050000,98586,-1.0022898,2.040234693,1.043353344,-0.445152139,-0.481586604,0.595071465,0.464546949
1497535033239040000,98587,-1.010380626,2.032539283,1.041963094,-0.439795993,-0.487336245,0.59991451,0.457367958
1497535033249100000,98588,-1.018174311,2.024850151,1.040308972,-0.433865923,-0.491372064,0.605434766,0.451400708
1497535033259040000,98589,-1.026014759,2.017227565,1.038989097,-0.428756084,-0.495211491,0.610487242,0.445240527
1497535033269120000,98590,-1.033434282,2.009762753,1.037431502,-0.423500259,-0.496965281,0.615999191,0.440701754
1497535033278960000,98591,-1.04082216,2.002423884,1.036065795,-0.418728529,-0.498484936,0.621405133,0.435929867
1497535033289110000,98592,-1.048319296,1.995162257,1.03498138,-0.414422337,-0.499771095,0.626101967,0.431832498
1497535033299050000,98593,-1.055747151,1.988002287,1.033854926,-0.4096573,-0.499859651,0.631370195,0.428594101
1497535033309110000,98594,-1.063238182,1.980876952,1.032794821,-0.406240119,-0.499991532,0.635848543,0.425057718
1497535033319050000,98595,-1.071134562,1.973872896,1.032000131,-0.403005853,-0.500253129,0.640229022,0.421236143
1497535033329050000,98596,-1.079038744,1.966882155,1.031170594,-0.399951734,-0.499343987,0.644875751,0.418126129
1497535033339040000,98597,-1.087134545,1.959904673,1.030118188,-0.396999549,-0.498377581,0.649274268,0.415275896
1497535033349110000,98598,-1.095515573,1.952895763,1.028995483,-0.394791426,-0.497618903,0.653136138,0.412223655
1497535033359060000,98599,-1.104094897,1.945793895,1.02770795,-0.393150265,-0.496908611,0.656638503,0.409072828
1497535033369090000,98600,-1.113105322,1.938681056,1.026565041,-0.392009103,-0.497391655,0.659368012,0.405171852
1497535033378970000,98601,-1.122312502,1.931476434,1.02539352,-0.391660267,-0.498242439,0.661164772,0.401519429
1497535033389120000,98602,-1.131738811,1.92415503,1.024604509,-0.391238177,-0.49984611,0.662682366,0.397414942
1497535033399050000,98603,-1.1411903,1.91692785,1.024308391,-0.390961629,-0.501611115,0.663814503,0.393555078
1497535033409160000,98604,-1.150509805,1.909635684,1.024502438,-0.392231898,-0.504818085,0.663178786,0.389238663
1497535033419050000,98605,-1.159347895,1.902564559,1.025199962,-0.392971864,-0.506450987,0.662693303,0.387192585
1497535033429080000,98606,-1.167321659,1.895718008,1.026602286,-0.392670419,-0.508571349,0.661841112,0.386175437
1497535033439040000,98607,-1.174982025,1.889083345,1.028720183,-0.390934573,-0.508901566,0.661856419,0.387473144
1497535033449100000,98608,-1.182401167,1.882601491,1.031272018,-0.387481642,-0.509788213,0.662269457,0.389066989
1497535033459080000,98609,-1.190061519,1.876179033,1.033800011,-0.385857869,-0.510968411,0.661706558,0.390088989
1497535033469150000,98610,-1.197960217,1.869891119,1.036218816,-0.3861028,-0.511727864,0.660430984,0.391011683
1497535033479050000,98611,-1.205936635,1.863676596,1.038447565,-0.387605493,-0.513365205,0.658324295,0.390931287
1497535033489090000,98612,-1.213679578,1.857607364,1.040069217,-0.389295401,-0.514597872,0.656444175,0.390792997
1497535033499070000,98613,-1.221085545,1.851548119,1.041154449,-0.391177737,-0.515992824,0.654825328,0.389788627
1497535033509120000,98614,-1.228398328,1.845477882,1.041998846,-0.392257667,-0.517551998,0.653647788,0.388610886
1497535033519060000,98615,-1.235347398,1.839276061,1.042688271,-0.392128724,-0.521312262,0.652088736,0.386327414
1497535033529130000,98616,-1.241827036,1.833028381,1.043197251,-0.391059268,-0.526083218,0.650440923,0.383713046
1497535033539040000,98617,-1.248264395,1.826714589,1.043728334,-0.390170021,-0.53114987,0.648049216,0.381679689
1497535033549170000,98618,-1.254391543,1.820508969,1.044148618,-0.389422682,-0.536767053,0.645669173,0.378605898
1497535033559010000,98619,-1.260265209,1.814521889,1.044531308,-0.388955903,-0.540508278,0.644239735,0.376190472
1497535033569080000,98620,-1.265866318,1.8085923,1.044646775,-0.390472144,-0.543725987,0.642641457,0.372700298
1497535033579020000,98621,-1.271358312,1.802923432,1.04488242,-0.39160257,-0.546718556,0.641850618,0.36847528
1497535033589080000,98622,-1.276591931,1.797224182,1.044750539,-0.393512191,-0.549561297,0.641017226,0.363630929
1497535033599060000,98623,-1.281891123,1.79145853,1.044407249,-0.395273938,-0.551730623,0.639415551,0.361247264
1497535033609120000,98624,-1.286724401,1.785567814,1.044346296,-0.395128113,-0.555419152,0.639084928,0.35630576
1497535033619050000,98625,-1.291401628,1.779538189,1.0438699,-0.394794381,-0.558714043,0.638267435,0.352974073
1497535033628860000,98626,-1.295853263,1.773583564,1.043627019,-0.393867614,-0.562434152,0.637577993,0.349328541
1497535033639030000,98627,-1.300055006,1.767608284,1.043301349,-0.393370399,-0.565392583,0.636697908,0.346708423
1497535033649120000,98628,-1.304080545,1.761628575,1.042888469,-0.392440288,-0.568067396,0.636211463,0.344274642
1497535033659040000,98629,-1.308094178,1.755576679,1.042374893,-0.391708885,-0.570490075,0.636009911,0.341462469
1497535033669110000,98630,-1.311876147,1.749475838,1.042086506,-0.391297955,-0.572816172,0.635523401,0.338935911
1497535033679010000,98631,-1.315646846,1.743346647,1.041547674,-0.390792834,-0.575842997,0.634771477,0.335784122
1497535033689070000,98632,-1.319543026,1.736973904,1.041216863,-0.390189598,-0.579229241,0.633720253,0.332632238
1497535033699040000,98633,-1.323301626,1.730530161,1.040715347,-0.388641936,-0.584076602,0.632128182,0.328977098
1497535033709110000,98634,-1.327061051,1.72412197,1.039637333,-0.388871481,-0.586918661,0.630684548,0.326408421
1497535033719040000,98635,-1.330548504,1.71772664,1.039158796,-0.387031828,-0.590274216,0.630719436,0.322452644
1497535033729060000,98636,-1.334394335,1.710916081,1.03848675,-0.386304167,-0.597105293,0.627163288,0.317648502
1497535033738930000,98637,-1.337807516,1.704327778,1.037670775,-0.384031801,-0.600320711,0.626487664,0.315670441
1497535033749070000,98638,-1.341329402,1.6977202,1.036558069,-0.384466029,-0.602528898,0.626080362,0.311718109
1497535033758980000,98639,-1.344861588,1.690906814,1.035888051,-0.381588129,-0.605379586,0.625357755,0.311181194
1497535033769040000,98640,-1.348436715,1.683955216,1.034452133,-0.383030634,-0.609452535,0.623462079,0.305205141
1497535033779040000,98641,-1.351933146,1.676940922,1.033313002,-0.382966363,-0.611525019,0.622851901,0.302372991
1497535033789160000,98642,-1.355261348,1.669848911,1.032436934,-0.381253483,-0.613588909,0.622225003,0.301646281
1497535033799060000,98643,-1.358609159,1.662506575,1.031071736,-0.381513453,-0.616582378,0.621064085,0.29757866
1497535033809130000,98644,-1.361956772,1.654926583,1.030153353,-0.379780131,-0.619275982,0.620286491,0.295819167
1497535033819040000,98645,-1.365123496,1.647158331,1.029156878,0.377875899,0.621602009,-0.619662513,-0.294684776
1497535033828990000,98646,-1.368199475,1.639239292,1.027532262,0.378843934,0.624436444,-0.618507355,-0.289836251
1497535033839050000,98647,-1.371623306,1.630833216,1.025534533,0.378853885,0.629101529,-0.61582058,-0.285422517
1497535033849130000,98648,-1.374592349,1.622316543,1.023963907,0.377591387,0.633200659,-0.613777992,-0.282415025
1497535033859070000,98649,-1.377655116,1.613438818,1.022603022,0.375201755,0.637925439,-0.611564176,-0.279757101
1497535033869140000,98650,-1.380367047,1.604589413,1.020688679,0.374138469,0.642128125,-0.609374875,-0.276322527
1497535033879010000,98651,-1.383122752,1.595605773,1.018951779,0.371512774,0.646127311,-0.607391346,-0.274906366
1497535033889030000,98652,-1.386325676,1.586401413,1.017334864,0.368357529,0.651709475,-0.604720605,-0.271846429
1497535033899050000,98653,-1.388825516,1.577528543,1.015555886,0.367059118,0.654193195,-0.603187116,-0.271042747
1497535033909140000,98654,-1.392138497,1.568278303,1.013902718,0.366949518,0.66076076,-0.59830226,-0.266040738
1497535033919040000,98655,-1.394373521,1.559424203,1.012090223,0.366793243,0.662023128,-0.596886514,-0.266297923
1497535033929090000,98656,-1.397127568,1.550377433,1.010069521,0.366152337,0.664580399,-0.594731472,-0.265631013
1497535033939150000,98657,-1.399541992,1.541237291,1.008266386,0.367476581,0.668157995,-0.590411639,-0.264461629
1497535033949060000,98658,-1.401944243,1.532352745,1.006075406,0.367863427,0.670065815,-0.588359229,-0.26366972
1497535033959120000,98659,-1.404123517,1.52349974,1.004141129,0.36827596,0.670321933,-0.587909442,-0.263446031
1497535033969120000,98660,-1.406087776,1.514330104,1.002028109,0.36852827,0.672641351,-0.585581361,-0.262364246
1497535033979040000,98661,-1.407947975,1.504919981,0.999774591,0.368084423,0.675017033,-0.583427457,-0.261683518
1497535033989060000,98662,-1.408386839,1.49582721,0.997762886,0.366061943,0.669900158,-0.587369467,-0.268755544
1497535033999070000,98663,-1.409859174,1.486005318,0.995958237,0.365268869,0.672508853,-0.58512168,-0.268222137
1497535034009050000,98664,-1.410972031,1.476245901,0.994282342,0.365370924,0.673394293,-0.583682989,-0.268995134
1497535034019050000,98665,-1.41243886,1.466237929,0.992728773,0.36501721,0.674461105,-0.58225454,-0.269896841
1497535034029070000,98666,-1.413419121,1.456267323,0.991542215,0.366280489,0.675154194,-0.580171942,-0.270935296
1497535034039160000,98667,-1.414857565,1.4461496,0.990790351,0.367042169,0.675776767,-0.579178397,-0.27047771
1497535034049120000,98668,-1.415963162,1.435899474,0.990396173,0.368157768,0.675359463,-0.578074646,-0.272358508
1497535034059070000,98669,-1.416672455,1.425492331,0.990378783,0.367987658,0.674245885,-0.578398743,-0.274649711
1497535034069060000,98670,-1.417793508,1.414914699,0.990389618,0.369589805,0.673574411,-0.578620787,-0.273676586
1497535034079020000,98671,-1.418185355,1.403902089,0.991037317,0.370333943,0.673352394,-0.578731541,-0.272981918
1497535034089060000,98672,-1.41873587,1.392736699,0.991599288,0.369902067,0.671650805,-0.581109074,-0.272708455
1497535034099090000,98673,-1.419254671,1.381066886,0.992614478,0.369254963,0.672543739,-0.58198981,-0.269487575
1497535034109050000,98674,-1.419232124,1.36929978,0.993806669,0.368404966,0.671547775,-0.584607092,-0.267461988
1497535034119030000,98675,-1.419079157,1.35736369,0.995076499,0.366159045,0.671540935,-0.586913071,-0.265505881
1497535034129080000,98676,-1.41856058,1.345397026,0.996659533,0.364669174,0.670117673,-0.590550002,-0.263076782
1497535034139100000,98677,-1.418063575,1.333496546,0.998317936,0.362297075,0.669995637,-0.593315146,-0.260430054
1497535034149050000,98678,-1.417422609,1.321838984,1.000038262,0.359962194,0.66852904,-0.597405569,-0.258075041
1497535034159070000,98679,-1.416659728,1.310412521,1.001704598,0.357332481,0.666629107,-0.602020937,-0.255909991
1497535034169060000,98680,-1.415861929,1.299193715,1.003478987,0.355128526,0.664606589,-0.606003841,-0.254835547
1497535034179000000,98681,-1.415179191,1.28818176,1.004961569,0.351230276,0.662207408,-0.611488819,-0.253377321
1497535034189070000,98682,-1.414434859,1.277423708,1.006461996,0.348499344,0.660463481,-0.615926533,-0.250939643
1497535034199050000,98683,-1.413967095,1.266835721,1.007846764,0.344174924,0.658026288,-0.621537171,-0.249472584
1497535034209070000,98684,-1.413590874,1.256544674,1.009026148,0.34040922,0.656110282,-0.626036186,-0.248434207
1497535034219010000,98685,-1.413278161,1.246421607,1.010410468,0.337309579,0.653080254,-0.631640649,-0.246451862
1497535034229030000,98686,-1.413168829,1.236655337,1.011703727,0.33424416,0.650186583,-0.636662407,-0.245355311
1497535034239120000,98687,-1.4129341,1.227175694,1.013163357,0.332805224,0.646606404,-0.641697017,-0.243650938
1497535034249060000,98688,-1.412921614,1.218150841,1.014547966,-0.330880911,-0.642343502,0.647506708,0.242172895
1497535034259080000,98689,-1.412984208,1.209397263,1.016077258,-0.329990542,-0.637619308,0.653030078,0.241038541
1497535034269000000,98690,-1.413069045,1.200909557,1.017779891,-0.328605645,-0.632784523,0.658736475,0.24014232
1497535034279040000,98691,-1.413282985,1.192679604,1.019514611,-0.328948088,-0.62829293,0.663195383,0.239192462
1497535034289060000,98692,-1.413469426,1.184864087,1.021027945,-0.328549796,-0.623724398,0.66828918,0.237513112
1497535034299070000,98693,-1.413737339,1.177217606,1.022720385,-0.327589678,-0.618831394,0.673525503,0.236846164
1497535034309010000,98694,-1.4141097,1.169569812,1.024692287,-0.328558237,-0.614037769,0.677272486,0.23729535
1497535034319040000,98695,-1.414324406,1.162338106,1.026415505,-0.326967335,-0.609065495,0.682610807,0.237010699
1497535034329020000,98696,-1.414531512,1.154999239,1.028501558,-0.326952579,-0.604653967,0.686446555,0.237248222
1497535034339070000,98697,-1.415134845,1.147521165,1.030583329,-0.326053505,-0.600120844,0.690542004,0.23810885
1497535034349070000,98698,-1.415612559,1.140123483,1.0325475,-0.326234638,-0.596520575,0.693541466,0.23818984
1497535034359070000,98699,-1.41633608,1.13250515,1.03438858,-0.325195098,-0.592898161,0.69707703,0.238334918
1497535034369060000,98700,-1.416981911,1.124815311,1.036281277,-0.324492483,-0.58968213,0.700210564,0.238085659
1497535034379040000,98701,-1.417805424,1.11699115,1.037885921,-0.322441461,-0.586038856,0.704160933,0.238217008
1497535034389070000,98702,-1.41869717,1.108950481,1.039465485,-0.321851487,-0.584105438,0.706439269,0.237014803
1497535034399030000,98703,-1.419463742,1.10094684,1.040789069,-0.32075958,-0.580823271,0.709794371,0.236536615
1497535034409060000,98704,-1.420138072,1.092846497,1.042108366,-0.318531264,-0.578349697,0.71301937,0.23590854
1497535034419000000,98705,-1.420866546,1.084607866,1.043180956,-0.317347116,-0.575635598,0.716004879,0.235098871
1497535034429040000,98706,-1.4215846,1.076076229,1.044579205,-0.316912571,-0.571544247,0.719316073,0.235558874
1497535034439070000,98707,-1.422025714,1.067850155,1.045178981,-0.313919207,-0.569384415,0.722512465,0.23501459
1497535034449070000,98708,-1.42235722,1.05962166,1.045394096,-0.308721071,-0.569434767,0.725152455,0.233643454
1497535034459060000,98709,-1.422970105,1.051122276,1.04547903,-0.30600952,-0.568819394,0.727061147,0.2327762
1497535034469120000,98710,-1.423704883,1.042439509,1.045288228,-0.302986094,-0.569573465,0.728207143,0.23130035
1497535034479030000,98711,-1.42466292,1.033418419,1.045195522,-0.301751457,-0.569774723,0.728909671,0.230203202
1497535034489060000,98712,-1.425784914,1.024401578,1.044261774,-0.291191215,-0.569474356,0.734466216,0.226861217
1497535034499040000,98713,-1.426487229,1.015425345,1.043389123,-0.29544917,-0.573642353,0.730198223,0.224621446
1497535034509040000,98714,-1.42745782,1.006262809,1.041993086,-0.292814247,-0.575700438,0.730469758,0.221907087
1497535034518970000,98715,-1.428629388,0.996709656,1.040763887,-0.291690684,-0.576414459,0.730784082,0.220493859
1497535034529130000,98716,-1.429817275,0.987201447,1.038939752,-0.28984111,-0.579149613,0.730226157,0.217595073
1497535034539150000,98717,-1.431049388,0.977490288,1.036884985,-0.287496072,-0.582157439,0.729613363,0.214716244
1497535034549190000,98718,-1.432383583,0.967563753,1.034738289,-0.286017653,-0.58511362,0.728612532,0.212037099
1497535034559130000,98719,-1.433815994,0.957299659,1.032532142,-0.284135021,-0.588854655,0.727217202,0.208979967
1497535034569090000,98720,-1.435260917,0.946825098,1.030250216,-0.281439279,-0.592037133,0.726291709,0.206843707
1497535034578980000,98721,-1.436555817,0.936435338,1.027422023,-0.277195019,-0.597657425,0.724551359,0.202469385
1497535034589140000,98722,-1.437880811,0.925693871,1.024977539,-0.273972192,-0.601351041,0.723459272,0.19980702
1497535034599040000,98723,-1.43917232,0.914938533,1.022608025,-0.271285171,-0.604758767,0.722439443,0.196856397
1497535034609140000,98724,-1.440431322,0.904270804,1.020480769,-0.26894442,-0.606805476,0.722324657,0.19417287
1497535034619000000,98725,-1.441681211,0.894071079,1.018262413,-0.267096312,-0.60817889,0.722686017,0.191057371
1497535034629040000,98726,-1.44275695,0.884189989,1.016483309,-0.265534499,-0.60873433,0.723628633,0.18787109
1497535034639010000,98727,-1.443943395,0.874557415,1.014760665,-0.263502348,-0.60729445,0.726169176,0.185575569
1497535034649100000,98728,-1.442656989,0.868157511,1.008247757,-0.258571186,-0.601189153,0.732833372,0.186192893
1497535034659080000,98729,-1.444083677,0.858331222,1.007118408,-0.257697179,-0.597833318,0.735788563,0.186554758
1497535034669080000,98730,-1.445603157,0.848414224,1.006025021,-0.256004256,-0.594344727,0.739305602,0.186127357
1497535034678990000,98731,-1.447133322,0.838492327,1.004470913,-0.255050047,-0.590703728,0.742650076,0.185713336
1497535034689130000,98732,-1.449124922,0.827760903,1.0035053,-0.255415774,-0.586839735,0.745686931,0.185291416
1497535034699080000,98733,-1.451122226,0.816824655,1.002019687,-0.255556366,-0.583657372,0.748347353,0.184421408
1497535034709090000,98734,-1.453376582,0.805219247,1.000848606,-0.255988835,-0.581403763,0.750351407,0.182789899
1497535034719060000,98735,-1.455663491,0.793310326,0.999387385,-0.255829409,-0.579339252,0.752424851,0.181036429
1497535034729080000,98736,-1.458139168,0.780935923,0.998490573,-0.254772404,-0.578326665,0.75398707,0.179256209
1497535034739070000,98737,-1.460785411,0.7683304,0.998074541,-0.253495595,-0.578512187,0.754748167,0.177253598
1497535034749000000,98738,-1.463453283,0.755863955,0.99791607,-0.252093523,-0.579029176,0.755184203,0.175701134
1497535034759060000,98739,-1.466309085,0.743476301,0.998438572,-0.251439287,-0.580182037,0.754865725,0.174197667
1497535034769090000,98740,-1.469408838,0.731181995,0.999898745,-0.251978652,-0.5826561,0.753057441,0.172983001
1497535034779030000,98741,-1.472510076,0.719357871,1.001432569,-0.254428663,-0.584814141,0.75059354,0.172823072
1497535034789140000,98742,-1.475740831,0.707784645,1.003394877,-0.257662965,-0.587895997,0.747089529,0.172758007
1497535034799170000,98743,-1.479104769,0.696464263,1.005697699,-0.259769117,-0.590376966,0.74433197,0.173046129
1497535034809140000,98744,-1.482403073,0.685398695,1.008170695,-0.261157385,-0.591770525,0.742424191,0.174386886
1497535034818960000,98745,-1.485699719,0.674560399,1.010759081,-0.262330181,-0.593127472,0.740441477,0.176434398
1497535034829080000,98746,-1.488947536,0.663869792,1.013349401,-0.263009423,-0.593428122,0.739274941,0.179280978
1497535034839080000,98747,-1.49213368,0.653433498,1.015386472,-0.264833804,-0.593825661,0.73753409,0.182421509
1497535034849150000,98748,-1.495379319,0.642954949,1.017857425,-0.265850367,-0.594246084,0.736142496,0.185173971
1497535034859080000,98749,-1.498306996,0.632970099,1.019649431,-0.267204099,-0.594716231,0.734495573,0.188230782
1497535034869130000,98750,-1.501029726,0.623194593,1.021114406,-0.267585116,-0.595359596,0.733151256,0.190877953
1497535034879030000,98751,-1.50359603,0.613677162,1.022184273,-0.267268626,-0.597044223,0.731398329,0.192774897
1497535034889140000,98752,-1.506137713,0.604251764,1.023017807,-0.265876386,-0.599992809,0.729175219,0.193963594
1497535034899090000,98753,-1.508830275,0.59474544,1.023867516,-0.264303307,-0.605704309,0.725037368,0.193873327
1497535034909130000,98754,-1.511698909,0.585281273,1.024684258,-0.264434875,-0.611861019,0.719821044,0.193798747
1497535034919070000,98755,-1.514554125,0.576159782,1.025381771,-0.266284798,-0.617612056,0.714276951,0.193536022
1497535034929070000,98756,-1.517569915,0.567264353,1.026124887,-0.269434104,-0.622422696,0.709096068,0.192816017
1497535034939070000,98757,-1.520384477,0.558931896,1.026709989,-0.272645192,-0.626081696,0.70503243,0.191351984
1497535034949120000,98758,-1.523070177,0.550888552,1.027197351,-0.276466195,-0.627678654,0.702455672,0.19011044
1497535034959090000,98759,-1.525442967,0.543116948,1.027654737,-0.279077291,-0.629004717,0.700693651,0.188407376
1497535034969130000,98760,-1.527639957,0.535431905,1.027867334,-0.281415264,-0.630273943,0.698842626,0.187561161
1497535034979060000,98761,-1.529555231,0.527883108,1.027628678,-0.283047199,-0.631577234,0.697164341,0.186966208
1497535034989100000,98762,-1.531704184,0.520044647,1.028040739,-0.28491882,-0.632903654,0.695128419,0.187218356
1497535034999090000,98763,-1.533739795,0.512315579,1.028195507,-0.286100861,-0.634812675,0.692816936,0.187520288
1497535035009120000,98764,-1.535722431,0.504661441,1.028225414,-0.28735255,-0.636870703,0.690275031,0.188001602
1497535035019080000,98765,-1.537643593,0.497197408,1.027969345,-0.289122554,-0.638932985,0.687449347,0.18864301
1497535035029030000,98766,-1.539687475,0.48971075,1.02778532,-0.291647965,-0.640919408,0.684265383,0.189590776
1497535035039080000,98767,-1.541708658,0.482279579,1.027448206,-0.294132995,-0.642611354,0.681378181,0.19042112
1497535035049040000,98768,-1.54380214,0.474797371,1.027151912,-0.296713663,-0.644332775,0.678333489,0.191467897
1497535035059090000,98769,-1.545750201,0.467441138,1.026431364,-0.299665047,-0.646230366,0.674929894,0.192501461
1497535035069120000,98770,-1.547765451,0.459921866,1.025950758,-0.302338129,-0.647812434,0.671945355,0.193442874
1497535035079040000,98771,-1.549695123,0.452429223,1.025349195,-0.305183342,-0.649382525,0.668847817,0.194442953
1497535035089100000,98772,-1.551447896,0.44494619,1.024473264,-0.307721871,-0.650405014,0.666392823,0.195451204
1497535035099070000,98773,-1.553261291,0.437282841,1.023909753,-0.310381291,-0.651451462,0.663913697,0.196196458
1497535035109130000,98774,-1.555002345,0.429504794,1.023084082,-0.312452836,-0.652535139,0.661546389,0.197300515
1497535035119080000,98775,-1.556710942,0.421570044,1.021967,-0.315069172,-0.653818282,0.658729798,0.198313197
1497535035129100000,98776,-1.558412048,0.413428978,1.020995411,-0.317415738,-0.655405074,0.655822389,0.198968419
1497535035139090000,98777,-1.560074474,0.405133786,1.01999043,0.319574707,0.657256311,-0.652532346,-0.200219095
1497535035149120000,98778,-1.561641303,0.396726672,1.018500802,0.322011933,0.658992439,-0.649290414,-0.201144821
1497535035159090000,98779,-1.563638867,0.387899544,1.017438465,0.325190555,0.663541549,-0.643711818,-0.198994502
1497535035169140000,98780,-1.565350465,0.379000643,1.016026133,0.327483931,0.66689172,-0.639316588,-0.19820194
1497535035179010000,98781,-1.564006338,0.373209459,1.015589245,0.341916248,0.665301883,-0.627980298,-0.214726403
1497535035189120000,98782,-1.563089217,0.360846341,1.016453659,0.32772871,0.669948502,-0.63422519,-0.203767777
1497535035199080000,98783,-1.567224522,0.35168856,1.015021624,0.313601059,0.663130285,-0.645413921,-0.212963544
1497535035209100000,98784,-1.568682038,0.341905206,1.014212048,0.312054837,0.666423135,-0.642487206,-0.213804053
1497535035219030000,98785,-1.569476156,0.335616319,1.009075428,0.342981081,0.674554239,-0.617619053,-0.214213124
1497535035229050000,98786,-1.570409931,0.326222026,1.007637342,0.343285003,0.676265691,-0.615081184,-0.215627591
1497535035238980000,98787,-1.571013342,0.317020742,1.00603225,0.344043305,0.677283212,-0.612719132,-0.21793788
1497535035249090000,98788,-1.57204249,0.307450149,1.004377964,0.343607701,0.67845053,-0.61144836,-0.218562413
1497535035259110000,98789,-1.573317743,0.297959497,1.002648616,0.34415596,0.678546403,-0.611098981,-0.218379235
1497535035269160000,98790,-1.574310583,0.288477831,1.000853903,0.344399423,0.679145677,-0.60972266,-0.219973781
1497535035279040000,98791,-1.575283655,0.279031949,0.999233326,0.345371207,0.679311261,-0.608251901,-0.222001274
1497535035289140000,98792,-1.576300593,0.269645211,0.997386178,0.347527905,0.679009821,-0.606961987,-0.223085554
1497535035299080000,98793,-1.577309986,0.259956339,0.995528037,0.348892251,0.679515153,-0.605290014,-0.223958374
1497535035309070000,98794,-1.578211635,0.250135929,0.993681841,0.350105068,0.679716172,-0.604168244,-0.224484075
1497535035319090000,98795,-1.579043504,0.240148792,0.991612139,0.351426947,0.679829772,-0.603286887,-0.224444903
1497535035329080000,98796,-1.579662697,0.229879795,0.989485848,0.352299249,0.680772414,-0.601965967,-0.223765802
1497535035339090000,98797,-1.580175139,0.219371465,0.987619272,0.352301458,0.681140368,-0.60121396,-0.224662538
1497535035349130000,98798,-1.580559383,0.208744729,0.985839975,0.353775752,0.681163388,-0.599992052,-0.225540889
1497535035359090000,98799,-1.580875046,0.197751463,0.984220187,0.353772661,0.681256482,-0.599433649,-0.226746137
1497535035369160000,98800,-1.581092349,0.186488006,0.982790757,0.353857038,0.681497427,-0.598508816,-0.228327944
1497535035379030000,98801,-1.581257151,0.175111091,0.981499787,0.354286678,0.681655745,-0.597504752,-0.229813985
1497535035389120000,98802,-1.581460898,0.163624478,0.98065694,0.355357649,0.681086096,-0.597079188,-0.230952626
1497535035399080000,98803,-1.581665467,0.151922758,0.98008578,0.356307824,0.680981464,-0.596285353,-0.231846411
1497535035409120000,98804,-1.581746438,0.140121465,0.97971834,0.35739649,0.68060002,-0.595769678,-0.232615247
1497535035419090000,98805,-1.581718066,0.128199149,0.979591808,0.357590718,0.679573929,-0.596673434,-0.232999927
1497535035429070000,98806,-1.583692028,0.113245353,0.979178903,0.344941085,0.68673476,-0.600260912,-0.221580357
1497535035439080000,98807,-1.58338495,0.101127527,0.979513547,0.345099938,0.686309879,-0.601260433,-0.219933338
1497535035449080000,98808,-1.582850793,0.088991237,0.979764506,0.344623277,0.686101558,-0.602834175,-0.217003241
1497535035459080000,98809,-1.582045169,0.076997296,0.980611484,0.342811238,0.68568118,-0.605542818,-0.21363443
1497535035469080000,98810,-1.580930567,0.065201776,0.981755248,0.339759443,0.684588963,-0.609725159,-0.210087371
1497535035479080000,98811,-1.579613775,0.053710039,0.98304889,0.335778401,0.683622507,-0.614328259,-0.206189049
1497535035489110000,98812,-1.578256209,0.042601884,0.984864796,0.331054989,0.681854475,-0.619805735,-0.203268097
1497535035499020000,98813,-1.5769647,0.031949098,0.986913954,0.326452609,0.679353449,-0.625577334,-0.201396584
1497535035509080000,98814,-1.575738125,0.021708503,0.989128875,0.322228987,0.675815204,-0.631521095,-0.201552466
1497535035519080000,98815,-1.57474762,0.011725618,0.991147327,0.319391056,0.672354802,-0.63646158,-0.202101534
1497535035529110000,98816,-1.573925498,0.002079143,0.993166209,0.317320803,0.667636058,-0.641963672,-0.203598245
1497535035539080000,98817,-1.573432607,-0.007453897,0.994985334,0.316615256,0.664073529,-0.645977429,-0.203652373
1497535035549130000,98818,-1.57315811,-0.016799206,0.997137101,0.316588419,0.659522948,-0.650395895,-0.204417304
1497535035559050000,98819,-1.572901647,-0.025975057,0.999239192,0.317064481,0.654914047,-0.654723461,-0.204682426
1497535035569100000,98820,-1.572724113,-0.035057204,1.001331224,-0.317755726,-0.650332239,0.658994453,0.204513051
1497535035579040000,98821,-1.572471733,-0.043959739,1.003446413,-0.318057666,-0.645475107,0.663642479,0.204401244
1497535035589120000,98822,-1.572207082,-0.052681831,1.005702672,-0.318352985,-0.640058516,0.668721304,0.204421845
1497535035599060000,98823,-1.572153096,-0.061420529,1.007809811,-0.318456007,-0.635655248,0.673144823,0.203480281
1497535035609130000,98824,-1.572102393,-0.070026173,1.009882264,-0.31870816,-0.631267267,0.677379257,0.202692103
1497535035619080000,98825,-1.571926163,-0.078476554,1.011997664,-0.31806066,-0.62624575,0.682152979,0.203275651
1497535035629090000,98826,-1.572006315,-0.086946611,1.013996564,-0.318090556,-0.62279312,0.685520587,0.202505931
1497535035639090000,98827,-1.571922893,-0.095290689,1.016025789,-0.317163943,-0.618807317,0.689398202,0.203013932
1497535035649120000,98828,-1.571887342,-0.103534644,1.018251655,-0.315965391,-0.615126204,0.693020177,0.203736738
1497535035659170000,98829,-1.568583582,-0.108136934,1.020784211,-0.309880697,-0.581875695,0.71897009,0.22017411
1497535035669090000,98830,-1.568429788,-0.116424864,1.022736322,-0.307576819,-0.578632505,0.722389736,0.220757772
1497535035679050000,98831,-1.568458666,-0.124687926,1.024633825,-0.305888941,-0.575029155,0.725782366,0.221389666
1497535035689090000,98832,-1.568605935,-0.132992814,1.026478336,-0.305069975,-0.57183393,0.728712867,0.221169221
1497535035699090000,98833,-1.568627542,-0.141420778,1.028100468,-0.302618386,-0.568370832,0.732208741,0.221916805
1497535035709170000,98834,-1.568784691,-0.150108726,1.029552305,-0.301244515,-0.566446802,0.734332546,0.221687786
1497535035719080000,98835,-1.5711633,-0.161730102,1.030687703,-0.30360049,-0.58594071,0.720264421,0.213820932
1497535035729100000,98836,-1.571500742,-0.170882559,1.031740781,-0.302304977,-0.586082218,0.721239166,0.211975
1497535035739080000,98837,-1.571584381,-0.180002073,1.032817286,-0.300142878,-0.584940226,0.723134503,0.211744363
1497535035749140000,98838,-1.57155091,-0.189105842,1.033545263,-0.29819822,-0.583754138,0.725088403,0.211082294
1497535035759090000,98839,-1.571639248,-0.198200929,1.034321475,-0.295914716,-0.583193535,0.726742532,0.210154881
1497535035769130000,98840,-1.571713413,-0.207240592,1.034694357,-0.293732777,-0.582226088,0.728732504,0.209004248
1497535035779050000,98841,-1.572012784,-0.216313512,1.034822628,-0.292407035,-0.58231701,0.729797801,0.206882079
1497535035789170000,98842,-1.572277113,-0.225396379,1.034506643,-0.291290599,-0.581760055,0.731114814,0.205368338
1497535035799100000,98843,-1.572802221,-0.234697443,1.033815543,-0.290144982,-0.582416251,0.731635012,0.203266843
1497535035809160000,98844,-1.573348216,-0.244209009,1.032693612,-0.288748815,-0.58337768,0.731885542,0.201589083
1497535035819100000,98845,-1.573995264,-0.254026272,1.03130708,-0.286506814,-0.58489481,0.731884891,0.200390651
1497535035829060000,98846,-1.574873158,-0.264209259,1.029402588,-0.285109469,-0.588223461,0.730531322,0.197559456
1497535035839100000,98847,-1.575620346,-0.274582131,1.027281462,-0.282549315,-0.590741105,0.729720443,0.196720378
1497535035849080000,98848,-1.576446448,-0.285167894,1.024968926,-0.280168899,-0.59419761,0.728280921,0.195042273
1497535035859100000,98849,-1.577306189,-0.295978983,1.022358759,-0.27875708,-0.598658987,0.725742376,0.192872785
1497535035869120000,98850,-1.57814537,-0.306930339,1.019755052,-0.276307291,-0.602838593,0.72364277,0.191261742
1497535035879020000,98851,-1.578809512,-0.317913488,1.017402223,-0.271917026,-0.605365321,0.723162847,0.191388235
1497535035889140000,98852,-1.579861579,-0.329269401,1.014750118,-0.269686796,-0.610557591,0.720639602,0.187528729
1497535035899090000,98853,-1.580578221,-0.340477215,1.012454472,-0.266538596,-0.613073382,0.71998088,0.186348429
1497535035909090000,98854,-1.581379752,-0.351749557,1.010354379,-0.263128678,-0.616043548,0.719123269,0.184703462
1497535035919070000,98855,-1.582249152,-0.362944232,1.008133888,-0.261547704,-0.619622182,0.717683232,0.180532348
1497535035929110000,98856,-1.582862326,-0.373703432,1.00628997,-0.25898796,-0.620806984,0.717959326,0.179048402
1497535035939070000,98857,-1.583479257,-0.384548893,1.00494968,-0.255434541,-0.622802831,0.717673084,0.178368084
1497535035949060000,98858,-1.582856852,-0.392476018,1.002839097,-0.251593182,-0.609859715,0.730108301,0.17808388
1497535035959060000,98859,-1.582957237,-0.402925022,1.00237387,-0.248025228,-0.601472983,0.736872117,0.183666057
1497535035969060000,98860,-1.584077717,-0.413426613,1.001364674,-0.248740644,-0.594125507,0.741742541,0.186978547
1497535035979000000,98861,-1.58460861,-0.42291082,1.000040678,-0.242594493,-0.597175071,0.743333791,0.178842728
1497535035989150000,98862,-1.585821506,-0.434048947,0.99897905,-0.242080537,-0.593649032,0.746124149,0.179656879
1497535035999180000,98863,-1.587500316,-0.444991819,0.997771232,-0.239382314,-0.592404042,0.748459941,0.177654935
1497535036009190000,98864,-1.589150377,-0.456666218,0.996426983,-0.241066649,-0.588815987,0.751031689,0.176448312
1497535036019100000,98865,-1.590791977,-0.468487649,0.995626814,-0.241238046,-0.586041679,0.753343127,0.175594669
1497535036029050000,98866,-1.592487526,-0.480181322,0.995017122,-0.240175559,-0.584399417,0.755296232,0.174128182
1497535036039100000,98867,-1.594313126,-0.491959501,0.99525776,-0.240617187,-0.583086863,0.756666685,0.171955247
1497535036049150000,98868,-1.59621292,-0.503873273,0.996405194,-0.239934615,-0.583801184,0.756418379,0.171577372
1497535036059100000,98869,-1.598309812,-0.515565925,0.998353551,-0.23880794,-0.586857982,0.754559302,0.170905634
1497535036069100000,98870,-1.600639008,-0.526737556,1.000778237,-0.23834392,-0.590678478,0.752208626,0.168740318
1497535036079050000,98871,-1.603138877,-0.53825856,1.003286624,-0.240777559,-0.593594483,0.74929073,0.168033207
1497535036089160000,98872,-1.605910067,-0.549732915,1.005926596,-0.242326151,-0.596801472,0.746185869,0.168263749
1497535036099080000,98873,-1.608824391,-0.560890458,1.008487438,-0.243101878,-0.599109411,0.744087664,0.168234773
1497535036108990000,98874,-1.611778746,-0.572318761,1.011012285,-0.245140161,-0.60199217,0.741093455,0.16820291
1497535036119100000,98875,-1.614424679,-0.583433739,1.013283177,-0.246126208,-0.602176016,0.740041691,0.170716817
1497535036129070000,98876,-1.617262644,-0.594282805,1.015258527,-0.247598488,-0.602758526,0.738395306,0.173636172
1497535036139100000,98877,-1.619679151,-0.604732364,1.016727191,-0.24984462,-0.602646752,0.737463333,0.174763811
1497535036149160000,98878,-1.622109137,-0.615197059,1.018061336,-0.250152584,-0.603611542,0.735539376,0.179049205
1497535036159060000,98879,-1.623575967,-0.622963981,1.018351153,-0.252599341,-0.589350379,0.744728543,0.185038104
1497535036169090000,98880,-1.625341265,-0.633059184,1.019338476,-0.252574894,-0.590864039,0.742560115,0.188918198
1497535036179050000,98881,-1.626863084,-0.642818085,1.020231314,-0.250880313,-0.594370156,0.739887941,0.190654194
1497535036189170000,98882,-1.628524036,-0.652408559,1.02103884,-0.248745583,-0.599430432,0.73634345,0.191329863
1497535036199110000,98883,-1.630098115,-0.662139098,1.021998675,-0.249325006,-0.603581132,0.732653088,0.191693272
1497535036209170000,98884,-1.632041299,-0.671546613,1.022990873,-0.248990322,-0.609303353,0.728270861,0.190721777
1497535036219090000,98885,-1.634104063,-0.681156737,1.024187668,-0.25059403,-0.616133534,0.722484943,0.188673283
1497535036229140000,98886,-1.635952222,-0.69008505,1.025186037,-0.252717801,-0.619001238,0.719807065,0.186678788
1497535036239100000,98887,-1.637870311,-0.699130687,1.026088344,-0.255415612,-0.622752046,0.716323437,0.18391163
1497535036249170000,98888,-1.639632956,-0.707784885,1.026755446,-0.257334284,-0.624227334,0.714807638,0.182124522
1497535036259100000,98889,-1.641318346,-0.716402738,1.027379561,-0.259660748,-0.62516548,0.713435235,0.180982275
1497535036269010000,98890,-1.642745976,-0.724922502,1.027882607,-0.260977198,-0.627035934,0.711709699,0.17940497
1497535036279050000,98891,-1.644144444,-0.733391912,1.028547646,-0.262144849,-0.630004905,0.709114285,0.177569221
1497535036289100000,98892,-1.645407127,-0.742083426,1.028855888,-0.264834561,-0.631361749,0.706866597,0.1777206
1497535036299100000,98893,-1.646693432,-0.750264285,1.029181432,-0.265034481,-0.634523615,0.704272366,0.176456625
1497535036309180000,98894,-1.647963895,-0.758609192,1.02947284,-0.266405264,-0.636858673,0.701446172,0.177235815
1497535036319050000,98895,-1.649303564,-0.766776658,1.02952107,-0.267812426,-0.639646926,0.698194318,0.177912926
1497535036329150000,98896,-1.650455793,-0.775120932,1.029562909,-0.27146675,-0.640999977,0.695093118,0.179639612
1497535036339110000,98897,-1.65165245,-0.783181235,1.029387459,-0.273649515,-0.643215647,0.692139178,0.179813607
1497535036349150000,98898,-1.654164207,-0.792319469,1.028912752,-0.275676213,-0.660107495,0.677902831,0.169435749
1497535036359100000,98899,-1.655233582,-0.800344524,1.028544604,-0.278199219,-0.6617319,0.67518292,0.169835546
1497535036369000000,98900,-1.656198925,-0.808411011,1.028001956,-0.279955367,-0.663364317,0.672840294,0.169878526
1497535036379080000,98901,-1.655396781,-0.815559474,1.027540077,-0.280287381,-0.650454668,0.681935342,0.182515472
1497535036389160000,98902,-1.656000855,-0.823919399,1.026728648,-0.281090092,-0.65241653,0.679629028,0.182880878
1497535036399090000,98903,-1.657839342,-0.833429043,1.025651496,0.282335106,0.668322515,-0.666270915,-0.172380312
1497535036409090000,98904,-1.656965115,-0.841269445,1.024805447,-0.282802357,-0.656854985,0.67412322,0.184722062
1497535036419100000,98905,-1.657336391,-0.850039265,1.023729246,-0.282695518,-0.660561947,0.670675077,0.184217533
1497535036429130000,98906,-1.658973328,-0.859823478,1.022269131,0.283919464,0.674891823,-0.65813957,-0.175394048
1497535036439110000,98907,-1.659249333,-0.868931621,1.02104323,0.284813807,0.676466063,-0.655572053,-0.177482518
1497535036449110000,98908,-1.659479903,-0.878026863,1.019693657,0.285433358,0.679177646,-0.652302257,-0.17817769
1497535036459110000,98909,-1.659511563,-0.887178279,1.018435256,0.285334372,0.681299327,-0.64968033,-0.179808206
1497535036469080000,98910,-1.659700582,-0.896571068,1.01702311,0.286092352,0.683335948,-0.646864257,-0.181024256
1497535036479080000,98911,-1.659756639,-0.906080749,1.015520677,0.286606976,0.685584272,-0.643984411,-0.181974518
1497535036489110000,98912,-1.659661597,-0.915633274,1.014064514,0.28647418,0.688087592,-0.64109507,-0.182934745
1497535036499040000,98913,-1.659515666,-0.92535284,1.012515233,0.28624751,0.689915216,-0.638706406,-0.184752497
1497535036509200000,98914,-1.65925763,-0.935104197,1.010774631,0.286025014,0.691961757,-0.636135294,-0.186307558
1497535036519110000,98915,-1.658987611,-0.944840026,1.009036169,0.285222472,0.693866622,-0.633964893,-0.187845059
1497535036529080000,98916,-1.65844602,-0.954402528,1.007416462,0.284815019,0.695452833,-0.632280493,-0.188274108
1497535036539120000,98917,-1.658182634,-0.964073125,1.005530359,0.28474433,0.696924371,-0.630091352,-0.190268167
1497535036549110000,98918,-1.657659708,-0.973323921,1.004044251,0.28390721,0.697982472,-0.628882031,-0.191636521
1497535036559120000,98919,-1.657484973,-0.982738941,1.00223905,0.28439691,0.697839981,-0.627787283,-0.194989451
1497535036569160000,98920,-1.6570559,-0.99190529,1.000600551,0.286398693,0.698287996,-0.626055447,-0.196021021
1497535036579090000,98921,-1.656866127,-1.00104322,0.998884014,0.288169311,0.697243484,-0.625392765,-0.199233185
1497535036589110000,98922,-1.656382274,-1.01007414,0.997330889,0.291217464,0.696479424,-0.624221276,-0.201138259
1497535036599090000,98923,-1.656084518,-1.019337772,0.995518638,0.294448491,0.695275461,-0.623416559,-0.203085975
1497535036609120000,98924,-1.655649947,-1.028565699,0.993804757,0.297456504,0.694038925,-0.622966753,-0.204308647
1497535036619110000,98925,-1.655126142,-1.038090463,0.992081939,0.300232582,0.693073056,-0.622337671,-0.205440891
1497535036629100000,98926,-1.654460165,-1.047949657,0.990517755,0.303056224,0.692260496,-0.621713559,-0.205923727
1497535036639100000,98927,-1.653735031,-1.05808816,0.989137425,0.305404321,0.691685817,-0.621088367,-0.206272081
1497535036649160000,98928,-1.652808068,-1.068571984,0.988154835,0.307513933,0.691343817,-0.620566472,-0.205854709
1497535036659070000,98929,-1.651734881,-1.079489316,0.987441672,0.310088698,0.690594202,-0.619640022,-0.207294214
1497535036669090000,98930,-1.650101524,-1.090330357,0.987455219,0.3120188,0.690155699,-0.619549981,-0.206124235
1497535036679050000,98931,-1.648253265,-1.101171441,0.987635202,0.312136066,0.689579976,-0.620813633,-0.20406118
1497535036689160000,98932,-1.646182849,-1.112421722,0.98829297,0.312423341,0.689000791,-0.621708602,-0.202849649
1497535036699000000,98933,-1.643825243,-1.123447534,0.989427492,0.311579705,0.688429133,-0.623674868,-0.200032687
1497535036709140000,98934,-1.641266365,-1.134644188,0.990893221,0.310242997,0.688002233,-0.625317,-0.198446116
1497535036719210000,98935,-1.638416978,-1.145459062,0.992774653,0.30819262,0.68676723,-0.62812592,-0.197042911
1497535036729050000,98936,-1.635365588,-1.155972588,0.995128331,0.306236041,0.684975387,-0.631637405,-0.195095863
1497535036739110000,98937,-1.632463642,-1.166119278,0.997491645,0.304578402,0.682289625,-0.635151801,-0.195691224
1497535036749200000,98938,-1.629185813,-1.175868609,1.000204553,0.302023718,0.679831332,-0.639297878,-0.194702999
1497535036759120000,98939,-1.626056578,-1.185424879,1.002796381,0.300133737,0.675807856,-0.644088777,-0.19583955
1497535036769210000,98940,-1.622834811,-1.194361732,1.005345473,0.297509946,0.672288131,-0.648800522,-0.196403627
1497535036779090000,98941,-1.620348993,-1.204368682,1.007831306,0.293426097,0.676522078,-0.646771663,-0.194693143
1497535036789160000,98942,-1.617412504,-1.213157871,1.009884568,0.290157408,0.672951528,-0.651435452,-0.196409703
1497535036799120000,98943,-1.614596876,-1.221688651,1.011685197,0.287054328,0.668797124,-0.656507719,-0.198262035
1497535036809190000,98944,-1.612156723,-1.229935578,1.013013945,0.284961654,0.664344376,-0.661034827,-0.201187382
1497535036819110000,98945,-1.609990639,-1.237963742,1.01422202,-0.282916694,-0.661444874,0.664153206,0.203345375
1497535036829110000,98946,-1.608086257,-1.245757044,1.015330267,-0.282864311,-0.656189559,0.668470318,0.206277671
1497535036839110000,98947,-1.606485669,-1.253457641,1.016405598,-0.284583013,-0.650987923,0.67181698,0.209497442
1497535036849120000,98948,-1.605068278,-1.26090863,1.017346406,-0.286394748,-0.64552943,0.675497336,0.212068745
1497535036859100000,98949,-1.603794387,-1.26811256,1.018341486,-0.289114178,-0.638583176,0.680255887,0.214187879
1497535036869110000,98950,-1.602689546,-1.275456924,1.019631183,-0.292143243,-0.634100035,0.682887925,0.215019888
1497535036879090000,98951,-1.601626907,-1.282753405,1.021001537,-0.295077008,-0.62892701,0.686065966,0.216087635
1497535036889050000,98952,-1.600532119,-1.289969492,1.022604719,-0.297118378,-0.624601766,0.68900603,0.216480934
1497535036899120000,98953,-1.599450819,-1.297150056,1.024267245,-0.299021122,-0.619980543,0.692214493,0.216909175
1497535036909180000,98954,-1.598554296,-1.303851598,1.025784182,-0.29843006,-0.615284104,0.696744842,0.216590848
1497535036919100000,98955,-1.597374854,-1.310918678,1.027563826,-0.299068683,-0.611727506,0.699883865,0.21566167
1497535036929030000,98956,-1.596044953,-1.3177111,1.029352117,-0.2978285,-0.607516347,0.704033836,0.215774027
1497535036939120000,98957,-1.59468658,-1.324771209,1.031293127,-0.297233981,-0.605341436,0.706333098,0.21519122
1497535036949180000,98958,-1.593192807,-1.331560962,1.03304725,-0.295338524,-0.60123675,0.710702679,0.214921448
1497535036959110000,98959,-1.591660071,-1.338555468,1.034677171,-0.293277033,-0.599175335,0.713464098,0.214351303
1497535036969140000,98960,-1.590350724,-1.348470224,1.037982852,-0.284839358,-0.591586376,0.723621711,0.212752717
1497535036978950000,98961,-1.588817063,-1.356235093,1.039814623,-0.282314425,-0.590049501,0.726166546,0.211712776
1497535036988890000,98962,-1.587125065,-1.359882996,1.039128552,-0.288756423,-0.594864151,0.719733286,0.21151919
1497535036999000000,98963,-1.586003776,-1.370534206,1.042082594,-0.278910224,-0.586294778,0.731262582,0.209099394
1497535037009110000,98964,-1.584521763,-1.378235074,1.043231088,-0.276904391,-0.583916313,0.734176427,0.208208242
1497535037019110000,98965,-1.583110749,-1.385759369,1.044056858,-0.274809393,-0.581858124,0.73706808,0.206522558
1497535037029100000,98966,-1.581855131,-1.392918251,1.04431215,-0.272176595,-0.581268059,0.739001129,0.20475516
1497535037039120000,98967,-1.580501882,-1.400533772,1.044517259,-0.270010331,-0.579854156,0.741147679,0.203871769
1497535037049130000,98968,-1.579304844,-1.407535404,1.043978759,-0.267393923,-0.579263012,0.742893313,0.202643477
1497535037059070000,98969,-1.578095839,-1.415643461,1.043875404,-0.26464331,-0.579726355,0.74403333,0.20073783
1497535037069050000,98970,-1.576794076,-1.424712076,1.043970428,-0.262286873,-0.580784469,0.744589759,0.198698483
1497535037079090000,98971,-1.575740082,-1.432466544,1.042871383,-0.258836284,-0.583168289,0.744508316,0.196534709
1497535037089160000,98972,-1.574581863,-1.440696688,1.04191751,-0.25588222,-0.583177712,0.746098221,0.19433345
1497535037099120000,98973,-1.573538467,-1.449206322,1.040975375,-0.252894018,-0.586378091,0.745380923,0.191344273
1497535037109120000,98974,-1.5724934,-1.457892766,1.039661468,-0.250201722,-0.587617011,0.746063001,0.188402085
1497535037119120000,98975,-1.571370818,-1.466422852,1.038387535,-0.247648801,-0.589799487,0.745882941,0.185648259
1497535037128970000,98976,-1.570232563,-1.475876921,1.037242701,-0.246007624,-0.591698087,0.745777787,0.182178798
1497535037139060000,98977,-1.569213018,-1.484309398,1.035333619,-0.243685059,-0.593085575,0.746230675,0.178904647
1497535037149120000,98978,-1.568293015,-1.492931645,1.033339017,-0.240915642,-0.595402971,0.746109645,0.175429056
1497535037159100000,98979,-1.567235668,-1.502902884,1.031907408,-0.23824195,-0.597953322,0.745572088,0.1726698
1497535037169130000,98980,-1.566335764,-1.512179153,1.029769903,-0.234730917,-0.601376403,0.744883489,0.168512333
1497535037179100000,98981,-1.565411301,-1.521842079,1.027498855,-0.230771416,-0.604657107,0.744388271,0.164378946
1497535037189120000,98982,-1.564371239,-1.532024682,1.025348776,-0.226842936,-0.608040275,0.743764629,0.160135829
1497535037199120000,98983,-1.563280805,-1.541632418,1.022585708,-0.222737843,-0.611705927,0.742929841,0.155752895
1497535037209120000,98984,-1.561882848,-1.551689937,1.02009724,-0.218543687,-0.614692195,0.742646094,0.151224806
1497535037219130000,98985,-1.560276585,-1.562049001,1.017947509,-0.214052747,-0.617732002,0.742308567,0.146855667
1497535037229070000,98986,-1.558470636,-1.572397794,1.015984686,-0.209539375,-0.618746436,0.743608093,0.142453858
1497535037239120000,98987,-1.556779258,-1.581783282,1.01362248,-0.204790974,-0.620539116,0.744332258,0.137700226
1497535037249210000,98988,-1.554980156,-1.592386957,1.012412412,-0.200428623,-0.620886091,0.745903469,0.134003151
1497535037259080000,98989,-1.55345639,-1.601822462,1.010623982,-0.196099989,-0.620986919,0.7476204,0.130321828
1497535037269120000,98990,-1.551949752,-1.612225313,1.009683315,-0.192827956,-0.61959448,0.750144228,0.127293742
1497535037279080000,98991,-1.550601646,-1.62281212,1.008935333,-0.189902059,-0.617619104,0.752976902,0.124537685
1497535037289110000,98992,-1.549554651,-1.632900187,1.007699946,-0.187009363,-0.617324059,0.754584317,0.120586124
1497535037299120000,98993,-1.548509977,-1.643721758,1.006869364,-0.185236927,-0.614867569,0.757506812,0.117509927
1497535037309210000,98994,-1.547419218,-1.654943052,1.006162241,-0.183260463,-0.613325566,0.759842957,0.113516668
1497535037319110000,98995,-1.546351007,-1.666331187,1.005222687,-0.180479768,-0.612737472,0.761726467,0.108409564
1497535037329100000,98996,-1.545249527,-1.677937781,1.004153274,-0.177818584,-0.611874559,0.763821208,0.102797069
1497535037339100000,98997,-1.544115182,-1.690537621,1.003622589,-0.174866169,-0.612949458,0.764462794,0.096495704
1497535037349040000,98998,-1.542904518,-1.702496327,1.002864129,-0.171413159,-0.612689601,0.766158394,0.090720978
1497535037359090000,98999,-1.541661644,-1.714415532,1.002413185,-0.168526729,-0.612056824,0.767913661,0.085403717
1497535037369160000,99000,-1.540448538,-1.726317768,1.002395779,-0.165060053,-0.613539303,0.768066027,0.079995503
1497535037379050000,99001,-1.539324089,-1.738371871,1.002969194,-0.163673612,-0.614694975,0.767898472,0.075451793
1497535037389070000,99002,-1.538221818,-1.749942322,1.003710034,-0.161828385,-0.619361599,0.765023715,0.0702958
1497535037399110000,99003,-1.537103133,-1.761887169,1.005021507,-0.160899518,-0.624412375,0.761438678,0.066570791
1497535037409090000,99004,-1.535771207,-1.773134597,1.006863123,-0.156413708,-0.629773612,0.758274583,0.06276629
1497535037419120000,99005,-1.533974542,-1.784198887,1.009314168,-0.15128397,-0.632649176,0.756968051,0.062189625
1497535037429040000,99006,-1.532029472,-1.794822281,1.012244058,-0.144550425,-0.634110215,0.757046879,0.062365317
1497535037439000000,99007,-1.529960715,-1.804700742,1.014784182,-0.13730423,-0.635469404,0.757223532,0.062759126
1497535037449000000,99008,-1.527931635,-1.815859659,1.018010393,-0.131582903,-0.637701377,0.756252964,0.064065186
1497535037459090000,99009,-1.525981051,-1.825779444,1.020219063,-0.12665118,-0.638067745,0.756712069,0.064929786
1497535037469160000,99010,-1.524029757,-1.835972182,1.022305843,-0.123456994,-0.637102208,0.757887495,0.066825838
1497535037479140000,99011,-1.522163409,-1.845899048,1.024031316,-0.119591854,-0.63806121,0.757628102,0.067641267
1497535037489090000,99012,-1.520221586,-1.855815666,1.02579038,-0.114143204,-0.639997164,0.756863438,0.067325292
1497535037499120000,99013,-1.518332976,-1.864930084,1.026699304,-0.108313306,-0.642250579,0.755895903,0.066361182
1497535037509240000,99014,-1.516506135,-1.874294818,1.027749229,-0.103052233,-0.646183673,0.753374641,0.065219235
1497535037519120000,99015,-1.514585508,-1.883167043,1.028319768,-0.098204227,-0.650427321,0.750552958,0.063011799
1497535037529090000,99016,-1.512609001,-1.892613794,1.029368826,-0.09407947,-0.656142686,0.746293157,0.060599938
1497535037539120000,99017,-1.510615381,-1.901758319,1.030060621,-0.092149377,-0.660504227,0.742895133,0.057874684
1497535037549100000,99018,-1.508648889,-1.910000989,1.030219018,-0.088847067,-0.664628639,0.739945103,0.053443565
1497535037559100000,99019,-1.506400435,-1.918274061,1.030219271,-0.086147898,-0.669389597,0.73629071,0.048704186
1497535037569040000,99020,-1.503829966,-1.926881331,1.030451603,-0.08264907,-0.674123329,0.732756263,0.042368939
1497535037579060000,99021,-1.500871925,-1.935044573,1.030242872,-0.077868546,-0.679445367,0.728709584,0.035676678
1497535037589120000,99022,-1.497644004,-1.943077374,1.02986936,-0.072908963,-0.683922766,0.72532277,0.028996757
1497535037599120000,99023,-1.494183736,-1.950961954,1.029320469,-0.0673551,-0.688343373,0.721920236,0.021860082
1497535037609190000,99024,-1.490169623,-1.95948345,1.029267957,-0.061002432,-0.693346861,0.717870529,0.014516761
1497535037619130000,99025,-1.486015483,-1.967262456,1.02868231,-0.054539813,-0.696773246,0.715180307,0.007041419
1497535037629070000,99026,-1.481482125,-1.975013095,1.028396308,-0.048161138,-0.700463298,0.71206137,0.000526564
1497535037639120000,99027,-1.476900202,-1.981965183,1.027602105,-0.04036836,-0.703945325,0.70907823,-0.006280066
1497535037649130000,99028,-1.472022076,-1.989417277,1.02745701,-0.0333029,-0.706365633,0.706940284,-0.013188807
1497535037659100000,99029,-1.467140895,-1.996427635,1.027097284,0.027040123,0.708492318,-0.704957,0.018522818
1497535037669170000,99030,-1.462176427,-2.003692751,1.027105856,0.021347763,0.710058398,-0.703410111,0.023990824
1497535037679100000,99031,-1.457223367,-2.010654746,1.026940437,0.015752379,0.712563743,-0.700809142,0.029518168
1497535037689130000,99032,-1.452210469,-2.017494095,1.026669787,0.010249063,0.714390672,-0.698799619,0.034928757
1497535037699120000,99033,-1.44712121,-2.024643411,1.026425335,0.005474642,0.717195586,-0.695678024,0.040405535
1497535037709200000,99034,-1.442031299,-2.031602769,1.025953234,0.000433454,0.71965591,-0.692822144,0.045745606
1497535037719150000,99035,-1.436846364,-2.038566344,1.02538494,-0.005047046,0.72177185,-0.690180804,0.051675739
1497535037729100000,99036,-1.431611846,-2.044988257,1.024247565,-0.01024233,0.724586641,-0.686718929,0.057327187
1497535037738910000,99037,-1.426309514,-2.051404488,1.023136915,-0.016985153,0.726104332,-0.684392746,0.063957586
1497535037749100000,99038,-1.420770472,-2.058496282,1.02256784,-0.024152945,0.728719846,-0.680776687,0.070193474
1497535037759090000,99039,-1.415206351,-2.064902476,1.021349758,-0.030357424,0.731024971,-0.677457603,0.075710723
1497535037769080000,99040,-1.40953102,-2.071138845,1.020021264,-0.037525919,0.731780786,-0.675648774,0.081162929
1497535037779100000,99041,-1.403808728,-2.077670127,1.019018314,-0.044300989,0.73333613,-0.67292565,0.086177795
1497535037789070000,99042,-1.39807766,-2.083753988,1.017678448,-0.050583381,0.734708647,-0.670390048,0.090673638
1497535037799100000,99043,-1.392266091,-2.090213388,1.016769246,-0.05718662,0.735880993,-0.667994296,0.094828659
1497535037809180000,99044,-1.3864311,-2.096591106,1.015901504,-0.062926475,0.736749648,-0.666081453,0.097855572
1497535037819120000,99045,-1.38053359,-2.103019309,1.015149321,-0.068388094,0.737563774,-0.664239864,0.100539303
1497535037829080000,99046,-1.374564148,-2.108990821,1.013991143,-0.073476452,0.738455395,-0.662370399,0.102714631
1497535037839130000,99047,-1.368483664,-2.115094138,1.01292201,-0.078403687,0.739039585,-0.660858984,0.104588508
1497535037849190000,99048,-1.362153245,-2.121220504,1.011608148,-0.083200261,0.740265981,-0.658593758,0.106481248
1497535037859140000,99049,-1.355644285,-2.127595231,1.010489875,-0.087927943,0.742017849,-0.65574003,0.10808886
1497535037869200000,99050,-1.348856539,-2.13410299,1.00916025,-0.093695004,0.743792613,-0.652582945,0.110133079
1497535037879130000,99051,-1.341922652,-2.140504043,1.007597554,-0.099030442,0.745531179,-0.649534247,0.111720606
1497535037889110000,99052,-1.334862799,-2.146718385,1.005874713,-0.104043565,0.746905088,-0.646829633,0.11366245
1497535037899130000,99053,-1.327779866,-2.153181072,1.004271881,-0.108969629,0.749176201,-0.643040623,0.115582862
1497535037909170000,99054,-1.320713868,-2.159412062,1.002645716,-0.112397442,0.750184255,-0.640987132,0.117157566
1497535037919120000,99055,-1.313702413,-2.165811924,1.001221063,-0.114977742,0.751850783,-0.638349933,0.118363348
1497535037929150000,99056,-1.306794429,-2.17175301,0.999651471,-0.117158324,0.752800581,-0.63658194,0.119702323
1497535037939130000,99057,-1.299920025,-2.17766738,0.998335598,-0.119313307,0.754371018,-0.633964354,0.121564386
1497535037949170000,99058,-1.293096077,-2.183334572,0.9974507,-0.121130879,0.754305918,-0.633238848,0.123929227
1497535037959110000,99059,-1.286189941,-2.188564373,0.996683605,-0.122889194,0.753863197,-0.632857435,0.126806914
1497535037969160000,99060,-1.27909084,-2.193176016,0.995746841,-0.125467478,0.752554464,-0.633319461,0.129715653
1497535037979110000,99061,-1.271704132,-2.198260726,0.995542377,-0.127653058,0.751691452,-0.633292849,0.132683175
1497535037989160000,99062,-1.264062205,-2.202993293,0.995020104,-0.13029198,0.751011289,-0.632975486,0.135455078
1497535037999150000,99063,-1.256218611,-2.207538188,0.994405785,-0.132768208,0.750073718,-0.63300251,0.138093603
1497535038009190000,99064,-1.248295234,-2.212274995,0.994304703,-0.134567962,0.748730501,-0.633695125,0.140444257
1497535038019140000,99065,-1.240257883,-2.217401475,0.994818656,-0.135247177,0.748164312,-0.633783445,0.142397007
1497535038029180000,99066,-1.232173468,-2.221912508,0.995246825,-0.13570884,0.746569132,-0.635087019,0.144506471
1497535038039140000,99067,-1.223905455,-2.226743685,0.996196725,-0.135597132,0.744914397,-0.636687278,0.146100203
1497535038049140000,99068,-1.215380892,-2.230773387,0.996828676,-0.135165964,0.742733677,-0.638810939,0.148315309
1497535038059100000,99069,-1.206480384,-2.234999412,0.998015954,-0.136008925,0.740297208,-0.640716215,0.151473917
1497535038069130000,99070,-1.197272242,-2.239281179,0.999466806,-0.138042189,0.738151297,-0.641719019,0.155800246
1497535038078930000,99071,-1.187713204,-2.242811669,1.000795788,-0.141140416,0.735408226,-0.642920622,0.16095713
1497535038089160000,99072,-1.178069502,-2.246360824,1.002542038,-0.145622158,0.731648617,-0.644345074,0.168237673
1497535038099110000,99073,-1.168477045,-2.249256721,1.004326392,-0.150527514,0.726328849,-0.647229991,0.175730503
1497535038109200000,99074,-1.159086866,-2.251947858,1.006282424,-0.155570501,0.720353378,-0.650516997,0.183620441
1497535038119120000,99075,-1.150060161,-2.254183218,1.008085932,-0.1587679,0.713800016,-0.654814479,0.191050488
1497535038129090000,99076,-1.141413069,-2.256509034,1.009989152,-0.161645907,0.706922361,-0.659424441,0.198219028
1497535038139120000,99077,-1.133165557,-2.25883674,1.011867566,-0.163302364,0.700232203,-0.66420653,0.204540669
1497535038149160000,99078,-1.125270231,-2.261135321,1.013252216,-0.163327055,0.693541045,-0.669318943,0.210564112
1497535038159060000,99079,-1.117615858,-2.263666751,1.014521336,-0.162269925,0.68813676,-0.673444119,0.215891849
1497535038169110000,99080,-1.110214448,-2.266589254,1.015767038,-0.160409497,0.683591773,-0.67664486,0.221636674
1497535038179070000,99081,-1.102926502,-2.26948756,1.016785915,0.157492612,-0.679426227,0.679580418,-0.227478646
1497535038189170000,99082,-1.095889732,-2.272383188,1.017875481,0.154525393,-0.675150969,0.682310057,-0.233978755
1497535038199040000,99083,-1.088896153,-2.275037652,1.018897058,0.152164388,-0.671253061,0.684352893,-0.240679132
1497535038209070000,99084,-1.081978469,-2.277853165,1.020388234,0.149722266,-0.667116029,0.686713801,-0.246908085
1497535038219130000,99085,-1.075147907,-2.28055765,1.022018956,0.148521212,-0.663217528,0.688469216,-0.253168124
1497535038229210000,99086,-1.068375204,-2.283065698,1.023924017,0.147469527,-0.658668697,0.691036296,-0.258606118
1497535038239180000,99087,-1.061547628,-2.285648932,1.02610434,0.147331539,-0.654581728,0.693221997,-0.263171887
1497535038249190000,99088,-1.054710987,-2.287874816,1.027995031,0.147162064,-0.650402591,0.695647764,-0.267196528
1497535038259080000,99089,-1.047505109,-2.290285482,1.030015339,0.147397502,-0.647632824,0.696943035,-0.270399903
1497535038269160000,99090,-1.040247738,-2.292530083,1.031847812,0.14802053,-0.64358663,0.699168728,-0.273951202
1497535038279110000,99091,-1.032874426,-2.295247552,1.034115982,0.149054804,-0.64020644,0.700380681,-0.2781821
1497535038289130000,99092,-1.025117063,-2.297468898,1.03564042,0.150890058,-0.636790218,0.701523758,-0.282125549
1497535038299140000,99093,-1.017254058,-2.299982302,1.037519715,0.153459188,-0.633958905,0.701620188,-0.286837055
1497535038309130000,99094,-1.009070479,-2.302419251,1.039110991,0.155729422,-0.631582568,0.701264719,-0.291684077
1497535038319140000,99095,-1.000746145,-2.304627961,1.040425921,0.159030259,-0.628899989,0.700928185,-0.296468988
1497535038329150000,99096,-0.992283384,-2.30714728,1.042000024,0.163163917,-0.626072976,0.700231639,-0.301804269
1497535038339140000,99097,-0.983814582,-2.309353315,1.043295244,0.167084693,-0.623104878,0.69975553,-0.306863512
1497535038349140000,99098,-0.975202538,-2.311284452,1.044103436,0.170448478,-0.620601625,0.698848821,-0.312107778
1497535038359090000,99099,-0.966798002,-2.313581867,1.045316843,0.175199144,-0.618256009,0.697259441,-0.31763822
1497535038369120000,99100,-0.958279113,-2.315631491,1.046039704,0.178253933,-0.616077826,0.696406846,-0.322011107
1497535038379070000,99101,-0.949550541,-2.317597059,1.046200372,0.181830262,-0.614913847,0.694485816,-0.326355892
1497535038389250000,99102,-0.941096612,-2.319811536,1.046376755,0.185725024,-0.613495286,0.69256038,-0.330892534
1497535038399140000,99103,-0.932428288,-2.322083504,1.046116133,0.189823672,-0.612986906,0.689910556,-0.335018583
1497535038409120000,99104,-0.923553297,-2.324502213,1.045589964,0.19346397,-0.612587544,0.68774979,-0.338095281
1497535038419160000,99105,-0.914514078,-2.326983514,1.044667009,0.198026241,-0.612763941,0.684758459,-0.341191756
1497535038429190000,99106,-0.905170568,-2.329277684,1.042987289,0.202416196,-0.613531214,0.681576598,-0.343599292
1497535038439130000,99107,-0.895731026,-2.331807113,1.041235354,0.207494841,-0.61458761,0.677908221,-0.345931214
1497535038449200000,99108,-0.886144225,-2.334259808,1.039134746,0.213265698,-0.615708777,0.673908076,-0.348236054
1497535038459120000,99109,-0.876295162,-2.336855827,1.037030719,0.218942526,-0.616462242,0.670377543,-0.350189127
1497535038469140000,99110,-0.866371541,-2.339406185,1.034870153,0.225112655,-0.617707151,0.666238364,-0.35197814
1497535038479110000,99111,-0.856328307,-2.34219172,1.032824861,0.231447191,-0.619062042,0.662187161,-0.353132482
1497535038489210000,99112,-0.846168306,-2.344696985,1.030756418,0.236927471,-0.619946702,0.65862129,-0.354611699
1497535038499140000,99113,-0.835731542,-2.347433696,1.028914358,0.243232283,-0.621264206,0.654260869,-0.356106104
1497535038509140000,99114,-0.825332297,-2.349964734,1.027251419,0.248313182,-0.621837372,0.651329291,-0.356971989
1497535038519140000,99115,-0.81506187,-2.352504512,1.025985353,0.252864102,-0.621978307,0.64885427,-0.358037524
1497535038529140000,99116,-0.80506107,-2.354623496,1.024637924,0.257007093,-0.62156541,0.646885734,-0.359364218
1497535038539040000,99117,-0.795557499,-2.356723784,1.023690209,0.260143341,-0.620084013,0.646059841,-0.361148087
1497535038549130000,99118,-0.786241146,-2.358905488,1.023094689,0.263186116,-0.617931456,0.645571024,-0.363499432
1497535038559090000,99119,-0.777318396,-2.361210694,1.022897674,0.264510023,-0.61407687,0.647560804,-0.365525718
1497535038569170000,99120,-0.768373122,-2.363573655,1.022901366,0.264721844,-0.610768497,0.6495685,-0.367348542
1497535038579120000,99121,-0.75939362,-2.366310789,1.023080288,0.26304335,-0.607342868,0.652371495,-0.369261791
1497535038589200000,99122,-0.750307811,-2.369426003,1.023307981,0.259637917,-0.604519236,0.655297401,-0.371119875
1497535038599130000,99123,-0.741142434,-2.372714818,1.02344345,0.255149874,-0.602244572,0.657503258,-0.374018024
1497535038609090000,99124,-0.731745878,-2.376344603,1.023447839,0.249933378,-0.599777768,0.660134052,-0.376859349
1497535038619140000,99125,-0.721993085,-2.37995524,1.023273486,0.245694281,-0.598176161,0.661360845,-0.3800282
1497535038629180000,99126,-0.712065978,-2.383436379,1.022914109,0.241332593,-0.595697375,0.663005302,-0.383832238
1497535038639130000,99127,-0.702019191,-2.387037515,1.022594055,0.238562104,-0.593836307,0.663562379,-0.387468104
1497535038649150000,99128,-0.691693134,-2.390715114,1.02247297,0.237534456,-0.593043922,0.662601913,-0.390941165
1497535038659180000,99129,-0.681389678,-2.394337675,1.02275867,0.23747628,-0.593607437,0.660889144,-0.39301497
1497535038669140000,99130,-0.671154336,-2.398108999,1.023624606,0.238056547,-0.59631054,0.658023962,-0.393379315
1497535038679120000,99131,-0.660906418,-2.40205919,1.024906218,0.238200216,-0.601050109,0.654411127,-0.39210394
1497535038689140000,99132,-0.650999486,-2.406025441,1.026372694,0.238433003,-0.606467689,0.650342586,-0.39038592
1497535038699150000,99133,-0.641330555,-2.409909913,1.027905403,0.238330274,-0.610230473,0.647647038,-0.389063959
1497535038709150000,99134,-0.632256527,-2.413710188,1.029642925,0.239071659,-0.612047711,0.646625187,-0.38745091
1497535038719140000,99135,-0.623683808,-2.417140752,1.03139443,0.237174472,-0.611669517,0.648164902,-0.38664057
1497535038729130000,99136,-0.615142526,-2.420339494,1.033058494,0.235602929,-0.610576387,0.650285589,-0.385767273
1497535038739140000,99137,-0.606513574,-2.423502452,1.034806332,0.234955272,-0.609955377,0.651800805,-0.384585712
1497535038749140000,99138,-0.59800667,-2.426446448,1.036358253,0.232937989,-0.609553399,0.653472663,-0.383611818
1497535038759140000,99139,-0.589597102,-2.429736136,1.038205429,0.232046573,-0.60977406,0.65475789,-0.381604624
1497535038769150000,99140,-0.580503335,-2.433174468,1.039506107,0.237011918,-0.615922579,0.647853546,-0.380460918
1497535038779120000,99141,-0.57265845,-2.435501823,1.041282234,0.236893737,-0.611139241,0.654061888,-0.37761519
1497535038789110000,99142,-0.564055732,-2.43808608,1.042410969,0.242205954,-0.613491735,0.651703081,-0.37449601
1497535038799110000,99143,-0.555416152,-2.440713051,1.043398861,0.248467043,-0.616399056,0.648906899,-0.370454003
1497535038809190000,99144,-0.54702929,-2.443336615,1.044196823,0.254239379,-0.62015105,0.645093616,-0.366918573
1497535038819100000,99145,-0.538974365,-2.445952332,1.044781805,0.258495109,-0.623746992,0.641414198,-0.364290811
1497535038829110000,99146,-0.531099552,-2.448384155,1.045091546,0.260876857,-0.626985305,0.637697818,-0.363557678
1497535038839140000,99147,-0.523645502,-2.450577364,1.045252808,0.261626346,-0.62891165,0.635076426,-0.364279733
1497535038849150000,99148,-0.516441282,-2.452549506,1.045457464,0.262356831,-0.630473414,0.63191114,-0.366552151
1497535038859140000,99149,-0.508967732,-2.454367875,1.045555312,-0.264124083,0.631453576,-0.628844134,0.368862989
1497535038869190000,99150,-0.501265055,-2.456048762,1.045635856,-0.26695882,0.632624009,-0.625249331,0.370921994
1497535038879110000,99151,-0.49348669,-2.457406165,1.045608832,-0.271309106,0.633822395,-0.620878462,0.373055593
1497535038889110000,99152,-0.485666552,-2.458739748,1.045546655,-0.27574326,0.635660386,-0.615868063,0.374977409
1497535038899180000,99153,-0.477798561,-2.459881137,1.045371244,-0.280480402,0.637014663,-0.611464404,0.376369959
1497535038909130000,99154,-0.470270984,-2.461121701,1.045311392,-0.283833757,0.63863529,-0.607981125,0.376752327
1497535038919110000,99155,-0.46262156,-2.462213022,1.045091119,-0.286826561,0.639997898,-0.605037053,0.376912959
1497535038929070000,99156,-0.455234827,-2.463473114,1.044912775,-0.288711676,0.641491219,-0.60322053,0.375845149
1497535038939140000,99157,-0.447711317,-2.464657644,1.044620301,-0.290347055,0.64329144,-0.601237288,0.374684447
1497535038949100000,99158,-0.440455648,-2.465962594,1.044395211,-0.291877449,0.645177727,-0.599242613,0.373445506
1497535038959190000,99159,-0.432983687,-2.467434545,1.043948147,-0.293619678,0.647815459,-0.596971686,0.371143398
1497535038969230000,99160,-0.425474421,-2.468936758,1.043314693,-0.294357171,0.650620155,-0.59518196,0.368518254
1497535038979130000,99161,-0.417850552,-2.470367639,1.042517412,-0.294958995,0.653445279,-0.593418581,0.36587272
1497535038989160000,99162,-0.41010447,-2.471972542,1.041710444,-0.296026336,0.656281088,-0.591323246,0.363318538
1497535038999110000,99163,-0.402331163,-2.473315381,1.040585295,-0.29730217,0.65903991,-0.588917262,0.361184544
1497535039009040000,99164,-0.394269816,-2.474921507,1.039369914,-0.298493581,0.662022215,-0.587358824,0.3572643
1497535039019150000,99165,-0.386275522,-2.476262584,1.038129423,-0.299198464,0.665121919,-0.585098498,0.354616496
1497535039029210000,99166,-0.378012993,-2.477719785,1.036564527,-0.300803505,0.667830741,-0.583376789,0.350985576
1497535039039150000,99167,-0.36968545,-2.479082645,1.035073809,-0.302106568,0.671238058,-0.580626009,0.347914543
1497535039049160000,99168,-0.361377389,-2.480362065,1.033627727,-0.304416302,0.674346163,-0.577409465,0.345233656
1497535039059170000,99169,-0.353254769,-2.481225545,1.032020947,-0.308887085,0.676575356,-0.573092446,0.344092438
1497535039069160000,99170,-0.345717683,-2.481820581,1.030563794,-0.314662076,0.678058763,-0.568710258,0.343209462
1497535039079140000,99171,-0.337411889,-2.482277403,1.029168022,-0.317203135,0.68007945,-0.56596162,0.341411128
1497535039089160000,99172,-0.329348925,-2.482305742,1.028010492,-0.318761305,0.680750346,-0.565053842,0.340124025
1497535039099160000,99173,-0.321248096,-2.482304021,1.026928576,-0.322590785,0.681583338,-0.562709856,0.33872844
1497535039109220000,99174,-0.312805829,-2.482236932,1.025827915,-0.324127499,0.682381707,-0.562044903,0.336752278
1497535039119170000,99175,-0.304369702,-2.482109875,1.024851302,-0.326126629,0.682301246,-0.561571021,0.335774359
1497535039129190000,99176,-0.295994435,-2.481759863,1.023920842,-0.328343833,0.682790527,-0.559658011,0.335812946
1497535039139110000,99177,-0.287416131,-2.481457166,1.022849723,-0.330080403,0.682680873,-0.558428593,0.336379637
1497535039149150000,99178,-0.279129838,-2.480946837,1.021770645,-0.332093994,0.68303232,-0.556531005,0.336828842
1497535039159170000,99179,-0.270549616,-2.480432065,1.020762141,-0.332945789,0.682740424,-0.55576765,0.33783862
1497535039169230000,99180,-0.262054035,-2.479720397,1.01976601,-0.334971388,0.682964185,-0.55354451,0.339031809
1497535039179110000,99181,-0.253576278,-2.478857082,1.018681844,-0.337322912,0.682383152,-0.551631451,0.340982741
1497535039189210000,99182,-0.24493209,-2.477862007,1.017647815,-0.33866068,0.682005922,-0.550439147,0.342335526
1497535039199170000,99183,-0.236360939,-2.476836102,1.016660152,-0.340999782,0.682379256,-0.547996677,0.343187035
1497535039209200000,99184,-0.227978481,-2.475778331,1.015663462,-0.342485896,0.681516335,-0.547248563,0.344612692
1497535039219160000,99185,-0.219793858,-2.474663876,1.014810858,-0.343764789,0.681946347,-0.545324441,0.345537558
1497535039229200000,99186,-0.211353226,-2.473642317,1.013846108,-0.34384245,0.681457695,-0.545591967,0.346001713
1497535039239110000,99187,-0.203267272,-2.472587897,1.012959569,-0.344679042,0.682136753,-0.544677013,0.345272008
1497535039249210000,99188,-0.194772699,-2.471670733,1.012133313,-0.344199367,0.682978324,-0.544126147,0.344955274
1497535039259220000,99189,-0.186125048,-2.470776338,1.011286287,-0.344640187,0.684042813,-0.543132897,0.343969806
1497535039269200000,99190,-0.177477696,-2.469943993,1.010549135,-0.344632269,0.685161299,-0.542626159,0.342548457
1497535039279130000,99191,-0.168772241,-2.46903365,1.010048459,-0.344047661,0.68528139,-0.543455978,0.341579015
1497535039289200000,99192,-0.160069245,-2.468188974,1.009798277,-0.343197724,0.685862486,-0.544409806,0.339743925
1497535039299170000,99193,-0.151067314,-2.467502202,1.009859648,-0.342793616,0.687163323,-0.544308023,0.337680146
1497535039309170000,99194,-0.142281855,-2.466646212,1.009974402,-0.341176708,0.687209625,-0.545954537,0.336563557
1497535039319060000,99195,-0.133424476,-2.465782449,1.010173087,-0.339123022,0.687424423,-0.547734431,0.335306175
1497535039329090000,99196,-0.124394679,-2.464962597,1.010620901,-0.337392828,0.687954856,-0.548421622,0.334840141
1497535039339070000,99197,-0.115328212,-2.463896612,1.011269869,-0.335348006,0.688566219,-0.54888459,0.334879059
1497535039349080000,99198,-0.106416554,-2.462594717,1.011907681,-0.333909208,0.688775559,-0.549433688,0.33498581
1497535039359050000,99199,-0.097600123,-2.461062516,1.012874046,-0.333458018,0.688044514,-0.549435309,0.336929278
1497535039369100000,99200,-0.088490132,-2.459192166,1.014310238,-0.33069143,0.686748749,-0.551366805,0.339137112
1497535039379050000,99201,-0.079723685,-2.457124839,1.016041786,-0.32976422,0.684959931,-0.552082754,0.3424764
1497535039389020000,99202,-0.07082978,-2.454888022,1.017957052,-0.329806839,0.68243326,-0.552281026,0.347128166
1497535039399160000,99203,-0.062062398,-2.45267395,1.020158295,-0.328393799,0.679566821,-0.554326037,0.350812049
1497535039409140000,99204,-0.053702826,-2.450201842,1.022465016,-0.32904152,0.675686063,-0.555782226,0.355367612
1497535039419160000,99205,-0.045202496,-2.448132438,1.024937496,-0.328354913,0.672600214,-0.557340384,0.359393516
1497535039429160000,99206,-0.037051697,-2.445923999,1.027038188,-0.328480258,0.667673277,-0.56075102,0.363141031
1497535039439160000,99207,-0.029137498,-2.443807728,1.029450918,-0.326700609,0.662972055,-0.564021284,0.368259091
1497535039449210000,99208,-0.021447329,-2.441767571,1.031513054,-0.325887611,0.658402495,-0.567785601,0.371379766
1497535039459160000,99209,-0.013676957,-2.439911612,1.033450569,-0.32380169,0.653830577,-0.571654045,0.375326117
1497535039469210000,99210,-0.006780391,-2.438162578,1.035276732,-0.324390413,0.648494796,-0.574269383,0.380052675
1497535039479130000,99211,0.000499713,-2.436404656,1.036815213,-0.32186003,0.644000052,-0.578435095,0.383513879
1497535039489150000,99212,0.007310597,-2.434599402,1.038119694,-0.320879174,0.638705461,-0.581668298,0.388270371
1497535039499160000,99213,0.014272176,-2.433066407,1.039534746,-0.320627561,0.635005333,-0.583271895,0.392122545
1497535039509160000,99214,0.021132047,-2.431436448,1.040904348,-0.318864156,0.630733921,-0.586157246,0.396131359
1497535039519150000,99215,0.02750985,-2.42983945,1.042270584,-0.31798318,0.625923165,-0.589635132,0.399296005
1497535039529200000,99216,0.034130278,-2.428443261,1.04369402,-0.316359774,0.622967444,-0.591409375,0.4025705
1497535039539160000,99217,0.040278665,-2.427108798,1.04493582,-0.314949425,0.61932188,-0.594374857,0.404926905
1497535039549200000,99218,0.046328478,-2.425982,1.046321115,-0.313578932,0.616963215,-0.595086466,0.408529978
1497535039559160000,99219,0.05246018,-2.424939329,1.047891783,-0.310424211,0.613524478,-0.599651237,0.409442203
1497535039569200000,99220,0.057901112,-2.424029915,1.049621485,-0.304932263,0.610432846,-0.604015311,0.411768818
1497535039579110000,99221,0.063443228,-2.423361258,1.051101461,-0.301099942,0.608266477,-0.607152499,0.413178607
1497535039589220000,99222,0.068985727,-2.42269877,1.052899475,0.296733583,-0.606047197,0.611046069,-0.413858282
1497535039599160000,99223,0.074601059,-2.422160028,1.054716447,0.292031212,-0.604025833,0.614738978,-0.414688501
1497535039609160000,99224,0.080405676,-2.42161127,1.056329595,0.289444246,-0.602674775,0.616935605,-0.415205496
1497535039619140000,99225,0.086134362,-2.42099081,1.058008905,0.284248202,-0.599996577,0.62060224,-0.417204898
1497535039629160000,99226,0.092192273,-2.419974527,1.059490537,0.281500911,-0.597216719,0.623789315,-0.418301707
1497535039639140000,99227,0.098319852,-2.418977533,1.060934361,0.279558065,-0.594456484,0.625567903,-0.420872399
1497535039649130000,99228,0.104613841,-2.417752435,1.062036469,0.276864781,-0.59002992,0.628750979,-0.424125916
1497535039659120000,99229,0.111486941,-2.416359001,1.063182732,0.277108779,-0.58702361,0.629674853,-0.426759399
1497535039669230000,99230,0.118679997,-2.414871186,1.064373757,0.279035581,-0.585055986,0.629178992,-0.428931736
1497535039679190000,99231,0.125824621,-2.413318714,1.065271902,0.280171755,-0.581933314,0.629563269,-0.431865137
1497535039689270000,99232,0.133137935,-2.411793667,1.065883786,0.279438736,-0.578932368,0.630721335,-0.43467448
1497535039699180000,99233,0.140186326,-2.410246702,1.066215379,0.282679614,-0.575828483,0.629764504,-0.438075864
1497535039709160000,99234,0.147797204,-2.408792929,1.066619906,0.284307241,-0.574092661,0.629240015,-0.440050012
1497535039719160000,99235,0.154949819,-2.407450169,1.066663152,0.285317265,-0.571435674,0.629150413,-0.442973008
1497535039729130000,99236,0.162340725,-2.406026884,1.066527662,0.286897013,-0.570448389,0.628688505,-0.443880055
1497535039739130000,99237,0.170176144,-2.40478882,1.066409681,0.285670773,-0.569320269,0.629435337,-0.445059318
1497535039749230000,99238,0.17776658,-2.403652936,1.065561682,0.287808342,-0.56851129,0.628071452,-0.446640261
1497535039759170000,99239,0.18553748,-2.402617457,1.064836969,0.291653214,-0.569526802,0.625253638,-0.4468059
1497535039769190000,99240,0.193304994,-2.401776285,1.063846828,0.292353146,-0.569020342,0.624431085,-0.448142063
1497535039779120000,99241,0.201660465,-2.400796483,1.062825454,0.292754081,-0.570292556,0.623204099,-0.447971091
1497535039789220000,99242,0.20965029,-2.399939622,1.061694507,0.295256477,-0.570407869,0.621284969,-0.448846814
1497535039799170000,99243,0.217886771,-2.399176251,1.060260429,0.29733906,-0.571096531,0.619555167,-0.448987339
1497535039809140000,99244,0.226397081,-2.398262654,1.059087958,0.298054925,-0.571557367,0.618746227,-0.449041806
1497535039819170000,99245,0.234796964,-2.39740978,1.057553215,0.301847761,-0.571339735,0.616666655,-0.449645497
1497535039829170000,99246,0.243964552,-2.396599263,1.056149693,0.306273348,-0.572663787,0.613654102,-0.449089598
1497535039839050000,99247,0.252997892,-2.39576906,1.054745302,0.309114921,-0.572818091,0.612090695,-0.449079483
1497535039849190000,99248,0.26234372,-2.394856304,1.053471359,0.313230546,-0.57271415,0.609745858,-0.449549904
1497535039859110000,99249,0.271828441,-2.393730068,1.052137178,0.316219627,-0.572005789,0.608340542,-0.450262489
1497535039869150000,99250,0.281444643,-2.392672287,1.050768021,0.318491003,-0.571683952,0.606949606,-0.450946911
1497535039879120000,99251,0.290915119,-2.39136785,1.049522833,0.320030814,-0.571428729,0.605277689,-0.452425026
1497535039889220000,99252,0.300057412,-2.390019583,1.04840962,0.319425941,-0.569551066,0.605847608,-0.454452778
1497535039899180000,99253,0.309333438,-2.388729346,1.047407097,0.320716565,-0.568365198,0.604613557,-0.456666544
1497535039909220000,99254,0.318474807,-2.387652451,1.046366848,0.32273051,-0.566745805,0.60367482,-0.458498552
1497535039919170000,99255,0.32781449,-2.386702453,1.045693544,0.323031151,-0.564809639,0.603854104,-0.460435846
1497535039929200000,99256,0.337234258,-2.385740889,1.045090587,0.323128754,-0.562758752,0.604066021,-0.462595544
1497535039939100000,99257,0.347105118,-2.384867284,1.044644689,0.322427923,-0.561213739,0.604883114,-0.463892005
1497535039949130000,99258,0.357005762,-2.384053022,1.044253887,0.321517179,-0.558905837,0.60584909,-0.466044901
1497535039959180000,99259,0.367285224,-2.38328029,1.044041991,0.321076513,-0.557590039,0.605598205,-0.4682457
1497535039969230000,99260,0.377624293,-2.382341024,1.043897027,0.320640075,-0.555570798,0.605340015,-0.471269028
1497535039979130000,99261,0.388268168,-2.381149147,1.044138552,0.319928385,-0.553883716,0.605412534,-0.473639442
1497535039989200000,99262,0.39856402,-2.379709557,1.04493643,0.320967644,-0.552019222,0.604062652,-0.47682582
1497535039999170000,99263,0.40899477,-2.378104163,1.046414837,0.321890204,-0.551167095,0.603097861,-0.478408299
1497535040009220000,99264,0.419318078,-2.376371514,1.048597085,0.323367589,-0.550738995,0.602217422,-0.479013714
1497535040019170000,99265,0.429465523,-2.37459989,1.051178652,0.326701487,-0.550224386,0.601030836,-0.478833163
1497535040029200000,99266,0.439497436,-2.373036829,1.053755862,0.329894353,-0.550204082,0.600140794,-0.477782599
1497535040039200000,99267,0.449738308,-2.371620876,1.056408497,0.333934385,-0.551222026,0.598381554,-0.476005904
1497535040049230000,99268,0.459636114,-2.370351079,1.058578336,0.337513188,-0.551331194,0.597306771,-0.47470347
1497535040059170000,99269,0.469862013,-2.369088778,1.060484266,0.337992307,-0.551758593,0.598289581,-0.472623774
1497535040069200000,99270,0.479696546,-2.367829497,1.061974993,0.340613684,-0.55187378,0.597259971,-0.471909076
1497535040079120000,99271,0.489586703,-2.366648856,1.063026182,0.340708878,-0.55151063,0.598092668,-0.471209768
1497535040089130000,99272,0.499803863,-2.365442194,1.0639197,0.341280917,-0.552969056,0.598362981,-0.468736922
1497535040099160000,99273,0.509617796,-2.364316979,1.064603955,0.341705711,-0.555010376,0.597929468,-0.466563009
1497535040109210000,99274,0.519368163,-2.363072442,1.065271449,0.343424898,-0.556113953,0.597641932,-0.464349794
1497535040119140000,99275,0.528824707,-2.361637375,1.065738416,0.345788341,-0.557354122,0.597170849,-0.461707464
1497535040129170000,99276,0.537869986,-2.360229048,1.066227339,0.346975468,-0.557652572,0.598403096,-0.45885223
1497535040139180000,99277,0.546876774,-2.358613685,1.066518993,0.350369074,-0.558062606,0.598158993,-0.456084925
1497535040149190000,99278,0.555388216,-2.357146649,1.06695844,0.35494485,-0.559989522,0.595617281,-0.453504072
1497535040159180000,99279,0.56420121,-2.355391313,1.067403935,0.356284126,-0.561962921,0.594338185,-0.451687302
1497535040169120000,99280,0.572367536,-2.353865575,1.067682381,0.358998079,-0.564471446,0.590829846,-0.451012704
1497535040179140000,99281,0.581074481,-2.352126511,1.068314731,0.361870702,-0.565550867,0.587667566,-0.451496007
1497535040189250000,99282,0.589780017,-2.350196103,1.068989858,0.363906385,-0.567684806,0.583683739,-0.452348756
1497535040199190000,99283,0.598105806,-2.347936088,1.069629175,0.367880962,-0.569305477,0.578496331,-0.4537586
1497535040209250000,99284,0.606111934,-2.345249885,1.070250324,0.370745587,-0.568443522,0.574739158,-0.4572686
1497535040219180000,99285,0.614316646,-2.342267394,1.070703086,0.372922564,-0.567884027,0.570504801,-0.461476723
1497535040229180000,99286,0.62223789,-2.339122589,1.070996766,0.376470895,-0.565785348,0.566575734,-0.465991999
1497535040239180000,99287,0.630108988,-2.335709407,1.071258036,-0.380598067,0.563177761,-0.563051033,0.470052609
1497535040249200000,99288,0.638089017,-2.33216025,1.071450686,-0.386337142,0.5616445,-0.557688933,0.473584335
1497535040259060000,99289,0.645983067,-2.328585317,1.071346714,-0.392021272,0.559731485,-0.553065143,0.47659095
1497535040269190000,99290,0.654345615,-2.3250113,1.071206125,-0.397031492,0.559497232,-0.548303589,0.47821754
1497535040279120000,99291,0.662666327,-2.321440143,1.071053145,-0.403386128,0.560224279,-0.542771518,0.478359141
1497535040289220000,99292,0.670694616,-2.317872994,1.070620401,-0.410418709,0.561602185,-0.536133981,0.478246613
1497535040299160000,99293,0.678317008,-2.314386317,1.069672642,-0.414247615,0.561857433,-0.532154254,0.479089749
1497535040309250000,99294,0.6865924,-2.310756039,1.0694915,-0.419736224,0.562145271,-0.52759059,0.479022301
1497535040319160000,99295,0.694139071,-2.306995861,1.068969906,-0.424695742,0.561779733,-0.523322944,0.479760518
1497535040329190000,99296,0.701438322,-2.303086011,1.068210738,-0.428738118,0.560823789,-0.520060739,0.480829629
1497535040339170000,99297,0.708719526,-2.299075849,1.067444713,-0.431939036,0.558532195,-0.517904615,0.482954725
1497535040349160000,99298,0.71660151,-2.29481091,1.067236569,-0.437272078,0.557902899,-0.513878618,0.483183455
1497535040359160000,99299,0.723909389,-2.290353075,1.066499109,-0.44162789,0.55662612,-0.510778846,0.483980516
1497535040369160000,99300,0.731332936,-2.285749027,1.065942316,-0.444814993,0.555278593,-0.508178778,0.485344863
1497535040379110000,99301,0.739060076,-2.280994614,1.065633756,-0.450568812,0.553429941,-0.504131484,0.48636868
1497535040389140000,99302,0.746363779,-2.276321278,1.064978301,-0.455261045,0.552376189,-0.500908623,0.486526955
1497535040399080000,99303,0.751609562,-2.27155801,1.062313201,-0.45911336,0.551676487,-0.497554104,0.487142576
1497535040409180000,99304,0.762002909,-2.26626083,1.064196006,-0.464436615,0.551482579,-0.49362731,0.486310266
1497535040419230000,99305,0.767248634,-2.261371675,1.061456595,-0.468783003,0.550886907,-0.490535355,0.485943594
1497535040429230000,99306,0.776550691,-2.255904219,1.062334936,-0.475929735,0.549809775,-0.48552955,0.485243396
1497535040439150000,99307,0.784671626,-2.250442825,1.061935187,-0.479667347,0.549960767,-0.482406949,0.484505858
1497535040449230000,99308,0.792210453,-2.244899308,1.06105483,-0.48570612,0.550325955,-0.477688807,0.482746634
1497535040459180000,99309,0.800507963,-2.239180102,1.06068941,-0.490078071,0.550314657,-0.47447996,0.481503926
1497535040469170000,99310,0.807875542,-2.233389426,1.05932054,-0.494410199,0.550138549,-0.471124961,0.480569873
1497535040479150000,99311,0.815072618,-2.227464285,1.057711174,-0.499294149,0.549641446,-0.467644309,0.479487678
1497535040489220000,99312,0.820650785,-2.221544323,1.054513393,-0.50400793,0.548721525,-0.464479869,0.478684809
1497535040499180000,99313,0.828003415,-2.215310186,1.053003655,-0.508098121,0.547364963,-0.462649373,0.477685518
1497535040509180000,99314,0.835368585,-2.208922358,1.051678508,-0.51268635,0.545355865,-0.460274452,0.477375237
1497535040519180000,99315,0.842393806,-2.202443101,1.049983051,-0.517582407,0.543507026,-0.457804705,0.476574671
1497535040529210000,99316,0.848320368,-2.196143106,1.047313397,-0.520733821,0.54114891,-0.457125471,0.476477123
1497535040539180000,99317,0.855294002,-2.189686546,1.045710003,-0.524704387,0.539586063,-0.455701788,0.475255792
1497535040549190000,99318,0.862103863,-2.183406406,1.044127845,-0.526879239,0.538255261,-0.45582851,0.474236134
1497535040559140000,99319,0.868550282,-2.177381576,1.042325561,-0.52929477,0.536492595,-0.455384807,0.473969852
1497535040569230000,99320,0.87471195,-2.171463828,1.040445454,-0.529810057,0.535056218,-0.456969056,0.473492797
1497535040579120000,99321,0.882006965,-2.165534883,1.040097994,-0.530705358,0.534145862,-0.457288693,0.473209332
1497535040589120000,99322,0.891514009,-2.159198102,1.042462582,-0.530371923,0.53375157,-0.458316738,0.473033457
1497535040599180000,99323,0.896618352,-2.152980287,1.040497228,-0.530409666,0.531272306,-0.459754245,0.474385242
1497535040609180000,99324,0.902986019,-2.146291857,1.039908112,0.530523681,-0.529604819,0.460809437,-0.475097908
1497535040619160000,99325,0.907315145,-2.139275077,1.037163681,0.530291789,-0.527925349,0.461523876,-0.476530332
1497535040629140000,99326,0.914845081,-2.131869629,1.037647406,0.531284168,-0.526834135,0.461386494,-0.476765592
1497535040639190000,99327,0.920669769,-2.124425955,1.036513302,0.532389352,-0.525572348,0.460182882,-0.478086812
1497535040649210000,99328,0.927088538,-2.11665752,1.036504431,0.533345108,-0.524933232,0.458431536,-0.479404448
1497535040659180000,99329,0.933732242,-2.108819887,1.037224995,0.532812362,-0.523751409,0.457599441,-0.482076965
1497535040669170000,99330,0.941796158,-2.100730907,1.039761077,0.533014216,-0.522933098,0.455336817,-0.484876483
1497535040679150000,99331,0.947834787,-2.092339661,1.040624001,0.532781647,-0.522609141,0.452483156,-0.488141778
1497535040689180000,99332,0.951698008,-2.083732429,1.039756248,0.532505936,-0.519878071,0.449832403,-0.493776295
1497535040699170000,99333,0.957740386,-2.074470111,1.041625915,0.53339384,-0.516529742,0.44661934,-0.499218592
1497535040709180000,99334,0.963264415,-2.064894109,1.043595693,-0.534190239,0.512000354,-0.443093348,0.506127168
1497535040719180000,99335,0.971360903,-2.054949739,1.048739911,-0.537202242,0.505459011,-0.439000482,0.51303364
1497535040729170000,99336,0.97318274,-2.044973446,1.047643021,-0.538355307,0.496720191,-0.437172645,0.521845468
1497535040739170000,99337,0.978366581,-2.034940725,1.050509677,-0.539563732,0.488348272,-0.435305681,0.529996141
1497535040749180000,99338,0.981456553,-2.025066409,1.051217441,-0.539890811,0.479556211,-0.434912115,0.53795465
1497535040759210000,99339,0.985398077,-2.015498188,1.052850085,-0.539394748,0.471772925,-0.43456882,0.545558021
1497535040769230000,99340,0.989993153,-2.006229927,1.054853569,-0.538574337,0.464577408,-0.434788297,0.552326581
1497535040779160000,99341,0.993879092,-1.997373712,1.055819295,-0.535450592,0.459739937,-0.435069467,0.559147935
1497535040789170000,99342,0.998824551,-1.988717667,1.057587878,-0.533232411,0.455965156,-0.434217256,0.564990572
1497535040799170000,99343,1.002865855,-1.980191076,1.058212243,-0.530349932,0.453816218,-0.432300536,0.570873048
1497535040809250000,99344,1.008008464,-1.971889288,1.060061431,-0.528154234,0.450960231,-0.429324103,0.577380974
1497535040819180000,99345,1.012480481,-1.963482848,1.061270857,-0.52592487,0.448224672,-0.425831564,0.584093446
1497535040829120000,99346,1.016332371,-1.955016259,1.061924089,-0.52273766,0.445710801,-0.422784115,0.5910506
1497535040839190000,99347,1.020841059,-1.946595481,1.063464647,-0.521612952,0.442548958,-0.418444817,0.597473249
1497535040849190000,99348,1.025703544,-1.938129393,1.065766268,-0.520460924,0.439697889,-0.414046127,0.603615769
1497535040859200000,99349,1.02973883,-1.929610238,1.067488671,-0.519644588,0.435513782,-0.409754006,0.610244953
1497535040869190000,99350,1.033075196,-1.921032103,1.068773331,-0.519575044,0.431984402,-0.404908555,0.616019734
1497535040879130000,99351,1.037408899,-1.912603556,1.071476973,-0.51849492,0.428025237,-0.401172104,0.622107995
1497535040889170000,99352,1.041429495,-1.904194047,1.073999006,-0.517403064,0.42349642,-0.398014502,0.62811568
1497535040899140000,99353,1.043835811,-1.895517199,1.07474466,-0.516915172,0.41960564,-0.393737608,0.633798476
1497535040909170000,99354,1.047500919,-1.886955681,1.076713126,-0.516486767,0.414814105,-0.389548958,0.639861147
1497535040919170000,99355,1.05125415,-1.878309514,1.078849046,-0.515384698,0.410045554,-0.386590687,0.645591897
1497535040929170000,99356,1.054663582,-1.869436854,1.080261402,-0.515401184,0.406405096,-0.381474808,0.650902057
1497535040939170000,99357,1.05830125,-1.860596485,1.081855934,-0.516610544,0.400183195,-0.376440712,0.656703393
1497535040949140000,99358,1.061697461,-1.851700635,1.082927675,-0.518236434,0.395147918,-0.370155496,0.662022681
1497535040959180000,99359,1.065261651,-1.842713153,1.08423016,-0.520156976,0.388820417,-0.364730393,0.667253433
1497535040969180000,99360,1.068434822,-1.833600088,1.084731223,-0.522053237,0.383386717,-0.358804435,0.67211191
1497535040979160000,99361,1.071758383,-1.824548745,1.085413908,-0.52367728,0.377426348,-0.353482377,0.677024127
1497535040989190000,99362,1.075051689,-1.815454157,1.086101146,-0.525628133,0.370616385,-0.348399149,0.681891923
1497535040999090000,99363,1.078196023,-1.806340547,1.0864479,-0.52815803,0.364632585,-0.342773164,0.68600199
1497535041009170000,99364,1.081180181,-1.797282412,1.086969136,-0.530417922,0.358315835,-0.337921874,0.689982172
1497535041019190000,99365,1.084150683,-1.788210776,1.087418764,-0.533265471,0.352837441,-0.332200908,0.693380296
1497535041029080000,99366,1.086781691,-1.779165505,1.087686213,-0.535372413,0.346906445,-0.327967809,0.696756352
1497535041039180000,99367,1.089568731,-1.770227098,1.088077343,-0.537420023,0.341729262,-0.323505297,0.699817943
1497535041049190000,99368,1.09237688,-1.761168721,1.088392649,-0.540739,0.337418319,-0.31881109,0.701505311
1497535041059200000,99369,1.095234389,-1.752146351,1.088465198,-0.543635971,0.332212625,-0.314399562,0.703738316
1497535041069190000,99370,1.098043508,-1.743316441,1.088480369,-0.545830561,0.327905342,-0.310461944,0.705804836
1497535041079110000,99371,1.100758297,-1.734594665,1.088166025,-0.549887833,0.323036691,-0.306182257,0.706769477
1497535041089180000,99372,1.103798504,-1.72574959,1.087663535,-0.553078831,0.319496246,-0.302650515,0.707409798
1497535041099210000,99373,1.106766391,-1.717027285,1.08674108,-0.556705538,0.315751961,-0.298648992,0.707946625
1497535041109180000,99374,1.109924164,-1.708249393,1.085612789,-0.560290404,0.313015843,-0.295386683,0.707702235
1497535041119140000,99375,1.113232364,-1.699272418,1.084314669,-0.563062885,0.310099531,-0.292720405,0.707893518
1497535041129100000,99376,1.116536733,-1.69028786,1.082831697,-0.566813421,0.307867188,-0.290022711,0.70698456
1497535041139110000,99377,1.120017299,-1.681069261,1.081262929,-0.570248967,0.305212756,-0.287219264,0.70651708
1497535041149180000,99378,1.123499801,-1.671685662,1.079615736,-0.573545404,0.302170528,-0.284307962,0.706333933
1497535041159210000,99379,1.127104204,-1.662285006,1.078096331,-0.577061355,0.299284738,-0.281184369,0.70594914
1497535041169180000,99380,1.130129565,-1.652670948,1.076051708,-0.579404148,0.29760028,-0.278309694,0.70588145
1497535041179120000,99381,1.133526325,-1.643313867,1.074457548,-0.581067327,0.294620456,-0.275261666,0.706958672
1497535041189190000,99382,1.136504294,-1.634152588,1.072611361,-0.581973839,0.291832462,-0.272175554,0.708562441
1497535041199220000,99383,1.13964484,-1.625222807,1.070865833,-0.583458861,0.290257961,-0.268045613,0.709561571
1497535041209190000,99384,1.142743018,-1.616345775,1.069068774,-0.58391706,0.287625725,-0.265081163,0.711367898
1497535041219170000,99385,1.14589313,-1.607573122,1.067536626,-0.584013541,0.284745258,-0.261824287,0.71365003
1497535041229170000,99386,1.148849411,-1.598797297,1.065924929,-0.583093289,0.282146166,-0.259370066,0.716325992
1497535041239180000,99387,1.151633031,-1.59009071,1.064298928,-0.582030041,0.278898121,-0.257419214,0.719160773
1497535041249200000,99388,1.154762052,-1.581272627,1.06288467,-0.580357971,0.276784272,-0.255927633,0.721856037
1497535041259220000,99389,1.157964647,-1.572229757,1.061560555,-0.578556575,0.274706186,-0.25445943,0.724609688
1497535041269280000,99390,1.161271638,-1.56294896,1.0604125,-0.576320674,0.273401479,-0.253401078,0.727250992
1497535041279100000,99391,1.164536838,-1.553547816,1.05932642,-0.57460377,0.272639603,-0.251674128,0.729491801
1497535041289190000,99392,1.167885956,-1.5438292,1.058297022,-0.57321231,0.27194075,-0.250191984,0.731354803
1497535041299200000,99393,1.171330455,-1.533878551,1.057340063,-0.571934081,0.270569344,-0.248174755,0.733548177
1497535041309180000,99394,1.174698793,-1.52365135,1.056340001,-0.570007619,0.269237169,-0.246437088,0.736119164
1497535041319200000,99395,1.178032783,-1.513205567,1.05519266,-0.56947719,0.266862636,-0.243623292,0.738327674
1497535041329140000,99396,1.181506988,-1.502464772,1.054069572,-0.568668266,0.265192876,-0.241780137,0.740156407
1497535041339140000,99397,1.185074085,-1.491451827,1.052927128,-0.568066913,0.263740707,-0.239623798,0.741836409
1497535041349190000,99398,1.188753328,-1.480337054,1.051891619,-0.567384584,0.262009287,-0.237419343,0.743678642
1497535041359200000,99399,1.192379948,-1.469327562,1.05109398,-0.566610088,0.261283398,-0.234721219,0.74537906
1497535041369180000,99400,1.19629598,-1.458418437,1.050790204,-0.565065359,0.261116339,-0.232462415,0.747315611
1497535041379180000,99401,1.200090913,-1.447740008,1.051241057,-0.564155146,0.26212816,-0.229744153,0.74848876
1497535041389200000,99402,1.203960235,-1.437204569,1.052311053,-0.563051267,0.265020372,-0.227826981,0.748887401
1497535041399200000,99403,1.207965118,-1.426716416,1.054082134,-0.564617226,0.269331722,-0.225205947,0.74696057
1497535041409180000,99404,1.211826071,-1.416411207,1.056215202,-0.566495411,0.274212582,-0.22352583,0.744262463
1497535041419200000,99405,1.216117569,-1.40620148,1.058561717,-0.5703203,0.279064662,-0.221863594,0.740023118
1497535041429160000,99406,1.220151413,-1.395962205,1.060663997,-0.57276138,0.282027151,-0.221665489,0.737068178
1497535041439180000,99407,1.224211023,-1.385746721,1.063031869,-0.574846712,0.283253352,-0.222833704,0.734618225
1497535041449200000,99408,1.227891516,-1.375549823,1.064883092,-0.576367807,0.284861257,-0.225401542,0.732016639
1497535041459200000,99409,1.231291311,-1.365399117,1.066587992,-0.576723295,0.285107202,-0.228761247,0.730597301
1497535041469180000,99410,1.234247855,-1.35548755,1.067954827,-0.576328928,0.284716344,-0.23266511,0.729827731
1497535041479180000,99411,1.236816347,-1.345791588,1.069117132,-0.574547165,0.282526628,-0.237198243,0.730623879
1497535041489200000,99412,1.239283061,-1.336051919,1.069941972,-0.574108417,0.28012675,-0.241180252,0.730589225
1497535041499210000,99413,1.24147798,-1.326235362,1.070460307,-0.575691803,0.278049453,-0.244475805,0.7290398
1497535041509200000,99414,1.243906636,-1.316570032,1.071147543,-0.578146045,0.27647608,-0.24722915,0.726763975
1497535041519170000,99415,1.246420177,-1.306981689,1.071654228,-0.582866104,0.274887849,-0.247755992,0.723409112
1497535041529150000,99416,1.249310561,-1.297431644,1.072269262,-0.589755919,0.275583666,-0.246269318,0.718048064
1497535041539180000,99417,1.25240593,-1.288037311,1.073042596,-0.595730658,0.278558273,-0.244610951,0.712513688
1497535041549220000,99418,1.255609399,-1.278707451,1.07372154,-0.601903637,0.281872916,-0.242409298,0.706751302
1497535041559200000,99419,1.258423216,-1.269599323,1.074533578,-0.605531585,0.285191663,-0.240506979,0.702960601
1497535041569340000,99420,1.261116321,-1.260692201,1.075343913,-0.608408155,0.287475695,-0.237621336,0.70052362
1497535041579100000,99421,1.263204727,-1.251893472,1.07604342,-0.609770988,0.28903227,-0.235039016,0.699568689
1497535041589200000,99422,1.265030847,-1.243134773,1.076667219,-0.610774414,0.28989792,-0.232961072,0.699030007
1497535041599200000,99423,1.266487628,-1.234357328,1.077207464,-0.611356372,0.290274884,-0.231715453,0.698778811
1497535041609200000,99424,1.267727872,-1.225359056,1.077664174,-0.613074666,0.290070615,-0.230249814,0.697842042
1497535041619210000,99425,1.269139735,-1.216233393,1.078351578,-0.616200665,0.288900997,-0.229382349,0.695856805
1497535041629210000,99426,1.270414955,-1.206741682,1.078622929,-0.620126759,0.288145902,-0.228736713,0.692888345
1497535041639180000,99427,1.271901035,-1.19725983,1.078885115,-0.624610596,0.287652903,-0.227938527,0.689319548
1497535041649180000,99428,1.273414508,-1.187619033,1.078882576,-0.630407519,0.286998423,-0.227388972,0.684479744
1497535041659210000,99429,1.275141061,-1.177972297,1.078726801,-0.635701542,0.287026525,-0.226496892,0.679851808
1497535041669180000,99430,1.276715771,-1.168518719,1.078460997,-0.639280789,0.287358182,-0.226184481,0.67645098
1497535041679180000,99431,1.278328142,-1.159130492,1.077910423,-0.644119309,0.287043616,-0.224860721,0.672423925
1497535041689200000,99432,1.27967998,-1.149773099,1.077021134,-0.646898685,0.288454336,-0.224130687,0.669388992
1497535041699210000,99433,1.281303956,-1.140290596,1.076289903,-0.650267755,0.289403809,-0.222633992,0.666206716
1497535041709190000,99434,1.282601902,-1.130737779,1.07521518,-0.653447787,0.289746585,-0.221834818,0.663206016
1497535041719210000,99435,1.28381866,-1.12102654,1.07404966,-0.656941757,0.290223394,-0.220800498,0.659882603
1497535041729160000,99436,1.285100885,-1.111114503,1.072892927,-0.660037393,0.29072407,-0.220121566,0.6567927
1497535041739160000,99437,1.28641791,-1.10094308,1.071711264,-0.664149353,0.290967826,-0.219147996,0.652853365
1497535041749210000,99438,1.287532984,-1.090740461,1.070400385,-0.667958002,0.290933143,-0.21849148,0.649192951
1497535041759200000,99439,1.288559357,-1.080403194,1.069209233,-0.67168354,0.291929945,-0.21776684,0.645132337
1497535041769090000,99440,1.289535593,-1.070146078,1.06745316,-0.676520852,0.290390307,-0.217664838,0.640792497
1497535041779180000,99441,1.29045031,-1.0596547,1.065967583,-0.679974032,0.289676265,-0.217584577,0.637479356
1497535041789200000,99442,1.291008385,-1.049026611,1.064405777,-0.683837416,0.289080481,-0.216668569,0.633919235
1497535041799200000,99443,1.291558395,-1.038309038,1.06269635,-0.687260646,0.288132222,-0.215500307,0.631040605
1497535041809190000,99444,1.291680371,-1.027525581,1.060645542,-0.690684745,0.28600726,-0.214274521,0.628681843
1497535041819170000,99445,1.291670632,-1.016452461,1.058631595,-0.693348714,0.284397723,-0.213167029,0.626853502
1497535041829140000,99446,1.291658393,-1.005375697,1.056646749,-0.696315908,0.281645857,-0.21285617,0.624909608
1497535041839130000,99447,1.29134158,-0.99407077,1.054719858,-0.699337162,0.280800083,-0.21077904,0.62261629
1497535041849200000,99448,1.291122895,-0.98260608,1.052569968,-0.701399123,0.278946577,-0.21067532,0.621163414
1497535041859210000,99449,1.290779461,-0.971221923,1.050579924,-0.704602497,0.277549812,-0.20898402,0.618730234
1497535041869090000,99450,1.290486786,-0.959960251,1.048663915,-0.706401562,0.276350095,-0.209006007,0.617206567
1497535041879110000,99451,1.290046674,-0.949042889,1.046693724,-0.707620697,0.275497368,-0.209301538,0.616090103
1497535041889140000,99452,1.289698821,-0.938406317,1.044681843,-0.707068721,0.274956348,-0.211328579,0.616273528
1497535041899270000,99453,1.289407197,-0.927982914,1.042781517,-0.707108569,0.275891679,-0.212225495,0.61550109
1497535041909250000,99454,1.2888782,-0.917652657,1.040744027,-0.706397573,0.277227624,-0.213402112,0.61531037
1497535041919120000,99455,1.288567442,-0.907097338,1.039108727,-0.706026555,0.279114698,-0.213007415,0.61501978
1497535041929230000,99456,1.287936335,-0.896533934,1.037528944,-0.70590715,0.280876137,-0.212314612,0.614594335
1497535041939120000,99457,1.287286514,-0.885786477,1.036419666,-0.705691543,0.282641588,-0.211157037,0.614431351
1497535041949250000,99458,1.286282171,-0.875092922,1.035530629,-0.705808217,0.282814056,-0.208892631,0.614991739
1497535041959190000,99459,1.285119774,-0.864411148,1.035264243,-0.705747339,0.282518861,-0.206234239,0.61609352
1497535041969260000,99460,1.283872271,-0.853591569,1.035641446,-0.7045988,0.282382751,-0.203577676,0.618349936
1497535041979180000,99461,1.282476406,-0.84282921,1.03642163,-0.703638966,0.282982567,-0.199758215,0.620410935
1497535041989120000,99462,1.280575272,-0.832311528,1.037716806,-0.703068283,0.281685534,-0.194282147,0.623380058
1497535041999200000,99463,1.27894731,-0.82162583,1.039718898,-0.701313774,0.282523235,-0.190196121,0.626230826
1497535042009210000,99464,1.277039553,-0.811210105,1.041850618,-0.699717252,0.282372048,-0.186174903,0.629285865
1497535042019180000,99465,1.274878276,-0.800941535,1.044477367,-0.696937668,0.28092491,-0.18322362,0.633867641
1497535042029170000,99466,1.27236937,-0.790712524,1.047474771,-0.694043971,0.279639904,-0.180776744,0.63829794
1497535042039210000,99467,1.269494976,-0.780701888,1.050397917,-0.691102761,0.275523898,-0.179616664,0.643584812
1497535042049210000,99468,1.266606131,-0.770409358,1.053489583,-0.686953077,0.271037525,-0.180818285,0.649568224
1497535042059210000,99469,1.26353623,-0.7604975,1.056258375,-0.683346183,0.264766373,-0.182059016,0.655584683
1497535042069180000,99470,1.260695517,-0.750592454,1.058780277,-0.680441258,0.258914042,-0.183313533,0.660575024
1497535042079220000,99471,1.257786504,-0.741044448,1.060865823,-0.676989338,0.253251983,-0.185568622,0.665667452
1497535042089220000,99472,1.255458076,-0.731670077,1.062793622,-0.673663824,0.249977529,-0.187620665,0.669691551
1497535042099260000,99473,1.253372644,-0.722685343,1.064314598,-0.669481682,0.246303887,-0.189891783,0.674588603
1497535042109240000,99474,1.251559303,-0.714115761,1.065458054,-0.664935938,0.244945564,-0.191207943,0.679191719
1497535042119200000,99475,1.250204253,-0.705909708,1.066723552,-0.660287095,0.243719685,-0.190783753,0.684268388
1497535042129210000,99476,1.24893484,-0.698005179,1.067528864,-0.654859521,0.243259989,-0.190746237,0.689637193
1497535042139270000,99477,1.247918019,-0.690205054,1.068557291,-0.650599093,0.243505164,-0.189845579,0.693818933
1497535042149130000,99478,1.246844885,-0.682590441,1.069494848,-0.646070016,0.243204998,-0.188852954,0.698412074
1497535042159220000,99479,1.246108598,-0.674982954,1.070653903,-0.642648436,0.244540751,-0.187060305,0.701577687
1497535042169190000,99480,1.245315055,-0.667550138,1.071731527,-0.639445452,0.245180878,-0.185698058,0.704636134
1497535042179200000,99481,1.244659248,-0.660382636,1.072876248,-0.636215434,0.244867875,-0.184763135,0.707906936
1497535042189230000,99482,1.244103363,-0.653165395,1.074375254,-0.63293491,0.245963545,-0.185374013,0.710304026
1497535042199220000,99483,1.243377651,-0.646256471,1.075651306,-0.630617792,0.246506081,-0.185492167,0.712143671
1497535042209230000,99484,1.242958307,-0.639320919,1.077161672,-0.627514707,0.247009922,-0.187072989,0.714293418
1497535042219230000,99485,1.242538991,-0.632278734,1.07871864,-0.6244053,0.248886936,-0.188991302,0.715860043
1497535042229170000,99486,1.242085096,-0.625031873,1.080380278,-0.621595988,0.250291039,-0.190230458,0.717485328
1497535042239230000,99487,1.241679872,-0.61766247,1.081823272,-0.6200789,0.251200077,-0.19010386,0.718513188
1497535042249210000,99488,1.241131292,-0.609948216,1.083574899,-0.617340104,0.251244207,-0.190895461,0.720643093
1497535042259230000,99489,1.240350884,-0.602193001,1.084860227,-0.615972736,0.250202867,-0.190693751,0.722227116
1497535042269170000,99490,1.239581326,-0.594205989,1.086551508,-0.613756785,0.248801282,-0.190444579,0.724659502
1497535042279190000,99491,1.238774574,-0.5860549,1.087878895,-0.61287974,0.246399069,-0.189672519,0.72642292
1497535042289220000,99492,1.23778313,-0.577803356,1.089277896,-0.611980358,0.243187971,-0.189098038,0.728410313
1497535042299200000,99493,1.236858587,-0.569706231,1.090221997,-0.611716843,0.239247624,-0.187879817,0.730249446
1497535042309220000,99494,1.236182003,-0.561520002,1.091131807,-0.611519593,0.236928789,-0.186833304,0.731438208
1497535042319220000,99495,1.235537409,-0.553372786,1.091728145,-0.612251618,0.234592589,-0.185738601,0.731857531
1497535042329190000,99496,1.235216138,-0.545256224,1.091957384,-0.612371806,0.234057198,-0.184773434,0.732172642
1497535042339220000,99497,1.235006043,-0.537184728,1.091684583,-0.612676981,0.232817779,-0.183906325,0.732530725
1497535042349190000,99498,1.234723993,-0.529255909,1.09080136,-0.613551582,0.230819489,-0.182951724,0.732670108
1497535042359230000,99499,1.234696293,-0.521151656,1.089742073,-0.614913561,0.229182024,-0.182135373,0.732245599
1497535042369180000,99500,1.234784679,-0.512921628,1.088218954,-0.617151834,0.228724309,-0.180679844,0.730864966
1497535042379190000,99501,1.234831825,-0.504691047,1.0862824,-0.618531642,0.226830073,-0.180636174,0.730299458
1497535042389220000,99502,1.235069376,-0.496446232,1.083932993,-0.62075223,0.226305444,-0.179480511,0.72886162
1497535042399110000,99503,1.23533074,-0.487999107,1.081235462,-0.623549615,0.22645217,-0.178407245,0.72668848
1497535042409280000,99504,1.235595487,-0.479598672,1.078024968,-0.625283863,0.225988567,-0.178092244,0.725418783
1497535042419230000,99505,1.236670999,-0.470848896,1.075440481,-0.628595371,0.226700649,-0.176808779,0.722643294
1497535042429190000,99506,1.237253518,-0.462301865,1.071900741,-0.631833193,0.226258205,-0.17497606,0.720400874
1497535042439220000,99507,1.237640805,-0.453710505,1.068306859,-0.633901288,0.226250951,-0.174200722,0.718772407
1497535042449210000,99508,1.238506724,-0.444856638,1.065125785,-0.636436573,0.227586884,-0.172997622,0.716396902
1497535042459220000,99509,1.239232801,-0.436007882,1.061955444,-0.637783176,0.227610108,-0.172004343,0.715430475
1497535042469230000,99510,1.240217098,-0.427130764,1.059107995,-0.638874129,0.229498557,-0.170936176,0.714108594
1497535042479170000,99511,1.240939017,-0.418450393,1.056183616,-0.640234475,0.231740202,-0.168379562,0.712772488
1497535042489210000,99512,1.241609302,-0.41004214,1.053513391,-0.638909799,0.23405364,-0.16743145,0.713428253
1497535042499220000,99513,1.24259105,-0.401764422,1.051388064,-0.637221656,0.236879411,-0.166047501,0.714328309
1497535042509170000,99514,1.243188908,-0.393741234,1.049076268,-0.634055347,0.238684005,-0.165428297,0.716684897
1497535042519200000,99515,1.243626011,-0.38580585,1.047089865,-0.6304485,0.239540542,-0.165332775,0.719597173
1497535042529170000,99516,1.24371312,-0.377702619,1.044795063,-0.624233507,0.239536947,-0.167614742,0.724472137
1497535042539190000,99517,1.244313048,-0.369045367,1.043173283,-0.619286634,0.240836759,-0.168846132,0.727992242
1497535042549210000,99518,1.245225421,-0.35973925,1.04170273,-0.615204205,0.242662313,-0.170235545,0.730519436
1497535042559190000,99519,1.246245286,-0.349997742,1.040344187,-0.6108983,0.244175155,-0.171014975,0.733440959
1497535042569180000,99520,1.247164271,-0.339845435,1.038897512,-0.606933147,0.246724244,-0.170442568,0.736008582
1497535042579160000,99521,1.248114817,-0.329114563,1.037339105,-0.603757665,0.24943914,-0.169440701,0.737934039
1497535042589150000,99522,1.249190084,-0.317806157,1.036150749,-0.601266448,0.250349578,-0.167399604,0.740122368
1497535042599250000,99523,1.250038948,-0.306177346,1.034966377,-0.598499841,0.250028723,-0.166124317,0.742755874
1497535042609240000,99524,1.251019086,-0.294470211,1.034741915,-0.59569357,0.247832023,-0.164968367,0.74599859
1497535042619260000,99525,1.251996739,-0.282612875,1.035001336,-0.595346789,0.245074064,-0.163625091,0.747480925
1497535042629200000,99526,1.253290944,-0.270826111,1.036469229,-0.594796713,0.242742747,-0.16438212,0.748512757
1497535042639200000,99527,1.254292287,-0.259408172,1.03814841,-0.595100667,0.241436608,-0.165905028,0.74835759
1497535042649210000,99528,1.256249099,-0.248188354,1.041292804,-0.596092639,0.241703029,-0.16881092,0.746830693
1497535042659230000,99529,1.25801574,-0.237347066,1.043919186,-0.598039233,0.243851579,-0.171850981,0.74387682
1497535042669200000,99530,1.26012535,-0.226824116,1.046575645,-0.599942689,0.246390876,-0.1745249,0.740878779
1497535042679200000,99531,1.262861801,-0.216509176,1.049733293,-0.59973831,0.24711327,-0.177920277,0.739995518
1497535042689210000,99532,1.265566227,-0.206352346,1.05241506,-0.59939065,0.249432876,-0.181907122,0.738528191
1497535042699220000,99533,1.268468948,-0.19627338,1.054671279,-0.598583198,0.253277694,-0.185731768,0.736920806
1497535042709220000,99534,1.271623122,-0.18610555,1.056893759,-0.599545271,0.258581366,-0.189310536,0.733377574
1497535042719220000,99535,1.273282732,-0.176414742,1.056743197,-0.600030705,0.267234373,-0.192895088,0.728931017
1497535042729170000,99536,1.276158999,-0.166691761,1.058008704,-0.600355454,0.272317266,-0.196077802,0.725927084
1497535042739220000,99537,1.278779269,-0.157243738,1.059071769,-0.601281883,0.27642227,-0.198728805,0.722881517
1497535042749160000,99538,1.280848228,-0.148022886,1.059690022,-0.6021334,0.278278573,-0.201836299,0.720595943
1497535042759220000,99539,1.282616983,-0.138946387,1.060308098,-0.604885005,0.278383376,-0.203903112,0.717663115
1497535042769310000,99540,1.28422292,-0.129898408,1.060846595,-0.610224649,0.276869872,-0.204221807,0.713626236
1497535042779190000,99541,1.286086004,-0.120827658,1.06171756,-0.614251066,0.276696956,-0.205646642,0.709819612
1497535042789220000,99542,1.287743537,-0.112005979,1.062529322,-0.620018941,0.277033742,-0.205185764,0.704789061
1497535042799220000,99543,1.289617767,-0.103497453,1.063583572,-0.624422396,0.278489567,-0.204757251,0.700438934
1497535042809130000,99544,1.29147325,-0.095295118,1.064531723,-0.62740657,0.280128716,-0.203579808,0.69745549
1497535042819230000,99545,1.293108192,-0.08728074,1.065070747,-0.62953649,0.281765804,-0.202693915,0.695130935
1497535042829180000,99546,1.294926349,-0.079675389,1.066037149,-0.630677061,0.283661109,-0.201391824,0.693703217
1497535042839230000,99547,1.296487303,-0.072105563,1.066274112,-0.631166023,0.285614649,-0.200934788,0.692588575
1497535042849180000,99548,1.298200666,-0.0648452,1.066756251,-0.631254815,0.287562548,-0.200727993,0.691761095
1497535042859240000,99549,1.300026658,-0.057538587,1.066803434,-0.632367062,0.290938324,-0.200853828,0.689292775
1497535042869260000,99550,1.301972573,-0.050303962,1.066877676,-0.633464304,0.293384027,-0.200863329,0.687242833
1497535042879140000,99551,1.304048246,-0.043102118,1.066868226,-0.63501252,0.296641576,-0.201354609,0.684265443
1497535042889230000,99552,1.306285132,-0.035899699,1.06666673,-0.637079691,0.300037324,-0.201607397,0.680780088
1497535042899140000,99553,1.308523128,-0.02883748,1.066388537,-0.639227931,0.303879173,-0.202316302,0.676840612
1497535042909230000,99554,1.310619185,-0.021839792,1.065786853,-0.64102919,0.307487167,-0.203061997,0.673274866
1497535042919210000,99555,1.312766971,-0.015000842,1.06550456,-0.641072605,0.311110849,-0.205176379,0.670923698
1497535042929180000,99556,1.314697759,-0.008267133,1.064904023,-0.641837791,0.314796755,-0.207043422,0.667892412
1497535042939230000,99557,1.316629096,-0.00137781,1.064277499,-0.643013961,0.317807933,-0.208200976,0.664968809
1497535042949260000,99558,1.31852536,0.005548408,1.063522472,-0.643338671,0.320883073,-0.209612253,0.662730799
1497535042959240000,99559,1.320260477,0.012601083,1.062629236,-0.644306217,0.323999845,-0.211152162,0.659779027
1497535042969230000,99560,1.322311921,0.019902042,1.061984793,-0.645169592,0.326822629,-0.212550693,0.657088556
1497535042979120000,99561,1.323137915,0.027371576,1.059911494,-0.645769205,0.32991677,-0.214079535,0.654451687
1497535042989160000,99562,1.325399809,0.034922481,1.059344235,-0.647205779,0.332024279,-0.215781951,0.651400573
1497535042999080000,99563,1.327596825,0.042555604,1.058625277,-0.647582262,0.334920411,-0.217291227,0.649037791
1497535043009200000,99564,1.329359849,0.050408314,1.0573688,-0.648300484,0.337793047,-0.219188668,0.646187797
1497535043019210000,99565,1.331083774,0.058522001,1.056251574,-0.649803389,0.339924127,-0.219988548,0.643282351
1497535043029230000,99566,1.33303612,0.066871639,1.055101019,-0.651127271,0.342827649,-0.221253005,0.639960614
1497535043039230000,99567,1.33464741,0.075610094,1.053333298,-0.653549888,0.344400059,-0.222186639,0.636313005
1497535043049220000,99568,1.336533287,0.084557429,1.052064325,-0.655195509,0.345855395,-0.224002082,0.633187143
1497535043059240000,99569,1.338369093,0.093816727,1.050681567,-0.657543104,0.347402434,-0.224296971,0.629793208
1497535043069220000,99570,1.340683329,0.103628257,1.050011725,-0.665818945,0.345865216,-0.222775997,0.622441355
1497535043079090000,99571,1.342182217,0.112911743,1.048630311,-0.667089952,0.345360676,-0.224707792,0.620663683
1497535043089220000,99572,1.343777396,0.12232713,1.046814756,-0.669256555,0.346734138,-0.224043204,0.617799113
1497535043099150000,99573,1.345217374,0.131650954,1.045464746,-0.670928895,0.345789618,-0.226241194,0.615710061
1497535043109230000,99574,1.346612491,0.140738194,1.043881268,-0.671376847,0.344829988,-0.22842221,0.614954228
1497535043119250000,99575,1.347996692,0.14977149,1.042147062,-0.672371566,0.345649722,-0.229720549,0.612920236
1497535043129210000,99576,1.349308231,0.15856971,1.040621831,-0.672908189,0.34580013,-0.232037202,0.61137188
1497535043139240000,99577,1.350666171,0.167199501,1.039261509,-0.671614344,0.346898093,-0.23507978,0.611010133
1497535043149230000,99578,1.351990593,0.175761638,1.037668888,-0.670704396,0.349290362,-0.236356514,0.610153633
1497535043159250000,99579,1.353739507,0.184562413,1.035979037,-0.671023572,0.351497821,-0.236413714,0.608510644
1497535043169240000,99580,1.355104291,0.193205448,1.034285835,-0.669410835,0.353503785,-0.238480892,0.608318233
1497535043179170000,99581,1.35649692,0.202187256,1.032657635,-0.668634983,0.354877437,-0.240790321,0.607461345
1497535043189250000,99582,1.357522031,0.211145449,1.029438234,-0.666196699,0.36142554,-0.238476779,0.607192196
1497535043199240000,99583,1.358903214,0.220565039,1.027536463,-0.6665572,0.363853447,-0.239672204,0.604871393
1497535043209240000,99584,1.360039695,0.230192495,1.025896928,-0.666695441,0.363461741,-0.243482997,0.603430843
1497535043219200000,99585,1.361391203,0.239890487,1.02427428,-0.666887076,0.365387625,-0.245448876,0.601255653
1497535043229210000,99586,1.362625082,0.249667998,1.022804925,-0.665530641,0.369089308,-0.248111711,0.599401892
1497535043239250000,99587,1.36432594,0.25980405,1.022103638,-0.666143124,0.369883116,-0.251521575,0.596805426
1497535043249230000,99588,1.365665904,0.269856464,1.021384508,-0.665290845,0.374541625,-0.253314758,0.594086101
1497535043259240000,99589,1.366687042,0.280121326,1.021277195,-0.662569901,0.374174057,-0.259621979,0.594635459
1497535043269200000,99590,1.368025698,0.290540879,1.021498375,-0.660752672,0.376916966,-0.261890874,0.593929859
1497535043279210000,99591,1.369035412,0.301104635,1.021791097,-0.658690895,0.379688757,-0.263965502,0.593535986
1497535043289150000,99592,1.370354951,0.311907465,1.022520249,-0.658322098,0.381121445,-0.264223898,0.592911622
1497535043299250000,99593,1.371262763,0.322768084,1.023337582,-0.656823113,0.383279105,-0.264420663,0.593095472
1497535043309200000,99594,1.371764705,0.333784659,1.024485483,-0.655208068,0.383548429,-0.263900481,0.594936573
1497535043319200000,99595,1.372208231,0.344942738,1.025929288,-0.654632224,0.382616358,-0.262764707,0.596670833
1497535043329120000,99596,1.372229994,0.356072874,1.027749651,-0.653955855,0.380273694,-0.260664086,0.599823217
1497535043339120000,99597,1.372235201,0.367155122,1.029838599,-0.653658669,0.37823499,-0.256818204,0.603086268
1497535043349310000,99598,1.371666274,0.377610355,1.031787712,-0.650604009,0.37552365,-0.25539541,0.608662137
1497535043359290000,99599,1.371313593,0.388102457,1.034493175,-0.648531328,0.370490376,-0.254624701,0.614255859
1497535043369270000,99600,1.370814511,0.398131291,1.036899323,-0.645131856,0.365729141,-0.254403209,0.620746398
1497535043379150000,99601,1.370266917,0.407942435,1.039435506,-0.643255264,0.3607758,-0.254350291,0.625595251
1497535043389240000,99602,1.369595581,0.417250467,1.041864536,-0.639115561,0.355717052,-0.256507225,0.631823331
1497535043399230000,99603,1.369057791,0.426326198,1.044248799,-0.635787229,0.349971109,-0.259304312,0.63722531
1497535043409230000,99604,1.36861923,0.435167327,1.046192272,-0.6303154,0.346606221,-0.262077611,0.643336575
1497535043419240000,99605,1.368308218,0.443727727,1.048214308,-0.624562299,0.344392499,-0.26587344,0.648557673
1497535043429210000,99606,1.368248153,0.452326345,1.049983848,-0.620125527,0.343611718,-0.268326168,0.652208852
1497535043439240000,99607,1.368222555,0.460608063,1.051986724,-0.613387132,0.343924297,-0.271416065,0.657119185
1497535043449240000,99608,1.368174214,0.468751873,1.053853143,-0.608119935,0.343738294,-0.273128498,0.661388655
1497535043459230000,99609,1.36824664,0.476727674,1.055888685,-0.602333337,0.343957946,-0.274986849,0.665785037
1497535043469250000,99610,1.368382135,0.484727322,1.057902782,-0.596727417,0.34407941,-0.27572135,0.670450212
1497535043479220000,99611,1.368587409,0.492559231,1.059965478,-0.590930143,0.343958576,-0.276799071,0.675186151
1497535043489240000,99612,1.368596075,0.500339475,1.062035162,-0.585582536,0.343291425,-0.277224146,0.679993282
1497535043499240000,99613,1.368977848,0.508126646,1.064140073,-0.58093028,0.342770962,-0.278221859,0.683827956
1497535043509240000,99614,1.369182906,0.515765849,1.066326934,-0.575992511,0.341590424,-0.279292478,0.688145567
1497535043519230000,99615,1.369616681,0.523439296,1.068620483,-0.571733021,0.340721846,-0.280604522,0.691585915
1497535043529210000,99616,1.370035272,0.531008838,1.070827639,-0.567344823,0.340219093,-0.281988638,0.694876412
1497535043539230000,99617,1.370542316,0.538710083,1.072959473,-0.564017427,0.339632253,-0.283746979,0.697152728
1497535043549230000,99618,1.37105761,0.54646301,1.075066769,-0.559644798,0.339302652,-0.285592973,0.700077184
1497535043559250000,99619,1.371652793,0.554372233,1.076899546,-0.557095886,0.338579959,-0.286173695,0.702219625
1497535043569270000,99620,1.372249421,0.562383676,1.07853031,-0.554205536,0.337930311,-0.287434135,0.704301744
1497535043579230000,99621,1.372817826,0.570407896,1.08002951,-0.551740572,0.336839665,-0.287978217,0.706533741
1497535043589240000,99622,1.373424913,0.578605373,1.081282342,-0.550996147,0.335244566,-0.287829614,0.70793251
1497535043599250000,99623,1.374050179,0.586924571,1.082308533,-0.549131686,0.334076851,-0.288800511,0.709535985
1497535043609240000,99624,1.374709732,0.595294426,1.082983285,-0.547380448,0.332530917,-0.289831423,0.711193069
1497535043619260000,99625,1.375437333,0.603738765,1.083524057,-0.547463593,0.330573766,-0.290414338,0.711803423
1497535043629200000,99626,1.376170661,0.612264534,1.083802392,-0.547099363,0.328899229,-0.290762304,0.71271654
1497535043639250000,99627,1.377001718,0.620920737,1.083906174,-0.546892939,0.326791595,-0.290903096,0.713786211
1497535043649250000,99628,1.378144265,0.629675644,1.083781934,-0.548341339,0.325553737,-0.290526009,0.713394126
1497535043659240000,99629,1.379080235,0.638467503,1.083180951,-0.548270053,0.324482647,-0.290252591,0.714047893
1497535043669250000,99630,1.38029031,0.647315923,1.082373371,-0.550121009,0.322560926,-0.290009108,0.713593751
1497535043679190000,99631,1.381661056,0.656354046,1.081259743,-0.55203606,0.322005088,-0.288055199,0.713157145
1497535043689230000,99632,1.383175902,0.665493052,1.079860928,-0.55327797,0.321255603,-0.28673442,0.713065002
1497535043699250000,99633,1.384754564,0.67473443,1.078028679,-0.5551286,0.321324328,-0.284952972,0.712309425
1497535043709260000,99634,1.386546732,0.684112045,1.075920882,-0.558249199,0.321203342,-0.283259748,0.710598452
1497535043719220000,99635,1.388351902,0.69355948,1.073521523,-0.561165745,0.321471194,-0.281493288,0.708879967
1497535043729210000,99636,1.390338875,0.703257397,1.070944989,-0.562891842,0.322371744,-0.280516837,0.707488188
1497535043739240000,99637,1.392374639,0.713102717,1.068226431,-0.566026497,0.322295498,-0.278795743,0.705700043
1497535043749230000,99638,1.394775944,0.723106427,1.06570104,-0.570486836,0.321686214,-0.27604655,0.703463611
1497535043759230000,99639,1.396919932,0.733233428,1.062781684,-0.573576874,0.321281499,-0.274496984,0.701740103
1497535043769250000,99640,1.39933754,0.743571584,1.060215924,-0.577244359,0.320922022,-0.271992584,0.699870017
1497535043779210000,99641,1.401724766,0.753806748,1.057706732,-0.579855316,0.320717657,-0.270057153,0.6985536
1497535043789250000,99642,1.403859678,0.763917441,1.055183667,-0.582041812,0.320867288,-0.267564618,0.697625034
1497535043799240000,99643,1.405787122,0.773450273,1.053068244,-0.581788716,0.321028688,-0.266097252,0.698322794
1497535043809260000,99644,1.40720338,0.782535565,1.051100384,-0.579612775,0.320667223,-0.26497843,0.700719626
1497535043819160000,99645,1.408289105,0.791362563,1.049280797,-0.575875504,0.318489167,-0.264284957,0.705042918
1497535043829220000,99646,1.409329296,0.800433276,1.047575054,-0.570883835,0.316088653,-0.265546433,0.709693386
1497535043839250000,99647,1.410894912,0.810017952,1.046363968,-0.566144292,0.314557985,-0.266597956,0.713764278
1497535043849250000,99648,1.412796189,0.820187241,1.045129689,-0.561773571,0.314700149,-0.267554759,0.71679057
1497535043859250000,99649,1.415141437,0.83127997,1.044109015,-0.557636061,0.314819426,-0.267285619,0.720061907
1497535043869240000,99650,1.417595235,0.842854326,1.042748026,-0.556285985,0.315035615,-0.264166874,0.722159488
1497535043879230000,99651,1.420046309,0.855060984,1.041518865,-0.553875381,0.315524386,-0.260928055,0.724971016
1497535043889250000,99652,1.42265043,0.868157213,1.040305315,-0.552546029,0.314749611,-0.256676824,0.727834168
1497535043899260000,99653,1.425056494,0.881640088,1.039169371,-0.552817365,0.311284533,-0.251363016,0.730966165
1497535043909240000,99654,1.427564759,0.895694961,1.038528538,-0.555993352,0.305995115,-0.246023753,0.732605416
1497535043919260000,99655,1.430016187,0.909875621,1.038579719,-0.558404754,0.299874262,-0.241860618,0.734685646
1497535043929190000,99656,1.43245504,0.92400157,1.039144185,-0.561797952,0.294958528,-0.238782236,0.735095621
1497535043939350000,99657,1.434786644,0.937601438,1.040849788,-0.565247675,0.290519225,-0.236252409,0.735036356
1497535043949260000,99658,1.43726321,0.950846481,1.043116186,-0.569669097,0.287829279,-0.234639548,0.733195545
1497535043959320000,99659,1.439963661,0.963547168,1.045782415,-0.575201652,0.286696034,-0.232788227,0.729902792
1497535043969240000,99660,1.443081046,0.97581853,1.048463817,-0.580879634,0.286872751,-0.231890384,0.725609899
1497535043979220000,99661,1.446585349,0.987615187,1.051343274,-0.584851707,0.287923805,-0.231759546,0.722035924
1497535043989260000,99662,1.449892401,0.998436679,1.054352878,-0.586263275,0.288526893,-0.232511516,0.720406829
1497535043999250000,99663,1.452947808,1.008869135,1.05705429,-0.586627805,0.289747749,-0.235234435,0.71873418
1497535044009260000,99664,1.455899152,1.019125864,1.059798232,-0.584271551,0.290934014,-0.239114017,0.71889404
1497535044019210000,99665,1.458307737,1.029199203,1.061981449,-0.582405824,0.290370404,-0.242707346,0.719431462
1497535044029190000,99666,1.460544386,1.039361097,1.06423562,-0.581013444,0.288673074,-0.246399386,0.719985123
1497535044039190000,99667,1.462450346,1.049505839,1.065916661,-0.581087331,0.285256332,-0.249341355,0.720274412
1497535044049220000,99668,1.464137587,1.05975638,1.067259565,-0.581644314,0.281698702,-0.253046574,0.71993275
1497535044059180000,99669,1.465772526,1.06999197,1.068431929,-0.583807136,0.277530225,-0.256276683,0.718657404
1497535044069180000,99670,1.467394635,1.080115684,1.069300915,-0.586946058,0.274344588,-0.257559201,0.716863048
1497535044079230000,99671,1.469028541,1.089890434,1.070146206,-0.592553356,0.271411913,-0.256692407,0.713670163
1497535044089060000,99672,1.470912311,1.099539697,1.070914434,-0.598850792,0.26994621,-0.254704655,0.709670565
1497535044099090000,99673,1.47290368,1.109075237,1.071608874,-0.60441889,0.270767845,-0.251567777,0.705745162
1497535044109270000,99674,1.474775003,1.11826333,1.072237928,-0.609911604,0.271208852,-0.247656648,0.702224878
1497535044119320000,99675,1.476600155,1.127236349,1.072822003,-0.614285181,0.272729557,-0.244036006,0.69908421
1497535044129250000,99676,1.478214119,1.136084945,1.073430713,-0.618063682,0.273009645,-0.239532691,0.697199475
1497535044139230000,99677,1.479545172,1.144713459,1.073917168,-0.621326112,0.273198412,-0.235529168,0.695587882
1497535044149240000,99678,1.480631073,1.153135571,1.074204506,-0.623496911,0.272616692,-0.231629764,0.695182993
1497535044159280000,99679,1.481718064,1.161467149,1.074492074,-0.62596438,0.272590725,-0.228401105,0.694043101
1497535044169240000,99680,1.482732332,1.169665763,1.074689355,-0.627275383,0.272393898,-0.226620451,0.693520244
1497535044179200000,99681,1.483625187,1.17772169,1.074766096,-0.629257448,0.272183135,-0.223767061,0.692733504
1497535044189250000,99682,1.484525718,1.185694215,1.074897116,-0.630978178,0.271570434,-0.222010244,0.691973619
1497535044199250000,99683,1.48558517,1.193678756,1.075087121,-0.632417911,0.271868631,-0.221875568,0.690584004
1497535044209240000,99684,1.486502228,1.201509284,1.075030678,-0.635855999,0.27240384,-0.220875175,0.687529966
1497535044219250000,99685,1.487560808,1.209320552,1.074863311,-0.63742766,0.272247836,-0.221216838,0.68602493
1497535044229210000,99686,1.488599959,1.216979026,1.074595343,-0.641202274,0.273845385,-0.220432808,0.682112693
1497535044239230000,99687,1.489786568,1.224604452,1.07440905,-0.643342306,0.275685514,-0.220539491,0.679316206
1497535044249240000,99688,1.490882304,1.232112959,1.074153925,-0.644713479,0.277461661,-0.220840626,0.677191977
1497535044259250000,99689,1.491923484,1.239635382,1.073666183,-0.646103326,0.27887849,-0.221076301,0.675205561
1497535044269220000,99690,1.492803275,1.247183249,1.073220477,-0.648305787,0.280821383,-0.220754294,0.672388651
1497535044279230000,99691,1.49358903,1.25471322,1.072674453,-0.648193306,0.281956844,-0.222411354,0.671475216
1497535044289240000,99692,1.494290931,1.262508076,1.072018244,-0.650325179,0.282752537,-0.22268519,0.668983909
1497535044299270000,99693,1.494886456,1.270347289,1.071412408,-0.651808266,0.283642536,-0.224126062,0.666678637
1497535044309260000,99694,1.495502904,1.27852864,1.070704018,-0.653422207,0.284141345,-0.224511842,0.66475375
1497535044319250000,99695,1.496090205,1.286888252,1.069847603,-0.656088879,0.285351869,-0.225488334,0.661269011
1497535044329200000,99696,1.496652448,1.295367225,1.068871131,-0.658466313,0.286030413,-0.226112252,0.658393474
1497535044339240000,99697,1.496993129,1.303981753,1.067768904,-0.660200528,0.286747684,-0.226884264,0.656075117
1497535044349240000,99698,1.497349858,1.312809769,1.06661534,-0.662778383,0.287728702,-0.228214475,0.65257579
1497535044359260000,99699,1.497549981,1.321763018,1.065294335,-0.665682094,0.287930062,-0.228982932,0.649253761
1497535044369210000,99700,1.497703892,1.331028964,1.064107154,-0.668247971,0.287966486,-0.228999333,0.646590487
1497535044379230000,99701,1.497779952,1.340408116,1.06269652,-0.671456249,0.288511788,-0.229623275,0.642791261
1497535044389240000,99702,1.497578003,1.349799579,1.061245022,-0.674744135,0.286986003,-0.229156326,0.640192755
1497535044399250000,99703,1.497439401,1.359378808,1.059716644,-0.678127663,0.28672448,-0.229064213,0.636758613
1497535044409240000,99704,1.497026003,1.36888514,1.05815194,-0.6807289,0.285481016,-0.229412721,0.634411977
1497535044419250000,99705,1.496611801,1.378316878,1.056614259,-0.682743714,0.284499266,-0.230005064,0.632470441
1497535044429230000,99706,1.496126236,1.387716019,1.055277255,-0.684945014,0.282538653,-0.2312575,0.630509482
1497535044439240000,99707,1.495414506,1.396935242,1.05369839,-0.686054803,0.282039942,-0.23149351,0.629438665
1497535044449230000,99708,1.49478666,1.406090876,1.052101332,-0.687388927,0.281177798,-0.232930777,0.627836573
1497535044459200000,99709,1.494292411,1.41527486,1.050665434,-0.687491551,0.281307376,-0.234268334,0.627168139
1497535044469210000,99710,1.493858904,1.424321903,1.049359317,-0.687358318,0.281653669,-0.236287658,0.626400747
1497535044479220000,99711,1.49338299,1.43339458,1.048036452,-0.687363937,0.281823019,-0.237948949,0.625689142
1497535044489230000,99712,1.492824299,1.442568312,1.04665614,-0.687609004,0.282921191,-0.238563786,0.624689344
1497535044499260000,99713,1.492077617,1.451787889,1.045300953,-0.687681274,0.284123636,-0.239107923,0.623855453
1497535044509240000,99714,1.491228556,1.461268103,1.043955464,-0.687263466,0.284211287,-0.239535273,0.624111949
1497535044519240000,99715,1.490102836,1.470965203,1.04256634,-0.687501718,0.284056959,-0.239663718,0.623870446
1497535044529150000,99716,1.488805677,1.480876685,1.041521968,-0.687536398,0.283908573,-0.240176541,0.623702536
1497535044539200000,99717,1.487426131,1.491014509,1.040660959,-0.687325001,0.283406201,-0.240416481,0.624071458
1497535044549180000,99718,1.485946959,1.5010963,1.040055644,-0.687244859,0.284075861,-0.240390108,0.623865374
1497535044559260000,99719,1.484319913,1.511369075,1.039694371,-0.687185128,0.284339032,-0.239278749,0.624238412
1497535044569230000,99720,1.482303763,1.521662923,1.039645508,-0.687520277,0.284284101,-0.237479419,0.624581416
1497535044579210000,99721,1.480012661,1.532137638,1.039949344,-0.687709348,0.283207523,-0.234586463,0.625954106
1497535044589240000,99722,1.477056356,1.542519314,1.040698769,-0.686969185,0.280976254,-0.231240123,0.629010086
1497535044599240000,99723,1.473692801,1.553092808,1.041577651,-0.687397287,0.277943742,-0.226511835,0.631604809
1497535044609220000,99724,1.469728038,1.56363228,1.04290261,-0.687250324,0.274098979,-0.221972531,0.635047193
1497535044619260000,99725,1.4652597,1.574415077,1.044285434,-0.687869929,0.268403264,-0.216399676,0.638722028
1497535044629220000,99726,1.460434591,1.585116043,1.045883534,-0.687868939,0.260525442,-0.211274035,0.643681675
1497535044639250000,99727,1.455455231,1.59564393,1.047773255,-0.68782714,0.252086031,-0.205849775,0.648823804
1497535044649280000,99728,1.450232161,1.605823514,1.049663013,-0.687410592,0.24301491,-0.201892741,0.65394935
1497535044659250000,99729,1.445138836,1.615686793,1.051400644,-0.686274736,0.232984111,-0.19809236,0.65992788
1497535044669270000,99730,1.440130442,1.624968978,1.053173194,-0.684205298,0.22497415,-0.194758283,0.665822013
1497535044679200000,99731,1.435601421,1.63408267,1.054727837,-0.681519907,0.217872032,-0.192050664,0.671698546
1497535044689240000,99732,1.431491016,1.642912692,1.056142018,-0.678711886,0.213202716,-0.189232171,0.676820481
1497535044699250000,99733,1.427796908,1.651600393,1.057295021,-0.675877915,0.210420932,-0.186071799,0.68138782
1497535044709180000,99734,1.424196869,1.660180961,1.058292629,-0.67235421,0.208265778,-0.18275342,0.686415595
1497535044719250000,99735,1.420712621,1.668573848,1.059320471,-0.66952792,0.206825138,-0.177947832,0.690861994
1497535044729160000,99736,1.417157236,1.67698415,1.060431066,-0.666724923,0.205324538,-0.172474799,0.695393525
1497535044739240000,99737,1.413446594,1.685385586,1.061232058,-0.664957723,0.203671762,-0.165524672,0.699250043
1497535044749260000,99738,1.409645557,1.693767336,1.062307253,-0.662958802,0.200852214,-0.157883514,0.703716428
1497535044759250000,99739,1.405648064,1.702156841,1.063415869,-0.660998062,0.196747532,-0.15091405,0.708235074
1497535044769180000,99740,1.401363868,1.71050585,1.064246097,-0.659983681,0.191826787,-0.144232096,0.711913708
1497535044779210000,99741,1.39686055,1.718744177,1.065219851,-0.659435004,0.186628607,-0.136521218,0.715316151
1497535044789210000,99742,1.392306042,1.7270905,1.066224691,-0.658858593,0.18054209,-0.129530811,0.718701382
1497535044799220000,99743,1.387450071,1.735232877,1.067313632,-0.658543475,0.173082053,-0.122418621,0.722064246
1497535044809200000,99744,1.382548893,1.743328494,1.068362603,-0.657719627,0.165323098,-0.115906382,0.725698888
1497535044819300000,99745,1.377427075,1.751225831,1.069445894,-0.657741559,0.157790036,-0.108801229,0.728450849
1497535044829270000,99746,1.372304837,1.759293559,1.070335773,-0.656555481,0.149231924,-0.101618481,0.732351294
1497535044839270000,99747,1.367130386,1.767086526,1.071465886,-0.656053153,0.142174311,-0.094032407,0.735213324
1497535044849200000,99748,1.361885409,1.774903834,1.072438671,-0.655265104,0.135178508,-0.085914957,0.738222889
1497535044859250000,99749,1.356524439,1.782727305,1.073310091,-0.654863779,0.127070221,-0.077197546,0.740977144
1497535044869150000,99750,1.351126743,1.790492833,1.074546251,-0.653932166,0.120274084,-0.069209194,0.74371833
1497535044879210000,99751,1.345551519,1.798348459,1.075435222,-0.652870017,0.112203942,-0.060850169,0.74663798
1497535044889240000,99752,1.339896746,1.806143447,1.07637058,-0.652958044,0.104770752,-0.052533936,0.748270718
1497535044899270000,99753,1.333879331,1.813865062,1.077070284,-0.653832927,0.0968082,-0.043987786,0.749129996
1497535044909300000,99754,1.32792195,1.8218522,1.077766869,-0.653673259,0.087780178,-0.034468276,0.750878052
1497535044919260000,99755,1.321786035,1.829737039,1.078489489,-0.653931479,0.078884921,-0.02543135,0.752000024
1497535044929240000,99756,1.315203697,1.837412566,1.078757614,-0.6552164,0.069464761,-0.015899482,0.752072684
1497535044939250000,99757,1.308564202,1.845038181,1.079260149,-0.656312712,0.059856968,-0.006025579,0.752086737
1497535044949260000,99758,1.301916512,1.852476166,1.079662349,-0.656449019,0.050780075,0.004280898,0.752647157
1497535044959250000,99759,1.295114152,1.859734968,1.079785275,-0.656009658,0.040295754,0.013513544,0.753554885
1497535044969260000,99760,1.288111273,1.866872925,1.080114481,-0.655920958,0.02996563,0.02268691,0.75389327
1497535044979210000,99761,1.281292693,1.873840546,1.080158271,-0.655651222,0.020475552,0.032113932,0.754102726
1497535044989250000,99762,1.274386971,1.880626872,1.080026747,-0.654369129,0.009995362,0.040780973,0.755008641
1497535044999160000,99763,1.267324039,1.887344019,1.080016726,-0.653835592,-0.000214172,0.050081267,0.754977376
1497535045009270000,99764,1.260606303,1.894162605,1.079699235,-0.653863251,-0.008614152,0.058160536,0.754324862
1497535045019220000,99765,1.253780831,1.901316865,1.079307544,-0.65296827,-0.015052979,0.065139501,0.754428719
1497535045029200000,99766,1.247112381,1.907955543,1.07868885,-0.6547254,-0.024382457,0.07475159,0.751766151
1497535045039230000,99767,1.24030466,1.914908888,1.078038071,-0.655794956,-0.031010728,0.082178338,0.749811997
1497535045049270000,99768,1.233544997,1.921892971,1.0768178,-0.657589728,-0.039406483,0.08893054,0.747070437
1497535045059280000,99769,1.226660493,1.92901769,1.076099626,-0.659087594,-0.045115046,0.095969109,0.744552285
1497535045069240000,99770,1.219839071,1.936257723,1.075149531,-0.661275578,-0.053052798,0.10189887,0.741293889
1497535045079210000,99771,1.212813919,1.943290779,1.073658363,-0.662836259,-0.059387663,0.107747324,0.738587648
1497535045089150000,99772,1.205728935,1.950359722,1.072266387,-0.664037527,-0.06540576,0.114201734,0.736025959
1497535045099240000,99773,1.198544938,1.95743548,1.070505168,-0.664708074,-0.073543474,0.119973313,0.733730835
1497535045109240000,99774,1.191182106,1.963588205,1.068481025,-0.660971717,-0.079384126,0.125328592,0.735599955
1497535045119230000,99775,1.18348311,1.970580118,1.066706661,-0.661690695,-0.086033556,0.131195708,0.733178926
1497535045129240000,99776,1.175851071,1.977123638,1.065180664,-0.660578991,-0.093980398,0.138412468,0.73187777
1497535045139270000,99777,1.168068276,1.984252917,1.064051363,-0.662027036,-0.1008862,0.143981253,0.728568169
1497535045149260000,99778,1.160402265,1.991049944,1.062484629,-0.660529103,-0.105435842,0.149773937,0.728115619
1497535045159270000,99779,1.152712806,1.998037323,1.06150906,-0.659449318,-0.108506122,0.154357602,0.727685886
1497535045169240000,99780,1.145210078,2.004520363,1.060091362,-0.657447737,-0.112730945,0.158818415,0.727894853
1497535045179190000,99781,1.137684173,2.011413443,1.059013195,-0.657052854,-0.115093878,0.164196077,0.726687412
1497535045189270000,99782,1.130443108,2.01784661,1.058075865,-0.653246503,-0.120321153,0.169787503,0.727986284
1497535045199270000,99783,1.123054094,2.024885259,1.057372589,-0.653178517,-0.12225815,0.175159135,0.726450306
1497535045209270000,99784,1.115815596,2.031444197,1.056498146,-0.648845324,-0.12274585,0.179403149,0.729210334
1497535045219250000,99785,1.108264909,2.03906376,1.055868895,-0.647941397,-0.120353759,0.181367278,0.729926592
1497535045229250000,99786,1.10071934,2.04641174,1.055285592,-0.646286687,-0.120986374,0.1864797,0.730000778
1497535045239210000,99787,1.093310127,2.053129198,1.054618759,-0.642399072,-0.121296975,0.191195012,0.732157732
1497535045249270000,99788,1.085565819,2.060452981,1.05462977,-0.643884846,-0.119682015,0.1951916,0.730060791
1497535045259260000,99789,1.077742188,2.067524994,1.055040832,-0.643560501,-0.1184647,0.19808833,0.729765037
1497535045269180000,99790,1.070039872,2.07399375,1.055786971,-0.642587757,-0.118844963,0.200295202,0.729958
1497535045279210000,99791,1.062410008,2.07998127,1.057020935,-0.643782554,-0.120992779,0.201978985,0.728086025
1497535045289260000,99792,1.054600821,2.086882036,1.058811037,-0.646985168,-0.122057087,0.202052014,0.725042925
1497535045299280000,99793,1.047017267,2.093365753,1.060515602,-0.649492723,-0.127029808,0.202215143,0.721894498
1497535045309270000,99794,1.039437899,2.099742428,1.061823368,-0.648691728,-0.129400484,0.202661245,0.72206854
1497535045319260000,99795,1.031864131,2.106084424,1.063228258,-0.648559815,-0.133017514,0.203546294,0.721280399
1497535045329230000,99796,1.024374351,2.112864206,1.064214712,-0.648596899,-0.136057116,0.204950034,0.720281895
1497535045339250000,99797,1.016968593,2.119079053,1.064541703,-0.64871831,-0.134656071,0.205965028,0.720146307
1497535045349260000,99798,1.009777265,2.125502929,1.064967905,-0.649219162,-0.133929816,0.206886857,0.71956592
1497535045359260000,99799,1.002622043,2.132098924,1.065264481,-0.650941062,-0.133907549,0.20873202,0.717478534
1497535045369260000,99800,0.995445424,2.138096368,1.065370707,-0.651681534,-0.134847181,0.210587842,0.716086711
1497535045379220000,99801,0.98814499,2.143766071,1.065390721,-0.652343413,-0.138299709,0.212940279,0.714127229
1497535045389240000,99802,0.980562428,2.149502607,1.065498502,-0.653935225,-0.143842298,0.215679685,0.71074636
1497535045399260000,99803,0.972941394,2.155053325,1.065792574,-0.656594366,-0.153205547,0.217251264,0.705842608
1497535045409280000,99804,0.965402272,2.160066527,1.06579487,-0.658010968,-0.160617474,0.218655912,0.702433758
1497535045419270000,99805,0.958025653,2.164885016,1.065888099,-0.661500895,-0.168040918,0.22032285,0.696876358
1497535045429240000,99806,0.950906106,2.169332647,1.065808464,-0.663041385,-0.173660177,0.222554968,0.693316343
1497535045439250000,99807,0.944028199,2.173682021,1.065873812,-0.663282323,-0.1792203,0.226814185,0.690283978
1497535045449270000,99808,0.937357083,2.177673872,1.065823901,-0.664854537,-0.182388227,0.229246328,0.687131065
1497535045459260000,99809,0.930755864,2.181754221,1.065983192,-0.66395575,-0.186496963,0.233414433,0.685492048
1497535045469180000,99810,0.924263534,2.185429092,1.065798108,-0.664337008,-0.189075452,0.236718011,0.683279881
1497535045479240000,99811,0.917884034,2.188968735,1.065764875,-0.665311184,-0.191297904,0.240730478,0.680305062
1497535045489230000,99812,0.911528806,2.192384562,1.065404475,-0.665535975,-0.192528527,0.244149703,0.678517173
1497535045499270000,99813,0.905061243,2.196160972,1.065243728,-0.666815934,-0.195453291,0.246989178,0.675389419
1497535045509250000,99814,0.898727279,2.199671244,1.065015305,-0.668858584,-0.196379513,0.250263638,0.671886443
1497535045519200000,99815,0.89212329,2.203681117,1.064744603,-0.671396482,-0.199491347,0.252454709,0.667605113
1497535045529140000,99816,0.885762594,2.207061657,1.064074896,-0.675269305,-0.199706946,0.253661939,0.663162214
1497535045539190000,99817,0.879273979,2.210976097,1.063811079,-0.676226994,-0.202139407,0.2552104,0.660851243
1497535045549180000,99818,0.872812325,2.214273076,1.063087156,-0.680649022,-0.202337441,0.256089736,0.655892153
1497535045559260000,99819,0.866257415,2.21776426,1.062501141,-0.681185711,-0.205323765,0.2574382,0.653875945
1497535045569170000,99820,0.859677376,2.220548751,1.061607643,-0.684778791,-0.205397868,0.257785674,0.649950974
1497535045579200000,99821,0.852905997,2.223668395,1.061010898,-0.685925305,-0.208517376,0.259055513,0.647238149
1497535045589200000,99822,0.845952351,2.226590117,1.060183988,-0.688333975,-0.212405876,0.259547349,0.643207009
1497535045599230000,99823,0.838817705,2.22947907,1.059199511,-0.690024314,-0.215568458,0.259446066,0.640378345
1497535045609270000,99824,0.831739888,2.231936578,1.057904838,-0.692219517,-0.219140072,0.259503018,0.636763655
1497535045619270000,99825,0.82449027,2.234753565,1.056934074,-0.693753164,-0.223472727,0.259767078,0.633472614
1497535045629220000,99826,0.817239873,2.237300745,1.05550501,-0.697554303,-0.226503505,0.25835674,0.628781322
1497535045639280000,99827,0.809979367,2.23996481,1.054211107,-0.698959631,-0.230796761,0.258168932,0.625729247
1497535045649250000,99828,0.802649105,2.242868067,1.053155855,-0.701020056,-0.234500789,0.256489553,0.622730576
1497535045659220000,99829,0.795414269,2.245286256,1.051517535,-0.704500735,-0.237112964,0.255046648,0.618390948
1497535045669160000,99830,0.788153282,2.24801966,1.050098716,-0.705794302,-0.239651851,0.254518208,0.616150854
1497535045679160000,99831,0.780963587,2.25040363,1.048381825,-0.709225095,-0.24134913,0.252460957,0.612383726
1497535045689220000,99832,0.773572396,2.252802433,1.046637088,-0.712201717,-0.242876318,0.250689776,0.609043877
1497535045699180000,99833,0.766101429,2.255479857,1.045209096,-0.714434469,-0.246322217,0.249501944,0.60552253
1497535045709280000,99834,0.758531624,2.25753449,1.04327774,-0.717169093,-0.248104644,0.247890633,0.602214921
1497535045719280000,99835,0.750935462,2.259579895,1.041544309,-0.718972393,-0.251025472,0.246282004,0.599508202
1497535045729240000,99836,0.743171802,2.261583173,1.039702748,-0.719922833,-0.2531289,0.245505059,0.597799415
1497535045739260000,99837,0.735465764,2.263207176,1.037730619,-0.721752394,-0.2552132,0.243837598,0.595384691
1497535045749270000,99838,0.727650238,2.265312059,1.036277352,-0.721077946,-0.258217785,0.243200303,0.595167022
1497535045759290000,99839,0.719817239,2.266972991,1.034385515,-0.723771764,-0.259494989,0.241362458,0.592081876
1497535045769280000,99840,0.712013594,2.268783831,1.032700123,-0.723971593,-0.260646627,0.239927866,0.591914763
1497535045779270000,99841,0.704221873,2.270496057,1.030889638,-0.72486426,-0.261726521,0.238224098,0.591033258
1497535045789210000,99842,0.69651684,2.272254893,1.029299888,-0.725428434,-0.262059703,0.236569317,0.590858069
1497535045799270000,99843,0.688754949,2.273970924,1.027742211,-0.726096816,-0.261921262,0.234910615,0.590760246
1497535045809260000,99844,0.680987481,2.275816519,1.026486042,-0.725744977,-0.262038012,0.233205041,0.591815612
1497535045819270000,99845,0.673151573,2.277210544,1.024963745,-0.726533764,-0.261871043,0.232975439,0.591011584
1497535045829250000,99846,0.665252556,2.278214419,1.023178838,-0.727204938,-0.261095977,0.232299655,0.590795006
1497535045839280000,99847,0.656923349,2.279639125,1.021909018,-0.729090556,-0.261408521,0.231096245,0.588801386
1497535045849300000,99848,0.648714388,2.280268464,1.020385087,-0.728111594,-0.259793245,0.231165223,0.590697567
1497535045859290000,99849,0.640139589,2.281220725,1.01928129,-0.727911069,-0.260061783,0.230028181,0.591270143
1497535045869220000,99850,0.63143456,2.28201221,1.01831873,-0.72817328,-0.259328213,0.22928267,0.591558965
1497535045879250000,99851,0.622537278,2.283167126,1.017875654,-0.727559887,-0.259699733,0.227934912,0.592670512
1497535045889260000,99852,0.613621134,2.283862445,1.017357699,-0.728384527,-0.257022809,0.227091334,0.593148196
1497535045899240000,99853,0.604581095,2.28471349,1.017362172,-0.728350166,-0.25496786,0.225877994,0.594538946
1497535045909270000,99854,0.595398757,2.285513419,1.017476745,-0.729595013,-0.252513883,0.224968822,0.594404648
1497535045919250000,99855,0.586199452,2.286110389,1.017896405,-0.728783141,-0.251113527,0.225028334,0.595969276
1497535045929250000,99856,0.576705204,2.286467279,1.018346836,-0.729122766,-0.249219375,0.225396695,0.596209716
1497535045939260000,99857,0.567186857,2.286789374,1.019231786,-0.728011438,-0.248126546,0.226768602,0.597501937
1497535045949280000,99858,0.557519933,2.286585405,1.020167808,-0.728269274,-0.24632993,0.228005191,0.597460511
1497535045959280000,99859,0.547687418,2.286435793,1.021541742,-0.727017557,-0.24602942,0.230391237,0.598193007
1497535045969290000,99860,0.537982976,2.285674929,1.022753163,-0.725144824,-0.244659891,0.233311777,0.599893438
1497535045979260000,99861,0.52826124,2.284926163,1.024354439,-0.722917699,-0.244868342,0.236769944,0.601140157
1497535045989220000,99862,0.518749062,2.284083784,1.02613867,-0.720028476,-0.244895711,0.240401222,0.603152001
1497535045999280000,99863,0.509392216,2.283032928,1.027841635,-0.716980797,-0.243844114,0.244157757,0.605694291
1497535046009280000,99864,0.500295988,2.282156477,1.029848599,-0.71320603,-0.243579366,0.247671943,0.608822519
1497535046019120000,99865,0.491354451,2.281079411,1.031451331,-0.709371875,-0.243029051,0.251157606,0.61208519
1497535046029260000,99866,0.482725644,2.280020488,1.032917849,-0.704828958,-0.242538823,0.254605774,0.616090057
1497535046039280000,99867,0.474200691,2.279184082,1.03427889,-0.701048143,-0.241925917,0.258203195,0.619140099
1497535046049270000,99868,0.465941897,2.278425051,1.035451775,-0.697290149,-0.241326346,0.261620607,0.622175779
1497535046059280000,99869,0.457859511,2.27796375,1.03663771,-0.692567185,-0.240644381,0.264938393,0.626297552
1497535046069290000,99870,0.449995148,2.277593283,1.037417979,-0.688413169,-0.239322779,0.268471165,0.629869154
1497535046079250000,99871,0.442372422,2.277452929,1.038248577,-0.684775849,-0.238170238,0.272188839,0.632669116
1497535046089300000,99872,0.434967652,2.277170036,1.03885629,-0.68113817,-0.234625016,0.27593551,0.636287269
1497535046099280000,99873,0.42774405,2.277208404,1.039487924,-0.678173522,-0.232247157,0.280239514,0.638441655
1497535046109280000,99874,0.420716478,2.27711676,1.040090698,-0.674145683,-0.228165502,0.28449244,0.64228666
1497535046119280000,99875,0.413774786,2.277118656,1.040642752,-0.671623138,-0.224847954,0.28815019,0.64446507
1497535046129270000,99876,0.407174244,2.277103593,1.041409388,-0.668770203,-0.220434598,0.291809022,0.647304023
1497535046139240000,99877,0.400484099,2.277331325,1.042326805,-0.665634032,-0.217279877,0.295688281,0.64983785
1497535046149240000,99878,0.394016886,2.277440357,1.043237801,-0.664131934,-0.212992652,0.298667296,0.651429775
1497535046159260000,99879,0.387680972,2.277591494,1.044358366,-0.66055787,-0.210115586,0.301797129,0.654548115
1497535046169190000,99880,0.381373808,2.277842835,1.045623017,-0.658756932,-0.206985587,0.303903691,0.656383133
1497535046179150000,99881,0.37515235,2.27798778,1.047128237,-0.656489372,-0.204375809,0.306692242,0.658173306
1497535046189290000,99882,0.368955417,2.277963746,1.048493331,-0.653326451,-0.202260539,0.308891162,0.660939841
1497535046199220000,99883,0.362783307,2.278112512,1.050071315,-0.651048684,-0.200688433,0.310905279,0.662719905
1497535046209280000,99884,0.356464895,2.278119629,1.05165783,-0.647784466,-0.199221466,0.313169125,0.665290307
1497535046219280000,99885,0.350195712,2.278274535,1.053197542,-0.645016517,-0.197947544,0.315318632,0.66734146
1497535046229220000,99886,0.343824888,2.278407845,1.054582118,-0.642898462,-0.197789823,0.316872621,0.668694621
1497535046239260000,99887,0.337496222,2.278607187,1.055977824,-0.639621976,-0.196945137,0.319876965,0.670652718
1497535046249180000,99888,0.33100262,2.278946949,1.057250354,-0.6384934,-0.196561579,0.321575558,0.671028229
1497535046259260000,99889,0.324549332,2.279388251,1.058500942,-0.635907174,-0.19666433,0.323977319,0.672297482
1497535046269320000,99890,0.317920054,2.279887712,1.059528993,-0.634869386,-0.196481745,0.326213221,0.67225049
1497535046279270000,99891,0.311221519,2.280143749,1.060265158,-0.632416246,-0.19677391,0.328200067,0.673509047
1497535046289310000,99892,0.304431323,2.280552896,1.060953018,-0.631118831,-0.197549728,0.32979165,0.673721452
1497535046299330000,99893,0.297489319,2.281188343,1.061575816,-0.630190118,-0.199616685,0.331548947,0.673118778
1497535046309280000,99894,0.290486458,2.281549081,1.061840883,-0.628729292,-0.200773671,0.33270962,0.673567902
1497535046319290000,99895,0.283205944,2.282138717,1.061991427,-0.627951351,-0.203576519,0.334328674,0.672650013
1497535046329240000,99896,0.275861983,2.282482962,1.061697168,-0.626982933,-0.205477768,0.335099505,0.672591711
1497535046339270000,99897,0.268360506,2.283102181,1.06127145,-0.626597924,-0.208223125,0.336552607,0.671379561
1497535046349310000,99898,0.260794057,2.283744632,1.060515622,-0.626942272,-0.210141371,0.337293048,0.670087599
1497535046359270000,99899,0.253038915,2.28441558,1.059551262,-0.626598472,-0.212165568,0.338649545,0.669086401
1497535046369290000,99900,0.245288423,2.285092724,1.05828711,-0.627151153,-0.214018281,0.339644714,0.667472153
1497535046379260000,99901,0.237337565,2.285946313,1.056801188,-0.628239832,-0.217037302,0.339945088,0.665317112
1497535046389270000,99902,0.229284411,2.286962613,1.05511078,-0.629619847,-0.219099297,0.340133021,0.663237419
1497535046399280000,99903,0.220924364,2.287813467,1.053029126,-0.63060282,-0.221863497,0.340662564,0.661109439
1497535046409240000,99904,0.21240916,2.288957894,1.05085525,-0.632008726,-0.224694105,0.340877015,0.658695977
1497535046419290000,99905,0.203582516,2.290164015,1.04847744,-0.633728116,-0.228121374,0.340545467,0.656032086
1497535046429260000,99906,0.194597113,2.291369794,1.046020924,-0.634970265,-0.232554471,0.341101924,0.652978298
1497535046439240000,99907,0.185377411,2.292700452,1.043620982,-0.635728272,-0.236210707,0.341533032,0.65069905
1497535046449310000,99908,0.176082365,2.293763187,1.041049476,-0.636476695,-0.239480138,0.342213878,0.648410627
1497535046459330000,99909,0.166883289,2.294839647,1.03866687,-0.63687999,-0.242565284,0.342707771,0.646604474
1497535046469290000,99910,0.157784646,2.295613257,1.036304998,-0.636758631,-0.243806324,0.344220549,0.645452659
1497535046479270000,99911,0.148906758,2.29629385,1.03418651,-0.636264328,-0.244893722,0.347025752,0.644024764
1497535046489240000,99912,0.140315385,2.297139733,1.032414509,-0.63523141,-0.246192739,0.350345626,0.642750444
1497535046499260000,99913,0.13163121,2.297924364,1.030811894,-0.633140336,-0.245932678,0.353096454,0.643407591
1497535046509290000,99914,0.123029371,2.298809402,1.02962136,-0.63112226,-0.246482768,0.355785629,0.643698318
1497535046519300000,99915,0.114250582,2.299663415,1.028300769,-0.628275316,-0.245818002,0.35808434,0.645460489
1497535046529260000,99916,0.10513259,2.300662542,1.027140591,-0.625031557,-0.244413531,0.36102952,0.647499239
1497535046539270000,99917,0.095759861,2.301913603,1.026027138,-0.622440411,-0.242439839,0.36367707,0.6492533
1497535046549350000,99918,0.086023608,2.303496478,1.02495126,-0.620162177,-0.239985697,0.36585408,0.651119445
1497535046559290000,99919,0.076102808,2.30510287,1.023948622,-0.618143841,-0.237366507,0.368855822,0.652304159
1497535046569390000,99920,0.065832316,2.30672539,1.023106572,-0.615945521,-0.235189467,0.372197532,0.653273317
1497535046579240000,99921,0.055407517,2.308357468,1.022537284,-0.614003636,-0.23409452,0.374737913,0.654041885
1497535046589290000,99922,0.044936662,2.309874243,1.022511335,-0.610980793,-0.233674909,0.377642802,0.65535061
1497535046599300000,99923,0.03451555,2.31150061,1.023187386,-0.60738969,-0.234144007,0.379303609,0.657558454
1497535046609290000,99924,0.024045902,2.313174718,1.024530553,-0.60601933,-0.235906808,0.379147242,0.658282552
1497535046619300000,99925,0.013999333,2.314801003,1.0264385,-0.605228565,-0.238274054,0.379030255,0.658224829
1497535046629270000,99926,0.003964903,2.316976078,1.028408036,-0.606167246,-0.240340508,0.377136044,0.657697585
1497535046639190000,99927,-0.006073943,2.319557172,1.030422765,-0.607162363,-0.242324432,0.375254432,0.657127725
1497535046649290000,99928,-0.015990928,2.322232854,1.032388579,-0.607949888,-0.244323686,0.3742591,0.65622633
1497535046659290000,99929,-0.025964873,2.325309105,1.034044696,-0.608350504,-0.24550073,0.373056246,0.656100673
1497535046669300000,99930,-0.035672882,2.328515212,1.03557079,-0.609250607,-0.245166599,0.37184259,0.656079358
1497535046679270000,99931,-0.045237298,2.331611037,1.03673335,-0.609958286,-0.242493168,0.370542021,0.657150336
1497535046689290000,99932,-0.054649806,2.334999512,1.037840156,-0.611461764,-0.239836347,0.36920095,0.657482849
1497535046699310000,99933,-0.064187342,2.338590624,1.039005637,-0.614699392,-0.237788245,0.36696646,0.656457939
1497535046709310000,99934,-0.073577328,2.341887046,1.04007345,-0.617213624,-0.236242176,0.363484806,0.65659407
1497535046719290000,99935,-0.082812483,2.344670076,1.040957467,-0.618867162,-0.23617044,0.359763055,0.657113006
1497535046729270000,99936,-0.091994887,2.347368756,1.041777422,-0.621271719,-0.236129259,0.35616021,0.656821383
1497535046739290000,99937,-0.100977134,2.349650643,1.042530843,-0.624093327,-0.239938573,0.353688612,0.654095838
1497535046749300000,99938,-0.109864176,2.351490882,1.04312122,-0.625574401,-0.2438493,0.351794248,0.652253781
1497535046759120000,99939,-0.118605956,2.353193763,1.04375273,-0.627268642,-0.249593606,0.35073435,0.649016563
1497535046769110000,99940,-0.127261101,2.354789026,1.044432594,-0.628518415,-0.253715554,0.350263764,0.646458286
1497535046779270000,99941,-0.135634703,2.356282742,1.045071846,-0.629289207,-0.259111545,0.349859438,0.643781543
1497535046789260000,99942,-0.143862941,2.35789879,1.045860677,-0.630357533,-0.261608673,0.350629348,0.641302848
1497535046799250000,99943,-0.151831595,2.35934394,1.046134558,-0.632777893,-0.264396656,0.352054666,0.636980422
1497535046809300000,99944,-0.159674621,2.360837933,1.046367361,-0.634332652,-0.267041633,0.352878412,0.633867241
1497535046819310000,99945,-0.167280315,2.362416167,1.046736288,-0.63369753,-0.268349419,0.354316433,0.633147609
1497535046829270000,99946,-0.174762428,2.363922793,1.046671559,-0.636594813,-0.269347357,0.355304571,0.629251704
1497535046839240000,99947,-0.181960058,2.365481511,1.046565113,-0.638216823,-0.269541051,0.355666627,0.627318228
1497535046849300000,99948,-0.189074717,2.367134516,1.046332326,-0.640911543,-0.27066046,0.355612174,0.624111602
1497535046859290000,99949,-0.196019803,2.3687836,1.045928662,-0.643866217,-0.269809366,0.354948984,0.621812206
1497535046869300000,99950,-0.202973835,2.370644642,1.045752916,-0.647276535,-0.268792395,0.35385219,0.619332191
1497535046879250000,99951,-0.209729648,2.372415071,1.045481041,-0.650699262,-0.267875279,0.352358047,0.616990366
1497535046889230000,99952,-0.216383836,2.374212937,1.04540422,-0.653653507,-0.266790097,0.351063138,0.615073012
1497535046899310000,99953,-0.222776604,2.375804596,1.045206064,-0.656559455,-0.265404928,0.349695349,0.613353951
1497535046909290000,99954,-0.22929877,2.377340707,1.044804482,-0.659258732,-0.263623886,0.347595376,0.612419648
1497535046919290000,99955,-0.235765746,2.378736029,1.044309279,-0.662023347,-0.262738586,0.346028322,0.610702811
1497535046929260000,99956,-0.242290931,2.379974185,1.043824398,-0.664081553,-0.26206163,0.344336071,0.609714739
1497535046939250000,99957,-0.248842821,2.381120617,1.043310899,-0.665541797,-0.261418123,0.342795934,0.609266468
1497535046949290000,99958,-0.255524281,2.38198681,1.042563603,-0.667775183,-0.262084589,0.340587009,0.607773365
1497535046959300000,99959,-0.262385618,2.382928844,1.041788049,-0.669222789,-0.262313018,0.338193643,0.607418965
1497535046969290000,99960,-0.269360969,2.383773824,1.041173392,-0.671294882,-0.262658444,0.335882249,0.606264661
1497535046979250000,99961,-0.276300425,2.384318973,1.040212901,-0.673387658,-0.26380707,0.333248964,0.604896702
1497535046989280000,99962,-0.28350075,2.385150546,1.039386784,-0.67501115,-0.264592605,0.330498728,0.604252672
1497535046999260000,99963,-0.290632017,2.385685153,1.0385546,-0.677421157,-0.265183193,0.327790622,0.60277007
1497535047009260000,99964,-0.297883514,2.386411332,1.037691511,-0.679056364,-0.266281086,0.325163234,0.601868515
1497535047019240000,99965,-0.305078611,2.387038431,1.036900748,-0.681401361,-0.266132944,0.322027436,0.600969028
1497535047029300000,99966,-0.312320438,2.387552553,1.035945001,-0.682867471,-0.266488205,0.319537612,0.600476284
1497535047039380000,99967,-0.319683494,2.387746741,1.034801304,-0.68450071,-0.267374674,0.317257014,0.59943102
1497535047049320000,99968,-0.327228061,2.388205851,1.033745352,-0.686700085,-0.267038747,0.314096138,0.598729418
1497535047059300000,99969,-0.334955745,2.38863611,1.032484081,-0.688083334,-0.268098553,0.312144059,0.597687692
1497535047069310000,99970,-0.342797991,2.388923849,1.031253135,-0.691282392,-0.268937792,0.30958983,0.594941389
1497535047079250000,99971,-0.350805709,2.389161223,1.029845365,-0.692811199,-0.269646057,0.307486405,0.593932451
1497535047089300000,99972,-0.358826939,2.389425618,1.028392065,-0.694899812,-0.270752532,0.305145927,0.592193617
1497535047099310000,99973,-0.366932565,2.389534511,1.026918313,-0.696436816,-0.272476129,0.303075152,0.590658931
1497535047109290000,99974,-0.375145893,2.389479499,1.025538848,-0.698096129,-0.273428238,0.300801861,0.589420931
1497535047119300000,99975,-0.383278131,2.389317579,1.024172961,-0.699300184,-0.27455469,0.298821721,0.588476469
1497535047129280000,99976,-0.391532241,2.389239048,1.022762507,-0.70007046,-0.27506715,0.295583711,0.588956437
1497535047139260000,99977,-0.399744425,2.388878995,1.021228124,-0.701040274,-0.276195933,0.292557563,0.588785541
1497535047149300000,99978,-0.407935442,2.388403927,1.01972979,-0.701841838,-0.277461268,0.289560108,0.588717439
1497535047159280000,99979,-0.416048679,2.388053574,1.018197341,-0.702750076,-0.27893923,0.286543564,0.58841144
1497535047169300000,99980,-0.424174835,2.387685641,1.01675362,-0.703611316,-0.279417277,0.283610918,0.588576204
1497535047179260000,99981,-0.432110827,2.387126263,1.015295749,-0.704486802,-0.280146182,0.281192381,0.588342849
1497535047189220000,99982,-0.439960593,2.386681029,1.013917706,-0.705181609,-0.279748716,0.278590136,0.588937255
1497535047199290000,99983,-0.447718019,2.386068374,1.012518465,-0.705422947,-0.279119105,0.276200002,0.590071648
1497535047209270000,99984,-0.455372308,2.385544415,1.011332482,-0.705867063,-0.277642312,0.274283177,0.591130422
1497535047219290000,99985,-0.4631197,2.384973139,1.010017255,-0.70632002,-0.275950619,0.271368086,0.592724765
1497535047229280000,99986,-0.471010595,2.384350971,1.008888681,-0.706607717,-0.274029982,0.269285719,0.594220754
1497535047239240000,99987,-0.479225434,2.383723048,1.00773748,-0.707113802,-0.271454211,0.266499244,0.59605439
1497535047249310000,99988,-0.48764085,2.382982466,1.006721504,-0.707995393,-0.269743431,0.264568538,0.596644361
1497535047259300000,99989,-0.49627814,2.381983904,1.005808438,-0.708544338,-0.267395712,0.262644816,0.597898114
1497535047269300000,99990,-0.504962774,2.380960345,1.005291848,-0.708479761,-0.265192759,0.261403975,0.599497449
1497535047279280000,99991,-0.513806442,2.379788503,1.004920092,-0.708029463,-0.262700693,0.260137983,0.601673379
1497535047289290000,99992,-0.522824362,2.378414746,1.004740563,-0.707684233,-0.260238422,0.259191618,0.603555048
1497535047299320000,99993,-0.531813236,2.37689184,1.004891105,-0.706884114,-0.25812533,0.258715998,0.60560069
1497535047309320000,99994,-0.540917535,2.375347727,1.005327935,-0.705424574,-0.255596838,0.259089432,0.608209744
1497535047319280000,99995,-0.550152785,2.373367176,1.005820262,-0.704411673,-0.253922097,0.260531204,0.60946801
1497535047329280000,99996,-0.55936844,2.371265488,1.006546313,-0.702903731,-0.251934185,0.26220611,0.611312905
1497535047339320000,99997,-0.568795254,2.368841563,1.00739679,-0.70104644,-0.251072625,0.265025281,0.612583077
1497535047349310000,99998,-0.577985475,2.365864228,1.008489266,-0.697834908,-0.251130014,0.26897505,0.614501896
1497535047359290000,99999,-0.587301205,2.362641595,1.009721847,-0.693990427,-0.252051006,0.273526333,0.616466482
1497535047369310000,100000,-0.59637717,2.35919665,1.011136744,-0.689322304,-0.253145282,0.278917126,0.618835571
1497535047379280000,100001,-0.605250781,2.355554956,1.012425896,-0.683951354,-0.255534938,0.284607323,0.621217443
1497535047389300000,100002,-0.613779016,2.352183301,1.013888569,-0.678742564,-0.257347863,0.289813905,0.623769597
1497535047399300000,100003,-0.621939454,2.349101234,1.015719105,-0.672784925,-0.258415338,0.294857953,0.627407958
1497535047409300000,100004,-0.629764595,2.345913394,1.017049023,-0.66786161,-0.257320449,0.29875111,0.63126447
1497535047419310000,100005,-0.637224256,2.343185084,1.018501572,-0.663664344,-0.254984066,0.302007986,0.635077902
1497535047429270000,100006,-0.644387596,2.340661139,1.019904828,-0.659746663,-0.251209207,0.305285581,0.639084493
1497535047439290000,100007,-0.651384731,2.338554156,1.021283116,-0.656217459,-0.246520618,0.308417505,0.643027895
1497535047449310000,100008,-0.658316122,2.336500396,1.022504756,-0.653594683,-0.241524997,0.312439465,0.645647928
1497535047459260000,100009,-0.66523367,2.33431817,1.023453145,-0.652392729,-0.235747746,0.3165536,0.646993467
1497535047469320000,100010,-0.672124343,2.33248483,1.024657384,-0.650327916,-0.230143032,0.321636109,0.648581529
1497535047479240000,100011,-0.67898164,2.33044929,1.025708721,-0.649336291,-0.226026438,0.32675101,0.648466042
1497535047489270000,100012,-0.685981768,2.328634455,1.026989513,-0.647158333,-0.222328898,0.331957218,0.649276797
1497535047499150000,100013,-0.693005591,2.32663495,1.028206827,-0.64584257,-0.219095837,0.337340952,0.648910989
1497535047509300000,100014,-0.700052039,2.324250778,1.029222827,-0.644298478,-0.217989867,0.342893572,0.647907314
1497535047519310000,100015,-0.707103152,2.322065868,1.030607695,-0.642533243,-0.21650691,0.347635993,0.647630301
1497535047529300000,100016,-0.713968701,2.31961772,1.0321097,-0.640133106,-0.216352364,0.352820509,0.647254934
1497535047539260000,100017,-0.720869127,2.317400523,1.033920753,-0.637933435,-0.216224666,0.357601496,0.646845419
1497535047549310000,100018,-0.727689903,2.314823449,1.035575018,-0.634272027,-0.217507901,0.362567932,0.647250959
1497535047559190000,100019,-0.73454091,2.311764391,1.03687744,-0.6308513,-0.219494074,0.367240531,0.647289256
1497535047569370000,100020,-0.741471156,2.308718656,1.038198709,-0.626907127,-0.222642351,0.372358786,0.647121914
1497535047579250000,100021,-0.748535346,2.3054753,1.039303854,-0.622917464,-0.225993964,0.377082531,0.647077528
1497535047589340000,100022,-0.755698446,2.302115487,1.040151379,-0.618638554,-0.22979652,0.382165564,0.646861176
1497535047599140000,100023,-0.762914746,2.298993064,1.041026953,-0.615473818,-0.233975145,0.38675853,0.645651183
1497535047609270000,100024,-0.770264976,2.295851039,1.041738379,-0.612838283,-0.238182047,0.391218288,0.643930744
1497535047619320000,100025,-0.777679046,2.293112107,1.042791499,-0.60955362,-0.242021283,0.395879901,0.642766822
1497535047629290000,100026,-0.785040725,2.289670955,1.043163869,-0.607018937,-0.24671713,0.400745117,0.640360851
1497535047639240000,100027,-0.792578697,2.286336734,1.043544973,-0.60434178,-0.251576029,0.405787033,0.637822388
1497535047649310000,100028,-0.800151281,2.283041307,1.044070368,-0.601480061,-0.256791785,0.411109236,0.635034575
1497535047659280000,100029,-0.807717859,2.279772393,1.044755509,-0.598587134,-0.262002915,0.41651045,0.632113092
1497535047669310000,100030,-0.815412345,2.276369061,1.045317783,-0.595502529,-0.268606858,0.422567328,0.628222848
1497535047679290000,100031,-0.822978864,2.273081706,1.046217156,-0.59209251,-0.275155123,0.428746802,0.624413563
1497535047689310000,100032,-0.830650193,2.269182456,1.046627524,-0.588159737,-0.282257996,0.435239188,0.620455798
1497535047699310000,100033,-0.838268188,2.265416876,1.047271942,-0.583625395,-0.289133637,0.441941003,0.616823548
1497535047709230000,100034,-0.844567113,2.257060744,1.047164652,-0.562281818,-0.297813778,0.462717732,0.617283089
1497535047719300000,100035,-0.851366341,2.252739324,1.046724732,-0.565863545,-0.306008433,0.463286435,0.609526838
1497535047729240000,100036,-0.858926847,2.248443873,1.046846015,-0.56057152,-0.312916274,0.470532123,0.60534494
1497535047739220000,100037,-0.866504023,2.243964843,1.04685683,-0.55618149,-0.319885925,0.477370398,0.600377089
1497535047749230000,100038,-0.873885378,2.239346192,1.046787156,-0.55204899,-0.326878887,0.483765926,0.59528366
1497535047759410000,100039,-0.881361306,2.234311029,1.047135116,-0.556767967,-0.331828081,0.483823952,0.588059469
1497535047769230000,100040,-0.885267478,2.228313954,1.046056723,-0.540875607,-0.337364996,0.497686353,0.588172366
1497535047779260000,100041,-0.894568676,2.224039016,1.046570312,-0.556928676,-0.344867372,0.488054289,0.576801488
1497535047789410000,100042,-0.901988757,2.219119631,1.046274819,-0.551236205,-0.351913578,0.495107978,0.571982142
1497535047799300000,100043,-0.909232403,2.214015129,1.045898087,-0.547650904,-0.359067662,0.50075241,0.566035269
1497535047809320000,100044,-0.91760539,2.209596663,1.04507465,-0.526389729,-0.369965656,0.520339246,0.561503638
1497535047819280000,100045,-0.926054701,2.205445895,1.044729935,-0.522698859,-0.373956872,0.520121652,0.562508336
1497535047829290000,100046,-0.933431056,2.200229974,1.04405776,-0.51956086,-0.381068768,0.525133978,0.55594731
1497535047839260000,100047,-0.940797661,2.194854997,1.043439936,-0.515641983,-0.38820301,0.530283563,0.549737311
1497535047849300000,100048,-0.947421076,2.188289506,1.043025972,-0.51933669,-0.39611482,0.534472518,0.536396849
1497535047859300000,100049,-0.954755762,2.182468583,1.042198979,-0.515583862,-0.402943555,0.539704566,0.529649652
1497535047869330000,100050,-0.962251129,2.176639313,1.041308903,-0.509410208,-0.409621654,0.54554366,0.524493523
1497535047879310000,100051,-0.968155721,2.169579304,1.040678844,-0.510159227,-0.414870477,0.547450358,0.51760811
1497535047889330000,100052,-0.974520131,2.163216147,1.038448214,-0.490474462,-0.414024965,0.562337901,0.521338867
1497535047899160000,100053,-0.983414389,2.156998912,1.038744965,-0.494173986,-0.428390917,0.562941211,0.50534195
1497535047909340000,100054,-0.99032074,2.149595324,1.038840452,-0.500997609,-0.431751499,0.563338861,0.495218503
1497535047919330000,100055,-0.997510716,2.142707185,1.037810913,-0.496853867,-0.437912227,0.568068617,0.488535733
1497535047929310000,100056,-1.004697536,2.135663476,1.036896291,-0.492303063,-0.443362117,0.573204574,0.482186939
1497535047939320000,100057,-1.009852584,2.128484492,1.033501159,-0.467623927,-0.450918735,0.586685695,0.48352875
1497535047949340000,100058,-1.01963006,2.120840489,1.036871984,-0.474504682,-0.455483521,0.584846059,0.474694803
1497535047959370000,100059,-1.025533415,2.113779952,1.033702082,-0.476674847,-0.461356843,0.587271973,0.463726841
1497535047969270000,100060,-1.032269705,2.106218497,1.032804218,-0.469167281,-0.466272089,0.592794173,0.459420799
1497535047979300000,100061,-1.040496618,2.098405413,1.034274567,-0.458316858,-0.471960894,0.598854341,0.456696891
1497535047989330000,100062,-1.047247135,2.090756597,1.033304391,-0.453085597,-0.475721153,0.603772891,0.451509825
1497535047999340000,100063,-1.053949921,2.083025957,1.032126466,-0.447147471,-0.477948902,0.609193408,0.447780503
1497535048009340000,100064,-1.060766285,2.075303852,1.031334564,-0.442319182,-0.480937617,0.614308416,0.44235497
1497535048019320000,100065,-1.067558399,2.067532696,1.03038848,-0.437291271,-0.483326215,0.61943006,0.437582582
1497535048029340000,100066,-1.074627386,2.059597272,1.029504779,-0.433378241,-0.485392112,0.624454238,0.432012388
1497535048039330000,100067,-1.081688627,2.051672021,1.028608876,-0.430165622,-0.486027189,0.62938479,0.427328791
1497535048049330000,100068,-1.088998164,2.043626996,1.02780464,-0.426466699,-0.487737168,0.634208631,0.421921819
1497535048059350000,100069,-1.096407221,2.035608483,1.027274133,-0.424623938,-0.488512873,0.638005312,0.417131762
1497535048069330000,100070,-1.1037794,2.027491889,1.026614934,-0.422242067,-0.489444475,0.641521123,0.413045266
1497535048079290000,100071,-1.111076912,2.019494571,1.02626032,-0.419879742,-0.490327683,0.645019956,0.408936451
1497535048089330000,100072,-1.118385052,2.011467154,1.026409102,-0.417954836,-0.49186177,0.647637382,0.404909342
1497535048099340000,100073,-1.125647161,2.003475567,1.026809051,-0.416273596,-0.494360605,0.649091308,0.401253484
1497535048109340000,100074,-1.132584541,1.995644887,1.027460605,-0.414744152,-0.496046361,0.650426991,0.398585029
1497535048119320000,100075,-1.139606599,1.987807914,1.028771286,-0.413940029,-0.499670732,0.650065521,0.395471404
1497535048129310000,100076,-1.146657815,1.980019899,1.030124745,-0.412996055,-0.503282221,0.649661509,0.392531768
1497535048139270000,100077,-1.153490704,1.972420466,1.031630523,-0.412258411,-0.505908596,0.649590902,0.390039939
1497535048149320000,100078,-1.160387706,1.964816483,1.033033901,-0.410496906,-0.508803152,0.64949731,0.388284545
1497535048159320000,100079,-1.167315105,1.957084688,1.034234097,-0.408321261,-0.510815971,0.649738976,0.387530715
1497535048169370000,100080,-1.174402785,1.949368277,1.035236814,-0.407470355,-0.512707318,0.64920376,0.386825016
1497535048179290000,100081,-1.181478862,1.941606564,1.03601372,-0.407373642,-0.514169009,0.648325202,0.38646006
1497535048189360000,100082,-1.188637975,1.933912803,1.036899394,-0.40772704,-0.514920967,0.647415669,0.386610928
1497535048199320000,100083,-1.195721778,1.926436178,1.037789305,-0.408006132,-0.518334462,0.645532875,0.384899583
1497535048209320000,100084,-1.202763543,1.918983058,1.038660235,-0.408338091,-0.521643378,0.643374759,0.383688817
1497535048219250000,100085,-1.209589753,1.911640496,1.039398215,-0.409214533,-0.524683455,0.640837521,0.382855076
1497535048229290000,100086,-1.216206145,1.904233394,1.040178411,-0.409359755,-0.52955172,0.638151782,0.380475846
1497535048239270000,100087,-1.2224316,1.896859511,1.040809579,-0.407610766,-0.53600051,0.635955065,0.376985507
1497535048249290000,100088,-1.228532795,1.889504302,1.041377734,-0.406318695,-0.542508138,0.633403744,0.373349347
1497535048259300000,100089,-1.233968303,1.882255569,1.041736156,-0.404451915,-0.549262946,0.631533996,0.368637594
1497535048269260000,100090,-1.238902961,1.875161568,1.042098199,-0.401002655,-0.555050322,0.631347725,0.364027555
1497535048279270000,100091,-1.243134188,1.868099863,1.042143943,-0.396880651,-0.559311992,0.632286556,0.360374189
1497535048289320000,100092,-1.247043712,1.861229493,1.042209591,-0.39067185,-0.563471006,0.634362137,0.35701626
1497535048299300000,100093,-1.250674861,1.854398677,1.042444497,-0.385152662,-0.568236829,0.636092002,0.352351101
1497535048309390000,100094,-1.25423576,1.847522438,1.042459088,-0.378976128,-0.572574155,0.638025615,0.348510037
1497535048319210000,100095,-1.257652454,1.840700732,1.042456361,-0.374155018,-0.577132511,0.638973236,0.344440547
1497535048329290000,100096,-1.261242933,1.834084351,1.042354205,-0.370584489,-0.581917345,0.638909523,0.340343887
1497535048339320000,100097,-1.264872277,1.827667451,1.042056782,-0.368113781,-0.585722642,0.639128671,0.336059179
1497535048349320000,100098,-1.268660253,1.821480544,1.041701781,-0.366377361,-0.589602789,0.638913076,0.331551296
1497535048359270000,100099,-1.272442298,1.815447562,1.041343017,-0.365958695,-0.591807965,0.639162274,0.327580759
1497535048369250000,100100,-1.276197571,1.80966823,1.040953145,-0.366311245,-0.594404589,0.639055487,0.322656692
1497535048379290000,100101,-1.28016283,1.803852322,1.040646486,-0.367335021,-0.596441112,0.638567892,0.318675428
1497535048389310000,100102,-1.284063074,1.797900338,1.039883031,-0.369349705,-0.597768592,0.63736348,0.316261441
1497535048399310000,100103,-1.287875279,1.791937694,1.039296046,-0.370557291,-0.59987969,0.636398154,0.312776343
1497535048409370000,100104,-1.291422846,1.785875375,1.038971424,-0.371958683,-0.601815482,0.635751547,0.308682418
1497535048419340000,100105,-1.294959359,1.779666489,1.037872254,-0.373073955,-0.604437552,0.634542166,0.304675746
1497535048429300000,100106,-1.298236148,1.77299963,1.037157805,-0.371440709,-0.607965037,0.633475739,0.301858911
1497535048439320000,100107,-1.301883743,1.765921959,1.036216296,-0.370589605,-0.616475072,0.628406503,0.296187604
1497535048449320000,100108,-1.305055002,1.75895289,1.03510604,-0.36917145,-0.620117626,0.626784239,0.293782382
1497535048459300000,100109,-1.308508034,1.751767421,1.033388004,0.36971636,0.625111214,-0.623489075,-0.289494656
1497535048469300000,100110,-1.311602831,1.744476413,1.03185883,0.369003143,0.631180064,-0.620112416,-0.284445071
1497535048479210000,100111,-1.314377544,1.737243739,1.03038598,0.367683992,0.634289959,-0.618687772,-0.282329896
1497535048489260000,100112,-1.317013388,1.729853508,1.028670308,0.36670201,0.639075596,-0.616080346,-0.27849062
1497535048499300000,100113,-1.319786418,1.722566977,1.027240937,0.365600245,0.642588936,-0.614027902,-0.276379549
1497535048509350000,100114,-1.322504558,1.715292736,1.026103427,0.363479084,0.645237955,-0.612466385,-0.276470368
1497535048519430000,100115,-1.325341022,1.707797524,1.0246353,0.362515195,0.650137405,-0.609114228,-0.273649311
1497535048529370000,100116,-1.328128904,1.700317753,1.022897867,0.362811595,0.653748063,-0.606282129,-0.270930243
1497535048539340000,100117,-1.330963163,1.692881987,1.021373728,0.362472735,0.656239102,-0.604113598,-0.270204586
1497535048549320000,100118,-1.333825678,1.68529298,1.019833636,0.362094152,0.659618136,-0.60108169,-0.269244391
1497535048559330000,100119,-1.336778956,1.677472648,1.017828714,0.363110929,0.664225993,-0.596591941,-0.26651893
1497535048569420000,100120,-1.339491795,1.669726178,1.0163169,0.362694335,0.66711075,-0.59375181,-0.266223319
1497535048579280000,100121,-1.342199456,1.661721667,1.014059303,0.364192611,0.670856985,-0.590235566,-0.26255785
1497535048589310000,100122,-1.34465088,1.653710212,1.012373248,0.362947346,0.673405827,-0.588217198,-0.262286757
1497535048599310000,100123,-1.347012854,1.645682491,1.010468881,0.362573215,0.674968429,-0.586834521,-0.261884571
1497535048609330000,100124,-1.349265583,1.637417909,1.00852963,0.361862914,0.677289749,-0.584669192,-0.261716954
1497535048619330000,100125,-1.351620384,1.629137787,1.006754102,0.361336648,0.679047925,-0.582802961,-0.262050473
1497535048629290000,100126,-1.35403724,1.620624981,1.004544848,0.36229196,0.682045069,-0.579518864,-0.260224799
1497535048639260000,100127,-1.357214146,1.611859708,1.002825081,0.361577564,0.687172405,-0.575448698,-0.256738286
1497535048649330000,100128,-1.359406249,1.603355477,1.000899424,0.361106528,0.688351553,-0.574081591,-0.257302434
1497535048659340000,100129,-1.361324543,1.594757363,0.998945551,0.361333832,0.689632294,-0.572208686,-0.257725397
1497535048669330000,100130,-1.363074942,1.585922913,0.996986706,0.361595922,0.690969274,-0.570251721,-0.258113977
1497535048679310000,100131,-1.364833006,1.576821084,0.994999966,0.360925966,0.692528018,-0.568803455,-0.258069798
1497535048689330000,100132,-1.365767105,1.568148595,0.993436587,0.360644198,0.689284138,-0.571200124,-0.261827343
1497535048699340000,100133,-1.366577267,1.558995392,0.991718291,0.359164714,0.685916827,-0.574306376,-0.265877794
1497535048709340000,100134,-1.367488944,1.549428112,0.990290326,0.358457757,0.685668452,-0.574367859,-0.267335692
1497535048719220000,100135,-1.368799941,1.539589041,0.989045474,0.357765873,0.686640434,-0.573631589,-0.267348639
1497535048729290000,100136,-1.369618662,1.529617621,0.988227871,0.357746817,0.68651928,-0.573081997,-0.268859663
1497535048739340000,100137,-1.371033777,1.51955628,0.987587292,0.358582844,0.686496191,-0.572363336,-0.269335359
1497535048749290000,100138,-1.372354969,1.509270516,0.987313248,0.359456045,0.686318476,-0.57196102,-0.269478929
1497535048759340000,100139,-1.373576572,1.49881864,0.987447135,0.360341198,0.685503157,-0.572031127,-0.270222191
1497535048769300000,100140,-1.374762214,1.488101046,0.987820754,0.361151538,0.684616824,-0.572172759,-0.271086157
1497535048779220000,100141,-1.375643744,1.477294308,0.988328666,0.362584096,0.683023508,-0.573254226,-0.270908201
1497535048789320000,100142,-1.376372232,1.466172617,0.988994517,0.363057944,0.6814992,-0.574607749,-0.271244733
1497535048799340000,100143,-1.376974918,1.454669629,0.989991894,0.362973107,0.681131104,-0.575854045,-0.269635052
1497535048809350000,100144,-1.377412757,1.443102105,0.9911001,0.361422025,0.679231772,-0.579590335,-0.268502074
1497535048819340000,100145,-1.377381658,1.431278391,0.992431049,0.36091185,0.680086138,-0.580556065,-0.264915339
1497535048829310000,100146,-1.376783097,1.419560391,0.993952238,0.358093262,0.677293665,-0.585661855,-0.264655812
1497535048839340000,100147,-1.376402417,1.407792806,0.995385611,0.35538061,0.676441542,-0.589470089,-0.26202381
1497535048849340000,100148,-1.375814514,1.396327778,0.996807883,0.352719764,0.675025356,-0.594165237,-0.258644945
1497535048859340000,100149,-1.374951268,1.385057468,0.998412707,0.349608478,0.673407099,-0.599072777,-0.255751048
1497535048869350000,100150,-1.374126185,1.374060989,1.000100031,0.345419348,0.671021131,-0.604954648,-0.253862147
1497535048879310000,100151,-1.373233984,1.363433429,1.00156888,0.341134365,0.668623932,-0.610703002,-0.252212661
1497535048889300000,100152,-1.372591671,1.353036007,1.002977307,0.33697175,0.666022713,-0.616527691,-0.250514252
1497535048899340000,100153,-1.371865115,1.343137047,1.004364203,0.333524199,0.663135568,-0.622403247,-0.248247912
1497535048909350000,100154,-1.371536584,1.333303253,1.005622756,0.330468486,0.659900898,-0.627877429,-0.247166582
1497535048919340000,100155,-1.371295097,1.32374827,1.006856239,0.327426077,0.655810814,-0.634076811,-0.246274112
1497535048929280000,100156,-1.371136258,1.314345796,1.008199542,0.326267444,0.651387079,-0.639687395,-0.245039721
1497535048939340000,100157,-1.37113432,1.305240644,1.009621222,0.324757682,0.647157661,-0.645346096,-0.243408763
1497535048949340000,100158,-1.371152271,1.296402316,1.011041916,-0.324274282,-0.642017008,0.651343189,0.241686579
1497535048959340000,100159,-1.371449491,1.287710312,1.012573728,-0.324478508,-0.637026779,0.657091469,0.239042636
1497535048969340000,100160,-1.371632389,1.279307153,1.014242409,-0.324863514,-0.631489475,0.662845772,0.237318823
1497535048979320000,100161,-1.371852656,1.271048569,1.015934405,-0.324770369,-0.626354864,0.668449114,0.235328651
1497535048989230000,100162,-1.372267272,1.262867034,1.017828091,-0.325629691,-0.62179466,0.672689026,0.234149906
1497535048999330000,100163,-1.372639637,1.254750344,1.01995266,-0.325724581,-0.617315423,0.677066572,0.233250986
1497535049009340000,100164,-1.372719171,1.246853616,1.022165403,-0.324506887,-0.612409851,0.682380851,0.232391543
1497535049019350000,100165,-1.373062724,1.239048157,1.024123219,-0.32378748,-0.608322388,0.686811901,0.231073479
1497535049029240000,100166,-1.373422678,1.230969746,1.026519903,-0.322197924,-0.604510901,0.690771289,0.231495345
1497535049039340000,100167,-1.373618658,1.223079114,1.028803758,-0.31959958,-0.600292505,0.695678119,0.231380577
1497535049049340000,100168,-1.373978001,1.215047304,1.030990769,-0.317333413,-0.597890926,0.699179701,0.230160145
1497535049059320000,100169,-1.374152947,1.206990499,1.033189983,-0.314856251,-0.594896698,0.703177198,0.229140325
1497535049069340000,100170,-1.374519192,1.198805086,1.035132876,-0.312198657,-0.592414216,0.706746587,0.228225014
1497535049079270000,100171,-1.37508497,1.190453412,1.036979568,-0.30993913,-0.589687153,0.710072255,0.228044272
1497535049089330000,100172,-1.375518427,1.182280833,1.038546889,-0.307262298,-0.586920304,0.713788194,0.227202223
1497535049099340000,100173,-1.376034266,1.173904947,1.040090217,-0.305340429,-0.585730776,0.716210249,0.225232234
1497535049109350000,100174,-1.376573363,1.165493524,1.041452577,-0.304293715,-0.582496114,0.719070653,0.22592257
1497535049119340000,100175,-1.377320119,1.156929559,1.042493634,-0.303315253,-0.580125369,0.721385605,0.225958454
1497535049129300000,100176,-1.377972784,1.148161475,1.043574784,-0.30246097,-0.576669817,0.724139353,0.227137584
1497535049139310000,100177,-1.378743873,1.139336725,1.044254222,-0.302510487,-0.574673888,0.725930771,0.226410785
1497535049149350000,100178,-1.379318406,1.130338303,1.044853752,-0.302253778,-0.572073882,0.727944251,0.226872862
1497535049159330000,100179,-1.379925266,1.121318522,1.045040922,-0.301518732,-0.571580182,0.728880305,0.226088588
1497535049169330000,100180,-1.380476256,1.112479754,1.04445395,-0.297982661,-0.573007397,0.729944863,0.223717129
1497535049179300000,100181,-1.380895689,1.103562513,1.043540009,-0.29456309,-0.574212592,0.730951845,0.221860061
1497535049189320000,100182,-1.381570652,1.094455756,1.042378803,-0.291676835,-0.5760594,0.731404431,0.219380378
1497535049199290000,100183,-1.382412386,1.085158648,1.040981899,-0.290151868,-0.5775024,0.731543538,0.217133426
1497535049209300000,100184,-1.383317469,1.075757592,1.03938243,-0.289424757,-0.57897464,0.731221415,0.21526012
1497535049219230000,100185,-1.384400856,1.066264967,1.037463856,-0.288214185,-0.581443189,0.730502567,0.212655591
1497535049229260000,100186,-1.38547944,1.056731335,1.035076932,-0.287046148,-0.583537738,0.729887285,0.210600971
1497535049239350000,100187,-1.386651215,1.046865717,1.032900545,-0.286865654,-0.586184351,0.728431662,0.208526537
1497535049249400000,100188,-1.387987545,1.036813234,1.030388042,-0.285509995,-0.589761349,0.726855194,0.205784159
1497535049259360000,100189,-1.389269272,1.026710974,1.027530562,-0.283124916,-0.594073902,0.725193021,0.202513118
1497535049269350000,100190,-1.390628322,1.016259241,1.024823755,-0.280478961,-0.597131668,0.724246758,0.200579055
1497535049279310000,100191,-1.391893118,1.00575269,1.021965985,-0.277063823,-0.601823372,0.722568958,0.197328072
1497535049289290000,100192,-1.393097086,0.995133033,1.019303225,-0.275234887,-0.60481827,0.721367881,0.195112781
1497535049299350000,100193,-1.394060072,0.984710219,1.01671855,-0.273996223,-0.606858773,0.720745559,0.19280648
1497535049309330000,100194,-1.395140235,0.974543789,1.014475792,-0.273004087,-0.608887885,0.720234223,0.189702335
1497535049319310000,100195,-1.396090489,0.96475115,1.012316851,-0.271008409,-0.609799612,0.720917566,0.187020693
1497535049329320000,100196,-1.39696625,0.955143225,1.010469738,-0.269086876,-0.609662996,0.722200173,0.185284091
1497535049339230000,100197,-1.397925063,0.945493126,1.008888739,-0.267525207,-0.60768715,0.724411961,0.185402001
1497535049349110000,100198,-1.396503934,0.938777823,1.002825731,-0.262261162,-0.602063629,0.73065301,0.186774324
1497535049359330000,100199,-1.397328051,0.928824646,1.001321346,-0.260429923,-0.597593195,0.734857437,0.187198225
1497535049369340000,100200,-1.398569239,0.918169216,1.000246465,-0.259969364,-0.594176137,0.737870672,0.186862299
1497535049379310000,100201,-1.399811316,0.907216191,0.999032745,-0.259555826,-0.590513745,0.741242549,0.185698073
1497535049389340000,100202,-1.401273511,0.895663058,0.99799371,-0.259263951,-0.587559598,0.744200664,0.183633588
1497535049399330000,100203,-1.402833344,0.883604466,0.996985146,-0.259295262,-0.584671808,0.747058382,0.18118669
1497535049409340000,100204,-1.40425571,0.871261263,0.995811251,-0.257213571,-0.582991084,0.749809288,0.178181386
1497535049419350000,100205,-1.405964116,0.858283928,0.995392862,-0.253928778,-0.582423655,0.752110232,0.17502303
1497535049429320000,100206,-1.407545081,0.845360249,0.994991692,-0.249914852,-0.58299627,0.753662031,0.172195989
1497535049439350000,100207,-1.409292703,0.832302937,0.99535232,-0.246015886,-0.584392664,0.754355779,0.17002575
1497535049449350000,100208,-1.411029993,0.819617859,0.996032663,-0.242254935,-0.585066161,0.755285362,0.168979746
1497535049459340000,100209,-1.412991643,0.807115455,0.997541423,-0.240675789,-0.586121133,0.754990355,0.168898629
1497535049469350000,100210,-1.4150558,0.795155498,0.999109455,-0.240422525,-0.587929571,0.753531998,0.169485565
1497535049479320000,100211,-1.41776679,0.783185543,1.001517711,-0.241867339,-0.59181173,0.749967488,0.169728704
1497535049489340000,100212,-1.420582815,0.771866806,1.003717723,-0.243431265,-0.59463886,0.747131467,0.170118831
1497535049499350000,100213,-1.423859808,0.760542213,1.006609728,-0.244435039,-0.597423887,0.744390066,0.170937537
1497535049509350000,100214,-1.426825147,0.749861332,1.008920451,-0.245048995,-0.598657767,0.742863491,0.172376627
1497535049519350000,100215,-1.429872236,0.739228296,1.011471198,-0.246681288,-0.599034917,0.741364078,0.175170814
1497535049529220000,100216,-1.432911831,0.72857851,1.013982226,-0.248709754,-0.598408208,0.740289229,0.178949525
1497535049539310000,100217,-1.435888603,0.718098057,1.016247979,-0.249986579,-0.598195714,0.739146304,0.182568726
1497535049549350000,100218,-1.438677787,0.707738143,1.01815784,-0.251631325,-0.598054225,0.737708613,0.186544424
1497535049559340000,100219,-1.441297104,0.697593034,1.01977681,-0.252747036,-0.598251206,0.736123684,0.190620965
1497535049569320000,100220,-1.443551567,0.687804002,1.020976617,-0.253533402,-0.598891318,0.734314698,0.194504311
1497535049579310000,100221,-1.445588204,0.678248646,1.021688065,-0.253326584,-0.600833778,0.731988931,0.197526247
1497535049589360000,100222,-1.44770595,0.668731391,1.022572202,-0.252761011,-0.604320605,0.728913447,0.198981568
1497535049599350000,100223,-1.449829336,0.659297035,1.023377504,-0.252169409,-0.609388242,0.724984156,0.198631651
1497535049609360000,100224,-1.452073344,0.649936388,1.023888917,-0.252935262,-0.615549812,0.719938557,0.197004205
1497535049619350000,100225,-1.454507597,0.640587318,1.024751057,-0.25461003,-0.621722571,0.714686769,0.194570295
1497535049629320000,100226,-1.456859472,0.631496762,1.025302751,-0.256991015,-0.626974133,0.709957531,0.19188371
1497535049639350000,100227,-1.459177291,0.622646619,1.026141366,-0.259939674,-0.630589485,0.7063438,0.189385064
1497535049649360000,100228,-1.46119231,0.614262022,1.026650154,-0.263008318,-0.632518089,0.704163528,0.186818675
1497535049659260000,100229,-1.463009841,0.60615957,1.027041386,-0.264999361,-0.633769139,0.702985091,0.184184634
1497535049669350000,100230,-1.464777982,0.598165441,1.02731947,-0.26681054,-0.635111594,0.701668512,0.18195246
1497535049679330000,100231,-1.466387003,0.590329869,1.027232524,-0.26843092,-0.636009441,0.700572285,0.180652446
1497535049689350000,100232,-1.468244819,0.582260619,1.027808794,-0.269341734,-0.637015301,0.699429442,0.180180445
1497535049699350000,100233,-1.469939528,0.574448572,1.027852186,-0.270811571,-0.638495508,0.697325283,0.180892314
1497535049709370000,100234,-1.47151514,0.566898076,1.027554784,-0.271943515,-0.640987627,0.694533259,0.181121888
1497535049719360000,100235,-1.473393142,0.559250161,1.027690553,-0.274326531,-0.642219001,0.692037626,0.182711888
1497535049729330000,100236,-1.475340432,0.551747437,1.027566422,-0.276764336,-0.644551086,0.688682278,0.183499645
1497535049739350000,100237,-1.477316426,0.544332454,1.027247687,-0.279677103,-0.646721679,0.685335124,0.183977055
1497535049749350000,100238,-1.479365386,0.537029856,1.027008471,-0.283188654,-0.648732687,0.681752086,0.18483555
1497535049759300000,100239,-1.481268085,0.529829006,1.026308363,-0.287268161,-0.650131965,0.678349712,0.186137314
1497535049769300000,100240,-1.483085385,0.522655685,1.025810713,-0.290452071,-0.651619526,0.675311861,0.187038708
1497535049779320000,100241,-1.48485265,0.515311033,1.025257123,-0.294078453,-0.652287159,0.672727419,0.18835378
1497535049789350000,100242,-1.486443191,0.507866592,1.02461975,-0.296955475,-0.653561374,0.669901318,0.189491954
1497535049799360000,100243,-1.487879202,0.50022145,1.023782305,-0.299434535,-0.654369417,0.667577163,0.19099832
1497535049809290000,100244,-1.489198164,0.492385763,1.022738561,-0.301685398,-0.656610404,0.664042786,0.192082994
1497535049819360000,100245,-1.490432394,0.484285363,1.021581085,-0.303796943,-0.658589391,0.660766248,0.193275446
1497535049829330000,100246,-1.491672169,0.475862004,1.020460052,0.305579882,0.661431312,-0.656743441,-0.194467499
1497535049839350000,100247,-1.492904208,0.467309539,1.019438138,0.308267269,0.663573764,-0.652987786,-0.195571221
1497535049849360000,100248,-1.493981361,0.458466102,1.01823896,0.309662686,0.666498482,-0.648923812,-0.196943344
1497535049859350000,100249,-1.495059809,0.449547362,1.016699502,0.311536708,0.669591279,-0.644524603,-0.197940481
1497535049869320000,100250,-1.496238023,0.440264966,1.0153815,0.313054844,0.672819939,-0.640139378,-0.198825479
1497535049879320000,100251,-1.49763091,0.430970195,1.013864126,0.316963929,0.676505903,-0.634619585,-0.197817123
1497535049889340000,100252,-1.499049425,0.421115186,1.011802461,0.319233137,0.68341176,-0.627109844,-0.194349722
1497535049899350000,100253,-1.499949063,0.411520938,1.010047406,0.320539957,0.685659705,-0.623648669,-0.195415564
1497535049909410000,100254,-1.500760045,0.401701606,1.007841616,0.321354071,0.688749251,-0.619809652,-0.195427799
1497535049919290000,100255,-1.5014919,0.391722924,1.006042566,0.32173942,0.69164639,-0.616069488,-0.196385854
1497535049929280000,100256,-1.501994478,0.381873547,1.004139968,0.322160386,0.693338278,-0.613564458,-0.197568654
1497535049939310000,100257,-1.499242111,0.375609427,1.003323632,0.335157545,0.688822199,-0.604777181,-0.21780257
1497535049949260000,100258,-1.499484335,0.365819898,1.001418169,0.334949438,0.690632771,-0.602460713,-0.218806623
1497535049959340000,100259,-1.499785148,0.355971032,0.999348773,0.333817737,0.69252175,-0.60075108,-0.219265784
1497535049969360000,100260,-1.499986967,0.346293252,0.997419999,0.332679487,0.693649593,-0.599645601,-0.220453521
1497535049979380000,100261,-1.500119583,0.336834252,0.995656396,0.332564404,0.694401265,-0.598046589,-0.222593975
1497535049989290000,100262,-1.500210468,0.327529133,0.99383184,0.332876809,0.694721763,-0.596765208,-0.224557315
1497535049999340000,100263,-1.500509292,0.318200657,0.99203064,0.333048565,0.694531379,-0.59650439,-0.225582204
1497535050009360000,100264,-1.500831118,0.308887086,0.990176629,0.333820874,0.694247194,-0.596245275,-0.226000067
1497535050019350000,100265,-1.501057267,0.299663522,0.988431261,0.33499259,0.693047375,-0.596452826,-0.22739685
1497535050029280000,100266,-1.501336272,0.290389442,0.986734235,0.337909685,0.692140064,-0.59554273,-0.228228031
1497535050039350000,100267,-1.501554459,0.280903573,0.984956296,0.34017395,0.691151378,-0.59510343,-0.229005162
1497535050049350000,100268,-1.501610511,0.271136421,0.983247341,0.341870326,0.690451836,-0.594425878,-0.230344997
1497535050059340000,100269,-1.501699249,0.261088092,0.981664652,0.343701766,0.689392343,-0.594269372,-0.231195171
1497535050069360000,100270,-1.501738776,0.250930675,0.980520096,0.346440397,0.688536635,-0.593037086,-0.232816166
1497535050079340000,100271,-1.501654749,0.240519763,0.979442387,0.347693838,0.687520575,-0.592902273,-0.234289029
1497535050089360000,100272,-1.50168694,0.229936536,0.978811659,0.349405896,0.686541912,-0.592704284,-0.235111368
1497535050099360000,100273,-1.501577478,0.219408967,0.978743036,0.351404791,0.684893688,-0.592998157,-0.236195882
1497535050109360000,100274,-1.501270072,0.208846526,0.978727101,0.353143004,0.68344052,-0.593410639,-0.236776032
1497535050119350000,100275,-1.500874139,0.19814903,0.979035397,0.354586193,0.681339096,-0.595013351,-0.236653293
1497535050129330000,100276,-1.500569116,0.187290492,0.979915326,0.356491832,0.679835777,-0.596037491,-0.235533859
1497535050139360000,100277,-1.502789582,0.173007592,0.979764574,0.344035551,0.689291798,-0.599748592,-0.216374638
1497535050149360000,100278,-1.49874075,0.165634622,0.981867217,0.357367375,0.676776909,-0.600434064,-0.231819993
1497535050159320000,100279,-1.497531553,0.154868173,0.983471366,0.35613682,0.67437852,-0.604561234,-0.229969326
1497535050169360000,100280,-1.495943476,0.144236742,0.985121941,0.354563232,0.672394208,-0.608392758,-0.228099092
1497535050179320000,100281,-1.494171415,0.133845611,0.987153834,0.352303222,0.669658079,-0.61312295,-0.226981816
1497535050189360000,100282,-1.495708192,0.119929456,0.988242636,0.335714593,0.678533789,-0.619971393,-0.206211256
1497535050199320000,100283,-1.493915995,0.110048228,0.990126774,0.331702438,0.675131797,-0.626136796,-0.205239525
1497535050209370000,100284,-1.492355199,0.100379459,0.992407747,0.328153357,0.67213354,-0.631453794,-0.20449446
1497535050219370000,100285,-1.49093567,0.091043873,0.994466588,0.324811868,0.668148227,-0.637329917,-0.204660144
1497535050229330000,100286,-1.489707669,0.0819598,0.996435171,0.32257311,0.663846427,-0.642706803,-0.205383726
1497535050239360000,100287,-1.488820901,0.072993313,0.998244576,0.32100421,0.659800275,-0.647442409,-0.206005394
1497535050249360000,100288,-1.488119578,0.064332861,1.000157223,0.320838388,0.654693686,-0.652323212,-0.207155335
1497535050259330000,100289,-1.486793552,0.056456229,1.002246107,-0.320443366,-0.642202068,0.662537247,0.21432907
1497535050269370000,100290,-1.486577017,0.047955187,1.004155436,-0.32166196,-0.638284649,0.666276304,0.212608037
1497535050279330000,100291,-1.486275939,0.039646172,1.005930041,-0.323347428,-0.633240558,0.670590884,0.211567255
1497535050289360000,100292,-1.486184725,0.03140411,1.007683713,-0.325482007,-0.629198023,0.674224237,0.208789342
1497535050299350000,100293,-1.485977787,0.023299836,1.009428985,-0.326891215,-0.624387748,0.678672992,0.206603591
1497535050309330000,100294,-1.485957422,0.015173213,1.01126516,-0.327829837,-0.620717097,0.682551469,0.203374964
1497535050319370000,100295,-1.485704917,0.007286513,1.013089275,-0.327974688,-0.616759462,0.686792091,0.200890503
1497535050329310000,100296,-1.485633329,-0.000583115,1.014776791,-0.328722423,-0.614351823,0.689796377,0.196708832
1497535050339360000,100297,-1.485167293,-0.008191323,1.01663292,-0.327577143,-0.609781822,0.69455905,0.196079246
1497535050349350000,100298,-1.484798087,-0.015800751,1.018263615,-0.326731785,-0.607254565,0.697883323,0.193512536
1497535050359340000,100299,-1.484225042,-0.023308424,1.019888594,-0.324942068,-0.603591195,0.702082613,0.192796074
1497535050369340000,100300,-1.483723828,-0.031047645,1.021440602,-0.322206583,-0.60224394,0.705068464,0.190692463
1497535050379250000,100301,-1.482904469,-0.038736538,1.022830392,-0.318750845,-0.599948829,0.708799951,0.189899789
1497535050389360000,100302,-1.482454117,-0.046767059,1.023903491,-0.315456446,-0.599866058,0.711064217,0.187178052
1497535050399380000,100303,-1.481632552,-0.054691533,1.025123877,-0.310596665,-0.597692419,0.714955633,0.187435129
1497535050409360000,100304,-1.481312277,-0.062801913,1.02596604,-0.307814394,-0.598215965,0.716482452,0.184501638
1497535050419350000,100305,-1.480957612,-0.070952375,1.026567982,-0.304437639,-0.599233074,0.717742658,0.181887121
1497535050429340000,100306,-1.480542198,-0.078798816,1.027223841,-0.30147298,-0.597772683,0.72045799,0.180892636
1497535050439370000,100307,-1.477864544,-0.083493985,1.027682166,-0.295882859,-0.574189608,0.739851765,0.188093045
1497535050449370000,100308,-1.477712198,-0.091493978,1.028111243,-0.293259223,-0.575601546,0.740394581,0.185735707
1497535050459380000,100309,-1.477241007,-0.099268734,1.027985739,-0.290409395,-0.575057965,0.74221535,0.184626902
1497535050469370000,100310,-1.476961325,-0.107181717,1.028122669,-0.287035447,-0.575543346,0.743523543,0.18312086
1497535050479310000,100311,-1.476481408,-0.115005059,1.027664517,-0.284803724,-0.575032991,0.744995747,0.182223034
1497535050489370000,100312,-1.476067916,-0.123102179,1.027357442,-0.281679446,-0.57601929,0.745647111,0.181297691
1497535050499390000,100313,-1.475799689,-0.131205357,1.026840754,-0.278905601,-0.575986166,0.746741578,0.181186693
1497535050509370000,100314,-1.475810908,-0.139955443,1.026246178,-0.276857793,-0.579988686,0.74481751,0.179470786
1497535050519370000,100315,-1.475643569,-0.148443827,1.025570863,-0.274238017,-0.581444732,0.744629551,0.17956159
1497535050529330000,100316,-1.475612721,-0.157093483,1.02478553,-0.271627748,-0.583669517,0.74393604,0.179185464
1497535050539360000,100317,-1.475756146,-0.165871268,1.023962181,-0.269716598,-0.586762424,0.742293799,0.178781234
1497535050549370000,100318,-1.475974738,-0.174725648,1.022964624,-0.267695829,-0.59042355,0.740214872,0.178384184
1497535050559340000,100319,-1.476165056,-0.183529642,1.021776118,-0.265688047,-0.593025059,0.738641679,0.179275241
1497535050569330000,100320,-1.476621648,-0.192406076,1.020605919,-0.263422798,-0.596285987,0.736864595,0.179114542
1497535050579330000,100321,-1.477317593,-0.201317274,1.019257061,-0.261369043,-0.599323492,0.735205842,0.178801411
1497535050589430000,100322,-1.478009639,-0.21030551,1.017798214,-0.259612616,-0.601902073,0.733762967,0.178625565
1497535050599400000,100323,-1.47856717,-0.219335962,1.016242706,-0.257795499,-0.6038274,0.732805369,0.178690356
1497535050609330000,100324,-1.478962802,-0.228492951,1.014685024,-0.255465642,-0.605483136,0.732036975,0.179581027
1497535050619330000,100325,-1.47968728,-0.237639731,1.013157126,-0.254381659,-0.60738709,0.731113077,0.17845045
1497535050629320000,100326,-1.480307123,-0.246781161,1.011620663,-0.253069956,-0.608763589,0.730677852,0.177404528
1497535050639350000,100327,-1.480999713,-0.255958233,1.010211219,-0.251774752,-0.609932939,0.730454979,0.176144283
1497535050649330000,100328,-1.481671896,-0.265025528,1.008852064,-0.250500549,-0.610335311,0.730790646,0.175172246
1497535050659310000,100329,-1.482341177,-0.274063153,1.007257449,-0.250748965,-0.610100403,0.731295337,0.173521138
1497535050669280000,100330,-1.483006654,-0.283068491,1.005901164,-0.249960953,-0.60932967,0.732277428,0.173224262
1497535050679330000,100331,-1.483702758,-0.292014589,1.004706671,-0.248941875,-0.607794953,0.733772938,0.173754177
1497535050689390000,100332,-1.484842374,-0.300742041,1.003216814,-0.250222165,-0.605324955,0.735520816,0.173146457
1497535050699370000,100333,-1.485903462,-0.309607873,1.001957004,-0.250578913,-0.602061185,0.737755841,0.174496011
1497535050709450000,100334,-1.488934443,-0.320699549,1.000370471,-0.255822307,-0.613507343,0.72766588,0.169310528
1497535050719330000,100335,-1.490323201,-0.33021538,0.999070351,-0.256294021,-0.611504166,0.728937075,0.170372446
1497535050729340000,100336,-1.491783216,-0.340038794,0.997562689,-0.257300948,-0.609388869,0.730208538,0.170988066
1497535050739360000,100337,-1.493667219,-0.350400236,0.996526182,-0.257300936,-0.608629088,0.731005014,0.170289552
1497535050749370000,100338,-1.495447433,-0.361037479,0.995966562,-0.256332936,-0.60800846,0.732133769,0.169113224
1497535050759280000,100339,-1.49701897,-0.371924566,0.99579192,-0.254539202,-0.607441802,0.732984386,0.17017092
1497535050769350000,100340,-1.498797255,-0.382936476,0.99641117,-0.252502701,-0.608179323,0.733241438,0.169461766
1497535050779330000,100341,-1.500927202,-0.394040961,0.99750812,-0.252943305,-0.610585738,0.731594137,0.167256572
1497535050789370000,100342,-1.500869457,-0.401445375,0.999066395,-0.248364191,-0.594403824,0.745270567,0.171962511
1497535050799380000,100343,-1.502439902,-0.410045905,1.00104005,-0.251873834,-0.581566945,0.753135828,0.176425295
1497535050809360000,100344,-1.504837719,-0.419805144,1.003658101,-0.25259318,-0.582394043,0.751901026,0.17792895
1497535050819370000,100345,-1.507553235,-0.429733323,1.0061673,-0.253426946,-0.584387031,0.749803287,0.179057567
1497535050829330000,100346,-1.510600175,-0.439586504,1.008452225,-0.253856555,-0.584814699,0.748648111,0.1818643
1497535050839360000,100347,-1.513790317,-0.44947747,1.010489689,-0.254412986,-0.585392803,0.747459822,0.184100821
1497535050849370000,100348,-1.517189305,-0.459533195,1.012265909,-0.256430466,-0.586730202,0.74493836,0.187237621
1497535050859380000,100349,-1.520671,-0.469345529,1.01377454,-0.258949731,-0.586805042,0.743189787,0.190456874
1497535050869420000,100350,-1.524341606,-0.478664669,1.015093191,-0.261395676,-0.5847253,0.742852123,0.194780253
1497535050879330000,100351,-1.527792236,-0.488234561,1.01622525,-0.26606507,-0.584522611,0.740146283,0.199314265
1497535050889370000,100352,-1.531181787,-0.497464295,1.017328121,-0.269696628,-0.58436777,0.737873393,0.203275417
1497535050899370000,100353,-1.534390281,-0.506615238,1.018316025,-0.274064207,-0.584506568,0.73487208,0.207855498
1497535050909350000,100354,-1.537402763,-0.515769536,1.019259216,-0.278516986,-0.585547889,0.730979314,0.212676283
1497535050919370000,100355,-1.539383695,-0.52317369,1.019887947,-0.27235488,-0.598926594,0.724851067,0.204207457
1497535050929340000,100356,-1.541699459,-0.531613338,1.020829432,-0.273685956,-0.60158936,0.72184562,0.2052441
1497535050939370000,100357,-1.543788092,-0.539780362,1.021771868,-0.273880128,-0.606554107,0.71796194,0.203991282
1497535050949310000,100358,-1.545904205,-0.547938844,1.022711829,-0.275047712,-0.609774384,0.714710663,0.204236689
1497535050959380000,100359,-1.548109928,-0.555704166,1.023648707,-0.275737393,-0.613690235,0.711496245,0.202796152
1497535050969360000,100360,-1.550348968,-0.563612939,1.024436877,-0.277890684,-0.617162291,0.707931357,0.201793626
1497535050979320000,100361,-1.552416362,-0.571119169,1.025121439,-0.279833197,-0.619039873,0.705596836,0.20153442
1497535050989380000,100362,-1.554437225,-0.578028335,1.025523193,-0.280724382,-0.620589328,0.704343232,0.199908276
1497535050999370000,100363,-1.556381311,-0.58503475,1.025936992,-0.2830582,-0.621592262,0.702713879,0.199234335
1497535051009370000,100364,-1.558516181,-0.591972882,1.026105884,-0.285262152,-0.62266591,0.70073213,0.19971768
1497535051019390000,100365,-1.56046513,-0.598458297,1.02634352,-0.287379593,-0.623816553,0.698915065,0.19945829
1497535051029330000,100366,-1.562735838,-0.605089872,1.026334952,-0.290893491,-0.624930587,0.696200089,0.200370094
1497535051039370000,100367,-1.564934601,-0.611375109,1.026405667,-0.293990582,-0.624887816,0.694311669,0.202524226
1497535051049370000,100368,-1.567107939,-0.6177855,1.026406077,-0.298386963,-0.626628876,0.690478685,0.203815254
1497535051059380000,100369,-1.569328369,-0.623978121,1.026299268,-0.303160017,-0.62767306,0.687122643,0.204897551
1497535051069380000,100370,-1.571456218,-0.630055193,1.026193603,-0.307942611,-0.628514865,0.683830222,0.206195635
1497535051079320000,100371,-1.573430685,-0.636147948,1.026002528,-0.312860188,-0.628444536,0.680999963,0.208362711
1497535051089380000,100372,-1.5755116,-0.642142105,1.025739167,-0.316669742,-0.62914746,0.678198181,0.209621027
1497535051099400000,100373,-1.577173588,-0.648089289,1.025520373,-0.319691219,-0.630000552,0.675703724,0.210526261
1497535051109360000,100374,-1.57903556,-0.654226832,1.025095637,-0.323119553,-0.629504008,0.673836648,0.21275016
1497535051119380000,100375,-1.58059851,-0.660799051,1.024680514,-0.326430557,-0.630783173,0.670345976,0.21492313
1497535051129350000,100376,-1.582081382,-0.667067112,1.024201451,-0.328782748,-0.631478917,0.668104198,0.216270808
1497535051139390000,100377,-1.583644592,-0.673632789,1.023510881,-0.33069306,-0.633087642,0.665029125,0.218124736
1497535051149400000,100378,-1.585224343,-0.680383646,1.022754048,-0.332732534,-0.634435314,0.66191323,0.22057146
1497535051159370000,100379,-1.58652885,-0.687166227,1.021984947,-0.335318997,-0.636216712,0.658591327,0.221465414
1497535051169390000,100380,-1.588236891,-0.69422613,1.021037223,-0.33772098,-0.637535287,0.655124808,0.22428728
1497535051179250000,100381,-1.589573336,-0.700988823,1.020234218,-0.339404206,-0.63918781,0.652489527,0.224724599
1497535051189380000,100382,-1.591072204,-0.70834843,1.019368742,-0.342572796,-0.640609222,0.648448661,0.227547879
1497535051199380000,100383,-1.592743248,-0.715602849,1.018305009,-0.345251612,-0.641511019,0.645490545,0.229361928
1497535051209390000,100384,-1.594323044,-0.723059547,1.017284175,0.34747699,0.643425233,-0.641937716,-0.230607199
1497535051219370000,100385,-1.595847436,-0.730570929,1.016077117,0.349362197,0.644402719,-0.639421948,-0.232014576
1497535051229420000,100386,-1.597489333,-0.738310061,1.014880073,0.351407276,0.646129928,-0.636218958,-0.232925911
1497535051239270000,100387,-1.599831607,-0.746841326,1.013513045,0.354235966,0.655735754,-0.626875716,-0.227055804
1497535051249380000,100388,-1.601399223,-0.755064061,1.012121038,0.355811576,0.658155052,-0.623285461,-0.227475898
1497535051259380000,100389,-1.602772925,-0.763267714,1.010852764,0.356154347,0.660179949,-0.620646577,-0.22828566
1497535051269380000,100390,-1.60407221,-0.771744403,1.009515638,0.35685619,0.662335898,-0.617618632,-0.229155063
1497535051279350000,100391,-1.605341703,-0.780111833,1.008095739,0.356649394,0.664228285,-0.615329773,-0.230154875
1497535051289450000,100392,-1.606473013,-0.788452688,1.006822747,0.356039931,0.665514684,-0.613592751,-0.232012302
1497535051299380000,100393,-1.607574091,-0.796692539,1.005529927,0.356199549,0.667007847,-0.611463271,-0.233098865
1497535051309390000,100394,-1.608735568,-0.804925706,1.004179235,0.356250546,0.667640578,-0.609722922,-0.235753187
1497535051319380000,100395,-1.609109914,-0.812860255,1.002863435,0.35689294,0.660230762,-0.613562803,-0.245486164
1497535051329340000,100396,-1.610197295,-0.82084553,1.001385128,0.357090038,0.660990521,-0.612357325,-0.246164058
1497535051339410000,100397,-1.611411519,-0.828953358,0.999876455,0.35832657,0.661365087,-0.610931634,-0.246902469
1497535051349440000,100398,-1.612658856,-0.837425815,0.998350201,0.360697985,0.661171143,-0.608848532,-0.249104693
1497535051359350000,100399,-1.613763806,-0.845726225,0.996815771,0.362162521,0.660725916,-0.607849438,-0.250596554
1497535051369400000,100400,-1.614860584,-0.854158444,0.995332548,0.363465219,0.660891322,-0.606455125,-0.251650307
1497535051379330000,100401,-1.615986509,-0.86275146,0.99361772,0.364711742,0.660592988,-0.605457486,-0.25302862
1497535051389350000,100402,-1.616813468,-0.871904326,0.992108503,0.366535014,0.661722616,-0.602839812,-0.253691592
1497535051399300000,100403,-1.617897516,-0.88132377,0.99042555,0.36842045,0.661329997,-0.601289367,-0.255656222
1497535051409460000,100404,-1.61856992,-0.890732534,0.988889256,0.370138836,0.660708583,-0.600320956,-0.257052836
1497535051419370000,100405,-1.619399427,-0.900437739,0.987429471,0.370903741,0.661753153,-0.598728893,-0.256976442
1497535051429340000,100406,-1.620312846,-0.910699309,0.986228492,0.3727431,0.662277935,-0.596279395,-0.25865305
1497535051439400000,100407,-1.620998896,-0.921147021,0.985327455,0.374808418,0.663210686,-0.593687404,-0.259240241
1497535051449410000,100408,-1.621550309,-0.931522336,0.984597606,0.375815984,0.662585183,-0.59324594,-0.260389085
1497535051459390000,100409,-1.62207453,-0.942179643,0.984211746,0.37637533,0.662702687,-0.592385791,-0.261239036
1497535051469420000,100410,-1.622294294,-0.952992802,0.984178795,0.376929987,0.662193524,-0.592494581,-0.261483641
1497535051479360000,100411,-1.622493683,-0.964076862,0.98417584,0.377417607,0.660859944,-0.593225291,-0.262495408
1497535051489440000,100412,-1.622587023,-0.975448372,0.984389575,0.377121457,0.661333435,-0.593451432,-0.261214265
1497535051499390000,100413,-1.622384436,-0.987016724,0.984854007,0.376094308,0.662049644,-0.594167033,-0.259246749
1497535051509470000,100414,-1.622433798,-0.998629988,0.985307421,0.375406598,0.666337718,-0.592672852,-0.252592204
1497535051519380000,100415,-1.621716592,-1.010282208,0.986211994,0.373441108,0.666046646,-0.595125266,-0.250498545
1497535051529390000,100416,-1.620802856,-1.021782306,0.987394273,0.371085264,0.66541425,-0.598109156,-0.248565968
1497535051539420000,100417,-1.61962587,-1.032877501,0.988889363,0.367768969,0.665097211,-0.601666911,-0.245740948
1497535051549420000,100418,-1.61821972,-1.043774954,0.990685035,0.365625482,0.663927389,-0.605132038,-0.243584986
1497535051559370000,100419,-1.616859643,-1.054265769,0.992615226,0.36257477,0.661731761,-0.609898539,-0.242227959
1497535051569410000,100420,-1.61555672,-1.064387225,0.99440069,0.358386863,0.65863975,-0.615726668,-0.242142946
1497535051579330000,100421,-1.614112842,-1.074197486,0.996292135,0.354098665,0.655906696,-0.621519759,-0.241067898
1497535051589370000,100422,-1.612659021,-1.083774296,0.998131641,0.349646742,0.653189645,-0.62700178,-0.240747195
1497535051599370000,100423,-1.611371177,-1.092994849,0.999827964,0.344976306,0.650533498,-0.632547916,-0.240167963
1497535051609360000,100424,-1.61021379,-1.102073671,1.001481906,0.341876107,0.647080545,-0.637736534,-0.240207431
1497535051619360000,100425,-1.609272789,-1.110872922,1.002782446,0.337555691,0.643411449,-0.64337094,-0.241146628
1497535051629350000,100426,-1.608521286,-1.119240758,1.004091344,-0.334295663,-0.639613062,0.648893591,0.24099512
1497535051639380000,100427,-1.607984594,-1.127253287,1.005438186,-0.332637062,-0.634598584,0.654372448,0.241731095
1497535051649430000,100428,-1.607476725,-1.135086817,1.006786902,-0.331683036,-0.629854432,0.659355164,0.241910159
1497535051659360000,100429,-1.607089673,-1.142661038,1.008240869,-0.332303502,-0.623845105,0.664540957,0.242439649
1497535051669430000,100430,-1.606825412,-1.149789466,1.009591315,-0.332706281,-0.618524143,0.669292799,0.242449097
1497535051679360000,100431,-1.606567182,-1.156771393,1.011006374,-0.333293907,-0.613030549,0.674227769,0.241920719
1497535051689370000,100432,-1.606419136,-1.163582735,1.01244913,-0.333849492,-0.607602272,0.679004702,0.241488325
1497535051699360000,100433,-1.606287386,-1.170332296,1.013857906,-0.334546033,-0.602926728,0.682830933,0.241454405
1497535051709390000,100434,-1.606100889,-1.177059608,1.015450158,-0.334805964,-0.597903964,0.687210489,0.241158786
1497535051719380000,100435,-1.605948558,-1.183854516,1.017089739,-0.334740943,-0.593002209,0.691232952,0.241855097
1497535051729360000,100436,-1.605635096,-1.190562208,1.018820116,-0.333157652,-0.58954696,0.694873215,0.242056967
1497535051739340000,100437,-1.605236893,-1.197519733,1.020791175,-0.331741977,-0.585144321,0.699225152,0.242151961
1497535051749380000,100438,-1.604833249,-1.204723413,1.022803038,-0.328897814,-0.582905577,0.702567685,0.241756002
1497535051759390000,100439,-1.604426377,-1.211823545,1.024859051,-0.326569904,-0.579477255,0.706662778,0.241217591
1497535051769450000,100440,-1.603872976,-1.218730238,1.026655401,-0.323229191,-0.577391562,0.710511293,0.239406719
1497535051779360000,100441,-1.603644084,-1.22583894,1.028351462,-0.320331234,-0.575601356,0.713586663,0.238463947
1497535051789480000,100442,-1.603293832,-1.232906763,1.029941117,-0.317362029,-0.574964263,0.716329258,0.235732547
1497535051799350000,100443,-1.603201564,-1.2400521,1.031154734,-0.31475487,-0.574397904,0.7184659,0.234100769
1497535051809380000,100444,-1.603053608,-1.247484722,1.032382583,-0.312998705,-0.573833575,0.720377303,0.231955556
1497535051819380000,100445,-1.602902559,-1.255003826,1.033431389,-0.309954729,-0.57500352,0.721318653,0.230213855
1497535051829430000,100446,-1.602862005,-1.262810739,1.034139261,-0.307215889,-0.576226751,0.722090663,0.228399221
1497535051839390000,100447,-1.6029291,-1.270509205,1.034490995,-0.304423262,-0.577105128,0.723156044,0.226542455
1497535051849400000,100448,-1.60287079,-1.278638871,1.03485027,-0.301707028,-0.578619259,0.723647997,0.224735843
1497535051859370000,100449,-1.602791793,-1.287069902,1.035176132,-0.299114329,-0.581390694,0.723118585,0.222744227
1497535051869400000,100450,-1.603092084,-1.294970385,1.034790783,-0.295549726,-0.582618279,0.724546316,0.219633641
1497535051879370000,100451,-1.603275983,-1.303197993,1.034422241,-0.293322369,-0.584802841,0.724544572,0.216801267
1497535051889440000,100452,-1.603440241,-1.311864244,1.033956588,-0.291427287,-0.588467834,0.723035138,0.214466627
1497535051899330000,100453,-1.603542958,-1.325158064,1.035759039,-0.283877307,-0.584357272,0.730419897,0.210777197
1497535051909410000,100454,-1.604015879,-1.333711453,1.034665232,-0.281909509,-0.587219024,0.729911392,0.207196055
1497535051919380000,100455,-1.604354641,-1.34417855,1.034205296,-0.280156408,-0.589410001,0.729663017,0.204206068
1497535051929370000,100456,-1.605317993,-1.350568818,1.030987877,-0.278129916,-0.591963832,0.729547419,0.199957831
1497535051939400000,100457,-1.605719402,-1.362262294,1.030754492,-0.276209291,-0.595916923,0.727891628,0.196888868
1497535051949450000,100458,-1.606721481,-1.369874147,1.027678265,-0.272894935,-0.599442824,0.72726324,0.193092815
1497535051959390000,100459,-1.607381507,-1.380075709,1.026069818,-0.269875469,-0.602510989,0.72672997,0.189766409
1497535051969430000,100460,-1.608249043,-1.388557122,1.023257518,-0.266473591,-0.605525401,0.726472642,0.185925559
1497535051979360000,100461,-1.608615572,-1.399821114,1.022030106,-0.263870959,-0.608529444,0.725705746,0.182798258
1497535051989480000,100462,-1.609057639,-1.410268021,1.020277401,-0.260550509,-0.611255109,0.725531355,0.179122516
1497535051999340000,100463,-1.609501702,-1.419982504,1.01813484,-0.257114375,-0.613595999,0.725639252,0.175612712
1497535052009410000,100464,-1.609669542,-1.429947586,1.016392527,-0.25373446,-0.615671079,0.725907515,0.172122708
1497535052019370000,100465,-1.609826708,-1.439616586,1.014733381,-0.250078696,-0.616926764,0.72707212,0.168012341
1497535052029420000,100466,-1.609947659,-1.450182402,1.013859417,-0.246761458,-0.617961564,0.728110139,0.164584062
1497535052039300000,100467,-1.610206792,-1.460381078,1.013065485,-0.243385856,-0.618707514,0.729329428,0.161378198
1497535052049350000,100468,-1.610754804,-1.469324947,1.011840969,-0.240175438,-0.618114083,0.731532302,0.158465233
1497535052059390000,100469,-1.611224427,-1.479811988,1.011678134,-0.237776587,-0.616320992,0.734145446,0.156975138
1497535052069390000,100470,-1.611949731,-1.48927501,1.010915964,-0.235668303,-0.614525101,0.73680121,0.154736315
1497535052079330000,100471,-1.612562818,-1.499447513,1.010780027,-0.233560364,-0.612353608,0.739769906,0.152358463
1497535052089440000,100472,-1.613091812,-1.509932289,1.011003358,-0.232084847,-0.609307574,0.743083665,0.150690313
1497535052099360000,100473,-1.61340766,-1.519625907,1.01090057,-0.230552835,-0.607930483,0.745145559,0.148404896
1497535052109500000,100474,-1.613593254,-1.529845148,1.011550262,-0.228911116,-0.606873283,0.746774213,0.147080913
1497535052119340000,100475,-1.613699763,-1.540196631,1.012393751,-0.225450748,-0.607865407,0.747545943,0.144383761
1497535052129360000,100476,-1.613655243,-1.551000574,1.014105238,-0.221027011,-0.612141493,0.745866671,0.14181947
1497535052139360000,100477,-1.613504931,-1.561329831,1.015710663,-0.215777028,-0.61537791,0.745003797,0.140426651
1497535052149290000,100478,-1.613267459,-1.571150778,1.017366539,-0.209188518,-0.620165979,0.74311305,0.139346037
1497535052159290000,100479,-1.612892428,-1.580546025,1.018937462,-0.20208233,-0.621811215,0.743741248,0.139149202
1497535052169520000,100480,-1.612517264,-1.590247092,1.02065066,-0.194559094,-0.622862508,0.744993371,0.138469967
1497535052179450000,100481,-1.612424863,-1.59970997,1.021904903,-0.190074451,-0.625215331,0.744244091,0.138123951
1497535052189460000,100482,-1.612314961,-1.610037066,1.023454122,-0.186751036,-0.627043393,0.74406018,0.135333228
1497535052199340000,100483,-1.612501482,-1.619559026,1.024261856,-0.184872175,-0.628747385,0.743676445,0.132077059
1497535052209470000,100484,-1.612535541,-1.629678296,1.025514414,-0.184279149,-0.629381981,0.743905809,0.128544407
1497535052219330000,100485,-1.612479789,-1.63884137,1.026204847,-0.182392514,-0.632661656,0.742320135,0.124229694
1497535052229320000,100486,-1.612090243,-1.648881908,1.027411414,-0.1784566,-0.637608555,0.739866374,0.119190273
1497535052239390000,100487,-1.611603744,-1.657574914,1.027701547,-0.173671249,-0.643731405,0.736520156,0.113957164
1497535052249410000,100488,-1.610468331,-1.667584128,1.028860915,-0.167503409,-0.649840716,0.733350239,0.108844285
1497535052259340000,100489,-1.609350163,-1.676087657,1.028950251,-0.16133979,-0.656291816,0.729732573,0.103638295
1497535052269460000,100490,-1.607713981,-1.685100326,1.029490674,-0.154919207,-0.661073235,0.727612861,0.097784161
1497535052279350000,100491,-1.605801972,-1.693834507,1.029868653,-0.148069764,-0.666384019,0.72498876,0.091645957
1497535052289410000,100492,-1.603813154,-1.701838038,1.029764809,-0.141340615,-0.670903167,0.722949497,0.085180959
1497535052299400000,100493,-1.601554766,-1.709245375,1.029364845,-0.134608753,-0.67453369,0.721570764,0.078869628
1497535052309470000,100494,-1.599067238,-1.717082388,1.029278689,-0.127764112,-0.677704875,0.720534507,0.072266581
1497535052319400000,100495,-1.59641028,-1.724396442,1.028958158,-0.120641628,-0.68150393,0.718808464,0.065668737
1497535052329480000,100496,-1.593712097,-1.731689682,1.028676359,-0.11401829,-0.684819698,0.717321945,0.058915513
1497535052339390000,100497,-1.591016529,-1.739137635,1.028452782,-0.108226952,-0.688376847,0.715333176,0.052179407
1497535052349400000,100498,-1.588280805,-1.746088096,1.027987617,-0.102932227,-0.691296232,0.713732485,0.045830292
1497535052359400000,100499,-1.585577502,-1.753137503,1.027609687,-0.098018447,-0.69541543,0.710794541,0.039508018
1497535052369460000,100500,-1.582833938,-1.760039467,1.027250814,-0.094133411,-0.697159824,0.709891382,0.034077956
1497535052379370000,100501,-1.580035359,-1.767010598,1.026944071,-0.09082773,-0.699555652,0.708208388,0.028514782
1497535052389380000,100502,-1.577208135,-1.773883611,1.026736261,-0.087160852,-0.702654906,0.705814237,0.022479585
1497535052399320000,100503,-1.574258682,-1.780990821,1.026800089,0.084141607,0.704491643,-0.704487737,-0.017571064
1497535052409380000,100504,-1.571311375,-1.787799646,1.026583988,0.080563656,0.707639547,-0.701860721,-0.012136643
1497535052419410000,100505,-1.568167809,-1.795013429,1.026632432,0.078052493,0.709507259,-0.700329243,-0.006797715
1497535052429550000,100506,-1.564934486,-1.801665236,1.026229188,0.074962157,0.71169995,-0.698468138,-0.002473219
1497535052439370000,100507,-1.561478718,-1.80842179,1.025805172,0.070847189,0.714523258,-0.696012484,0.001952519
1497535052449370000,100508,-1.557698463,-1.815072216,1.025369143,0.066670322,0.716459188,-0.69439989,0.007077624
1497535052459380000,100509,-1.553685532,-1.821727135,1.024822614,0.061377472,0.71945171,-0.691726544,0.011680428
1497535052469360000,100510,-1.549508742,-1.82845557,1.024123016,0.055754715,0.72336089,-0.688027029,0.016101001
1497535052479390000,100511,-1.545196015,-1.835137601,1.023364923,0.051081435,0.724736205,-0.686823259,0.020540979
1497535052489390000,100512,-1.540652785,-1.842129032,1.022720975,0.045340734,0.728962873,-0.682597313,0.024864747
1497535052499400000,100513,-1.536072911,-1.848808862,1.02197633,0.04007633,0.730981648,-0.680626574,0.02841101
1497535052509410000,100514,-1.531351267,-1.855389911,1.020831392,0.035273379,0.734185907,-0.67727313,0.032061658
1497535052519380000,100515,-1.526567755,-1.861803857,1.019787799,0.030723623,0.736618807,-0.674678318,0.035467716
1497535052529320000,100516,-1.521698064,-1.868260322,1.01880604,0.02558811,0.739708609,-0.67133807,0.038491781
1497535052539400000,100517,-1.516788633,-1.874149414,1.017212286,0.02214385,0.741799613,-0.668990523,0.041166291
1497535052549410000,100518,-1.511568543,-1.880982375,1.016613295,0.017160566,0.744331903,-0.66614828,0.043840642
1497535052559400000,100519,-1.506289204,-1.887306871,1.015199716,0.013781715,0.747327446,-0.662752607,0.045505334
1497535052569380000,100520,-1.500949768,-1.893554456,1.01377943,0.008543981,0.749968929,-0.659674652,0.04798916
1497535052579370000,100521,-1.495351812,-1.899497796,1.012126877,0.004216031,0.752563296,-0.656546216,0.05077181
1497535052589370000,100522,-1.489581254,-1.905418071,1.010441761,-0.000489689,0.755594208,-0.652888702,0.053042407
1497535052599400000,100523,-1.483567341,-1.911877644,1.009005467,-0.006131669,0.758134696,-0.649687484,0.055680863
1497535052609390000,100524,-1.477400909,-1.918109937,1.007491915,-0.011356516,0.759979992,-0.647227463,0.05829282
1497535052619380000,100525,-1.471157515,-1.923634804,1.005488356,-0.016049959,0.761432063,-0.645193524,0.060736554
1497535052629380000,100526,-1.464793318,-1.929265213,1.003667969,-0.021401352,0.763152155,-0.642729572,0.063556797
1497535052639410000,100527,-1.458336243,-1.935028713,1.002035069,-0.026876239,0.764547929,-0.640562559,0.0665112
1497535052649360000,100528,-1.451965834,-1.940427806,1.000331682,-0.031038855,0.765190003,-0.639364609,0.068802224
1497535052659400000,100529,-1.445678554,-1.945954859,0.998915625,-0.034784995,0.766379819,-0.63752152,0.070839884
1497535052669410000,100530,-1.439438753,-1.951075744,0.997556278,-0.038156302,0.767025977,-0.636318865,0.072894099
1497535052679370000,100531,-1.433136514,-1.95593503,0.996303035,-0.041703677,0.767060003,-0.635810872,0.074995261
1497535052689410000,100532,-1.426726042,-1.960628742,0.995245579,-0.04599244,0.767003217,-0.635280171,0.077523316
1497535052699390000,100533,-1.420099204,-1.965532232,0.994421255,-0.049044356,0.76662613,-0.635278267,0.079376014
1497535052709400000,100534,-1.413270527,-1.96989687,0.993297171,-0.053117834,0.766396997,-0.634981942,0.08131465
1497535052719400000,100535,-1.406210056,-1.974837956,0.992832856,-0.057410503,0.766576579,-0.634064243,0.083826722
1497535052729370000,100536,-1.398921813,-1.979729062,0.992516692,-0.060943543,0.766295969,-0.6338337,0.085622511
1497535052739400000,100537,-1.391594742,-1.984353143,0.992142563,-0.064421307,0.766118387,-0.633463578,0.087386542
1497535052749420000,100538,-1.384181654,-1.989363334,0.99246221,-0.066857327,0.766773833,-0.632260168,0.088515913
1497535052759410000,100539,-1.376654534,-1.993771338,0.992721771,-0.068735301,0.765570816,-0.633374449,0.089518661
1497535052769410000,100540,-1.368802076,-1.998507232,0.993581922,-0.06952455,0.76473028,-0.634065395,0.091186682
1497535052779340000,100541,-1.360772803,-2.00263156,0.994035445,-0.07069194,0.764271071,-0.634217563,0.093061605
1497535052789440000,100542,-1.352252352,-2.00684298,0.994765107,-0.072188537,0.76375028,-0.634353667,0.095235241
1497535052799420000,100543,-1.343334907,-2.011371888,0.995907223,-0.073863865,0.762281308,-0.635476264,0.09818989
1497535052809410000,100544,-1.334034576,-2.015446277,0.996919139,-0.075402968,0.762068353,-0.63509828,0.101076174
1497535052819390000,100545,-1.324425436,-2.019603683,0.998221384,-0.078140709,0.76143543,-0.634938512,0.104705311
1497535052829360000,100546,-1.314670411,-2.023378325,0.999555186,-0.081679643,0.75990748,-0.635506604,0.109546403
1497535052839400000,100547,-1.304721279,-2.02692803,1.000823292,-0.084453547,0.758085608,-0.636597237,0.113656359
1497535052849400000,100548,-1.294741827,-2.030339614,1.00221177,-0.088105577,0.75642522,-0.637124993,0.118869832
1497535052859400000,100549,-1.284854676,-2.03355265,1.003488215,-0.091265108,0.75419641,-0.638421815,0.123596284
1497535052869400000,100550,-1.275021651,-2.036915588,1.005087633,-0.095409244,0.750709522,-0.640928461,0.12861958
1497535052879330000,100551,-1.265356482,-2.039779017,1.006137771,-0.098888822,0.747892503,-0.642652756,0.133698315
1497535052889390000,100552,-1.25586946,-2.042978483,1.007453721,-0.103180373,0.744250462,-0.645123921,0.138781076
1497535052899340000,100553,-1.246744581,-2.045695752,1.008366756,-0.106695153,0.740597627,-0.647658301,0.143770737
1497535052909370000,100554,-1.238021721,-2.048275955,1.009230303,-0.110802376,0.735271116,-0.651722867,0.149520978
1497535052919420000,100555,-1.22955352,-2.05068291,1.009956724,-0.114190291,0.731131206,-0.654515866,0.154973285
1497535052929440000,100556,-1.221376175,-2.053564114,1.01101143,-0.1164246,0.725425911,-0.659066928,0.160727546
1497535052939400000,100557,-1.21352143,-2.055982272,1.011594035,-0.118513045,0.721088923,-0.662043486,0.166384635
1497535052949390000,100558,-1.205926596,-2.058426292,1.012319342,-0.118443482,0.716352155,-0.665682733,0.172270806
1497535052959400000,100559,-1.198606295,-2.060831169,1.013118994,-0.118921597,0.711484603,-0.669237409,0.178237494
1497535052969400000,100560,-1.191512218,-2.063267446,1.014179131,-0.118269625,0.706308801,-0.673131243,0.184484424
1497535052979370000,100561,-1.184584842,-2.065690011,1.015292505,-0.116927346,0.701826419,-0.676493052,0.190065313
1497535052989380000,100562,-1.177772929,-2.067786375,1.016408294,-0.116460678,0.697440609,-0.679463317,0.195813966
1497535052999400000,100563,-1.171067922,-2.070185857,1.017935724,-0.116260431,0.693290836,-0.682162132,0.201211717
1497535053009400000,100564,-1.164477923,-2.072374854,1.01943995,-0.115175486,0.688312454,-0.685918704,0.20609732
1497535053019400000,100565,-1.157956698,-2.07432868,1.020981347,0.114490645,-0.68369405,0.689214196,-0.210803535
1497535053029390000,100566,-1.151537296,-2.076706608,1.022997523,0.114497589,-0.679735138,0.691695689,-0.215424044
1497535053039350000,100567,-1.145194503,-2.078627265,1.024743911,0.11364042,-0.675046445,0.694923242,-0.22018138
1497535053049400000,100568,-1.138955692,-2.080898858,1.026939857,0.113545033,-0.671356536,0.697109221,-0.224558814
1497535053059380000,100569,-1.132529963,-2.082857609,1.028538988,0.113155981,-0.667374021,0.699665258,-0.228639819
1497535053069410000,100570,-1.126183061,-2.085368652,1.030844235,0.113135002,-0.663742891,0.70161775,-0.23319172
1497535053079310000,100571,-1.119683995,-2.087470045,1.032512856,0.11381666,-0.659973582,0.70360661,-0.237525527
1497535053089360000,100572,-1.113101078,-2.090066794,1.034424721,0.11465277,-0.656481721,0.705187375,-0.242068707
1497535053099400000,100573,-1.106362216,-2.091833099,1.035583864,0.115717531,-0.652712478,0.707104672,-0.246127724
1497535053109390000,100574,-1.099546861,-2.094656344,1.037442462,0.117702849,-0.649785398,0.708038641,-0.250212427
1497535053119380000,100575,-1.092705295,-2.096940361,1.038689991,0.120668061,-0.647051916,0.708808613,-0.253679694
1497535053129370000,100576,-1.085652749,-2.099253818,1.039516748,0.123285869,-0.644214948,0.709914918,-0.256531684
1497535053139410000,100577,-1.078641239,-2.101873101,1.040570102,0.1264822,-0.642265224,0.71003122,-0.259525145
1497535053149390000,100578,-1.071469265,-2.104178479,1.041062736,0.129887977,-0.639540314,0.710962626,-0.262010389
1497535053159390000,100579,-1.064270019,-2.106849965,1.04161069,0.132809529,-0.637532056,0.711467489,-0.264061581
1497535053169390000,100580,-1.057072332,-2.109437717,1.041764199,0.136987505,-0.636206145,0.710908891,-0.266617166
1497535053179380000,100581,-1.049802039,-2.112058575,1.041665641,0.140607483,-0.634590926,0.710894325,-0.268613387
1497535053189400000,100582,-1.042420319,-2.114728608,1.041332146,0.143080764,-0.633182394,0.710955613,-0.27046269
1497535053199400000,100583,-1.03515748,-2.117776059,1.041107114,0.1469714,-0.6325769,0.709498774,-0.273600737
1497535053209400000,100584,-1.02762939,-2.120586728,1.040279138,0.14935318,-0.632152999,0.708612482,-0.275580412
1497535053219440000,100585,-1.020076291,-2.123836307,1.039468156,0.152022367,-0.632135635,0.707272175,-0.277596485
1497535053229370000,100586,-1.01242744,-2.127117659,1.038377943,0.154584585,-0.632750331,0.70533177,-0.279710061
1497535053239400000,100587,-1.00465555,-2.13048409,1.037096361,0.156839698,-0.633817705,0.703163111,-0.281492569
1497535053249390000,100588,-0.99674192,-2.133973303,1.035532867,0.159246633,-0.634686696,0.701275133,-0.282889547
1497535053259400000,100589,-0.988724368,-2.137524078,1.033846596,0.161782031,-0.637279464,0.69771359,-0.284424341
1497535053269400000,100590,-0.98057545,-2.141122189,1.031928256,0.164414124,-0.638351121,0.695337356,-0.286324647
1497535053279420000,100591,-0.972180384,-2.145003823,1.029927537,0.167481562,-0.638979087,0.693650597,-0.287235967
1497535053289410000,100592,-0.963637672,-2.149089785,1.028025449,0.171259028,-0.640576596,0.690246134,-0.28964158
1497535053299400000,100593,-0.954753851,-2.153048973,1.025915988,0.17545213,-0.640961428,0.687858118,-0.291952407
1497535053309400000,100594,-0.945770437,-2.157084836,1.023989599,0.179537501,-0.641722006,0.68517986,-0.294087935
1497535053319400000,100595,-0.936759521,-2.161063319,1.022238344,0.182710994,-0.641022196,0.684177882,-0.295986253
1497535053329380000,100596,-0.927841114,-2.164449344,1.020506729,0.184732666,-0.640562665,0.682863651,-0.298748302
1497535053339410000,100597,-0.91922427,-2.167948269,1.018901672,0.18572779,-0.638591592,0.683457228,-0.300985356
1497535053349400000,100598,-0.910788516,-2.171366348,1.017579204,0.186639513,-0.636651359,0.683598862,-0.304192924
1497535053359400000,100599,-0.902379875,-2.174828541,1.016287538,0.187510773,-0.634602434,0.684379847,-0.306175908
1497535053369410000,100600,-0.894091506,-2.178646209,1.015529135,0.188220822,-0.631966179,0.685624568,-0.308400101
1497535053379370000,100601,-0.885793157,-2.182691986,1.014952078,0.188183459,-0.629247517,0.687346669,-0.310143683
1497535053389410000,100602,-0.87738175,-2.186975705,1.014467316,0.186244906,-0.626387158,0.689587163,-0.312124188
1497535053399460000,100603,-0.86895796,-2.191599361,1.014036885,0.184259319,-0.623065345,0.692159538,-0.314250304
1497535053409430000,100604,-0.860372885,-2.196300255,1.013563014,0.181523727,-0.620571971,0.693636149,-0.317503476
1497535053419430000,100605,-0.851446974,-2.201353567,1.012947592,0.177748591,-0.617751785,0.696012459,-0.319929411
1497535053429390000,100606,-0.842262924,-2.206347134,1.012360961,0.174565502,-0.615163597,0.697735851,-0.322901403
1497535053439430000,100607,-0.832961288,-2.211402707,1.01194274,0.172442795,-0.612726908,0.699286871,-0.32531076
1497535053449420000,100608,-0.823465555,-2.216473521,1.011965381,0.170677816,-0.610703656,0.700226071,-0.328014599
1497535053459430000,100609,-0.814045388,-2.22146101,1.012526007,0.170226389,-0.609257552,0.700677141,-0.329969327
1497535053469420000,100610,-0.80468613,-2.226306372,1.013682271,0.169805267,-0.608923431,0.7006626,-0.330832808
1497535053479380000,100611,-0.795306892,-2.231397691,1.015484641,0.169927885,-0.609848606,0.699941741,-0.330591517
1497535053489380000,100612,-0.785971076,-2.2365202,1.017556409,0.170779913,-0.612463672,0.69760675,-0.330253378
1497535053499390000,100613,-0.776523708,-2.242032062,1.01955528,0.172201771,-0.613699908,0.696072242,-0.330457875
1497535053509400000,100614,-0.767106865,-2.247560879,1.021681643,0.173814171,-0.615654057,0.694045741,-0.330241164
1497535053519390000,100615,-0.757740253,-2.253144852,1.023546572,0.175135975,-0.616570267,0.693265967,-0.329470478
1497535053529440000,100616,-0.748503138,-2.258759109,1.025291784,0.175502341,-0.617808417,0.692632996,-0.328285274
1497535053539410000,100617,-0.739511314,-2.264676525,1.026950174,0.175012793,-0.61956186,0.69202689,-0.326515557
1497535053549420000,100618,-0.730818818,-2.270086388,1.028398954,0.172977652,-0.620828567,0.692322288,-0.324561969
1497535053559410000,100619,-0.722240029,-2.275417417,1.029830522,0.1708712,-0.623179092,0.691926069,-0.322008025
1497535053569370000,100620,-0.713926602,-2.280896125,1.031474046,0.1697719,-0.624399569,0.692511807,-0.318951529
1497535053579330000,100621,-0.705588232,-2.285800036,1.032808202,0.169663677,-0.627011843,0.691589912,-0.315869875
1497535053589390000,100622,-0.697354028,-2.290449276,1.034142328,0.171716013,-0.628863575,0.690727776,-0.312952638
1497535053599410000,100623,-0.689152967,-2.2949964,1.035479961,0.175762735,-0.631866195,0.68816992,-0.310281701
1497535053609410000,100624,-0.681057121,-2.299175401,1.036684655,0.179279749,-0.633836075,0.686475059,-0.30799772
1497535053619400000,100625,-0.673163422,-2.303133832,1.037733008,0.183925702,-0.637043465,0.683017445,-0.306323569
1497535053629370000,100626,-0.665390184,-2.307029502,1.038471493,0.187890142,-0.639607497,0.680116672,-0.305025994
1497535053639400000,100627,-0.65800927,-2.310960391,1.039424809,0.190187318,-0.641836052,0.677819693,-0.304032449
1497535053649360000,100628,-0.650843678,-2.314693746,1.040166484,0.192448956,-0.644096156,0.675113262,-0.303851321
1497535053659320000,100629,-0.643839528,-2.318188087,1.040771338,0.192744207,-0.645477848,0.673605089,-0.304079269
1497535053669440000,100630,-0.636930048,-2.321666303,1.041296716,0.194200529,-0.647793725,0.670512193,-0.305062032
1497535053679450000,100631,-0.629989494,-2.325086911,1.041664616,0.195058323,-0.649642795,0.668181836,-0.305695148
1497535053689440000,100632,-0.623169447,-2.328630532,1.041902262,0.195415378,-0.652673943,0.664990564,-0.305969123
1497535053699500000,100633,-0.616279479,-2.331915418,1.041954885,0.195550489,-0.655430732,0.662215545,-0.306008388
1497535053709440000,100634,-0.609523645,-2.335347475,1.042101278,0.195210619,-0.658377304,0.659619024,-0.305507583
1497535053719420000,100635,-0.602863316,-2.338730321,1.042235811,-0.195395287,0.662057073,-0.655908191,0.305426847
1497535053729400000,100636,-0.596255075,-2.34165279,1.042031565,-0.194657693,0.66404241,-0.654225275,0.305197232
1497535053739430000,100637,-0.589673842,-2.344668859,1.041948059,-0.194290648,0.666176274,-0.652550467,0.304365248
1497535053749430000,100638,-0.583244773,-2.347633683,1.041890425,-0.194492791,0.668809575,-0.650149063,0.303599247
1497535053759430000,100639,-0.57680628,-2.350258534,1.041777399,-0.194605411,0.670323707,-0.648886117,0.302888873
1497535053769340000,100640,-0.570243366,-2.352802577,1.041415364,-0.194412362,0.672364547,-0.647282604,0.30191883
1497535053779390000,100641,-0.563214173,-2.355912929,1.040769781,-0.19794182,0.679806769,-0.638349812,0.301978991
1497535053789390000,100642,-0.557186212,-2.357820793,1.040853138,-0.195083659,0.67637023,-0.64356812,0.300475878
1497535053799430000,100643,-0.550400601,-2.3601886,1.040412085,-0.196624114,0.678422205,-0.641425878,0.299424636
1497535053809420000,100644,-0.543577199,-2.362409427,1.039781645,-0.196942669,0.680772659,-0.63913739,0.29877344
1497535053819370000,100645,-0.536736034,-2.364559437,1.039269198,-0.197748894,0.681362955,-0.638640412,0.297956914
1497535053829400000,100646,-0.529693018,-2.366593809,1.038613638,-0.199438414,0.683225555,-0.636583258,0.296966187
1497535053839430000,100647,-0.522786068,-2.36858868,1.037993585,-0.201318687,0.684813516,-0.634712321,0.296043077
1497535053849420000,100648,-0.51567838,-2.370505452,1.037162829,-0.202585894,0.686065093,-0.633426465,0.295033145
1497535053859410000,100649,-0.508656412,-2.372498942,1.036440095,-0.203487214,0.687793301,-0.631983022,0.293480475
1497535053869320000,100650,-0.50156663,-2.374439243,1.035602757,-0.204313952,0.689175887,-0.630851022,0.292094836
1497535053879400000,100651,-0.494533048,-2.376352524,1.034777101,-0.205015633,0.691066672,-0.629044421,0.291030174
1497535053889350000,100652,-0.487307033,-2.378406476,1.033938331,-0.205496755,0.692305014,-0.62848471,0.288949511
1497535053899430000,100653,-0.480046637,-2.380381131,1.032873524,-0.205528863,0.694682823,-0.626513998,0.287495865
1497535053909440000,100654,-0.472762154,-2.382310534,1.031870677,-0.205882991,0.696198789,-0.625458398,0.285869258
1497535053919430000,100655,-0.465246727,-2.384313567,1.030721701,-0.205535617,0.697319777,-0.625178478,0.283993151
1497535053929400000,100656,-0.457529447,-2.386248328,1.029571796,-0.206555491,0.700128975,-0.622428116,0.28237827
1497535053939430000,100657,-0.449755685,-2.388331243,1.028334117,-0.207488893,0.702608905,-0.61983804,0.281229248
1497535053949430000,100658,-0.441646899,-2.390339488,1.027009903,-0.208487029,0.704654698,-0.618128926,0.279126399
1497535053959420000,100659,-0.433517861,-2.392072222,1.025676981,-0.210257856,0.706751065,-0.615897162,0.27742612
1497535053969390000,100660,-0.425196515,-2.393904643,1.024202897,-0.211398204,0.709090091,-0.613664193,0.275532758
1497535053979400000,100661,-0.416793457,-2.395580768,1.022693329,-0.213717135,0.71080817,-0.611452777,0.274230255
1497535053989500000,100662,-0.40840478,-2.397409554,1.021233485,-0.215535377,0.711939255,-0.610594729,0.271773943
1497535053999440000,100663,-0.399841082,-2.399034714,1.019679118,-0.21786681,0.714113401,-0.608153486,0.269676547
1497535054009430000,100664,-0.391350767,-2.400785529,1.018004475,-0.220299109,0.716715306,-0.605362807,0.267064308
1497535054019420000,100665,-0.38325379,-2.402463322,1.016541485,-0.221051453,0.717703621,-0.604974816,0.264656833
1497535054029410000,100666,-0.375326577,-2.403900761,1.015008265,-0.221590099,0.719149161,-0.60387662,0.262783828
1497535054039430000,100667,-0.367323362,-2.405447463,1.013441518,-0.221393546,0.721281002,-0.602602022,0.260018109
1497535054049430000,100668,-0.359447337,-2.406879426,1.011938747,-0.220397761,0.722235087,-0.602511257,0.258421152
1497535054059430000,100669,-0.351342827,-2.408332453,1.010340784,-0.220008702,0.723649814,-0.601910256,0.256185794
1497535054069310000,100670,-0.343146436,-2.409580006,1.008821251,-0.219485659,0.725601215,-0.600819835,0.253662075
1497535054079420000,100671,-0.334579342,-2.410549707,1.007273516,-0.21892522,0.726814415,-0.600272877,0.251962354
1497535054089430000,100672,-0.325917177,-2.411478631,1.005890425,-0.218431911,0.72783028,-0.600042693,0.249998701
1497535054099440000,100673,-0.316838102,-2.412451802,1.004673258,-0.218189041,0.728880094,-0.599817424,0.247682071
1497535054109440000,100674,-0.307701342,-2.413112901,1.003681202,-0.218113995,0.730202395,-0.599366558,0.244929533
1497535054119280000,100675,-0.298260922,-2.413900826,1.002951233,-0.21722423,0.731073448,-0.599299337,0.24328081
1497535054129170000,100676,-0.288991604,-2.414506168,1.0024029,-0.214130907,0.731766418,-0.60009925,0.241964368
1497535054139430000,100677,-0.279465558,-2.414889125,1.002407408,-0.212623993,0.732124603,-0.600875473,0.240277484
1497535054149420000,100678,-0.26975172,-2.415442518,1.002429336,-0.211612953,0.732835721,-0.600696173,0.239449102
1497535054159430000,100679,-0.260025747,-2.415631037,1.002964284,-0.209667639,0.733056648,-0.601149065,0.239347516
1497535054169440000,100680,-0.249985788,-2.415970436,1.003563476,-0.208275503,0.73358125,-0.600939425,0.239482091
1497535054179410000,100681,-0.239976724,-2.416006322,1.004275424,-0.206723801,0.733806134,-0.600506881,0.241216319
1497535054189440000,100682,-0.230055753,-2.415646931,1.005168418,-0.206774995,0.733200066,-0.60055909,0.242879691
1497535054199440000,100683,-0.219396607,-2.41547769,1.00635107,-0.207857269,0.7338473,-0.598717433,0.244542289
1497535054209390000,100684,-0.209120592,-2.414596925,1.007914874,-0.208030831,0.731957526,-0.599410594,0.248331014
1497535054219380000,100685,-0.199032937,-2.41357652,1.009745597,-0.209617517,0.730130583,-0.59944133,0.252269539
1497535054229410000,100686,-0.189090643,-2.41256071,1.011693402,-0.209631784,0.72749012,-0.601143489,0.255810761
1497535054239440000,100687,-0.179463913,-2.411338978,1.013738542,-0.209616807,0.724104935,-0.603671719,0.259448054
1497535054249420000,100688,-0.170083958,-2.410082139,1.015853588,-0.208852431,0.720695897,-0.606255027,0.263501288
1497535054259430000,100689,-0.16112385,-2.408901535,1.018081374,-0.208672409,0.716850603,-0.609283677,0.26712252
1497535054269480000,100690,-0.152181002,-2.407721636,1.020261039,-0.208936358,0.712545671,-0.612830025,0.270302842
1497535054279410000,100691,-0.143427716,-2.406546617,1.022041452,-0.209206236,0.707816365,-0.61673815,0.273610669
1497535054289370000,100692,-0.134997167,-2.405314317,1.023821337,-0.209676193,0.702851886,-0.620710578,0.277044218
1497535054299440000,100693,-0.126776812,-2.404445312,1.025534364,-0.210911433,0.698876487,-0.623534221,0.279809038
1497535054309450000,100694,-0.11887029,-2.403626943,1.027105989,-0.210718903,0.693814404,-0.62808874,0.282353771
1497535054319440000,100695,-0.111201224,-2.402973677,1.028485651,-0.210199715,0.689435067,-0.631692125,0.28541273
1497535054329410000,100696,-0.103761123,-2.402394059,1.029763668,-0.208004775,0.68475545,-0.63629882,0.288041314
1497535054339450000,100697,-0.096616972,-2.401890192,1.031135671,-0.205451258,0.681188905,-0.639800355,0.290563182
1497535054349440000,100698,-0.089839153,-2.40162363,1.032558435,-0.20169154,0.677444227,-0.643837516,0.293024052
1497535054359420000,100699,-0.08342914,-2.400944441,1.033848364,-0.196469205,0.672933858,-0.648647596,0.296337935
1497535054369480000,100700,-0.077138099,-2.400775882,1.035316296,-0.191713409,0.669143025,-0.652867863,0.298759325
1497535054379410000,100701,-0.070789181,-2.400743558,1.036553651,-0.187887718,0.666729276,-0.655464336,0.300893307
1497535054389350000,100702,-0.064551108,-2.400778347,1.037984114,-0.183668355,0.664361406,-0.65802441,0.303139792
1497535054399300000,100703,-0.058438507,-2.401066672,1.039665159,-0.179144513,0.662057966,-0.66064925,0.305170547
1497535054409450000,100704,-0.052422877,-2.401099842,1.041310981,0.175584443,-0.659348934,0.663267709,-0.307416708
1497535054419430000,100705,-0.046244613,-2.401344626,1.042950155,0.172984444,-0.656168474,0.666286321,-0.309163151
1497535054429540000,100706,-0.040281431,-2.40130466,1.044760622,0.171156483,-0.65394842,0.667867845,-0.311463422
1497535054439440000,100707,-0.034063324,-2.401501608,1.04654337,0.16957902,-0.650866309,0.670317573,-0.313512927
1497535054449430000,100708,-0.027803611,-2.401693837,1.048439689,0.16773138,-0.647252719,0.673132934,-0.315946443
1497535054459430000,100709,-0.021613251,-2.401949784,1.050183407,0.167165701,-0.644733165,0.674683787,-0.318082636
1497535054469430000,100710,-0.015206994,-2.402260925,1.051713963,0.166861277,-0.642990727,0.67518924,-0.320686341
1497535054479410000,100711,-0.008878382,-2.402642691,1.053292238,0.16479683,-0.639444098,0.677680079,-0.323578369
1497535054489430000,100712,-0.002474308,-2.403070444,1.054681245,0.164547514,-0.637543903,0.678593617,-0.325534314
1497535054499420000,100713,0.003910497,-2.403403678,1.055913578,0.165111644,-0.635299149,0.678749737,-0.329290041
1497535054509450000,100714,0.010433919,-2.403809382,1.057000214,0.164609511,-0.632702836,0.68042441,-0.331079223
1497535054519450000,100715,0.01699758,-2.404118564,1.057778439,0.165980326,-0.630090489,0.681236925,-0.333695609
1497535054529390000,100716,0.023742168,-2.404458406,1.058607679,0.166456509,-0.628444466,0.681867913,-0.33526994
1497535054539420000,100717,0.030468335,-2.404850347,1.059239815,0.168717703,-0.626964669,0.682191705,-0.336250084
1497535054549380000,100718,0.037210267,-2.405295466,1.05969882,0.170796459,-0.625024754,0.682697183,-0.337782745
1497535054559420000,100719,0.044355146,-2.405807156,1.059980401,0.172627949,-0.623856715,0.683099937,-0.338196492
1497535054569380000,100720,0.051367447,-2.406389117,1.060051484,0.17541891,-0.623488652,0.681982769,-0.339690461
1497535054579430000,100721,0.058620839,-2.407041997,1.05984627,0.176425109,-0.622056743,0.682416204,-0.340921859
1497535054589440000,100722,0.065991651,-2.407665031,1.059503791,0.17898736,-0.622183552,0.681263388,-0.341659697
1497535054599380000,100723,0.073560935,-2.40843314,1.058918733,0.181297896,-0.622571507,0.679673517,-0.342898968
1497535054609430000,100724,0.081185182,-2.409218741,1.058238878,0.182654628,-0.623053555,0.678712618,-0.34320655
1497535054619410000,100725,0.089332354,-2.410504999,1.057358316,0.186891616,-0.626481887,0.674810275,-0.342378535
1497535054629380000,100726,0.097302343,-2.411604281,1.056142116,0.188982357,-0.62721404,0.673305598,-0.34285243
1497535054639440000,100727,0.105230498,-2.412645815,1.054970808,0.190869625,-0.628495346,0.671495586,-0.343010297
1497535054649400000,100728,0.113485531,-2.413584187,1.053442272,0.193648726,-0.630188227,0.669274095,-0.34268813
1497535054659450000,100729,0.121833458,-2.414728091,1.052128351,0.200006156,-0.632153798,0.666213311,-0.341377996
1497535054669430000,100730,0.130355497,-2.415876377,1.050415297,0.201729553,-0.632891431,0.664651518,-0.342040909
1497535054679420000,100731,0.138831369,-2.417260784,1.048884544,0.204917323,-0.633256593,0.663612414,-0.34148725
1497535054689440000,100732,0.146990454,-2.418632865,1.046918536,0.21084103,-0.633681941,0.661693514,-0.340815129
1497535054699440000,100733,0.155964214,-2.419828626,1.045214589,0.211898834,-0.633584937,0.661248189,-0.341203523
1497535054709400000,100734,0.164793247,-2.420995834,1.043667729,0.211432086,-0.633739698,0.660251362,-0.343130598
1497535054719450000,100735,0.173383783,-2.422122336,1.042166232,0.212192048,-0.633914443,0.658777801,-0.345164922
1497535054729410000,100736,0.181825487,-2.423019309,1.040620745,0.21204033,-0.632147854,0.659137333,-0.347801618
1497535054739450000,100737,0.190018754,-2.423747673,1.039396528,0.211871399,-0.631356834,0.658100558,-0.351287224
1497535054749380000,100738,0.198022939,-2.424682972,1.038164858,0.212650857,-0.630164434,0.658035479,-0.353074649
1497535054759440000,100739,0.206263689,-2.425596756,1.037154952,0.209980998,-0.627491802,0.660706167,-0.35444235
1497535054769400000,100740,0.214310462,-2.426749194,1.036032894,0.209927409,-0.624796235,0.662716129,-0.355482039
1497535054779410000,100741,0.222729514,-2.427971908,1.035126762,0.210008698,-0.622253408,0.663681452,-0.358083751
1497535054789430000,100742,0.231704417,-2.429412251,1.034288993,0.208331643,-0.61909436,0.666296712,-0.359678735
1497535054799470000,100743,0.241091443,-2.430896041,1.033623459,0.205611915,-0.617815394,0.666742734,-0.362604475
1497535054809390000,100744,0.250559105,-2.43274665,1.032747378,0.20401814,-0.615526827,0.668104136,-0.364883801
1497535054819450000,100745,0.26040838,-2.434558487,1.03190357,0.203665319,-0.613395557,0.668555062,-0.367832105
1497535054829420000,100746,0.270722737,-2.436564804,1.031194264,0.20293608,-0.610598278,0.669416999,-0.371305228
1497535054839440000,100747,0.281479407,-2.438586037,1.030600341,0.203122224,-0.607445082,0.670421957,-0.374548039
1497535054849450000,100748,0.292296719,-2.440667407,1.030322362,0.204078015,-0.604220896,0.671026018,-0.378144623
1497535054859440000,100749,0.303472374,-2.442807667,1.03038401,0.20571223,-0.601642018,0.671667841,-0.380225817
1497535054869470000,100750,0.314428289,-2.444992825,1.030702938,0.208959062,-0.599314842,0.671287964,-0.382792765
1497535054879420000,100751,0.325207913,-2.447164303,1.031410537,0.209855249,-0.596200605,0.672896456,-0.384338357
1497535054889450000,100752,0.335673098,-2.449486168,1.03255301,0.210977177,-0.593242832,0.67454935,-0.38540206
1497535054899450000,100753,0.346228772,-2.452055062,1.033967693,0.211468722,-0.593220975,0.674548023,-0.38516856
1497535054909420000,100754,0.356418527,-2.454911061,1.035767791,0.212534034,-0.593617783,0.673958484,-0.385002823
1497535054919460000,100755,0.366460457,-2.458065456,1.037564815,0.213958527,-0.596360294,0.671954884,-0.383474617
1497535054929360000,100756,0.376361859,-2.461401836,1.039745142,0.21633366,-0.598240978,0.669766841,-0.383040283
1497535054939470000,100757,0.386373875,-2.464879476,1.042166033,0.218104333,-0.600402185,0.667987714,-0.381759258
1497535054949460000,100758,0.396164122,-2.468513704,1.044410351,0.219585393,-0.602768721,0.666681456,-0.379457456
1497535054959470000,100759,0.40590767,-2.471985985,1.046758337,0.219674964,-0.603819742,0.666971372,-0.377218527
1497535054969470000,100760,0.415178468,-2.475379458,1.048935973,0.21888528,-0.604929056,0.667737539,-0.374535245
1497535054979440000,100761,0.424511422,-2.478703661,1.051106037,0.21834663,-0.606409885,0.668498367,-0.371081843
1497535054989430000,100762,0.43351921,-2.481878941,1.052984884,0.217601156,-0.606504428,0.670376122,-0.367964631
1497535054999470000,100763,0.442430033,-2.484873212,1.054838184,0.217380757,-0.607369634,0.671578007,-0.364459484
1497535055009460000,100764,0.451126217,-2.487729503,1.056266606,0.218032819,-0.608618708,0.672692935,-0.359901615
1497535055019500000,100765,0.45961831,-2.49021159,1.057663667,0.219868265,-0.60970517,0.672988409,-0.356376421
1497535055029430000,100766,0.46783534,-2.492733584,1.0587365,0.223413656,-0.611684144,0.671830304,-0.352948848
1497535055039420000,100767,0.476184476,-2.495015266,1.059748692,0.227244965,-0.613949159,0.669827604,-0.350367147
1497535055049470000,100768,0.484040049,-2.497206433,1.06079818,0.231325828,-0.616522476,0.666390233,-0.349731976
1497535055059450000,100769,0.491905105,-2.499635761,1.061789136,0.234508699,-0.619815997,0.663233447,-0.347786134
1497535055069420000,100770,0.499554073,-2.50188214,1.062585432,0.236489741,-0.623052483,0.659991501,-0.346827658
1497535055079340000,100771,0.506797492,-2.503912857,1.063418431,0.238655903,-0.625950778,0.656429966,-0.346884251
1497535055089440000,100772,0.513657806,-2.505882978,1.064092916,0.239920557,-0.628164915,0.653586759,-0.347377769
1497535055099460000,100773,0.52049808,-2.507702247,1.064554832,0.241047805,-0.630560298,0.650670739,-0.347731585
1497535055109400000,100774,0.527092466,-2.509577119,1.065040401,0.242115763,-0.632927861,0.647601904,-0.348416495
1497535055119360000,100775,0.533721635,-2.511377668,1.065518413,0.241713533,-0.634702588,0.64561576,-0.349152521
1497535055129330000,100776,0.539864448,-2.513134141,1.065728227,0.242705109,-0.636712959,0.643187934,-0.349285155
1497535055139510000,100777,0.546127844,-2.514829443,1.066058579,0.242153689,-0.638615602,0.641904616,-0.348554397
1497535055149510000,100778,0.552121031,-2.516523447,1.06630561,-0.241301045,0.640906324,-0.640836879,0.34690198
1497535055159480000,100779,0.557813853,-2.518232357,1.066695633,-0.240874169,0.643433104,-0.63876969,0.346333304
1497535055169430000,100780,0.56359253,-2.519845704,1.066781876,-0.239915549,0.645211535,-0.638292927,0.344564572
1497535055179440000,100781,0.569256545,-2.521527101,1.066750373,-0.239946849,0.647873764,-0.636806672,0.342289874
1497535055189470000,100782,0.574915362,-2.523226799,1.066947227,-0.238971504,0.650955509,-0.635159478,0.34017934
1497535055199460000,100783,0.580506324,-2.524801775,1.066925159,-0.236383754,0.653131149,-0.634943571,0.338214554
1497535055209410000,100784,0.586052954,-2.526508772,1.066675867,-0.235813136,0.656398223,-0.633332993,0.33529518
1497535055219460000,100785,0.591735874,-2.527943982,1.06669532,-0.23401623,0.658482483,-0.632604649,0.333839156
1497535055229400000,100786,0.597506381,-2.529480627,1.066377129,-0.233281504,0.661461687,-0.630810029,0.331853709
1497535055239440000,100787,0.603153118,-2.530893707,1.065976944,-0.232002786,0.663596858,-0.630363681,0.329325897
1497535055249460000,100788,0.608820261,-2.532097248,1.065508462,-0.23117333,0.66513336,-0.630043959,0.327415812
1497535055259460000,100789,0.614742495,-2.5333568,1.064912544,-0.23200462,0.668084674,-0.627695538,0.325322974
1497535055269430000,100790,0.621106432,-2.534453905,1.064492433,-0.231269183,0.669966705,-0.627485637,0.322367732
1497535055279430000,100791,0.627439476,-2.535527281,1.06405302,-0.232591029,0.672583716,-0.625287073,0.320232157
1497535055289530000,100792,0.63398975,-2.536508937,1.06344135,-0.232927248,0.675008177,-0.623994355,0.3173955
1497535055299500000,100793,0.640506476,-2.537528288,1.06268476,-0.234202981,0.67745558,-0.622267667,0.31462017
1497535055309480000,100794,0.647242753,-2.538353102,1.062159199,-0.23391641,0.679100423,-0.621943773,0.311916129
1497535055319470000,100795,0.654073321,-2.539407799,1.061326347,-0.235950165,0.681613177,-0.619691353,0.309376183
1497535055329500000,100796,0.661120452,-2.540262936,1.06076807,-0.235571638,0.683901797,-0.618397339,0.307195487
1497535055339450000,100797,0.667976888,-2.541006798,1.059864958,-0.236774391,0.685727014,-0.617322522,0.304350543
1497535055349540000,100798,0.675171984,-2.541906698,1.058843199,-0.237219009,0.687894856,-0.615950722,0.301881626
1497535055359470000,100799,0.682628676,-2.542669223,1.057992642,-0.238776349,0.690808847,-0.613529287,0.298916051
1497535055369570000,100800,0.689951859,-2.543307747,1.057065412,-0.240215205,0.692853323,-0.61144587,0.29729594
1497535055379450000,100801,0.697354515,-2.544008364,1.056004261,-0.241247642,0.695158803,-0.610104516,0.293813366
1497535055389460000,100802,0.705069892,-2.544510664,1.055117148,-0.242513717,0.696632912,-0.608775041,0.292031905
1497535055399470000,100803,0.712340894,-2.544971755,1.054212158,-0.244415537,0.69784599,-0.60751999,0.290157684
1497535055409460000,100804,0.719772826,-2.545146515,1.053365306,-0.244051495,0.698857286,-0.607157619,0.288785366
1497535055419360000,100805,0.727376244,-2.545250517,1.052645347,-0.244759891,0.699279333,-0.607372194,0.286705473
1497535055429500000,100806,0.734580762,-2.545556237,1.051670517,-0.245909404,0.700154422,-0.607121022,0.284106344
1497535055439450000,100807,0.741980733,-2.545825382,1.050873719,-0.245773212,0.700120996,-0.607920212,0.282593587
1497535055449470000,100808,0.749066704,-2.54599961,1.050009117,-0.245985879,0.700020999,-0.608940602,0.280451231
1497535055459460000,100809,0.756491527,-2.5459708,1.049276605,-0.24440961,0.700510267,-0.609924516,0.278462551
1497535055469520000,100810,0.763759751,-2.54610905,1.048285388,-0.243842071,0.700819038,-0.610708592,0.276457476
1497535055479430000,100811,0.771229055,-2.546352483,1.047446766,-0.243538782,0.701946164,-0.610292603,0.274778789
1497535055489460000,100812,0.778806861,-2.546624691,1.046556898,-0.242348553,0.702664591,-0.610539735,0.273442652
1497535055499460000,100813,0.786530525,-2.546654023,1.045673728,-0.240821163,0.703307394,-0.610974394,0.272165699
1497535055509440000,100814,0.794391586,-2.546554611,1.044648535,-0.239679332,0.70350894,-0.611613784,0.271214984
1497535055519460000,100815,0.802615339,-2.546296177,1.043574871,-0.238504876,0.703824819,-0.612341987,0.269783876
1497535055529500000,100816,0.811081869,-2.545926692,1.042512554,-0.237769585,0.704069091,-0.612810199,0.268730348
1497535055539450000,100817,0.819730998,-2.545486413,1.041254161,-0.237135645,0.703795219,-0.613926015,0.267458076
1497535055549530000,100818,0.828506053,-2.545002429,1.040054916,-0.237184492,0.704163055,-0.613959006,0.266368632
1497535055559480000,100819,0.837597775,-2.544555317,1.038888948,-0.237668609,0.704928298,-0.613364965,0.265279376
1497535055569550000,100820,0.846907243,-2.544029969,1.037935179,-0.237536218,0.705296265,-0.61277572,0.265781189
1497535055579470000,100821,0.856467817,-2.543403056,1.037104795,-0.237683091,0.706124235,-0.611695701,0.265939246
1497535055589480000,100822,0.866090692,-2.542480721,1.036623467,-0.238138558,0.70633296,-0.610923703,0.266750832
1497535055599440000,100823,0.875868963,-2.541367417,1.036216286,-0.238982515,0.7060341,-0.609735154,0.269492577
1497535055609460000,100824,0.885823981,-2.539885888,1.036246135,-0.240667416,0.705758338,-0.608209689,0.272149474
1497535055619450000,100825,0.896200077,-2.538065738,1.036652022,-0.242859167,0.704818609,-0.606475334,0.276473909
1497535055629440000,100826,0.906609209,-2.535787405,1.037391646,-0.24604725,0.703555188,-0.604977756,0.280129905
1497535055639440000,100827,0.91729023,-2.532964058,1.038487812,-0.249743331,0.70092509,-0.604152436,0.285187869
1497535055649470000,100828,0.928064494,-2.529599579,1.040089505,-0.2541448,0.698497524,-0.602957864,0.289747208
1497535055659480000,100829,0.938851726,-2.525858462,1.042150157,-0.258883001,0.694535089,-0.602599052,0.295761703
1497535055669460000,100830,0.949314799,-2.52192893,1.044227427,-0.264708323,0.690089116,-0.602582527,0.300999692
1497535055679450000,100831,0.959516365,-2.517872737,1.04653383,-0.270207132,0.684935823,-0.603504868,0.305994932
1497535055689560000,100832,0.969416604,-2.513778962,1.04882063,-0.276648048,0.679025253,-0.604399898,0.311594812
1497535055699480000,100833,0.979079654,-2.509734324,1.051304574,-0.28121066,0.672981676,-0.60578964,0.317860253
1497535055709490000,100834,0.988277971,-2.505853445,1.053693532,-0.285682364,0.667118071,-0.607468477,0.322987796
1497535055719470000,100835,0.997126515,-2.502307918,1.056052638,-0.288257647,0.661112016,-0.609818918,0.328571632
1497535055729430000,100836,1.005465944,-2.499168483,1.057915607,-0.29002818,0.655473561,-0.612568603,0.333163282
1497535055739410000,100837,1.013417351,-2.496276309,1.0595985,-0.291185789,0.650655355,-0.614167692,0.338609645
1497535055749450000,100838,1.021505271,-2.493563685,1.061066925,-0.29112053,0.646321665,-0.616614408,0.342496445
1497535055759460000,100839,1.029306159,-2.490929981,1.062222811,-0.290109237,0.64251176,-0.618368134,0.347327108
1497535055769470000,100840,1.037159567,-2.488272299,1.063285,-0.289524273,0.639331078,-0.619306376,0.351981649
1497535055779390000,100841,1.045017232,-2.485511406,1.064383786,-0.28922645,0.635863098,-0.619495069,0.358122942
1497535055789450000,100842,1.053083534,-2.482565658,1.065380346,-0.288742225,0.632989187,-0.619424706,0.363683448
1497535055799450000,100843,1.060814733,-2.47978146,1.066118816,-0.28933737,0.629580173,-0.618790192,0.370150497
1497535055809430000,100844,1.068709606,-2.476770374,1.066926908,-0.291204882,0.627213151,-0.616613831,0.376285481
1497535055819440000,100845,1.076483699,-2.473568928,1.067962852,-0.292655015,0.623330687,-0.615411754,0.383510455
1497535055829530000,100846,1.084400147,-2.470259543,1.069064066,-0.29547272,0.620091273,-0.613249379,0.390010108
1497535055839570000,100847,1.092251401,-2.466967669,1.070366183,-0.297937359,0.616541607,-0.611318041,0.396736727
1497535055849490000,100848,1.100065712,-2.463400017,1.071938805,-0.300938783,0.612294043,-0.609243999,0.404170266
1497535055859460000,100849,1.107667676,-2.459773611,1.073273859,-0.304299995,0.608029609,-0.607161692,0.411164429
1497535055869500000,100850,1.115199477,-2.456073429,1.074564008,0.307805698,-0.603654712,0.604751778,-0.418487667
1497535055879420000,100851,1.122999729,-2.452277519,1.076032429,0.311863656,-0.59951048,0.601882289,-0.425518454
1497535055889520000,100852,1.130695918,-2.448384569,1.077312138,0.315564337,-0.594669239,0.599522967,-0.432850849
1497535055899470000,100853,1.138114127,-2.444448252,1.078430853,0.320036498,-0.590226641,0.596028424,-0.440408072
1497535055909480000,100854,1.146038127,-2.440217503,1.079783018,0.324343973,-0.585362951,0.592668873,-0.448212908
1497535055919470000,100855,1.153525391,-2.43598785,1.080678439,0.329645983,-0.579792088,0.589017658,-0.456325387
1497535055929480000,100856,1.161728542,-2.431343129,1.082296142,0.335575638,-0.574960503,0.584495386,-0.463869114
1497535055939460000,100857,1.168837502,-2.426927928,1.082539085,0.34174812,-0.568762507,0.580610878,-0.471813991
1497535055949470000,100858,1.176526882,-2.422070167,1.083633396,0.347747226,-0.562922469,0.57646233,-0.479459427
1497535055959470000,100859,1.184139006,-2.417137371,1.084549184,0.354498874,-0.556986925,0.571524551,-0.487294368
1497535055969470000,100860,1.191720663,-2.411944137,1.085649382,0.361128544,-0.550719116,0.566934794,-0.494853079
1497535055979440000,100861,1.199074034,-2.406825274,1.086282747,-0.368096361,0.544656225,-0.561929969,0.502085028
1497535055989530000,100862,1.206087661,-2.401592407,1.086655241,-0.376109645,0.537905126,-0.55662494,0.509282129
1497535055999470000,100863,1.213525013,-2.396256288,1.087663382,-0.383352005,0.532453073,-0.550601551,0.516113261
1497535056009470000,100864,1.219787523,-2.391099447,1.087371013,-0.389179018,0.524809433,-0.546620687,0.523756218
1497535056019470000,100865,1.22576888,-2.385965629,1.086698337,-0.395797009,0.518334065,-0.541472937,0.53054838
1497535056029500000,100866,1.233085878,-2.380418866,1.087896173,-0.402538778,0.51143405,-0.536507689,0.537175245
1497535056039450000,100867,1.239845091,-2.374983775,1.08839251,-0.408367531,0.505485295,-0.531545485,0.543304678
1497535056049470000,100868,1.246636476,-2.369526991,1.088976023,-0.414968974,0.499488253,-0.526205022,0.54901777
1497535056059460000,100869,1.25268108,-2.364307774,1.08851115,-0.421277955,0.493330462,-0.521192865,0.554533982
1497535056069470000,100870,1.259413122,-2.358883838,1.088755889,-0.42649966,0.488167841,-0.516507374,0.559473262
1497535056079490000,100871,1.26543067,-2.353642861,1.088232306,-0.432581126,0.482662247,-0.51109049,0.564532759
1497535056089470000,100872,1.27220676,-2.348289944,1.08809253,-0.438352865,0.478250424,-0.505780662,0.568602866
1497535056099470000,100873,1.278957373,-2.342851695,1.08805963,-0.445133235,0.47468253,-0.49956832,0.571808004
1497535056109480000,100874,1.285449064,-2.337368713,1.087621292,-0.45040385,0.469903767,-0.494688455,0.575856019
1497535056119470000,100875,1.292220538,-2.33172241,1.087291002,-0.455739919,0.46659116,-0.489404348,0.578858532
1497535056129430000,100876,1.299843101,-2.325706366,1.088045964,-0.461721736,0.46220252,-0.483663074,0.582453345
1497535056139470000,100877,1.306125899,-2.319866191,1.086761596,-0.469017412,0.456989896,-0.477700173,0.585649593
1497535056149470000,100878,1.313342377,-2.313614781,1.086232221,-0.474868899,0.452975708,-0.472118611,0.588571621
1497535056159430000,100879,1.319878976,-2.307278629,1.084725826,-0.481871833,0.44776208,-0.465774203,0.59191473
1497535056169470000,100880,1.327382403,-2.300637072,1.0843138,-0.486958818,0.443224234,-0.460832617,0.595026627
1497535056179440000,100881,1.334459719,-2.293990389,1.083365584,-0.492753413,0.438309274,-0.454685643,0.598615086
1497535056189470000,100882,1.341453065,-2.287261243,1.082226244,-0.497165792,0.434227707,-0.448837061,0.602343562
1497535056199470000,100883,1.348448837,-2.280576449,1.081081953,-0.501698826,0.429826221,-0.442949511,0.606088639
1497535056209470000,100884,1.354940903,-2.27402701,1.07942639,-0.504875076,0.426028074,-0.437649904,0.609970327
1497535056219470000,100885,1.362401041,-2.267323458,1.078988905,-0.508153966,0.422593839,-0.432694331,0.613163608
1497535056229440000,100886,1.369467339,-2.260864066,1.078137461,-0.511539745,0.419053763,-0.427584338,0.616354336
1497535056239490000,100887,1.376897749,-2.254376986,1.07774573,-0.513588729,0.416013043,-0.423363002,0.619615634
1497535056249490000,100888,1.383481726,-2.248213549,1.076313471,-0.514950693,0.41275182,-0.41929498,0.623420756
1497535056259320000,100889,1.390502791,-2.241983688,1.075681905,-0.516564011,0.410709244,-0.415180642,0.62618254
1497535056269250000,100890,1.397833042,-2.235802449,1.075542475,-0.515610359,0.408004501,-0.413162076,0.630059825
1497535056279460000,100891,1.405055998,-2.229617192,1.075280598,-0.516315168,0.40571556,-0.409673995,0.633230408
1497535056289440000,100892,1.412464708,-2.223370988,1.075608378,-0.514429025,0.403516139,-0.407201101,0.637749769
1497535056299490000,100893,1.419336447,-2.217197383,1.07532628,-0.513849323,0.402438543,-0.404615095,0.640537834
1497535056309490000,100894,1.426137395,-2.211083903,1.075827807,-0.511997481,0.40154086,-0.402519924,0.643895355
1497535056319490000,100895,1.433017484,-2.204889873,1.077128769,-0.512206479,0.400928984,-0.399720646,0.645851281
1497535056329470000,100896,1.439826438,-2.198554258,1.078838665,-0.512576498,0.400419822,-0.397460748,0.647266756
1497535056339480000,100897,1.446215812,-2.192125119,1.080071265,-0.515214317,0.400494808,-0.394520328,0.646924901
1497535056349480000,100898,1.452717336,-2.185638009,1.081425874,-0.517871138,0.399712927,-0.392394212,0.646580113
1497535056359490000,100899,1.458893543,-2.179154606,1.081923384,-0.520635646,0.397421422,-0.390602658,0.646857249
1497535056369490000,100900,1.465215115,-2.172607067,1.082506503,-0.523170906,0.394577633,-0.388828907,0.647620858
1497535056379460000,100901,1.471557205,-2.166040154,1.082821236,-0.526024036,0.391139073,-0.386803514,0.648607725
1497535056389490000,100902,1.478169399,-2.159394063,1.083325846,-0.52932889,0.388408692,-0.384644094,0.648843999
1497535056399480000,100903,1.484636855,-2.152800234,1.083433198,-0.531554441,0.386905116,-0.383285866,0.648726639
1497535056409480000,100904,1.491219305,-2.146308306,1.083900408,-0.534179906,0.38563153,-0.381310148,0.648492654
1497535056419470000,100905,1.497636209,-2.140054913,1.084154228,-0.537396462,0.385814386,-0.37803684,0.647642223
1497535056429420000,100906,1.503854515,-2.133958898,1.084562142,-0.540652078,0.385793152,-0.374962285,0.646731984
1497535056439440000,100907,1.509941421,-2.127844993,1.085055641,-0.544538719,0.386064988,-0.371944128,0.64504959
1497535056449460000,100908,1.516009604,-2.121742586,1.085912413,-0.549588935,0.386078439,-0.368207931,0.642898406
1497535056459480000,100909,1.521750475,-2.115669587,1.086707256,-0.555167023,0.384777984,-0.364526997,0.640980146
1497535056469470000,100910,1.526530177,-2.109537558,1.086225007,-0.560226548,0.38324526,-0.3613938,0.639268181
1497535056479450000,100911,1.531346435,-2.103425748,1.086642164,-0.565605611,0.380503799,-0.357764342,0.638209862
1497535056489470000,100912,1.536164183,-2.097306956,1.087279922,-0.570529145,0.376748576,-0.3538261,0.63825081
1497535056499470000,100913,1.540137016,-2.091193598,1.087000241,-0.57525017,0.373260655,-0.35002074,0.638160801
1497535056509470000,100914,1.543990697,-2.08498566,1.08683161,-0.579059834,0.369084946,-0.347125897,0.638724998
1497535056519460000,100915,1.547391859,-2.078811876,1.08614312,-0.583442055,0.365265511,-0.343595163,0.638841795
1497535056529430000,100916,1.551317192,-2.072676386,1.086744905,-0.587744222,0.361629322,-0.339656811,0.639072932
1497535056539440000,100917,1.554570558,-2.066532041,1.086012351,-0.591900249,0.35861553,-0.335808466,0.638969225
1497535056549420000,100918,1.558203,-2.060318828,1.085837456,-0.595827414,0.356072114,-0.331869798,0.638799483
1497535056559460000,100919,1.561814164,-2.054234525,1.085837806,-0.59935361,0.353983791,-0.327583811,0.638873674
1497535056569420000,100920,1.564974419,-2.04820545,1.084892108,-0.602503554,0.35294111,-0.323154392,0.638743516
1497535056579400000,100921,1.56836389,-2.042184826,1.084306045,-0.605691804,0.352200255,-0.318568969,0.638440467
1497535056589380000,100922,1.571751067,-2.036246027,1.083845544,-0.608235598,0.351673871,-0.314637752,0.638261726
1497535056599440000,100923,1.575267005,-2.030265564,1.083874222,-0.611140706,0.351661019,-0.310138525,0.637695586
1497535056609520000,100924,1.578575558,-2.024383716,1.083545535,-0.61349184,0.351328348,-0.306279816,0.637486336
1497535056619530000,100925,1.582093944,-2.018352292,1.083586138,-0.615957061,0.35239632,-0.301684946,0.636710237
1497535056629400000,100926,1.584276685,-2.012245294,1.081740487,-0.618191761,0.351494478,-0.298529373,0.636530276
1497535056639440000,100927,1.588021652,-2.005490681,1.081282991,-0.627943493,0.352294167,-0.289359997,0.630750808
1497535056649510000,100928,1.590880436,-1.999191114,1.08102602,-0.63072865,0.351225635,-0.285465629,0.630342207
1497535056659440000,100929,1.593281235,-1.992570203,1.080009344,-0.633987808,0.349242025,-0.282467704,0.629524792
1497535056669480000,100930,1.596023273,-1.985917575,1.079522105,-0.637997165,0.348259672,-0.277946527,0.628029097
1497535056679440000,100931,1.598426316,-1.979211978,1.07906463,-0.641053344,0.345798083,-0.275444281,0.627379267
1497535056689460000,100932,1.600604143,-1.972440776,1.0777389,-0.643940543,0.345621264,-0.271668615,0.62616506
1497535056699440000,100933,1.602349439,-1.965404795,1.076355506,-0.647840702,0.342312069,-0.269687225,0.624814911
1497535056709490000,100934,1.604974232,-1.958526933,1.075879284,-0.651629829,0.34153055,-0.266126724,0.622825832
1497535056719480000,100935,1.607113527,-1.951517048,1.074949541,-0.6548582,0.340043411,-0.263576999,0.621335966
1497535056729450000,100936,1.608601147,-1.944384936,1.073045448,-0.657993421,0.338203276,-0.262253801,0.619585463
1497535056739480000,100937,1.611265158,-1.937516118,1.072081165,-0.661603744,0.340572976,-0.256533961,0.616831306
1497535056749480000,100938,1.612613678,-1.930131336,1.070815959,-0.664671218,0.335560882,-0.25861954,0.615407995
1497535056759490000,100939,1.61476764,-1.923172705,1.069345913,-0.666881407,0.337883184,-0.254582554,0.613426333
1497535056769450000,100940,1.616691721,-1.916050201,1.067907974,-0.668783848,0.338358033,-0.252315088,0.612028678
1497535056779450000,100941,1.618634319,-1.908715765,1.066951204,-0.671878128,0.337874021,-0.250667783,0.609579027
1497535056789420000,100942,1.620267984,-1.901263568,1.065385856,-0.674429335,0.336802127,-0.249312396,0.607908487
1497535056799420000,100943,1.621781387,-1.893579408,1.063654467,-0.677761799,0.336471975,-0.247301047,0.605200583
1497535056809450000,100944,1.623370436,-1.885804598,1.062199028,-0.680549069,0.335413263,-0.245248459,0.603493248
1497535056819480000,100945,1.624479536,-1.877887654,1.059895846,-0.68301643,0.334839805,-0.243661228,0.601664414
1497535056829450000,100946,1.626186673,-1.869858371,1.059204855,-0.686432612,0.332701521,-0.243075693,0.599194605
1497535056839480000,100947,1.627433661,-1.861820872,1.057253154,-0.688235147,0.332349443,-0.241582519,0.597924842
1497535056849440000,100948,1.628491985,-1.853424655,1.055464071,-0.691193678,0.330525654,-0.24201255,0.595343613
1497535056859470000,100949,1.629756064,-1.845275592,1.053771109,-0.692392265,0.330622211,-0.241276214,0.594194996
1497535056869510000,100950,1.63101914,-1.836945458,1.05235001,-0.694203531,0.330748753,-0.241171664,0.592049786
1497535056879450000,100951,1.631648802,-1.828435839,1.050454538,-0.69554427,0.329303783,-0.242162244,0.590876158
1497535056889480000,100952,1.632487384,-1.81945842,1.049736845,-0.699611292,0.325177336,-0.244595224,0.587347357
1497535056899510000,100953,1.632954445,-1.811303403,1.047285586,-0.697159332,0.329222565,-0.24187267,0.589134093
1497535056909500000,100954,1.63314231,-1.801691463,1.04631304,-0.701865843,0.323863948,-0.244374083,0.585472279
1497535056919490000,100955,1.633214023,-1.792485825,1.044690372,-0.703253004,0.323162239,-0.243829669,0.584421486
1497535056929450000,100956,1.633173084,-1.783255476,1.043510925,-0.703729642,0.322492172,-0.243611054,0.584309032
1497535056939460000,100957,1.63301687,-1.773831974,1.042776121,-0.70413664,0.320440514,-0.2442432,0.584683443
1497535056949480000,100958,1.632797128,-1.764172696,1.041886048,-0.704944046,0.319592392,-0.243653721,0.584420618
1497535056959490000,100959,1.632651478,-1.754466184,1.041771046,-0.70495416,0.318822074,-0.244218924,0.584593221
1497535056969490000,100960,1.632527245,-1.744743772,1.041739204,-0.704017284,0.31922191,-0.243777797,0.585687136
1497535056979500000,100961,1.632176473,-1.734838393,1.042011073,-0.703224404,0.319106509,-0.243487109,0.586822376
1497535056989490000,100962,1.631596513,-1.724788423,1.042460988,-0.702387415,0.318790055,-0.243024531,0.588186958
1497535056999470000,100963,1.631006979,-1.714675252,1.043325774,-0.701212709,0.319151529,-0.2411353,0.590166761
1497535057009480000,100964,1.629847738,-1.704158919,1.043835204,-0.70051713,0.318440315,-0.23899065,0.592245714
1497535057019470000,100965,1.628338523,-1.693464402,1.044580168,-0.699987349,0.316744677,-0.236589181,0.594740348
1497535057029450000,100966,1.626809306,-1.682874584,1.045714148,-0.698965657,0.315719317,-0.233163795,0.597831889
1497535057039460000,100967,1.625191471,-1.672249406,1.047422739,-0.698423572,0.313261437,-0.229837193,0.601037978
1497535057049490000,100968,1.623019799,-1.661604544,1.048643194,-0.697090487,0.310263651,-0.227506375,0.605014189
1497535057059490000,100969,1.620826454,-1.651185774,1.049960826,-0.695210133,0.307486796,-0.225023228,0.609507414
1497535057069480000,100970,1.618806095,-1.640924419,1.051703922,-0.694206688,0.304048911,-0.222964385,0.613121699
1497535057079460000,100971,1.61672644,-1.630916571,1.05329406,-0.692252531,0.300577418,-0.221233166,0.617653248
1497535057089480000,100972,1.614691632,-1.621193478,1.054948258,-0.689467266,0.296944404,-0.220194612,0.622874982
1497535057099490000,100973,1.612880257,-1.611593931,1.05660024,-0.687983208,0.292330499,-0.21857071,0.627254996
1497535057109490000,100974,1.611091419,-1.602345055,1.058079337,-0.68474048,0.288408053,-0.217313024,0.633029478
1497535057119490000,100975,1.609177619,-1.592847586,1.058344805,-0.683385713,0.286092938,-0.212829808,0.63705437
1497535057129450000,100976,1.607828817,-1.583863464,1.059819991,-0.681178989,0.282289284,-0.211424547,0.641566525
1497535057139500000,100977,1.606740265,-1.575083043,1.061154651,-0.678696945,0.280279017,-0.208938847,0.64587823
1497535057149490000,100978,1.605892673,-1.566137796,1.062830218,-0.678675459,0.277476165,-0.206845335,0.647782067
1497535057159490000,100979,1.605519926,-1.557196182,1.064427412,-0.680839909,0.276233753,-0.202681892,0.647357693
1497535057169490000,100980,1.604947836,-1.548565621,1.065485659,-0.681498595,0.276412581,-0.197398666,0.648220268
1497535057179360000,100981,1.601132769,-1.543795663,1.066811509,-0.656534484,0.269975108,-0.207287547,0.673132814
1497535057189480000,100982,1.599884269,-1.536491606,1.068026358,-0.650303658,0.26892083,-0.206431366,0.679832943
1497535057199470000,100983,1.599314631,-1.528802887,1.069687292,-0.649251872,0.268846486,-0.202989047,0.681901034
1497535057209490000,100984,1.598468208,-1.521634432,1.07140764,-0.645177307,0.268072546,-0.20186451,0.686392069
1497535057219480000,100985,1.59778173,-1.514464115,1.072805228,-0.642341854,0.26893267,-0.19866949,0.689639467
1497535057229410000,100986,1.596632111,-1.507705872,1.074311832,-0.637495233,0.267437007,-0.198515297,0.694743803
1497535057239480000,100987,1.596043957,-1.5007185,1.07617126,-0.635481073,0.266379289,-0.196968193,0.697430578
1497535057249480000,100988,1.595139942,-1.494027563,1.077681922,-0.630808467,0.265456223,-0.195917896,0.702303247
1497535057259480000,100989,1.594600463,-1.487057155,1.079540947,-0.629500428,0.263511757,-0.194391633,0.704629447
1497535057269430000,100990,1.593783333,-1.480328937,1.081105461,-0.625463349,0.261400799,-0.194282734,0.709027109
1497535057279420000,100991,1.593132224,-1.473448022,1.08224447,-0.622018432,0.260366872,-0.192669818,0.712867803
1497535057289420000,100992,1.59259031,-1.466324407,1.083813993,-0.621206395,0.257831644,-0.191156754,0.714901779
1497535057299430000,100993,1.591939645,-1.459186408,1.085074201,-0.618896043,0.255673265,-0.190438622,0.717866283
1497535057309550000,100994,1.591412797,-1.451972399,1.085939076,-0.617428629,0.254073834,-0.188514431,0.720201836
1497535057319540000,100995,1.590898844,-1.444675437,1.08692905,-0.615847036,0.25251591,-0.18759174,0.722341666
1497535057329380000,100996,1.590083408,-1.437054558,1.085924665,-0.612962453,0.256342661,-0.180934872,0.725140017
1497535057339510000,100997,1.589196119,-1.42997653,1.086483844,-0.609274246,0.253927042,-0.181275954,0.729002729
1497535057349490000,100998,1.588756058,-1.422293983,1.087237556,-0.609652145,0.252186044,-0.179303306,0.729778587
1497535057359480000,100999,1.587834036,-1.414701284,1.08801572,-0.607364965,0.247847842,-0.180536495,0.732861393
1497535057369490000,101000,1.587121915,-1.407089325,1.088592643,-0.606309012,0.244572824,-0.181075599,0.734700716
1497535057379460000,101001,1.586708835,-1.399797598,1.088341043,-0.603824627,0.246036968,-0.179724843,0.736587137
1497535057389500000,101002,1.586167011,-1.391562091,1.088752219,-0.603263266,0.243228771,-0.180692175,0.737742187
1497535057399490000,101003,1.585517548,-1.383726371,1.088791658,-0.601573028,0.242705333,-0.181115379,0.739189579
1497535057409500000,101004,1.58529869,-1.375673218,1.088726869,-0.601361026,0.242050664,-0.179821215,0.739892373
1497535057419410000,101005,1.584626799,-1.368081812,1.0877301,-0.603414462,0.238699079,-0.17696585,0.739997854
1497535057429380000,101006,1.58448452,-1.359979205,1.086667063,-0.605355959,0.237339864,-0.175375876,0.739227471
1497535057439500000,101007,1.584470096,-1.351553865,1.085831166,-0.607066925,0.236630622,-0.174639809,0.738225328
1497535057449500000,101008,1.583282533,-1.344294594,1.083114012,-0.609645699,0.229321715,-0.17306519,0.738777445
1497535057459500000,101009,1.584068019,-1.334759341,1.082153563,-0.612402995,0.233029936,-0.172641676,0.735428088
1497535057469490000,101010,1.584167294,-1.325885651,1.08019616,-0.613558501,0.233847241,-0.17229942,0.73428492
1497535057479450000,101011,1.584684878,-1.316498081,1.078332122,-0.614718872,0.236140598,-0.172836844,0.732451876
1497535057489490000,101012,1.584870956,-1.307395032,1.075877615,-0.619004886,0.23446511,-0.171116841,0.729779481
1497535057499480000,101013,1.584731918,-1.298262562,1.07321466,-0.6206889,0.232887502,-0.169857491,0.729148225
1497535057509500000,101014,1.584927155,-1.28845887,1.070990568,-0.62404953,0.231857008,-0.168378812,0.726947788
1497535057519480000,101015,1.585101756,-1.278565578,1.068691222,-0.625291765,0.231356896,-0.16758386,0.726222999
1497535057529470000,101016,1.585071469,-1.268638225,1.066406234,-0.626668716,0.231015603,-0.166380783,0.725420944
1497535057539490000,101017,1.584782017,-1.259071521,1.06405445,-0.628636553,0.229053967,-0.164111297,0.724857121
1497535057549500000,101018,1.584762713,-1.24937848,1.0620372,-0.628449942,0.229822098,-0.162241516,0.725196638
1497535057559510000,101019,1.584533177,-1.240035179,1.060191539,-0.62893968,0.228978853,-0.159345967,0.725680664
1497535057569430000,101020,1.584516746,-1.230676822,1.058575949,-0.627467759,0.229501573,-0.156814609,0.727339272
1497535057579470000,101021,1.584533462,-1.221142089,1.057173768,-0.625952292,0.229580339,-0.155224915,0.72895941
1497535057589480000,101022,1.584287778,-1.211566645,1.05582405,-0.622519373,0.228642858,-0.155527769,0.732122385
1497535057599470000,101023,1.584135206,-1.201582241,1.054448382,-0.620186255,0.2281003,-0.15472066,0.734439092
1497535057609500000,101024,1.584074708,-1.191245789,1.053186387,-0.616845181,0.227949347,-0.154385103,0.737364468
1497535057619500000,101025,1.584162473,-1.180408666,1.051982269,-0.613310346,0.228520446,-0.154455421,0.740116442
1497535057629470000,101026,1.584239434,-1.169258446,1.050799776,-0.609957768,0.228792429,-0.153293987,0.743038693
1497535057639490000,101027,1.584362653,-1.157686816,1.050009859,-0.607062486,0.228788465,-0.152725547,0.745523899
1497535057649490000,101028,1.58429213,-1.146110667,1.049366068,-0.60507508,0.226750259,-0.150375166,0.748235108
1497535057659490000,101029,1.583829892,-1.134775979,1.048256839,-0.598971785,0.223447367,-0.152163794,0.753757424
1497535057669490000,101030,1.584144777,-1.122635763,1.048961525,-0.600260619,0.221091511,-0.150496719,0.753761548
1497535057679470000,101031,1.584418127,-1.110980433,1.050146018,-0.599873431,0.219281766,-0.149531432,0.754789855
1497535057689460000,101032,1.584721753,-1.099474282,1.051753901,-0.600514559,0.21866513,-0.149326046,0.754499541
1497535057699450000,101033,1.585406073,-1.087941445,1.053967802,-0.601933823,0.220557614,-0.150587405,0.752564579
1497535057709500000,101034,1.586437956,-1.076740741,1.05624213,-0.602974628,0.223394981,-0.152216915,0.750563982
1497535057719470000,101035,1.587750835,-1.065771962,1.058612835,-0.605365375,0.22540026,-0.152056631,0.748068357
1497535057729420000,101036,1.589585722,-1.054747866,1.06090911,-0.607414646,0.227505571,-0.153480345,0.745474645
1497535057739490000,101037,1.591243547,-1.044093164,1.063145534,-0.608677846,0.229492338,-0.154981536,0.743522206
1497535057749480000,101038,1.593254323,-1.033409665,1.06544077,-0.60865163,0.233584813,-0.158196209,0.741589703
1497535057759490000,101039,1.594909008,-1.023145343,1.066915192,-0.607700761,0.23557283,-0.162300355,0.740853441
1497535057769470000,101040,1.59652781,-1.012915227,1.068550928,-0.606873451,0.239059452,-0.166168103,0.739556187
1497535057779480000,101041,1.597914085,-1.002845059,1.069769349,-0.606675129,0.24108239,-0.17039789,0.738098319
1497535057789440000,101042,1.599054841,-0.992737459,1.071080089,-0.607768525,0.243325998,-0.174062928,0.735603138
1497535057799500000,101043,1.599942409,-0.982800476,1.071940023,-0.608400832,0.243893282,-0.178295564,0.73387682
1497535057809490000,101044,1.600779295,-0.972847121,1.073163782,-0.612166668,0.244303534,-0.180092992,0.73016044
1497535057819480000,101045,1.601273058,-0.963398596,1.07379822,-0.615748095,0.242993201,-0.180127905,0.727573038
1497535057829460000,101046,1.601950622,-0.953976195,1.074778541,-0.620531527,0.243286814,-0.178816579,0.723724244
1497535057839430000,101047,1.602795566,-0.944601464,1.075941224,-0.624891256,0.245111999,-0.177259116,0.719729277
1497535057849500000,101048,1.603644592,-0.935676953,1.076564593,-0.628371529,0.246180834,-0.175250343,0.716820435
1497535057859500000,101049,1.604731997,-0.926489225,1.077627571,-0.632107474,0.249373005,-0.173594392,0.712824124
1497535057869460000,101050,1.605689459,-0.917823745,1.078357092,-0.634925782,0.251367672,-0.171305785,0.710167496
1497535057879470000,101051,1.606480257,-0.909198217,1.079018504,-0.637497169,0.253025283,-0.168999562,0.707823928
1497535057889480000,101052,1.607163427,-0.900760358,1.079578796,-0.639321767,0.253671567,-0.167814561,0.706227079
1497535057899480000,101053,1.607609039,-0.892617524,1.079764845,-0.639657404,0.253615116,-0.167250229,0.70607729
1497535057909500000,101054,1.60799247,-0.88447538,1.079990919,-0.641312648,0.252721474,-0.166976254,0.704960193
1497535057919530000,101055,1.608331222,-0.876361153,1.080380621,-0.643115769,0.252415937,-0.166885709,0.703446844
1497535057929460000,101056,1.608763216,-0.868224818,1.080560371,-0.644327475,0.252246813,-0.16838535,0.702039902
1497535057939500000,101057,1.609270474,-0.860111589,1.080961875,-0.647627258,0.252362847,-0.168327939,0.698968978
1497535057949500000,101058,1.609791038,-0.852127155,1.080939255,-0.650019393,0.252734637,-0.168930801,0.696464196
1497535057959510000,101059,1.610392595,-0.844269857,1.080774681,-0.652482091,0.253410483,-0.168839915,0.693933233
1497535057969490000,101060,1.611082423,-0.836385798,1.080643773,-0.655215925,0.254945219,-0.169062222,0.690733662
1497535057979470000,101061,1.611774445,-0.828536058,1.080580179,-0.657303292,0.257599857,-0.169274,0.687707066
1497535057989480000,101062,1.612428233,-0.820740906,1.080355544,-0.658851814,0.259795444,-0.169378089,0.685369737
1497535057999470000,101063,1.612948258,-0.813027063,1.080047424,-0.66075163,0.261803356,-0.169243778,0.682805119
1497535058009490000,101064,1.613343369,-0.805394262,1.079207864,-0.661561657,0.262277161,-0.169859733,0.681685071
1497535058019490000,101065,1.613764098,-0.797451299,1.078542135,-0.663219647,0.264078134,-0.170367154,0.679247724
1497535058029460000,101066,1.614142415,-0.789341215,1.078186976,-0.665530812,0.266172725,-0.17030756,0.676177605
1497535058039450000,101067,1.614296285,-0.781257486,1.077080958,-0.668160445,0.266277569,-0.170509403,0.673486762
1497535058049450000,101068,1.614650942,-0.772885089,1.076390229,-0.670651452,0.26817067,-0.171031113,0.670119004
1497535058059380000,101069,1.614677173,-0.764720346,1.075248846,-0.672638972,0.268483795,-0.171639219,0.667842229
1497535058069540000,101070,1.614861395,-0.756176429,1.074242766,-0.675224595,0.269048081,-0.172436669,0.664793556
1497535058079480000,101071,1.614951515,-0.747514114,1.073292723,-0.67850191,0.270502591,-0.172730762,0.660778019
1497535058089530000,101072,1.615212832,-0.738835143,1.072248366,-0.681245082,0.271894509,-0.172658427,0.657394541
1497535058099460000,101073,1.615048932,-0.730070173,1.070988744,-0.684046268,0.272093218,-0.173363916,0.654210162
1497535058109460000,101074,1.614950249,-0.721175204,1.069701375,-0.686575523,0.272534298,-0.174294747,0.651122453
1497535058119440000,101075,1.614926148,-0.712092821,1.068378816,-0.688784603,0.273905756,-0.175007111,0.648015369
1497535058129460000,101076,1.614727927,-0.702919112,1.066719975,-0.691131489,0.273829301,-0.175942209,0.645289948
1497535058139480000,101077,1.614612676,-0.693547757,1.065259864,-0.693581513,0.275520676,-0.176855133,0.641681621
1497535058149500000,101078,1.614427354,-0.684200283,1.063586747,-0.695980344,0.275568834,-0.177504543,0.63887817
1497535058159500000,101079,1.614080591,-0.674842592,1.061854557,-0.698378598,0.275483983,-0.17919082,0.635819596
1497535058169500000,101080,1.613806861,-0.665567493,1.060106478,-0.700210084,0.274355549,-0.179998764,0.634062549
1497535058179470000,101081,1.613459522,-0.656267731,1.058435395,-0.701571772,0.275445195,-0.182261637,0.631433043
1497535058189470000,101082,1.612967475,-0.647236323,1.056670541,-0.702737055,0.275505774,-0.184824502,0.629362458
1497535058199490000,101083,1.612600693,-0.638321423,1.054938636,-0.703158066,0.27532027,-0.187404752,0.628209313
1497535058209500000,101084,1.6119857,-0.629599456,1.053055548,-0.703905117,0.276036612,-0.190044962,0.626262156
1497535058219500000,101085,1.611522259,-0.621022781,1.051387442,-0.703735386,0.276728362,-0.191947917,0.625566876
1497535058229470000,101086,1.611028201,-0.612389218,1.049431293,-0.704288835,0.278639086,-0.19293074,0.623791012
1497535058239500000,101087,1.610500855,-0.603810101,1.047621211,-0.703713678,0.280183642,-0.194078697,0.623392048
1497535058249440000,101088,1.609841258,-0.59514359,1.045583583,-0.703626938,0.28167536,-0.194409521,0.62271427
1497535058259500000,101089,1.609141597,-0.586238667,1.043821744,-0.702913677,0.282903506,-0.194818359,0.622835272
1497535058269500000,101090,1.608453616,-0.576987686,1.041932289,-0.702980766,0.285056314,-0.194530785,0.62186712
1497535058279470000,101091,1.607495025,-0.567591576,1.040391635,-0.702246755,0.286183341,-0.195149463,0.621984949
1497535058289470000,101092,1.606231581,-0.558004654,1.038828394,-0.702181847,0.28956178,-0.19545141,0.620397756
1497535058299510000,101093,1.605169233,-0.547966106,1.037597324,-0.7012923,0.290126397,-0.19702684,0.620641771
1497535058309510000,101094,1.603952166,-0.537705398,1.036468596,-0.700510252,0.291742099,-0.198700225,0.620233951
1497535058319500000,101095,1.602523409,-0.527338701,1.035697182,-0.70000985,0.293387843,-0.199619063,0.619727371
1497535058329470000,101096,1.600875671,-0.516852669,1.035070469,-0.698962427,0.296557252,-0.20053261,0.619105802
1497535058339500000,101097,1.597965719,-0.506810372,1.032560716,-0.697648828,0.297281675,-0.201604687,0.619891336
1497535058349510000,101098,1.597266276,-0.495241472,1.03446872,-0.695666712,0.296406067,-0.202924893,0.622103494
1497535058359510000,101099,1.595156324,-0.484198352,1.034574686,-0.69505187,0.29648984,-0.202299838,0.622953809
1497535058369500000,101100,1.59288102,-0.473005341,1.034771749,-0.694263194,0.297071415,-0.201509308,0.623811824
1497535058379480000,101101,1.589002898,-0.462525922,1.032851549,-0.693427609,0.29807331,-0.199775359,0.624820182
1497535058389440000,101102,1.586200999,-0.451410461,1.033560445,-0.692997339,0.296084093,-0.197516559,0.62695782
1497535058399540000,101103,1.583341007,-0.440410167,1.034913709,-0.691478973,0.29339869,-0.194182917,0.630925538
1497535058409500000,101104,1.580237349,-0.429681583,1.035851543,-0.691138737,0.289271406,-0.19020922,0.634405038
1497535058419500000,101105,1.577274774,-0.419300536,1.037251576,-0.688792704,0.285658247,-0.186435411,0.639691969
1497535058429480000,101106,1.575580252,-0.408809081,1.04138221,-0.686481306,0.278779357,-0.183573504,0.646007938
1497535058439500000,101107,1.572601081,-0.399316635,1.043093223,-0.683044096,0.274121763,-0.182621952,0.651887448
1497535058449510000,101108,1.569963627,-0.390022466,1.045029795,-0.680012341,0.270622001,-0.18146516,0.656823679
1497535058459510000,101109,1.567312946,-0.381085456,1.046747433,-0.674998557,0.268078109,-0.182528053,0.662717576
1497535058469510000,101110,1.565248155,-0.372378945,1.048661633,-0.670758619,0.265297048,-0.183333161,0.667899171
1497535058479480000,101111,1.563138382,-0.363899737,1.050489008,-0.665587663,0.264928566,-0.184466087,0.67288794
1497535058489480000,101112,1.560209873,-0.356008621,1.049971319,-0.660488716,0.266733033,-0.185940117,0.676782401
1497535058499480000,101113,1.558710272,-0.347896157,1.051912277,-0.655354726,0.267395975,-0.186536171,0.681332395
1497535058509520000,101114,1.557421746,-0.33988628,1.053831901,-0.650300631,0.269051537,-0.186825065,0.685431801
1497535058519490000,101115,1.556323179,-0.331957078,1.055730901,-0.645601067,0.271197841,-0.186432272,0.689125533
1497535058529480000,101116,1.555102949,-0.3243201,1.05739609,-0.640497243,0.272460962,-0.186028736,0.693485122
1497535058539490000,101117,1.554210133,-0.316660733,1.059412214,-0.63575561,0.273456841,-0.185840486,0.697495143
1497535058549510000,101118,1.553279439,-0.30905855,1.061316692,-0.631046119,0.274245354,-0.185226424,0.701613465
1497535058559520000,101119,1.552441989,-0.301591784,1.063085056,-0.627111656,0.274346842,-0.185055892,0.705137645
1497535058569440000,101120,1.551693799,-0.294218966,1.065020913,-0.624098345,0.273652455,-0.185141807,0.70805233
1497535058579490000,101121,1.551011063,-0.286801949,1.067089856,-0.620263222,0.273369089,-0.186060823,0.71128352
1497535058589510000,101122,1.550460006,-0.279415112,1.06929698,-0.617349611,0.272095627,-0.186667337,0.714141956
1497535058599520000,101123,1.549585169,-0.272121973,1.071060779,-0.613623892,0.270330222,-0.188268264,0.717594838
1497535058609520000,101124,1.548808042,-0.264835796,1.072999418,-0.610286378,0.268983229,-0.18896568,0.720756915
1497535058619500000,101125,1.548063913,-0.257512877,1.074701163,-0.607162111,0.267336402,-0.189224616,0.723933328
1497535058629490000,101126,1.547306341,-0.250209562,1.076197383,-0.603838918,0.265861651,-0.189516211,0.727172435
1497535058639520000,101127,1.546783108,-0.242718755,1.077544077,-0.600723533,0.265157991,-0.189565858,0.729991276
1497535058649530000,101128,1.54616087,-0.235162956,1.078647201,-0.59839787,0.264901019,-0.189477091,0.732014939
1497535058659450000,101129,1.545708676,-0.227509408,1.079674999,-0.597307706,0.263959585,-0.188763293,0.73342843
1497535058669530000,101130,1.545238264,-0.219577967,1.080258932,-0.595643676,0.263570661,-0.188693702,0.734937959
1497535058679490000,101131,1.5448244,-0.211520689,1.081000403,-0.594913695,0.26245662,-0.188010968,0.736101959
1497535058689530000,101132,1.544343443,-0.203314937,1.081351726,-0.594837552,0.260818345,-0.187172599,0.736958951
1497535058699520000,101133,1.543790046,-0.195037664,1.081432133,-0.595310727,0.258717805,-0.186234327,0.737554751
1497535058709530000,101134,1.54333872,-0.186572883,1.081428296,-0.595449858,0.256901458,-0.186099152,0.738111248
1497535058719480000,101135,1.542703688,-0.178137889,1.081009402,-0.59700856,0.2537553,-0.184440784,0.738356706
1497535058729480000,101136,1.542209789,-0.169390563,1.080480484,-0.596886046,0.251618662,-0.184047786,0.739284458
1497535058739460000,101137,1.54163891,-0.160650223,1.079713645,-0.598560091,0.248804509,-0.182338955,0.739306864
1497535058749460000,101138,1.541300819,-0.151592989,1.078768217,-0.599469569,0.247415744,-0.181481037,0.73924713
1497535058759480000,101139,1.540912847,-0.142440094,1.077393895,-0.60190047,0.2459634,-0.179327413,0.738281456
1497535058769450000,101140,1.540822047,-0.132991145,1.076034258,-0.603266399,0.245067341,-0.177512179,0.737903162
1497535058779460000,101141,1.540751217,-0.123379077,1.074227731,-0.605758447,0.243749354,-0.175305216,0.736824971
1497535058789420000,101142,1.540892993,-0.113436741,1.072227384,-0.609113628,0.242615853,-0.173171075,0.734935313
1497535058799460000,101143,1.540969837,-0.103306779,1.06988195,-0.612461744,0.241467943,-0.17038572,0.733179754
1497535058809560000,101144,1.541368569,-0.092926901,1.067573814,-0.61623702,0.239697299,-0.167891583,0.731169992
1497535058819430000,101145,1.541730964,-0.082298701,1.064896886,-0.620361831,0.238895047,-0.16513751,0.728567058
1497535058829530000,101146,1.54219866,-0.07155501,1.062275633,-0.624778735,0.236774567,-0.162167733,0.726148031
1497535058839510000,101147,1.542565192,-0.060769542,1.059537225,-0.628373006,0.235421612,-0.159457898,0.724083703
1497535058849520000,101148,1.542732321,-0.050231256,1.056829819,-0.630059123,0.234492877,-0.157634268,0.723318761
1497535058859530000,101149,1.542759794,-0.040052236,1.054434907,-0.631075534,0.2327325,-0.155109333,0.723547061
1497535058869510000,101150,1.542675891,-0.030196053,1.051940191,-0.631457901,0.230409125,-0.153075354,0.724389736
1497535058879480000,101151,1.542517311,-0.020681743,1.049687376,-0.630371774,0.227912488,-0.15070648,0.7266188
1497535058889480000,101152,1.542530825,-0.011521761,1.04788641,-0.628913864,0.225566912,-0.149023376,0.728957443
1497535058899510000,101153,1.542689346,-0.002367712,1.046343299,-0.626107749,0.224309597,-0.150585291,0.731435822
1497535058909520000,101154,1.543261801,0.006929535,1.04521819,-0.622043279,0.224582287,-0.152851858,0.734344106
1497535058919520000,101155,1.544097615,0.016589398,1.043923877,-0.617627138,0.225085162,-0.154796163,0.737503584
1497535058929490000,101156,1.545613937,0.026634513,1.043414571,-0.613538461,0.225915216,-0.155662795,0.74047415
1497535058939520000,101157,1.546980618,0.03683555,1.042637041,-0.609766355,0.227578404,-0.156766593,0.74284406
1497535058949510000,101158,1.548644389,0.04747441,1.0423037,-0.605209242,0.229384217,-0.157502811,0.74585355
1497535058959530000,101159,1.550253977,0.058115906,1.042427957,-0.601028752,0.230628443,-0.158119294,0.748714398
1497535058969520000,101160,1.551684049,0.068817731,1.042854471,-0.598313662,0.231029232,-0.159022671,0.750571813
1497535058979480000,101161,1.553217271,0.07972565,1.044049992,-0.595245658,0.230508769,-0.160744151,0.752801191
1497535058989530000,101162,1.554876098,0.090494276,1.045759451,-0.595174593,0.228964766,-0.162576445,0.752935083
1497535058999530000,101163,1.55678179,0.101268381,1.047784279,-0.596217144,0.227862603,-0.164904497,0.751937669
1497535059009520000,101164,1.559159691,0.111744846,1.050266259,-0.597596059,0.227872231,-0.1677134,0.75021691
1497535059019520000,101165,1.562023794,0.121958671,1.052826609,-0.5994459,0.229064551,-0.17097509,0.74763732
1497535059029470000,101166,1.56540324,0.131911906,1.055403567,-0.600560124,0.230268012,-0.174057563,0.745659537
1497535059039520000,101167,1.569166184,0.141656742,1.057901907,-0.601166255,0.233027345,-0.17733215,0.743539306
1497535059049480000,101168,1.573008238,0.15134814,1.060246236,-0.600712951,0.23716486,-0.181428545,0.741606676
1497535059059450000,101169,1.577013494,0.161153959,1.062203529,-0.600560224,0.242536043,-0.185130946,0.739073892
1497535059069450000,101170,1.581097298,0.170649253,1.064114047,-0.599817298,0.249495199,-0.189184938,0.736329012
1497535059079460000,101171,1.583808348,0.180634431,1.063717223,-0.598245415,0.258016114,-0.192434178,0.733825044
1497535059089460000,101172,1.587489072,0.189924218,1.065247108,-0.598008158,0.264061457,-0.197250835,0.73058189
1497535059099520000,101173,1.590752362,0.199200985,1.066679105,-0.597985498,0.26697646,-0.202036929,0.728229355
1497535059109540000,101174,1.593824157,0.208336668,1.06827869,-0.600045827,0.269492422,-0.206139964,0.724448173
1497535059119490000,101175,1.596075803,0.217596293,1.068920595,-0.602996291,0.269830971,-0.208512128,0.721186115
1497535059129490000,101176,1.598069224,0.22660801,1.069828584,-0.606386905,0.268865537,-0.211168905,0.717923351
1497535059139440000,101177,1.599979197,0.23550421,1.070743004,-0.610549293,0.267414707,-0.2117546,0.714757948
1497535059149530000,101178,1.601817378,0.244308011,1.071242565,-0.614446689,0.266651987,-0.212674777,0.711422113
1497535059159520000,101179,1.60382487,0.253831483,1.072656741,-0.625693057,0.263012264,-0.210682276,0.703523792
1497535059169530000,101180,1.60545761,0.261494491,1.072630179,-0.62047624,0.266590644,-0.212124858,0.70635806
1497535059179420000,101181,1.607863761,0.270421121,1.074262087,-0.630582976,0.26525258,-0.208895079,0.698834047
1497535059189540000,101182,1.609828471,0.278673887,1.074868956,-0.633856209,0.266176405,-0.206702712,0.696168382
1497535059199530000,101183,1.611752778,0.286432612,1.0753985,-0.635274375,0.267893896,-0.205000253,0.69471881
1497535059209530000,101184,1.613498106,0.2941349,1.07604597,-0.635891735,0.26901146,-0.204931341,0.693741797
1497535059219440000,101185,1.615350237,0.302009912,1.075977941,-0.638437827,0.271871152,-0.201506221,0.691287539
1497535059229500000,101186,1.617051266,0.30949024,1.076245919,-0.638844372,0.274523705,-0.200140123,0.690259759
1497535059239530000,101187,1.618857072,0.317095427,1.076536713,-0.640413632,0.276426628,-0.200064692,0.688064545
1497535059249520000,101188,1.620481411,0.324709494,1.076479988,-0.642691307,0.279178274,-0.198785134,0.68519475
1497535059259530000,101189,1.622220276,0.332090519,1.076385141,-0.643650843,0.281834161,-0.198719418,0.683223017
1497535059269520000,101190,1.623875141,0.33970758,1.076192722,-0.646582024,0.284369101,-0.197849881,0.679647942
1497535059279470000,101191,1.625498932,0.347104008,1.0761021,-0.648096194,0.287297469,-0.197802064,0.676982888
1497535059289420000,101192,1.627089524,0.354453003,1.075733788,-0.649567341,0.290081232,-0.197487451,0.67447302
1497535059299530000,101193,1.628391019,0.361582066,1.075564473,-0.649788004,0.292295085,-0.199425171,0.67273229
1497535059309590000,101194,1.629788444,0.368900606,1.07515983,-0.650652331,0.295214135,-0.199958428,0.67046013
1497535059319550000,101195,1.631161562,0.376264739,1.074874507,-0.651780242,0.297376895,-0.201793695,0.667853879
1497535059329500000,101196,1.632415937,0.383706474,1.074259614,-0.652347168,0.300237047,-0.203901764,0.665375803
1497535059339540000,101197,1.633686806,0.391273829,1.073319381,-0.653918838,0.303620621,-0.204518966,0.662100193
1497535059349520000,101198,1.634796818,0.399144976,1.072594085,-0.655200209,0.305862764,-0.206806422,0.659084031
1497535059359530000,101199,1.636033002,0.40727691,1.071622093,-0.658160121,0.308043812,-0.207722832,0.654817142
1497535059369530000,101200,1.636636883,0.415865727,1.069803778,-0.661044147,0.309678912,-0.208751404,0.650801397
1497535059379550000,101201,1.637330946,0.424039998,1.067646828,-0.660079795,0.315903268,-0.20756656,0.649165551
1497535059389530000,101202,1.638353509,0.432684632,1.066550008,-0.663330748,0.316415849,-0.209291344,0.645035242
1497535059399530000,101203,1.639238366,0.441378702,1.065127686,-0.66659926,0.31790726,-0.209845372,0.640738106
1497535059409520000,101204,1.640168714,0.450179013,1.063638407,-0.669829384,0.319114579,-0.210974535,0.636383711
1497535059419510000,101205,1.640563052,0.459038613,1.062127031,-0.671214761,0.318769162,-0.214450976,0.633930394
1497535059429500000,101206,1.641559285,0.468062544,1.060670436,-0.675320289,0.318707369,-0.214925465,0.629424471
1497535059439490000,101207,1.642356209,0.477037479,1.058785185,-0.67848766,0.319663853,-0.21533497,0.625380178
1497535059449530000,101208,1.642918238,0.486152955,1.057081913,-0.681217875,0.319847784,-0.215522913,0.622245511
1497535059459530000,101209,1.643346101,0.495039507,1.055318888,-0.683525141,0.31908459,-0.217073008,0.61956252
1497535059469530000,101210,1.643851521,0.504002807,1.053712119,-0.686374533,0.317953472,-0.21759321,0.616805306
1497535059479440000,101211,1.643973271,0.512614996,1.052135541,-0.687303246,0.317848121,-0.218928904,0.615351083
1497535059489480000,101212,1.644219899,0.521416453,1.050644141,-0.689063533,0.316137025,-0.221337072,0.613399323
1497535059499420000,101213,1.644360626,0.530114662,1.049112911,-0.689336995,0.315864713,-0.223438834,0.612469655
1497535059509480000,101214,1.644717229,0.538521521,1.047778456,-0.690095032,0.316285505,-0.225491434,0.610643873
1497535059519490000,101215,1.645049877,0.546953608,1.046431359,-0.69012026,0.316492848,-0.228252105,0.609481157
1497535059529550000,101216,1.64534396,0.555378686,1.045081562,-0.689609197,0.31821709,-0.229266766,0.608780576
1497535059539550000,101217,1.645736748,0.563680951,1.043800374,-0.689158277,0.319117606,-0.230733818,0.608265344
1497535059549490000,101218,1.645895698,0.572153652,1.042381653,-0.687769418,0.320747959,-0.231918256,0.60852929
1497535059559540000,101219,1.64602433,0.580754919,1.041103939,-0.686863016,0.322472136,-0.232428944,0.608446962
1497535059569520000,101220,1.646093632,0.589795572,1.039798465,-0.686435775,0.324315587,-0.231507363,0.608300639
1497535059579500000,101221,1.645966119,0.599022576,1.038505347,-0.686625614,0.325373368,-0.231011632,0.607709687
1497535059589480000,101222,1.645712102,0.608489933,1.037260233,-0.686407173,0.326131402,-0.230464348,0.607757917
1497535059599520000,101223,1.645435373,0.618064339,1.036239427,-0.686363694,0.327146417,-0.229887992,0.607479722
1497535059609490000,101224,1.645222909,0.627744468,1.035580212,-0.68715577,0.327704066,-0.228949501,0.606637552
1497535059619510000,101225,1.645126248,0.637670865,1.035325083,-0.685662916,0.329569128,-0.229788995,0.606998824
1497535059629500000,101226,1.644546471,0.647109173,1.035301325,-0.68401397,0.331061625,-0.230258238,0.607868599
1497535059639540000,101227,1.644113714,0.656933549,1.036039446,-0.683035811,0.331771685,-0.230699505,0.608413813
1497535059649510000,101228,1.643367968,0.666654819,1.036893102,-0.680625363,0.332826458,-0.230733573,0.610522467
1497535059659540000,101229,1.642350553,0.676653759,1.038141304,-0.679267616,0.333208902,-0.229639193,0.612236208
1497535059669500000,101230,1.640938103,0.686524165,1.039506299,-0.677927492,0.333039984,-0.227932737,0.614447193
1497535059679490000,101231,1.639296745,0.696727628,1.041307977,-0.675430954,0.332050811,-0.22699223,0.618069424
1497535059689350000,101232,1.637502425,0.706821904,1.043185255,-0.674244063,0.330271448,-0.224692575,0.621151319
1497535059699540000,101233,1.635404456,0.716862008,1.045322644,-0.671986183,0.327523272,-0.222988942,0.625650868
1497535059709570000,101234,1.633151925,0.726718993,1.047318154,-0.669753857,0.324431793,-0.221167142,0.63028476
1497535059719470000,101235,1.631023502,0.736454193,1.049624158,-0.66720467,0.320927128,-0.219909951,0.63520337
1497535059729510000,101236,1.628895241,0.745867989,1.051748503,-0.664932823,0.31662223,-0.219139091,0.639994345
1497535059739520000,101237,1.626921159,0.755177661,1.054065367,-0.661840803,0.312211689,-0.219020523,0.64538409
1497535059749470000,101238,1.625273025,0.764206744,1.056134674,-0.658774682,0.308081862,-0.219058571,0.650472772
1497535059759550000,101239,1.62372018,0.772941003,1.05785384,-0.656113657,0.304016558,-0.219349733,0.654961446
1497535059769530000,101240,1.622445397,0.781420602,1.059539273,-0.652727249,0.300823751,-0.21900166,0.659917027
1497535059779410000,101241,1.621315663,0.789792578,1.061134939,-0.648433606,0.298520347,-0.219873876,0.664887163
1497535059789460000,101242,1.620484592,0.798033548,1.062667258,-0.644770786,0.297698511,-0.219657249,0.66887736
1497535059799530000,101243,1.61934654,0.805810937,1.063747612,-0.640807428,0.296255243,-0.218546715,0.673673514
1497535059809480000,101244,1.618489722,0.813756464,1.065091658,-0.637318753,0.294530935,-0.216952746,0.678238779
1497535059819510000,101245,1.617468856,0.821264529,1.06646098,-0.632718718,0.293575989,-0.214864806,0.683603158
1497535059829460000,101246,1.616566017,0.828911073,1.067826987,-0.628972614,0.292133578,-0.21248729,0.688404369
1497535059839540000,101247,1.615615651,0.836382116,1.069125581,-0.626311185,0.290564678,-0.210192766,0.692188896
1497535059849480000,101248,1.614661953,0.843545446,1.070448314,-0.622773465,0.288371985,-0.208568838,0.696773887
1497535059859540000,101249,1.613820551,0.850768555,1.071857503,-0.62043632,0.28620317,-0.206995348,0.700213856
1497535059869540000,101250,1.613113768,0.857822729,1.073253585,-0.617697445,0.284961527,-0.206046911,0.703414148
1497535059879470000,101251,1.612182296,0.864572963,1.07479959,-0.614648102,0.282713394,-0.205683385,0.707089239
1497535059889500000,101252,1.611463193,0.871312083,1.076548484,-0.611564283,0.28097135,-0.205018267,0.710641779
1497535059899530000,101253,1.610716505,0.877918793,1.078174633,-0.60846283,0.278943104,-0.20492182,0.714122382
1497535059909540000,101254,1.610063648,0.884426526,1.079696477,-0.605340243,0.277232082,-0.205126946,0.717376121
1497535059919530000,101255,1.609598505,0.891075746,1.081177291,-0.601889972,0.275770178,-0.205526277,0.720720625
1497535059929510000,101256,1.609177973,0.89771665,1.082599628,-0.599519555,0.274402038,-0.204563434,0.723487129
1497535059939540000,101257,1.608954833,0.904550681,1.083800683,-0.596793283,0.27368583,-0.204714499,0.725965439
1497535059949560000,101258,1.608623896,0.911314071,1.084771009,-0.594782045,0.272461651,-0.204448836,0.72814809
1497535059959550000,101259,1.608445771,0.918326654,1.085522294,-0.593466901,0.270912159,-0.204001746,0.729922548
1497535059969550000,101260,1.608381284,0.925540435,1.086168916,-0.591667271,0.269918478,-0.204182476,0.731698963
1497535059979490000,101261,1.608233759,0.932787809,1.086569993,-0.591666262,0.268291595,-0.202905105,0.732652833
1497535059989460000,101262,1.608123503,0.940310723,1.086958396,-0.591236357,0.266557549,-0.202557919,0.733728106
1497535059999620000,101263,1.607915201,0.947806972,1.087118421,-0.591518354,0.264242282,-0.201881395,0.734524306
1497535060009540000,101264,1.607736147,0.955567676,1.087223468,-0.59217274,0.261955316,-0.200664844,0.73514929
1497535060019550000,101265,1.607500204,0.963380211,1.087087418,-0.592937501,0.258995389,-0.19962658,0.735863939
1497535060029500000,101266,1.607259753,0.971464425,1.086824132,-0.594022492,0.256295344,-0.198193416,0.736321496
1497535060039530000,101267,1.607038109,0.979594842,1.086253875,-0.595139755,0.254020789,-0.19706834,0.736509457
1497535060049520000,101268,1.606885603,0.988051623,1.085461318,-0.597236019,0.252107749,-0.195674767,0.735841155
1497535060059530000,101269,1.606929909,0.996825069,1.08455183,-0.599153041,0.250415048,-0.193896357,0.735331313
1497535060069540000,101270,1.606941834,1.005733042,1.083295901,-0.602623353,0.24819533,-0.191359363,0.73391128
1497535060079520000,101271,1.60706499,1.014809628,1.081850827,-0.605332136,0.247545974,-0.189691716,0.732332608
1497535060089570000,101272,1.607318525,1.024000813,1.080260409,-0.608028508,0.245599989,-0.187216082,0.731390538
1497535060099540000,101273,1.607546379,1.033319402,1.078283058,-0.61083503,0.243884983,-0.184615159,0.730286193
1497535060109550000,101274,1.608033146,1.043223271,1.076337252,-0.614525867,0.242432025,-0.182701994,0.728151532
1497535060119540000,101275,1.608630803,1.053157917,1.074299849,-0.617919579,0.240799392,-0.179757743,0.72655227
1497535060129470000,101276,1.60906089,1.063207024,1.072105981,-0.620962528,0.238046371,-0.176778593,0.725595475
1497535060139540000,101277,1.60956965,1.073582153,1.069654649,-0.624481358,0.235926923,-0.174299815,0.723865385
1497535060149540000,101278,1.610008662,1.083993456,1.067493366,-0.626973366,0.233855464,-0.172210403,0.722882838
1497535060159540000,101279,1.610289703,1.094132864,1.065077936,-0.629283184,0.231668696,-0.169345296,0.722256506
1497535060169540000,101280,1.610450291,1.103988697,1.062779217,-0.629703761,0.230100429,-0.167303661,0.722866828
1497535060179520000,101281,1.610493583,1.113246546,1.060414096,-0.628388444,0.228301915,-0.164730449,0.725168999
1497535060189540000,101282,1.610730899,1.12242475,1.058463077,-0.627423126,0.226170608,-0.162235138,0.727232313
1497535060199560000,101283,1.611137088,1.131504387,1.056804174,-0.62587838,0.225733919,-0.161593231,0.728840229
1497535060209540000,101284,1.611615726,1.140660818,1.05560426,-0.623227054,0.224090424,-0.161397507,0.731657273
1497535060219500000,101285,1.61240493,1.150169648,1.054480009,-0.619593998,0.223322891,-0.162014989,0.734834204
1497535060229490000,101286,1.613250805,1.159836742,1.053663385,-0.6169017,0.222019001,-0.161543364,0.737593111
1497535060239510000,101287,1.614309035,1.169832176,1.052892031,-0.612700227,0.220944495,-0.160699039,0.741591384
1497535060249440000,101288,1.61560558,1.180162249,1.052168214,-0.609566557,0.220015022,-0.159514219,0.744699414
1497535060259560000,101289,1.616952707,1.190699911,1.051400253,-0.605810369,0.22075046,-0.15842466,0.747773133
1497535060269590000,101290,1.618230094,1.201370694,1.051012834,-0.602047604,0.220357364,-0.157123572,0.751194714
1497535060279560000,101291,1.619543978,1.212250963,1.050793512,-0.598689899,0.220081152,-0.156324161,0.754120314
1497535060289480000,101292,1.6208196,1.223158269,1.051078801,-0.595874972,0.218292512,-0.156073387,0.756916438
1497535060299540000,101293,1.621973543,1.234088686,1.052058031,-0.594954692,0.215283633,-0.155850855,0.75854623
1497535060309550000,101294,1.623502512,1.245157998,1.053668539,-0.595458686,0.212788704,-0.156258133,0.758770925
1497535060319540000,101295,1.625015937,1.255907197,1.055341569,-0.598635203,0.21096201,-0.156666533,0.75669447
1497535060329510000,101296,1.626903304,1.266683148,1.057136954,-0.602012403,0.210467455,-0.157054034,0.754067999
1497535060339540000,101297,1.62895222,1.277085781,1.058889884,-0.604010098,0.209966537,-0.158047505,0.752400719
1497535060349510000,101298,1.631219523,1.287248768,1.060646096,-0.605125157,0.208895091,-0.159371708,0.751523149
1497535060359540000,101299,1.63368067,1.297097182,1.062196094,-0.604978884,0.208682333,-0.160466778,0.751466997
1497535060369550000,101300,1.636298813,1.306915049,1.063712639,-0.604449998,0.210631576,-0.161908375,0.751039425
1497535060379510000,101301,1.639124217,1.316829078,1.065283512,-0.604607671,0.214282982,-0.163817761,0.749463881
1497535060389550000,101302,1.64193219,1.326652,1.066750849,-0.60463302,0.217994136,-0.165415411,0.748020862
1497535060399550000,101303,1.644655281,1.336363336,1.068296722,-0.6055925,0.222097688,-0.167163968,0.745645056
1497535060409550000,101304,1.647087732,1.345802064,1.069768358,-0.607240106,0.225080437,-0.168801665,0.743037178
1497535060419550000,101305,1.649203281,1.355182816,1.071172313,-0.6093717,0.226820174,-0.170297466,0.740417121
1497535060429530000,101306,1.650880705,1.364310954,1.072405254,-0.612257942,0.226412092,-0.171262327,0.737934273
1497535060439550000,101307,1.652201284,1.373367567,1.073535271,-0.616796607,0.225148878,-0.171904199,0.734383329
1497535060449530000,101308,1.65318704,1.382134638,1.074476463,-0.62122679,0.22253489,-0.171694549,0.731489221
1497535060459550000,101309,1.653880157,1.390674003,1.075240084,-0.624842673,0.219613176,-0.171752636,0.729275476
1497535060469590000,101310,1.654428279,1.398876888,1.075895046,-0.628900717,0.216859777,-0.171362435,0.726698453
1497535060479520000,101311,1.654985826,1.40694948,1.076397285,-0.632822177,0.213391917,-0.169977059,0.72464321
1497535060489560000,101312,1.655465995,1.414570714,1.076916288,-0.635486768,0.211307943,-0.16982152,0.72295655
1497535060499540000,101313,1.655983166,1.421903836,1.077214454,-0.637889292,0.208892088,-0.168226608,0.721914922
1497535060509550000,101314,1.656657485,1.429160927,1.077428699,-0.640110831,0.209070013,-0.166870666,0.720209716
1497535060519540000,101315,1.657362762,1.436340305,1.077491884,-0.642333805,0.209899408,-0.164753829,0.718474563
1497535060529490000,101316,1.658219254,1.44333396,1.077482298,-0.645096608,0.211185138,-0.16240917,0.716152543
1497535060539510000,101317,1.659056804,1.450301712,1.077456524,-0.647009949,0.213469002,-0.160991512,0.714066415
1497535060549540000,101318,1.659875833,1.457246206,1.077397674,-0.649054851,0.216347902,-0.158666104,0.71186126
1497535060559540000,101319,1.660701866,1.464110406,1.077221064,-0.651123898,0.219025739,-0.1570469,0.709508045
1497535060569510000,101320,1.66138484,1.470891155,1.077155627,-0.652947274,0.221286924,-0.155006992,0.707576701
1497535060579490000,101321,1.661904682,1.47759843,1.077116868,-0.65434413,0.22373439,-0.154262589,0.705676793
1497535060589540000,101322,1.662342085,1.484192917,1.076916037,-0.65592446,0.226012512,-0.153512891,0.703644256
1497535060599540000,101323,1.662492756,1.490931802,1.07677381,-0.657366259,0.227535839,-0.152519827,0.702021898
1497535060609560000,101324,1.662642176,1.497589474,1.076630106,-0.659476683,0.228971918,-0.152095989,0.699663616
1497535060619550000,101325,1.662641977,1.504359329,1.076406741,-0.661574077,0.229729493,-0.151583185,0.697543288
1497535060629580000,101326,1.662535043,1.511178443,1.076192809,-0.664439748,0.230504236,-0.151483727,0.694579224
1497535060639550000,101327,1.662305937,1.518174495,1.075735433,-0.66684695,0.231295531,-0.151102442,0.692087838
1497535060649550000,101328,1.661847734,1.525145217,1.07529287,-0.668634994,0.231212473,-0.151208618,0.690365114
1497535060659560000,101329,1.661254545,1.532182962,1.074837113,-0.671841896,0.230579138,-0.150881746,0.687529219
1497535060669560000,101330,1.660629911,1.53945303,1.074193821,-0.674754801,0.229691774,-0.151110788,0.684918373
1497535060679610000,101331,1.659895625,1.546603887,1.073438495,-0.67733502,0.229317153,-0.151054169,0.682505349
1497535060689550000,101332,1.659041657,1.553841592,1.072714836,-0.679000146,0.228799357,-0.152211458,0.680765252
1497535060699550000,101333,1.658371025,1.561507165,1.072042017,-0.682348336,0.227576382,-0.152106279,0.677844686
1497535060709530000,101334,1.657321958,1.568770548,1.071359504,-0.683660929,0.226866597,-0.154293911,0.676263758
1497535060719550000,101335,1.656682291,1.576505451,1.070249375,-0.686776528,0.227550729,-0.1540037,0.672935009
1497535060729520000,101336,1.655558755,1.583987829,1.069478802,-0.68734117,0.226594603,-0.157006117,0.671986667
1497535060739550000,101337,1.654611387,1.592042314,1.068511759,-0.690452629,0.22545951,-0.157723954,0.669003985
1497535060749560000,101338,1.65358528,1.599960035,1.067472167,-0.69381652,0.224755957,-0.158478434,0.665573424
1497535060759550000,101339,1.652452961,1.608024718,1.06628262,-0.696603504,0.224484338,-0.15934829,0.662539405
1497535060769520000,101340,1.651311704,1.616337424,1.064968908,-0.699469694,0.223905382,-0.160245655,0.659492121
1497535060779420000,101341,1.650102288,1.624674957,1.063612033,-0.703345801,0.223316367,-0.16002595,0.655611302
1497535060789600000,101342,1.648747517,1.63303463,1.062136125,-0.706142546,0.221874095,-0.159911911,0.653117731
1497535060799550000,101343,1.647131713,1.641251321,1.060671521,-0.709069718,0.220516733,-0.160345054,0.650293756
1497535060809560000,101344,1.645543136,1.649476773,1.059096485,-0.710936991,0.219380686,-0.161044024,0.648463979
1497535060819540000,101345,1.643820036,1.657547605,1.057608737,-0.71382696,0.218386284,-0.16175588,0.645440577
1497535060829540000,101346,1.641903093,1.665356541,1.056294481,-0.715055403,0.217537815,-0.162190197,0.644257254
1497535060839530000,101347,1.640153007,1.673196526,1.054936355,-0.715410501,0.216333536,-0.163407596,0.643960848
1497535060849530000,101348,1.638468559,1.681050832,1.053725351,-0.717561215,0.215473428,-0.164660587,0.641532537
1497535060859490000,101349,1.636658557,1.688585673,1.052521842,-0.718061068,0.21433752,-0.164577046,0.641375183
1497535060869600000,101350,1.634817588,1.695913168,1.051418322,-0.717870969,0.214572437,-0.165931818,0.641160333
1497535060879430000,101351,1.632749562,1.703233215,1.050418047,-0.717584543,0.214230434,-0.166805654,0.641368551
1497535060889530000,101352,1.630694808,1.711042297,1.049348088,-0.718549866,0.21359181,-0.164968381,0.640975868
1497535060899530000,101353,1.628514786,1.71871013,1.04821507,-0.717287706,0.212923847,-0.166529324,0.64220695
1497535060909570000,101354,1.626087452,1.726608691,1.047181486,-0.717615007,0.212422068,-0.165901109,0.642170063
1497535060919540000,101355,1.623688214,1.734875599,1.045981592,-0.718194453,0.21245284,-0.165590576,0.641591988
1497535060929520000,101356,1.621077823,1.743067219,1.045060974,-0.718335162,0.213491821,-0.165994615,0.640984887
1497535060939600000,101357,1.61821964,1.751585345,1.044342794,-0.718665727,0.212942084,-0.165448241,0.64093847
1497535060949520000,101358,1.615163329,1.760117272,1.043736619,-0.717684572,0.213874688,-0.165462447,0.641723189
1497535060959460000,101359,1.611873759,1.76873844,1.043346524,-0.717717584,0.215048086,-0.164200588,0.641618233
1497535060969580000,101360,1.608125023,1.777510119,1.043203591,-0.717126987,0.214353717,-0.163176001,0.642771313
1497535060979580000,101361,1.604169081,1.786431408,1.043322777,-0.716951676,0.213664289,-0.161356047,0.643655259
1497535060989590000,101362,1.599746611,1.795272258,1.043662054,-0.716077366,0.211998025,-0.16034445,0.645429857
1497535060999560000,101363,1.595101159,1.804155281,1.044162772,-0.716079842,0.210845345,-0.157987869,0.646385128
1497535061009570000,101364,1.590104147,1.813168133,1.045039563,-0.715296733,0.207126371,-0.155859804,0.648966079
1497535061019540000,101365,1.58434949,1.821806854,1.045782699,-0.714414953,0.203984764,-0.153595676,0.651467466
1497535061029500000,101366,1.578444172,1.830602323,1.047006634,-0.71430387,0.198114219,-0.149082406,0.654442644
1497535061039560000,101367,1.572094647,1.838922726,1.048383703,-0.712279329,0.191494378,-0.145421302,0.659424527
1497535061049490000,101368,1.565818431,1.847323765,1.049677681,-0.710729753,0.183845188,-0.141199089,0.66417391
1497535061059560000,101369,1.55952754,1.855543292,1.051088068,-0.710512606,0.175596978,-0.135889025,0.667736259
1497535061069560000,101370,1.553374512,1.863268,1.052504015,-0.708627408,0.168753194,-0.132316112,0.672206815
1497535061079410000,101371,1.547630518,1.870843111,1.053844127,-0.706413397,0.161356217,-0.128915535,0.676997096
1497535061089560000,101372,1.542239049,1.877998655,1.054986557,-0.703341911,0.156897149,-0.126066238,0.681762968
1497535061099400000,101373,1.537254403,1.884938938,1.056293029,-0.698761489,0.152523802,-0.123930552,0.687829986
1497535061109570000,101374,1.532648622,1.89178292,1.057356768,-0.695824587,0.150404382,-0.121368211,0.691719903
1497535061119550000,101375,1.528383137,1.898506177,1.058185992,-0.69195879,0.151021031,-0.118839888,0.695889907
1497535061129530000,101376,1.52434742,1.905250591,1.059195847,-0.687985018,0.150832494,-0.115842947,0.700361753
1497535061139560000,101377,1.520236078,1.911833843,1.060091906,-0.684522827,0.152486118,-0.111295097,0.704123486
1497535061149550000,101378,1.516264796,1.918540391,1.061067988,-0.681095287,0.151968124,-0.106028182,0.708359319
1497535061159550000,101379,1.511945691,1.92510229,1.062076857,-0.678584112,0.152022632,-0.099966946,0.711631458
1497535061169550000,101380,1.507642106,1.931799889,1.063093743,-0.676791191,0.151092354,-0.092572335,0.714531418
1497535061179540000,101381,1.503275172,1.938401792,1.064156838,-0.674790533,0.149834644,-0.086646819,0.717425706
1497535061189550000,101382,1.498643741,1.944929459,1.065114598,-0.672329449,0.147929512,-0.079787387,0.72091882
1497535061199560000,101383,1.493899688,1.951463461,1.066450209,-0.671933506,0.144734124,-0.073791121,0.722573365
1497535061209560000,101384,1.488979622,1.957851868,1.067542601,-0.669875667,0.141630797,-0.067410322,0.725715617
1497535061219550000,101385,1.483992906,1.964376169,1.068753674,-0.668945294,0.137267552,-0.06177618,0.727910377
1497535061229540000,101386,1.478793197,1.970665555,1.06990322,-0.666933233,0.132021218,-0.055252233,0.731243907
1497535061239560000,101387,1.473384414,1.977083476,1.070979718,-0.666430733,0.126547634,-0.049068706,0.733108475
1497535061249550000,101388,1.468126545,1.983649211,1.072168498,-0.665670211,0.120054695,-0.042750836,0.735283895
1497535061259560000,101389,1.462652581,1.990195658,1.073152206,-0.66514499,0.114978818,-0.036293185,0.736915747
1497535061269560000,101390,1.457202931,1.996249634,1.073835635,-0.662647906,0.108062273,-0.026949405,0.740603826
1497535061279600000,101391,1.451598761,2.002981637,1.074743682,-0.66377384,0.103538403,-0.020701656,0.740442793
1497535061289580000,101392,1.446205883,2.009402376,1.075344431,-0.662133436,0.098117935,-0.013087496,0.742819562
1497535061299540000,101393,1.440762072,2.015840688,1.075816043,-0.661389518,0.093268271,-0.00529699,0.744202175
1497535061309620000,101394,1.43514046,2.022495844,1.07647157,-0.662230073,0.088820015,0.00184186,0.744015418
1497535061319560000,101395,1.429641626,2.028890287,1.076890879,-0.661676225,0.082752237,0.009608608,0.745147177
1497535061329530000,101396,1.423995754,2.035252093,1.077368761,-0.66247138,0.077185134,0.017883525,0.744885431
1497535061339560000,101397,1.418289902,2.04131564,1.077714155,-0.662180743,0.071343985,0.026528804,0.745468257
1497535061349550000,101398,1.41242716,2.047140901,1.07808908,-0.66222074,0.065168121,0.034786864,0.745658555
1497535061359540000,101399,1.406498051,2.052704428,1.078429353,-0.660783507,0.057910846,0.042958112,0.747105141
1497535061369560000,101400,1.400440738,2.058217434,1.078547669,-0.657892409,0.052447525,0.05060593,0.749577131
1497535061379630000,101401,1.394171946,2.062980896,1.078676642,-0.655683786,0.043528657,0.059788085,0.751404959
1497535061389570000,101402,1.387841998,2.068144223,1.079026216,-0.653531229,0.036243297,0.066276825,0.753120666
1497535061399550000,101403,1.381522101,2.073185303,1.079309963,-0.652028563,0.026267607,0.073373901,0.754178385
1497535061409570000,101404,1.37517254,2.078313635,1.079496817,-0.649425826,0.019212637,0.078557089,0.756112263
1497535061419500000,101405,1.368650055,2.083306314,1.07976074,-0.64858851,0.011827823,0.084542201,0.756337004
1497535061429530000,101406,1.362179767,2.088593097,1.079938622,-0.647587362,0.00399285,0.089851733,0.75666461
1497535061439560000,101407,1.3555658,2.093940399,1.080164791,-0.646468848,-0.002832165,0.09461724,0.757045299
1497535061449550000,101408,1.349033589,2.099093818,1.080335545,-0.64527788,-0.010280861,0.100417897,0.757249634
1497535061459550000,101409,1.342312445,2.104760674,1.080490564,-0.646572912,-0.018209949,0.105533942,0.755297593
1497535061469570000,101410,1.335507686,2.110340928,1.080656847,-0.646802764,-0.025337949,0.110125433,0.754239062
1497535061479530000,101411,1.328764501,2.115968216,1.080871061,-0.647559154,-0.032581054,0.115947012,0.752437311
1497535061489560000,101412,1.321818054,2.121660572,1.080634296,-0.648162443,-0.03885783,0.120953933,0.750829983
1497535061499550000,101413,1.314795137,2.1272014,1.080329622,-0.649194213,-0.046225064,0.125753392,0.748729726
1497535061509640000,101414,1.307641887,2.132954024,1.079843454,-0.650062776,-0.052199943,0.129813876,0.746888152
1497535061519560000,101415,1.300311866,2.138585869,1.078845329,-0.650271098,-0.058733171,0.133431294,0.745582996
1497535061529570000,101416,1.292940296,2.144563052,1.077785762,-0.651332091,-0.065917263,0.139099754,0.743015935
1497535061539550000,101417,1.285109485,2.150449845,1.076712183,-0.652013337,-0.072800993,0.143015675,0.741029784
1497535061549530000,101418,1.277162537,2.156729111,1.075092391,-0.653966589,-0.082389219,0.148663295,0.737183112
1497535061559550000,101419,1.269002226,2.162852723,1.073286837,-0.654750829,-0.089114602,0.152984457,0.734816777
1497535061569540000,101420,1.260733169,2.169223798,1.071563488,-0.655288505,-0.097579816,0.158805059,0.732021932
1497535061579540000,101421,1.252414184,2.175256989,1.069822305,-0.655253222,-0.102795481,0.164716266,0.730030723
1497535061589560000,101422,1.244181488,2.181366495,1.067651048,-0.654522045,-0.108402702,0.170518877,0.728541735
1497535061599550000,101423,1.23592192,2.187566656,1.065524082,-0.654359581,-0.112735138,0.176098915,0.72670042
1497535061609570000,101424,1.22775819,2.193465622,1.063550895,-0.65398183,-0.11782425,0.18184854,0.72481468
1497535061619540000,101425,1.219674733,2.199750416,1.061814733,-0.654014938,-0.12193094,0.187209104,0.72273789
1497535061629520000,101426,1.211564615,2.205645262,1.059960092,-0.653567113,-0.125247989,0.19293783,0.721067239
1497535061639550000,101427,1.203506604,2.21160583,1.05809079,-0.651084137,-0.129528795,0.198619403,0.721014612
1497535061649550000,101428,1.195380837,2.217850476,1.056722352,-0.650939322,-0.13365351,0.203345764,0.719072485
1497535061659550000,101429,1.187256945,2.223764112,1.055666302,-0.647507337,-0.136106198,0.207985581,0.72038278
1497535061669550000,101430,1.179067791,2.23005628,1.054650786,-0.644652155,-0.135372622,0.213181344,0.721561895
1497535061679500000,101431,1.170813718,2.236317464,1.053627084,-0.641607525,-0.135238666,0.217079342,0.72313681
1497535061689460000,101432,1.162437031,2.243147408,1.053083025,-0.641172184,-0.137473629,0.22147318,0.721767873
1497535061699470000,101433,1.15399731,2.249418634,1.052466471,-0.63907625,-0.135776394,0.22563671,0.722657867
1497535061709570000,101434,1.145464144,2.255955797,1.052065499,-0.636280738,-0.136017549,0.229088095,0.723992191
1497535061719600000,101435,1.136847688,2.262307711,1.052333985,-0.635596239,-0.136753246,0.232062794,0.723507312
1497535061729540000,101436,1.128295974,2.268115692,1.052674445,-0.633493681,-0.137809723,0.234487158,0.724368697
1497535061739550000,101437,1.119743675,2.274095131,1.053841525,-0.632742272,-0.139879227,0.236916226,0.723838187
1497535061749550000,101438,1.111253593,2.279756635,1.054884438,-0.631935763,-0.141685778,0.238823642,0.72356451
1497535061759570000,101439,1.102847068,2.285973956,1.056594468,-0.633511441,-0.145682459,0.238643583,0.721449315
1497535061769560000,101440,1.094578451,2.292242686,1.05827178,-0.634718732,-0.148610472,0.239136305,0.719625518
1497535061779600000,101441,1.086437507,2.29799649,1.059417239,-0.636663267,-0.149793844,0.239646602,0.717489508
1497535061789570000,101442,1.078366363,2.304449509,1.060861861,-0.637863575,-0.152770534,0.240511189,0.715503733
1497535061799570000,101443,1.070271233,2.31090692,1.061855989,-0.637898824,-0.153317814,0.241011962,0.71518667
1497535061809580000,101444,1.062419573,2.317467712,1.062755467,-0.639315714,-0.151828486,0.240807309,0.714307615
1497535061819570000,101445,1.054753258,2.324131893,1.063551748,-0.640948007,-0.14976362,0.241330888,0.713103017
1497535061829540000,101446,1.047191855,2.330360456,1.064152638,-0.643808465,-0.147890249,0.240437494,0.711216525
1497535061839560000,101447,1.039625545,2.336719424,1.064863381,-0.646710649,-0.146811238,0.240355963,0.708830592
1497535061849570000,101448,1.03194581,2.34240258,1.065186965,-0.649620055,-0.147988267,0.239434418,0.706232551
1497535061859560000,101449,1.02426653,2.347790744,1.065683618,-0.651570091,-0.151567191,0.239559087,0.70363005
1497535061869560000,101450,1.016554335,2.352704071,1.066075067,-0.653074768,-0.157620169,0.240808136,0.700471749
1497535061879630000,101451,1.008797375,2.357247953,1.066400029,-0.65477,-0.164206057,0.241121855,0.697260977
1497535061889510000,101452,1.001159378,2.36132028,1.066620276,-0.655497669,-0.171659255,0.242226659,0.694393369
1497535061899540000,101453,0.993617687,2.365283879,1.0668917,-0.655700851,-0.17809202,0.243228056,0.692228098
1497535061909510000,101454,0.986246819,2.369332009,1.067281739,-0.655937895,-0.184254066,0.244606313,0.689901202
1497535061919480000,101455,0.979114385,2.372994659,1.067173044,-0.655846928,-0.189524253,0.245858302,0.68811268
1497535061929450000,101456,0.972201947,2.376647791,1.067174416,-0.655847938,-0.194060006,0.247751479,0.686165724
1497535061939550000,101457,0.965391008,2.380232927,1.067033839,-0.656347746,-0.197354874,0.249897408,0.683966355
1497535061949570000,101458,0.958669019,2.384134957,1.066758603,-0.657599013,-0.199148535,0.252327229,0.681347466
1497535061959580000,101459,0.952054276,2.388059523,1.066393423,-0.659506559,-0.200179289,0.254633907,0.678336881
1497535061969570000,101460,0.945459558,2.392234901,1.065962412,-0.662595761,-0.199516595,0.25655156,0.674789806
1497535061979550000,101461,0.938881354,2.396511011,1.065545861,-0.665962161,-0.199092027,0.258982003,0.670660188
1497535061989580000,101462,0.932208909,2.400601576,1.065005738,-0.669650268,-0.198445246,0.261107485,0.666341417
1497535061999570000,101463,0.925507795,2.404670898,1.064577103,-0.672825666,-0.198297128,0.263366514,0.662285401
1497535062009580000,101464,0.918588961,2.40856095,1.063978803,-0.675325573,-0.197916482,0.265278244,0.659084129
1497535062019560000,101465,0.911642011,2.412192474,1.063372513,-0.678120943,-0.198839385,0.26723684,0.655133084
1497535062029540000,101466,0.904531444,2.415826243,1.063025404,-0.680438388,-0.199126832,0.269135361,0.651857547
1497535062039510000,101467,0.897270118,2.419043524,1.062443141,-0.682023108,-0.200455533,0.271034029,0.649001244
1497535062049540000,101468,0.889834154,2.422039271,1.061669449,-0.683509439,-0.202674293,0.272499331,0.646128541
1497535062059520000,101469,0.882187178,2.424965466,1.060970644,-0.68541162,-0.205850451,0.274132727,0.642407777
1497535062069590000,101470,0.874350182,2.427556946,1.060071234,-0.686735641,-0.208740444,0.275447917,0.63949201
1497535062079540000,101471,0.866300308,2.430174475,1.059105749,-0.688433764,-0.213392344,0.276616341,0.63561471
1497535062089570000,101472,0.858186527,2.432616402,1.058038481,-0.690349099,-0.218362764,0.277798342,0.631319179
1497535062099520000,101473,0.849946441,2.434970562,1.056815658,-0.691939325,-0.222667138,0.277803772,0.628063994
1497535062109510000,101474,0.841763996,2.437223656,1.055378965,-0.693648842,-0.227456642,0.277949226,0.62438689
1497535062119570000,101475,0.833579338,2.439586323,1.054062,-0.695769124,-0.232091368,0.277818637,0.620367413
1497535062129520000,101476,0.825515877,2.441837044,1.052603601,-0.697631923,-0.236243988,0.276948873,0.617088163
1497535062139570000,101477,0.817433089,2.444184052,1.051038111,-0.699037139,-0.239081717,0.276032054,0.61481161
1497535062149610000,101478,0.809639106,2.446411491,1.04952126,-0.701318487,-0.241544263,0.274450732,0.61195224
1497535062159640000,101479,0.801770051,2.44871239,1.048012084,-0.703223106,-0.243202037,0.272875352,0.609810687
1497535062169560000,101480,0.793667737,2.451084329,1.046447412,-0.70579248,-0.246045097,0.271239818,0.606422086
1497535062179540000,101481,0.785753502,2.453136437,1.0445817,-0.708467185,-0.247817461,0.269395366,0.603396131
1497535062189590000,101482,0.77747329,2.455351049,1.043005595,-0.710536276,-0.249855144,0.267778584,0.600837114
1497535062199580000,101483,0.769171005,2.457317963,1.041061886,-0.712771827,-0.251930744,0.26604142,0.598087942
1497535062209630000,101484,0.760808464,2.45912314,1.039174249,-0.714525392,-0.254101034,0.26433235,0.595830963
1497535062219540000,101485,0.752271292,2.460859858,1.037265443,-0.715925524,-0.255941405,0.262560181,0.594143748
1497535062229550000,101486,0.743777445,2.462492232,1.035204122,-0.716570837,-0.257502705,0.261088488,0.59333919
1497535062239600000,101487,0.734883105,2.464482401,1.033344896,-0.718985115,-0.260334768,0.259538942,0.589852313
1497535062249580000,101488,0.726042883,2.466324025,1.031248849,-0.72046414,-0.262138197,0.257478674,0.588149404
1497535062259550000,101489,0.717352006,2.467918376,1.029271683,-0.722072062,-0.263927039,0.254928238,0.586486188
1497535062269590000,101490,0.708649972,2.469511448,1.027209641,-0.723450437,-0.265029087,0.252350504,0.585404365
1497535062279550000,101491,0.700081053,2.470728454,1.025061089,-0.724992417,-0.265491472,0.249468066,0.584521991
1497535062289580000,101492,0.691673153,2.471643919,1.022877897,-0.725069904,-0.265043177,0.246973385,0.58568754
1497535062299570000,101493,0.683105996,2.472792555,1.020791969,-0.726937375,-0.265623104,0.245263536,0.583825503
1497535062309590000,101494,0.674433727,2.4738154,1.019027363,-0.727870532,-0.265115379,0.243781378,0.583514322
1497535062319480000,101495,0.665783105,2.47455139,1.017236675,-0.728749752,-0.264142212,0.242208138,0.583513418
1497535062329530000,101496,0.656908145,2.475135061,1.015431896,-0.729255901,-0.263525697,0.239974067,0.584082601
1497535062339580000,101497,0.64785408,2.475695815,1.013961421,-0.729782604,-0.262118409,0.238163826,0.584798498
1497535062349590000,101498,0.638632285,2.476115859,1.012838151,-0.730447746,-0.261053526,0.237113148,0.584871355
1497535062359560000,101499,0.629173675,2.47666658,1.01197201,-0.730917298,-0.25940137,0.235130277,0.585819584
1497535062369580000,101500,0.619648284,2.477054666,1.011496912,-0.730656336,-0.256922302,0.234413737,0.587522297
1497535062379540000,101501,0.609885839,2.477496769,1.01142561,-0.731733285,-0.255546569,0.233235876,0.587250694
1497535062389570000,101502,0.600043977,2.477647737,1.011588795,-0.731375698,-0.253208502,0.233116852,0.588754258
1497535062399540000,101503,0.589930486,2.477528025,1.011811971,-0.731098322,-0.25042703,0.234274984,0.589827753
1497535062409540000,101504,0.57971841,2.477425115,1.012488984,-0.732267293,-0.248593477,0.235143801,0.588806663
1497535062419530000,101505,0.569156135,2.476835085,1.013541967,-0.730240211,-0.246974011,0.236858074,0.591313221
1497535062429500000,101506,0.558575617,2.476170713,1.014756307,-0.729304525,-0.246235599,0.239643825,0.591653426
1497535062439550000,101507,0.547898603,2.475076106,1.016061364,-0.727736267,-0.245910206,0.242868989,0.592404212
1497535062449540000,101508,0.537263929,2.473602304,1.017591507,-0.725929219,-0.244840088,0.246388342,0.593610045
1497535062459580000,101509,0.526683168,2.471979234,1.019347544,-0.723248182,-0.245088415,0.250716945,0.594966174
1497535062469720000,101510,0.516283277,2.470229418,1.021100325,-0.720108169,-0.244840185,0.254701198,0.597180718
1497535062479560000,101511,0.506197491,2.46824466,1.023063393,-0.716500954,-0.244785908,0.259661437,0.599401518
1497535062489590000,101512,0.496371148,2.466329882,1.024895846,-0.711991351,-0.244790607,0.264145293,0.602804395
1497535062499550000,101513,0.486682122,2.464391512,1.026702586,-0.707490272,-0.245777061,0.268293964,0.605862608
1497535062509600000,101514,0.477355683,2.462331159,1.028195646,-0.70239993,-0.245837383,0.27249694,0.609871902
1497535062519460000,101515,0.468174993,2.460708065,1.029840426,-0.697084145,-0.246301679,0.27570506,0.614325563
1497535062529500000,101516,0.459368311,2.459418501,1.031307333,-0.693040119,-0.246678292,0.279246158,0.617144065
1497535062539610000,101517,0.450726169,2.458001162,1.032399302,-0.686252334,-0.245477435,0.283047044,0.623444411
1497535062549520000,101518,0.442337103,2.457163499,1.033781868,-0.681549633,-0.244113272,0.285740114,0.627894414
1497535062559590000,101519,0.434180407,2.456679078,1.035053124,-0.677820281,-0.241215168,0.288169386,0.631928251
1497535062569530000,101520,0.426274287,2.456264701,1.036138771,-0.674693856,-0.236908699,0.291066315,0.635565001
1497535062579560000,101521,0.418561135,2.456136606,1.037477253,-0.67126673,-0.231504152,0.293730329,0.639944762
1497535062589580000,101522,0.41108677,2.455927658,1.038724256,-0.668316748,-0.225652333,0.297209947,0.643506018
1497535062599530000,101523,0.40371428,2.455905259,1.039988303,-0.665206178,-0.219940988,0.30086229,0.646999679
1497535062609590000,101524,0.396368102,2.455863973,1.041329342,-0.662801207,-0.215291908,0.304382265,0.649380775
1497535062619590000,101525,0.389101063,2.455921159,1.04296697,-0.660251213,-0.210902391,0.307675299,0.651862276
1497535062629560000,101526,0.381803209,2.455843625,1.044473828,-0.657292,-0.207050536,0.310926755,0.654539423
1497535062639590000,101527,0.374496245,2.455647112,1.046120657,-0.654758605,-0.203940749,0.313699564,0.656728196
1497535062649580000,101528,0.367084635,2.455491319,1.048022396,-0.651507051,-0.202344669,0.316649748,0.659035762
1497535062659600000,101529,0.359741274,2.455191058,1.049894572,-0.647495621,-0.201560456,0.319352825,0.661918859
1497535062669610000,101530,0.352254353,2.454929654,1.051947164,-0.644006574,-0.20083956,0.321672268,0.664413994
1497535062679560000,101531,0.344732357,2.454675604,1.053827738,-0.640163311,-0.201739235,0.324010315,0.666715481
1497535062689580000,101532,0.337275666,2.454412796,1.055740689,-0.636771876,-0.202197985,0.327020678,0.668352474
1497535062699570000,101533,0.329728218,2.454384039,1.057365775,-0.633793045,-0.202319991,0.328911393,0.670216601
1497535062709580000,101534,0.322167505,2.454367755,1.058876263,-0.630840671,-0.202560954,0.33137168,0.671715653
1497535062719590000,101535,0.314555331,2.45442738,1.060126051,-0.628481132,-0.20246944,0.33343948,0.672930684
1497535062729560000,101536,0.306856948,2.454703437,1.06122905,-0.62691701,-0.202782204,0.334977357,0.673531448
1497535062739590000,101537,0.299140023,2.454928295,1.061990635,-0.625052608,-0.203385515,0.336697469,0.674224284
1497535062749580000,101538,0.291159809,2.455395508,1.062587246,-0.623550547,-0.20380415,0.338119344,0.674776921
1497535062759580000,101539,0.28308047,2.455831554,1.06287091,-0.622906285,-0.205413961,0.33918629,0.674348222
1497535062769560000,101540,0.27488974,2.45630596,1.062866746,-0.621433662,-0.206410575,0.340481121,0.674749943
1497535062779570000,101541,0.266609819,2.456923636,1.062805195,-0.62056255,-0.208813372,0.341591663,0.674250868
1497535062789550000,101542,0.257989976,2.457606814,1.062337252,-0.620682869,-0.210933393,0.342430519,0.673053653
1497535062799580000,101543,0.249400192,2.458153985,1.061625523,-0.61978905,-0.213694364,0.343876951,0.672268469
1497535062809590000,101544,0.240623744,2.458848464,1.060611918,-0.620164258,-0.215537466,0.344484655,0.67102177
1497535062819660000,101545,0.231651086,2.459698697,1.059428205,-0.620877246,-0.218366097,0.345707814,0.668815221
1497535062829560000,101546,0.222470057,2.460546694,1.057729648,-0.621417378,-0.220528762,0.346974569,0.666945392
1497535062839600000,101547,0.212968617,2.461492892,1.055775237,-0.622594126,-0.223162535,0.348199602,0.664328288
1497535062849580000,101548,0.203250025,2.462611285,1.053634003,-0.624694779,-0.226131651,0.349016557,0.660914784
1497535062859590000,101549,0.193193298,2.46377312,1.051164654,-0.626394999,-0.229413842,0.350143372,0.65756993
1497535062869600000,101550,0.182789742,2.465091696,1.048619272,-0.627749547,-0.233248942,0.35150018,0.6541965
1497535062879570000,101551,0.172187877,2.466385302,1.04596252,-0.62914744,-0.237651002,0.352495166,0.650724718
1497535062889580000,101552,0.161264592,2.467903797,1.043346952,-0.630710295,-0.242996762,0.353773234,0.64653043
1497535062899580000,101553,0.150255517,2.469085338,1.040745713,-0.631993421,-0.247446877,0.355093617,0.642855258
1497535062909590000,101554,0.139276854,2.470125529,1.038426198,-0.632899193,-0.251808095,0.355833928,0.639854289
1497535062919600000,101555,0.128659996,2.470887655,1.036090731,-0.632708444,-0.254424581,0.357408304,0.638128092
1497535062929560000,101556,0.118569094,2.471524325,1.03398856,-0.632596653,-0.257031784,0.36024505,0.635593927
1497535062939600000,101557,0.108972417,2.472064054,1.032098079,-0.630424499,-0.259196234,0.363903212,0.634788717
1497535062949540000,101558,0.099627571,2.472510201,1.03047907,-0.626705636,-0.260664331,0.368909933,0.63498001
1497535062959570000,101559,0.090375077,2.473105267,1.02931073,-0.621461195,-0.261154693,0.373489434,0.637251796
1497535062969530000,101560,0.080889899,2.474022981,1.028545372,-0.616670385,-0.260372953,0.37631402,0.640555478
1497535062979570000,101561,0.070883415,2.474939197,1.027635039,-0.612002185,-0.25847078,0.379255543,0.644058549
1497535062989500000,101562,0.060521987,2.476171479,1.026607644,-0.608070482,-0.255817677,0.382908615,0.646675033
1497535062999500000,101563,0.04987578,2.477821122,1.025526388,-0.606072677,-0.251981036,0.386348141,0.648009708
1497535063009590000,101564,0.038900319,2.479658713,1.024669155,-0.603971537,-0.246992688,0.390082817,0.649652516
1497535063019580000,101565,0.02785126,2.481536124,1.024123631,-0.601929944,-0.243573795,0.394255213,0.650319134
1497535063029560000,101566,0.016673773,2.48315524,1.023880288,-0.599677752,-0.240521434,0.397263059,0.651703994
1497535063039610000,101567,0.005284065,2.485146516,1.024714589,-0.59895542,-0.240352819,0.399115063,0.651298774
1497535063049570000,101568,-0.006087896,2.487047729,1.026039933,-0.598394506,-0.242093049,0.399698025,0.650812154
1497535063059600000,101569,-0.017671,2.489446329,1.028294002,-0.600159637,-0.246002071,0.398710734,0.648321789
1497535063069600000,101570,-0.029159424,2.49168105,1.030378175,-0.602027954,-0.249311256,0.396913164,0.646425697
1497535063079570000,101571,-0.040303886,2.493763709,1.032363597,-0.601331406,-0.252605727,0.396115897,0.646284057
1497535063089530000,101572,-0.051277779,2.495857963,1.034122682,-0.600641511,-0.255305428,0.394913444,0.646600561
1497535063099560000,101573,-0.061711253,2.498128607,1.035794288,-0.600006392,-0.256111202,0.394702679,0.647000137
1497535063109550000,101574,-0.072180772,2.500576446,1.037395201,-0.600200509,-0.255030635,0.394534945,0.647349134
1497535063119590000,101575,-0.082648699,2.503017463,1.038608167,-0.601952798,-0.254454645,0.393771801,0.64641274
1497535063129530000,101576,-0.092870614,2.505190803,1.039704744,-0.603275964,-0.254321075,0.393179967,0.645591524
1497535063139590000,101577,-0.103009116,2.507184284,1.041212358,-0.605441104,-0.2544136,0.391906467,0.644301257
1497535063149460000,101578,-0.113040418,2.508917086,1.042312893,-0.605683176,-0.256838198,0.3909126,0.643715286
1497535063159510000,101579,-0.12262501,2.509832496,1.043276261,-0.605112529,-0.26149063,0.390059764,0.642895682
1497535063169650000,101580,-0.132201523,2.511011191,1.044302171,-0.604562499,-0.266687016,0.389209416,0.641792997
1497535063179580000,101581,-0.141630434,2.512040254,1.045182899,-0.605082371,-0.273175429,0.388030453,0.639283097
1497535063189560000,101582,-0.150672599,2.512994488,1.045945443,-0.605959583,-0.279652627,0.38656442,0.636533849
1497535063199600000,101583,-0.159640744,2.51422423,1.046788975,-0.608220567,-0.285267076,0.384699919,0.633005853
1497535063209580000,101584,-0.168036614,2.515166186,1.047067351,-0.60894651,-0.288795675,0.384763569,0.630664889
1497535063219600000,101585,-0.176206682,2.516335291,1.047534056,-0.611114107,-0.291422625,0.383885151,0.627888997
1497535063229570000,101586,-0.184183386,2.517802458,1.048107628,-0.613325773,-0.293327862,0.383894351,0.624832288
1497535063239610000,101587,-0.191823584,2.519064038,1.048522844,-0.615479849,-0.294580313,0.384235441,0.621908451
1497535063249570000,101588,-0.199232334,2.520220813,1.048609874,-0.617980548,-0.295094589,0.38419466,0.619204078
1497535063259590000,101589,-0.206460097,2.521336291,1.048751542,-0.620032894,-0.294588422,0.384558105,0.617164432
1497535063269440000,101590,-0.213630232,2.522263076,1.048566604,-0.62230977,-0.295152272,0.384080967,0.61489633
1497535063279580000,101591,-0.220767405,2.523447031,1.048545589,-0.624971053,-0.294388388,0.383458509,0.6129488
1497535063289630000,101592,-0.227870639,2.524608709,1.048456484,-0.628105044,-0.294555156,0.382878536,0.61002077
1497535063299580000,101593,-0.235115754,2.52570585,1.048252156,-0.631997781,-0.294486615,0.380900174,0.607265589
1497535063309590000,101594,-0.242019661,2.526778556,1.048131791,-0.635463039,-0.29403626,0.378911166,0.605108033
1497535063319610000,101595,-0.249047827,2.527772043,1.047802401,-0.637803914,-0.294387372,0.377282817,0.603489783
1497535063329570000,101596,-0.256013626,2.528554951,1.047493745,-0.641518113,-0.293758808,0.375026959,0.601261218
1497535063339520000,101597,-0.262977061,2.529362873,1.046870315,-0.643406316,-0.294939307,0.374051528,0.599270033
1497535063349510000,101598,-0.269923879,2.529954818,1.046349753,-0.646365602,-0.295047534,0.371789958,0.597436765
1497535063359610000,101599,-0.2769295,2.530346658,1.045569955,-0.649121025,-0.295532646,0.369708658,0.595497992
1497535063369600000,101600,-0.284057867,2.530630994,1.044623644,-0.651131437,-0.297660762,0.368103902,0.59323304
1497535063379580000,101601,-0.291330592,2.531048026,1.043719115,-0.654156687,-0.299457815,0.365579155,0.590555609
1497535063389600000,101602,-0.29867466,2.531277955,1.042745765,-0.656524066,-0.301226395,0.363401757,0.588368908
1497535063399590000,101603,-0.306102352,2.531547172,1.041812232,-0.660097844,-0.303002236,0.360488154,0.585242489
1497535063409610000,101604,-0.313633361,2.531824033,1.040719072,-0.662467317,-0.305601812,0.358303578,0.582548823
1497535063419600000,101605,-0.321038969,2.531594713,1.039302928,-0.665084676,-0.308198922,0.355006074,0.580212448
1497535063429570000,101606,-0.328422685,2.531791081,1.038416776,-0.667652882,-0.309868406,0.352545181,0.577869445
1497535063439610000,101607,-0.335821128,2.531484899,1.0372139,-0.670057294,-0.311562437,0.349339881,0.576119535
1497535063449540000,101608,-0.343022541,2.531435365,1.036305568,-0.672027019,-0.31257985,0.346665376,0.574888371
1497535063459550000,101609,-0.35034253,2.531072473,1.035296567,-0.67313386,-0.313520272,0.344214199,0.574554115
1497535063469610000,101610,-0.357461317,2.530648509,1.034055576,-0.674146767,-0.314382041,0.341834967,0.574316049
1497535063479570000,101611,-0.36492156,2.530412754,1.033200799,-0.675515268,-0.315202861,0.339591897,0.573588374
1497535063489600000,101612,-0.372159725,2.529750036,1.031875523,-0.677860484,-0.315637539,0.336675341,0.572300465
1497535063499560000,101613,-0.379714736,2.529362054,1.030669593,-0.678811761,-0.317140394,0.334414904,0.571667068
1497535063509650000,101614,-0.387264724,2.528782174,1.029408287,-0.681145298,-0.318557283,0.331934162,0.569545479
1497535063519610000,101615,-0.394672504,2.527953953,1.027979769,-0.682148767,-0.319886949,0.329657724,0.56892107
1497535063529570000,101616,-0.402243951,2.527267493,1.02681072,-0.682219579,-0.320874645,0.327864001,0.569316349
1497535063539620000,101617,-0.40968899,2.526341549,1.025616143,-0.683201911,-0.321100646,0.326306524,0.568905595
1497535063549580000,101618,-0.417150367,2.525569562,1.024481512,-0.683718017,-0.322127289,0.32453407,0.568719017
1497535063559550000,101619,-0.424640061,2.524496738,1.023199465,-0.683999689,-0.323246515,0.32289441,0.56867857
1497535063569530000,101620,-0.43212401,2.52340558,1.022077754,-0.684105068,-0.324788504,0.321577576,0.56841934
1497535063579570000,101621,-0.439623373,2.522288066,1.020875556,-0.685091802,-0.326063837,0.319143612,0.567872302
1497535063589610000,101622,-0.446946041,2.521226063,1.019519582,-0.686061229,-0.325915112,0.317980978,0.567439361
1497535063599610000,101623,-0.454285252,2.52018399,1.018548028,-0.686659213,-0.325797995,0.3166704,0.56751621
1497535063609600000,101624,-0.461519083,2.518950497,1.017302647,-0.686977245,-0.325344052,0.316036106,0.567745271
1497535063619610000,101625,-0.468709114,2.517991239,1.01654154,-0.687161832,-0.324182375,0.314399036,0.569093709
1497535063629600000,101626,-0.476097269,2.516761504,1.015483178,-0.687200046,-0.323677354,0.31320701,0.56999161
1497535063639600000,101627,-0.483656178,2.515253758,1.014272527,-0.68751582,-0.32255793,0.311810909,0.571009927
1497535063649680000,101628,-0.491422426,2.513706748,1.012963899,-0.688322406,-0.321294008,0.310587658,0.571417302
1497535063659660000,101629,-0.49948177,2.512256123,1.012116323,-0.688197527,-0.320557274,0.308898981,0.572894945
1497535063669610000,101630,-0.507768879,2.510335434,1.010831918,-0.688880007,-0.320961034,0.306765547,0.572994983
1497535063679550000,101631,-0.516298637,2.508592645,1.009915991,-0.689576487,-0.319750624,0.304894699,0.573831883
1497535063689600000,101632,-0.525040903,2.506694613,1.00911888,-0.690266491,-0.319205508,0.302391211,0.574629942
1497535063699600000,101633,-0.533993209,2.504299862,1.008064137,-0.690281801,-0.318303692,0.300994566,0.575843786
1497535063709590000,101634,-0.542895368,2.501845362,1.007137997,-0.689567822,-0.317436732,0.299484622,0.577961159
1497535063719600000,101635,-0.552220874,2.499368238,1.006553643,-0.690532208,-0.316673271,0.297994044,0.577999014
1497535063729570000,101636,-0.561572011,2.496333341,1.005377552,-0.689974226,-0.317181692,0.296897945,0.57894987
1497535063739600000,101637,-0.571053213,2.493564908,1.004964127,-0.689917125,-0.315836508,0.296727903,0.579839816
1497535063749550000,101638,-0.580492485,2.490325244,1.004607289,-0.689026774,-0.315345535,0.296419095,0.581321786
1497535063759670000,101639,-0.590153131,2.487346812,1.004539543,-0.68947376,-0.314098732,0.297727111,0.580798148
1497535063769570000,101640,-0.599878378,2.483918399,1.004627607,-0.687784009,-0.314680164,0.299595534,0.581525637
1497535063779540000,101641,-0.609801985,2.480520093,1.005361307,-0.686815088,-0.315072059,0.302302537,0.581057492
1497535063789550000,101642,-0.619576258,2.476295665,1.005660047,-0.685221284,-0.316693505,0.306425989,0.579896654
1497535063799550000,101643,-0.629294139,2.472122946,1.006466187,-0.683027268,-0.318532508,0.311493676,0.578776712
1497535063809610000,101644,-0.638721631,2.467719694,1.007683233,-0.679764432,-0.320413361,0.31725588,0.578449914
1497535063819600000,101645,-0.647874101,2.463264097,1.009236573,-0.676515273,-0.32160757,0.323260917,0.578271594
1497535063829550000,101646,-0.656845696,2.458492197,1.010945696,-0.671696828,-0.323913065,0.328281874,0.579771256
1497535063839580000,101647,-0.665430164,2.453755808,1.012816672,-0.666936638,-0.326390287,0.33295887,0.581208476
1497535063849640000,101648,-0.673595236,2.449235046,1.014827479,-0.662347972,-0.326057533,0.337549197,0.583988175
1497535063859550000,101649,-0.681486109,2.444864032,1.016885671,-0.657062404,-0.325394125,0.341804749,0.587841113
1497535063869600000,101650,-0.689280114,2.440592768,1.018583597,-0.653009055,-0.325023857,0.344772789,0.590821792
1497535063879600000,101651,-0.696847002,2.436469205,1.019801744,-0.649959098,-0.324671696,0.348615675,0.592122092
1497535063889610000,101652,-0.704129446,2.432858601,1.021751791,-0.643402559,-0.322501085,0.352161642,0.598338011
1497535063899580000,101653,-0.711369846,2.42913759,1.022898479,-0.640328306,-0.319785244,0.355892788,0.600880506
1497535063909610000,101654,-0.718543434,2.42583368,1.024216126,-0.636366136,-0.317716073,0.36075446,0.603283398
1497535063919610000,101655,-0.725643336,2.422647752,1.025392865,-0.633563471,-0.314927802,0.365071512,0.605095529
1497535063929580000,101656,-0.732556374,2.419143826,1.026245414,-0.630337675,-0.311992625,0.369549716,0.607262731
1497535063939620000,101657,-0.739515317,2.415881152,1.027391401,-0.627638164,-0.309707223,0.374264022,0.608340541
1497535063949560000,101658,-0.746467258,2.412988795,1.028777595,-0.62464892,-0.307482953,0.379458569,0.609326804
1497535063959610000,101659,-0.753255558,2.409942968,1.030135448,-0.621950283,-0.306598786,0.384254745,0.609527129
1497535063969590000,101660,-0.760206718,2.406510664,1.031095613,-0.61945682,-0.305702848,0.388662589,0.609721583
1497535063979600000,101661,-0.76693457,2.403204435,1.032587277,-0.616360956,-0.305295818,0.39339506,0.610027837
1497535063989580000,101662,-0.773599342,2.400193127,1.034651166,-0.613005593,-0.30591276,0.39768877,0.61031563
1497535063999580000,101663,-0.780209338,2.396320765,1.035971156,-0.609561668,-0.307215287,0.402259634,0.610115175
1497535064009600000,101664,-0.786741377,2.392622325,1.037688246,-0.605116381,-0.30867088,0.406727639,0.610842926
1497535064019600000,101665,-0.792706301,2.38601562,1.037911431,-0.600696061,-0.314823363,0.418140241,0.604325436
1497535064029630000,101666,-0.799424703,2.382050026,1.039267117,-0.597314392,-0.316411072,0.422903612,0.603533003
1497535064039630000,101667,-0.8060376,2.378045828,1.040603128,-0.592348249,-0.319235687,0.428995794,0.602639806
1497535064049620000,101668,-0.81266651,2.374000069,1.041653034,-0.587370872,-0.321100527,0.434927039,0.602269359
1497535064059630000,101669,-0.819447532,2.369951262,1.042725408,-0.584543887,-0.323898473,0.441048572,0.599061249
1497535064069600000,101670,-0.826282194,2.366004338,1.043477829,-0.580678072,-0.326057173,0.446726689,0.597440342
1497535064079600000,101671,-0.832939412,2.361922498,1.044056417,-0.577798357,-0.328942887,0.453349962,0.593649263
1497535064089580000,101672,-0.83973187,2.357862642,1.044370492,-0.573819335,-0.331025313,0.459114339,0.591918607
1497535064099640000,101673,-0.846372421,2.353574204,1.044763507,-0.568365051,-0.334894343,0.466503405,0.589221114
1497535064109640000,101674,-0.853177019,2.349319014,1.044842097,-0.564476564,-0.339286522,0.472985658,0.585265266
1497535064119640000,101675,-0.860265695,2.345169326,1.044935191,-0.561901252,-0.344245474,0.477813208,0.580910126
1497535064129510000,101676,-0.867269007,2.34069559,1.0448821,-0.55692875,-0.349558204,0.48379312,0.577567005
1497535064139630000,101677,-0.872310914,2.335292126,1.045623943,-0.56596926,-0.356050156,0.476353856,0.570958918
1497535064149640000,101678,-0.880457012,2.331764152,1.045601256,-0.539664411,-0.358367366,0.490885308,0.582551946
1497535064159580000,101679,-0.887338998,2.327043142,1.045508326,-0.534854136,-0.364316507,0.497371578,0.577776816
1497535064169630000,101680,-0.894218628,2.322164627,1.045345024,-0.532145473,-0.369400668,0.502383799,0.572690894
1497535064179600000,101681,-0.900964551,2.317016218,1.044617385,-0.543677365,-0.379629417,0.504930982,0.552576811
1497535064189550000,101682,-0.908257792,2.311953362,1.043574653,-0.53379382,-0.383032844,0.516894579,0.54878957
1497535064199630000,101683,-0.915106253,2.306843878,1.043334907,-0.529268508,-0.387826572,0.522207763,0.54476091
1497535064209640000,101684,-0.919395754,2.300766054,1.04388401,-0.537495246,-0.393279283,0.513769263,0.54080626
1497535064219640000,101685,-0.926032372,2.295404214,1.043984921,-0.52892116,-0.39630274,0.518730384,0.542314791
1497535064229590000,101686,-0.932705938,2.289942526,1.043874647,-0.526286531,-0.403088852,0.523853786,0.534900996
1497535064239630000,101687,-0.939702642,2.284672615,1.0432384,-0.521272025,-0.409240143,0.528839459,0.530213927
1497535064249730000,101688,-0.945928553,2.278039959,1.044113396,-0.510733263,-0.411961065,0.539310055,0.527810837
1497535064259630000,101689,-0.951614379,2.273050525,1.041287441,-0.505633318,-0.413550228,0.543528479,0.527150784
1497535064269640000,101690,-0.959901295,2.266976734,1.042874483,-0.503614343,-0.425686571,0.547187693,0.515508647
1497535064279610000,101691,-0.969443416,2.262846476,1.040807492,-0.481852386,-0.43314985,0.564631949,0.511263383
1497535064289550000,101692,-0.974216597,2.255995293,1.040537321,-0.504301835,-0.438353235,0.551917397,0.498912104
1497535064299620000,101693,-0.981207827,2.250200323,1.039430691,-0.501144207,-0.444158301,0.555447798,0.493006726
1497535064309640000,101694,-0.987789488,2.243790588,1.038764243,-0.490523079,-0.448483373,0.561407193,0.493023058
1497535064319640000,101695,-0.994714062,2.237645417,1.037429031,-0.486632505,-0.453911987,0.565467272,0.487236572
1497535064329650000,101696,-1.002178325,2.231409003,1.036502708,-0.48247791,-0.45903871,0.569159326,0.482240802
1497535064339630000,101697,-1.008988317,2.225109703,1.034954832,-0.478760582,-0.464303486,0.572870431,0.476476703
1497535064349610000,101698,-1.016350547,2.218811933,1.034011625,-0.474954759,-0.469909721,0.576686242,0.470144456
1497535064359570000,101699,-1.023014709,2.212540096,1.032242406,-0.471398542,-0.474465054,0.580440441,0.464494587
1497535064369630000,101700,-1.03048509,2.206243213,1.031319902,-0.46763374,-0.478296819,0.584392272,0.459387103
1497535064379600000,101701,-1.037534864,2.199990453,1.029920518,-0.463747168,-0.482299715,0.58826643,0.454167542
1497535064389620000,101702,-1.044379837,2.193664797,1.028301056,-0.459667028,-0.486261126,0.592192834,0.448958781
1497535064399630000,101703,-1.051511756,2.187379253,1.026826795,-0.45674714,-0.489562072,0.595637066,0.443765156
1497535064409650000,101704,-1.058883772,2.181000072,1.025840648,-0.452890786,-0.491333931,0.599948877,0.43993437
1497535064419620000,101705,-1.064368259,2.17524205,1.021212582,-0.436788067,-0.495455111,0.609855544,0.437968758
1497535064429600000,101706,-1.073499244,2.168140147,1.023662796,-0.445805861,-0.495863608,0.608283864,0.430542863
1497535064439610000,101707,-1.081167866,2.161509817,1.022889994,-0.442712119,-0.496517201,0.612807874,0.426547956
1497535064449610000,101708,-1.088677827,2.154833244,1.02203893,-0.438883228,-0.496689881,0.617997622,0.422799732
1497535064459560000,101709,-1.096576838,2.147934786,1.021247171,-0.436486499,-0.497314039,0.622000768,0.418656576
1497535064469620000,101710,-1.104931779,2.14098099,1.021167023,-0.433496016,-0.497252684,0.626521946,0.415079779
1497535064479600000,101711,-1.112511512,2.133926626,1.019831743,-0.431306891,-0.497324564,0.63061664,0.411053885
1497535064489680000,101712,-1.120610646,2.126815976,1.019455703,-0.428375064,-0.497459483,0.635073557,0.407075478
1497535064499640000,101713,-1.128547341,2.119670719,1.01904843,-0.42569257,-0.498138047,0.63882025,0.403178634
1497535064509620000,101714,-1.136439197,2.112395846,1.018828783,-0.423307898,-0.499810413,0.642016635,0.398515515
1497535064519620000,101715,-1.144414886,2.105006386,1.018974419,-0.420685145,-0.502992992,0.644364662,0.39346695
1497535064529580000,101716,-1.152407442,2.097744361,1.01977634,-0.418504605,-0.505996011,0.646155648,0.388979191
1497535064539620000,101717,-1.159991128,2.090482213,1.020334921,-0.417095015,-0.511027989,0.646196482,0.38381278
1497535064549510000,101718,-1.167734433,2.083281503,1.021655192,-0.416166171,-0.516054399,0.645639712,0.379002556
1497535064559600000,101719,-1.175194766,2.076224915,1.023210961,-0.414632203,-0.521598828,0.644901399,0.374322032
1497535064569540000,101720,-1.182476697,2.06924394,1.024944695,-0.412133171,-0.525460116,0.644530966,0.372314047
1497535064579520000,101721,-1.189246345,2.06246526,1.02644966,-0.40856026,-0.528506879,0.644992064,0.371139097
1497535064589610000,101722,-1.1958328,2.055843204,1.02811372,-0.403545906,-0.530563386,0.646328925,0.371365205
1497535064599590000,101723,-1.202158732,2.04931038,1.029291645,-0.398878897,-0.531616709,0.647862816,0.372227178
1497535064609660000,101724,-1.208704674,2.042893032,1.030789083,-0.394395327,-0.5330957,0.649220427,0.37252401
1497535064619620000,101725,-1.215405158,2.036601667,1.032070336,-0.3912279,-0.533947098,0.649818138,0.373600877
1497535064629590000,101726,-1.222041452,2.030450997,1.033119577,-0.388341412,-0.535176505,0.650233544,0.374130185
1497535064639620000,101727,-1.228475933,2.024415935,1.034025547,-0.386193892,-0.536492016,0.650426024,0.374134443
1497535064649510000,101728,-1.235391024,2.018500635,1.035603339,-0.38463122,-0.539233327,0.649549993,0.373324323
1497535064659630000,101729,-1.241583937,2.012668864,1.036204367,-0.382234058,-0.543968253,0.648513127,0.370710653
1497535064669630000,101730,-1.247499175,2.006761052,1.036374897,-0.379725697,-0.548372352,0.647971446,0.367735183
1497535064679600000,101731,-1.25389819,2.000957713,1.03737242,-0.378257826,-0.55525482,0.645455627,0.36331823
1497535064689630000,101732,-1.259272772,1.995122055,1.037142435,-0.377048705,-0.561725646,0.643691602,0.357714544
1497535064699640000,101733,-1.264670361,1.989247151,1.03702638,-0.376484242,-0.567148731,0.642049,0.352668421
1497535064709620000,101734,-1.270074552,1.98357839,1.037660928,-0.374759463,-0.572719028,0.641158768,0.347078801
1497535064719620000,101735,-1.274846757,1.977798826,1.03754796,-0.372344533,-0.577925963,0.640987228,0.341315841
1497535064729590000,101736,-1.279236237,1.972000876,1.037506731,-0.369846776,-0.583099027,0.640899994,0.335344725
1497535064739620000,101737,-1.283472283,1.966151971,1.037539292,-0.366904701,-0.587802318,0.641099754,0.329940116
1497535064749630000,101738,-1.287305191,1.960293793,1.037214759,-0.363669639,-0.592388487,0.641416617,0.324661357
1497535064759610000,101739,-1.291169337,1.95450463,1.037212725,-0.360559534,-0.5961882,0.641900515,0.320187729
1497535064769580000,101740,-1.294713248,1.948818372,1.037159712,-0.3572551,-0.600612728,0.641981642,0.31542466
1497535064779600000,101741,-1.298256839,1.943244632,1.036867926,-0.354079128,-0.60405347,0.642727356,0.310884099
1497535064789620000,101742,-1.301660023,1.937640977,1.036535291,-0.350962302,-0.608120555,0.642896541,0.306102746
1497535064799660000,101743,-1.304923579,1.932050455,1.036083055,-0.349056973,-0.611842175,0.642447078,0.301778285
1497535064809630000,101744,-1.308495028,1.926680378,1.036058085,-0.346799863,-0.615182022,0.642617393,0.297193239
1497535064819610000,101745,-1.311884866,1.921061852,1.035593631,-0.344742315,-0.61865258,0.642525966,0.292544191
1497535064829590000,101746,-1.315581475,1.914935504,1.034857262,-0.344279732,-0.630028733,0.6368254,0.281049232
1497535064839630000,101747,-1.31856645,1.909198446,1.034593048,-0.34091453,-0.633424838,0.636728639,0.277717298
1497535064849630000,101748,-1.321685194,1.90345785,1.03417859,0.33971831,0.637184175,-0.636393501,-0.271276813
1497535064859690000,101749,-1.324262829,1.89755108,1.033392806,0.336587712,0.640248197,-0.636941366,-0.266639557
1497535064869630000,101750,-1.327042116,1.891497222,1.032593218,0.334642929,0.644884785,-0.636271241,-0.259415944
1497535064879640000,101751,-1.329535324,1.885269668,1.032041488,0.330205561,0.649203767,-0.636271468,-0.254278147
1497535064889620000,101752,-1.331938787,1.878867896,1.030910099,0.326410223,0.654465001,-0.635381676,-0.247834734
1497535064899610000,101753,-1.334271037,1.87249581,1.029938517,0.322824776,0.659179252,-0.634900337,-0.241181342
1497535064909630000,101754,-1.336464139,1.866062212,1.028857694,0.3189873,0.662988599,-0.634775444,-0.236121485
1497535064919620000,101755,-1.338047645,1.859983193,1.028080405,0.314719345,0.656272748,-0.641898719,-0.241296186
1497535064929590000,101756,-1.343899605,1.84925319,1.027174049,0.304365901,0.720322389,-0.593121853,-0.191581632
1497535064939630000,101757,-1.337999648,1.847574213,1.029313306,0.318086515,0.713634437,-0.573062191,-0.247278354
1497535064949620000,101758,-1.338112023,1.83872798,1.027522811,0.294531643,0.688676998,-0.627084376,-0.213869796
1497535064959640000,101759,-1.340295753,1.831667549,1.026497717,0.294656941,0.691588829,-0.625693399,-0.208302543
1497535064969640000,101760,-1.343366899,1.825927493,1.026066287,0.283066193,0.69706059,-0.62717213,-0.201581704
1497535064979570000,101761,-1.345267395,1.819117658,1.024336449,0.283325221,0.701924174,-0.624028578,-0.193952586
1497535064989620000,101762,-1.347308162,1.812325555,1.02292815,0.283778502,0.709292616,-0.617697823,-0.186609611
1497535064999590000,101763,-1.349505698,1.805481475,1.021582265,0.27727704,0.713083185,-0.617622284,-0.182133273
1497535065009630000,101764,-1.351270887,1.798599814,1.019606947,0.272238818,0.710438994,-0.624267681,-0.177348033
1497535065019630000,101765,-1.351948098,1.796594992,1.017149849,0.287013177,0.710412525,-0.616281092,-0.182030481
1497535065029540000,101766,-1.356868451,1.790065683,1.014292743,0.26996487,0.711610575,-0.62538823,-0.172101481
1497535065039560000,101767,-1.357893905,1.783688638,1.01359439,0.267087118,0.708593585,-0.629697232,-0.173323393
1497535065049510000,101768,-1.358943192,1.777148756,1.012498346,0.262500345,0.713673114,-0.628097578,-0.165099023
1497535065059600000,101769,-1.359694144,1.77043708,1.011693169,0.257735849,0.715354259,-0.628727937,-0.162916228
1497535065069580000,101770,-1.360585082,1.763936769,1.010442788,0.254230095,0.715396665,-0.630658653,-0.160761729
1497535065079550000,101771,-1.361433209,1.757337532,1.009255667,0.252198393,0.71799269,-0.630303058,-0.153624617
1497535065089610000,101772,-1.362552996,1.750662915,1.008426193,0.248671497,0.720430009,-0.629913126,-0.149507667
1497535065099590000,101773,-1.363692955,1.743928387,1.007599901,0.245384275,0.721557349,-0.63009356,-0.148740228
1497535065109560000,101774,-1.364575435,1.737327192,1.006963842,0.241454988,0.722939706,-0.63041807,-0.147073887
1497535065119570000,101775,-1.36576558,1.730677567,1.005982647,0.238866753,0.725265209,-0.629683235,-0.14294081
1497535065129590000,101776,-1.366879572,1.723963619,1.004921607,0.236973537,0.726049208,-0.629897537,-0.141156594
1497535065139640000,101777,-1.367849637,1.717327122,1.003772631,0.236034115,0.727011021,-0.629991414,-0.137308741
1497535065149700000,101778,-1.368969437,1.711128265,1.002728382,0.234335743,0.726888537,-0.631270685,-0.134970872
1497535065159630000,101779,-1.370021938,1.70479587,1.001734857,0.232756775,0.727263708,-0.631684789,-0.133738961
1497535065169630000,101780,-1.371133024,1.698527509,1.000980416,0.231562292,0.727975083,-0.631581182,-0.132425051
1497535065179610000,101781,-1.372543873,1.692440407,0.999871079,0.232287858,0.728075663,-0.631599563,-0.130499698
1497535065189620000,101782,-1.373801246,1.686145421,0.99876677,0.232378603,0.728665211,-0.630822784,-0.130804475
1497535065199570000,101783,-1.374804652,1.680330343,0.997859104,0.232520259,0.728051315,-0.631426664,-0.131057164
1497535065209640000,101784,-1.375840155,1.674675326,0.996980408,0.233231192,0.728321639,-0.631445185,-0.128170897
1497535065219640000,101785,-1.376944767,1.668699005,0.99592244,0.233865541,0.727731132,-0.631520715,-0.129984211
1497535065229610000,101786,-1.377977944,1.662597621,0.994863925,0.235222663,0.727347827,-0.631104489,-0.13169116
1497535065239580000,101787,-1.378776191,1.656753983,0.994184077,0.235406383,0.725386072,-0.632378268,-0.136002232
1497535065249630000,101788,-1.379814407,1.650258831,0.992929189,0.237003064,0.727791144,-0.629107218,-0.135549646
1497535065259620000,101789,-1.380621922,1.644051411,0.992284463,0.237803666,0.72762865,-0.628231394,-0.139036976
1497535065269630000,101790,-1.381325826,1.637589478,0.99122813,0.238561892,0.728658839,-0.626189198,-0.141533063
1497535065279590000,101791,-1.38177684,1.631119382,0.990096792,0.239535473,0.728452735,-0.625429122,-0.144283692
1497535065289620000,101792,-1.382397164,1.624540259,0.98952992,0.240281496,0.728119145,-0.624515588,-0.148618952
1497535065299580000,101793,-1.3827918,1.617475283,0.988705898,0.241503663,0.729015218,-0.622007526,-0.152707007
1497535065309590000,101794,-1.383300961,1.610532596,0.988197994,0.243350946,0.731370409,-0.618571223,-0.152470602
1497535065319630000,101795,-1.383567093,1.603788825,0.987860072,0.245454625,0.729927295,-0.618546163,-0.156073109
1497535065329630000,101796,-1.389702596,1.593494668,0.989714632,0.264020167,0.728752055,-0.60826747,-0.170951689
1497535065339580000,101797,-1.390328178,1.58618594,0.990769647,0.271136282,0.724977951,-0.608200614,-0.176023013
1497535065349580000,101798,-1.389706413,1.579815087,0.990001256,0.268681461,0.72626432,-0.607563077,-0.176684793
1497535065359670000,101799,-1.389958274,1.572632422,0.990831036,0.274158502,0.723664088,-0.607248683,-0.179990111
1497535065369660000,101800,-1.389612042,1.565703789,0.991244283,0.27587018,0.722110872,-0.607503217,-0.182733065
1497535065379610000,101801,-1.38996916,1.558029112,0.991904721,0.280734982,0.721154783,-0.606419598,-0.182698991
1497535065389630000,101802,-1.389988146,1.550772737,0.992423886,0.273810166,0.716858695,-0.614484358,-0.183168168
1497535065399590000,101803,-1.389480114,1.543334776,0.993608066,0.275237601,0.715476317,-0.615354589,-0.183511939
1497535065409650000,101804,-1.388920026,1.53552957,0.995186986,0.27785912,0.712861876,-0.616799473,-0.184880137
1497535065419650000,101805,-1.388124385,1.52762803,0.997076542,0.27941364,0.71005414,-0.619208469,-0.185288988
1497535065429610000,101806,-1.387236973,1.519710669,0.998772613,0.280911107,0.708660124,-0.620247742,-0.184885148
1497535065439570000,101807,-1.385862828,1.511609701,1.001100047,0.278452135,0.704111211,-0.62591244,-0.186883461
1497535065449640000,101808,-1.384638658,1.503763519,1.003039355,0.277955811,0.702167895,-0.628519799,-0.186181841
1497535065459640000,101809,-1.383293735,1.495647897,1.005604846,0.275930978,0.697333928,-0.634032133,-0.188655089
1497535065469640000,101810,-1.381882583,1.488214979,1.007611663,0.271951552,0.69367414,-0.639524536,-0.189385606
1497535065479610000,101811,-1.380461217,1.480987385,1.009763364,0.268482386,0.690276443,-0.644585038,-0.189593697
1497535065489570000,101812,-1.379360562,1.474013186,1.01179197,0.265836099,0.685021085,-0.65079448,-0.191164395
1497535065499610000,101813,-1.378231152,1.467206337,1.013775924,0.261997638,0.680795347,-0.656680499,-0.19143055
1497535065509650000,101814,-1.377047745,1.460249419,1.016030969,0.272572665,0.678273845,-0.654040468,-0.194627337
1497535065519640000,101815,-1.37628922,1.453791043,1.017521949,0.270583055,0.674197312,-0.659245274,-0.194006349
1497535065529610000,101816,-1.37568855,1.447146799,1.018940571,0.270599679,0.670934364,-0.662840106,-0.193043743
1497535065539620000,101817,-1.375065681,1.440638579,1.020661666,0.272478279,0.667264936,-0.666055196,-0.192050952
1497535065549610000,101818,-1.374607162,1.434089691,1.022356189,-0.274517342,-0.663479405,0.669187745,0.191371548
1497535065559680000,101819,-1.374146681,1.427725044,1.024345303,-0.277709178,-0.658912097,0.672509452,0.1909018
1497535065569550000,101820,-1.373724047,1.421679377,1.026213814,-0.28011273,-0.654680351,0.675937682,0.189838739
1497535065579620000,101821,-1.371456556,1.419782675,1.023868035,-0.270390832,-0.646240991,0.688324323,0.188337478
1497535065589570000,101822,-1.370716068,1.414385176,1.025501199,-0.271863468,-0.641048985,0.692331918,0.189269568
1497535065599680000,101823,-1.370235464,1.40892566,1.027328505,-0.273419363,-0.636099917,0.696049001,0.190090863
1497535065609650000,101824,-1.36977319,1.403614306,1.029127202,-0.273894736,-0.631717435,0.699672346,0.190718021
1497535065619630000,101825,-1.369463029,1.398131516,1.031133291,-0.274681878,-0.626837794,0.703396363,0.191983859
1497535065629590000,101826,-1.369034114,1.392832279,1.032914635,-0.275120286,-0.62185719,0.707194387,0.193593805
1497535065639780000,101827,-1.368612928,1.387214869,1.034762216,-0.274676777,-0.618060428,0.710332877,0.194887607
1497535065649660000,101828,-1.367891257,1.38188126,1.036161201,-0.273154381,-0.615256659,0.713233287,0.195305415
1497535065659650000,101829,-1.367513672,1.375854239,1.037706,-0.272169558,-0.611432389,0.716454005,0.196895465
1497535065669640000,101830,-1.367036047,1.369836385,1.038797682,-0.270814901,-0.609493043,0.718513064,0.197272648
1497535065679590000,101831,-1.366689271,1.363504801,1.039833747,-0.269480483,-0.608777999,0.719821287,0.196537353
1497535065689680000,101832,-1.366305229,1.357383896,1.040164428,-0.269058523,-0.60715798,0.721300991,0.196701752
1497535065699680000,101833,-1.366122077,1.350713025,1.040706931,-0.268826093,-0.605077571,0.723150988,0.196637516
1497535065709650000,101834,-1.365901646,1.343822935,1.041002139,-0.267278555,-0.606141821,0.723197571,0.195293472
1497535065719650000,101835,-1.365961703,1.336434043,1.041639231,-0.266629983,-0.60478163,0.724570259,0.195308911
1497535065729600000,101836,-1.365739425,1.329199022,1.041723504,-0.263489276,-0.605070111,0.725889866,0.193771684
1497535065739630000,101837,-1.365541173,1.321447513,1.042085268,-0.2610018,-0.606394654,0.726084893,0.192261053
1497535065749630000,101838,-1.365180868,1.314178234,1.041745624,-0.258374785,-0.60727994,0.726701811,0.190677798
1497535065759610000,101839,-1.365270533,1.305986542,1.042104149,-0.25677915,-0.608432658,0.726593361,0.189568609
1497535065769560000,101840,-1.365078838,1.298513479,1.041578265,-0.254765184,-0.607710052,0.72801892,0.189133935
1497535065779580000,101841,-1.365170047,1.29060761,1.041151805,-0.253536773,-0.608497345,0.728052154,0.188122691
1497535065789670000,101842,-1.365603516,1.282316718,1.040780743,-0.253151925,-0.609132352,0.727982905,0.186849596
1497535065799670000,101843,-1.365667748,1.274680501,1.039438764,-0.252954809,-0.609973136,0.727724222,0.185375552
1497535065809650000,101844,-1.366263279,1.266445488,1.038215066,-0.253883135,-0.610838221,0.726965431,0.184231601
1497535065819650000,101845,-1.366879038,1.258095932,1.036572894,-0.25498491,-0.6132732,0.724974868,0.1824558
1497535065829610000,101846,-1.367667286,1.24954647,1.034782782,-0.255725606,-0.613997543,0.724448132,0.181069976
1497535065839610000,101847,-1.36845634,1.24090504,1.032592958,-0.255826176,-0.616030452,0.723080595,0.179482318
1497535065849650000,101848,-1.369328687,1.232058612,1.030363269,-0.257490383,-0.61760116,0.721380503,0.178543216
1497535065859650000,101849,-1.370207457,1.223071634,1.027987146,-0.256614844,-0.620125799,0.720090732,0.176244584
1497535065869620000,101850,-1.370714069,1.21462917,1.024679446,-0.25592767,-0.622795136,0.718515988,0.17424701
1497535065879620000,101851,-1.371617475,1.205353883,1.022306284,-0.255529258,-0.625310834,0.716923464,0.172371419
1497535065889650000,101852,-1.3732099,1.195002526,1.021130035,-0.254904398,-0.627581373,0.71561902,0.170454644
1497535065899650000,101853,-1.373726046,1.185971501,1.018517059,-0.253629511,-0.629969115,0.71437818,0.168744783
1497535065909480000,101854,-1.373927526,1.17717563,1.015818136,-0.25215358,-0.631322479,0.714126341,0.166955292
1497535065919650000,101855,-1.374593947,1.167945721,1.014315943,-0.251792734,-0.631117663,0.714847087,0.165180378
1497535065929620000,101856,-1.375040119,1.159183095,1.012754343,-0.251309247,-0.629753802,0.716580571,0.163603472
1497535065939650000,101857,-1.375192857,1.150937638,1.011030864,-0.250408422,-0.626893785,0.719559018,0.162894518
1497535065949650000,101858,-1.375589362,1.142322239,1.009687914,-0.250393163,-0.62433101,0.721809874,0.162802211
1497535065959660000,101859,-1.375843748,1.13383426,1.007995365,-0.24973975,-0.620450991,0.725250996,0.163345086
1497535065969630000,101860,-1.376621838,1.12446372,1.00695648,-0.251037294,-0.618007275,0.726751843,0.163948292
1497535065979620000,101861,-1.377522555,1.114729588,1.005925626,-0.25118111,-0.615023754,0.729300507,0.163629463
1497535065989650000,101862,-1.378552169,1.104589889,1.004921188,-0.252508778,-0.611933287,0.731481683,0.163436584
1497535065999650000,101863,-1.379629833,1.094033027,1.004046905,-0.253166278,-0.608634269,0.734257232,0.16228826
1497535066009650000,101864,-1.380818655,1.08293315,1.003239914,-0.253608683,-0.605638078,0.736831687,0.161134164
1497535066019600000,101865,-1.381805386,1.071707517,1.002259007,-0.252480536,-0.604502816,0.738715179,0.158523839
1497535066029620000,101866,-1.382929864,1.060006403,1.00165904,-0.250529765,-0.603512454,0.740757366,0.155839914
1497535066039640000,101867,-1.384141392,1.048020534,1.001486151,-0.247578771,-0.602389028,0.743116364,0.153656372
1497535066049600000,101868,-1.385393308,1.036077857,1.001934034,-0.244209981,-0.603148172,0.743968709,0.151935272
1497535066059640000,101869,-1.386594679,1.024620157,1.002205271,-0.2413208,-0.604078117,0.744243066,0.151512901
1497535066069620000,101870,-1.388471291,1.012882602,1.004045478,-0.239560219,-0.606156674,0.743016328,0.152025408
1497535066079590000,101871,-1.390481641,1.001766366,1.005865403,-0.23927373,-0.609047708,0.740442936,0.153470614
1497535066089580000,101872,-1.392444037,0.991683191,1.007203362,-0.239470827,-0.611380274,0.738014467,0.155571627
1497535066099560000,101873,-1.395130797,0.981555681,1.009333684,-0.239976874,-0.611696076,0.736800905,0.159259025
1497535066109650000,101874,-1.397885084,0.972130563,1.011526525,-0.241283227,-0.610801282,0.736262484,0.163161741
1497535066119660000,101875,-1.400912469,0.962993653,1.013620634,-0.245155712,-0.608395454,0.735785173,0.168445323
1497535066129610000,101876,-1.40419812,0.953802938,1.015850721,-0.250365355,-0.60623785,0.734652952,0.173429807
1497535066139660000,101877,-1.407270906,0.944871714,1.017594977,-0.255665093,-0.604960604,0.732918369,0.177450532
1497535066149650000,101878,-1.410099257,0.936029163,1.019041532,-0.260793435,-0.604240478,0.730833707,0.181003652
1497535066159670000,101879,-1.412652085,0.927258101,1.020546707,-0.26518175,-0.603460576,0.729101997,0.184185371
1497535066169660000,101880,-1.414860059,0.918626184,1.02171342,-0.267311665,-0.604239354,0.727218811,0.185989453
1497535066179630000,101881,-1.416884917,0.909846918,1.022978781,-0.267509696,-0.606490361,0.725149381,0.186457448
1497535066189670000,101882,-1.418723024,0.901093726,1.023744695,-0.267513318,-0.60997765,0.722111747,0.186864966
1497535066199670000,101883,-1.42039662,0.892341945,1.024558003,-0.266646746,-0.615088522,0.71821665,0.186361119
1497535066209660000,101884,-1.422128161,0.883515647,1.025393617,-0.266124295,-0.620524586,0.71403398,0.185155537
1497535066219660000,101885,-1.423575224,0.875030578,1.025879635,-0.265451534,-0.625414754,0.710366459,0.183769861
1497535066229590000,101886,-1.424974509,0.866711627,1.026480155,-0.265046578,-0.629806616,0.707111797,0.181897895
1497535066239650000,101887,-1.426413097,0.858384592,1.027529583,-0.26537639,-0.633117695,0.704483702,0.180111271
1497535066249640000,101888,-1.427523408,0.850606615,1.027932186,-0.265217262,-0.635516897,0.70280287,0.178455046
1497535066259720000,101889,-1.428351303,0.843383163,1.027915026,-0.265411809,-0.636481143,0.702099872,0.177493931
1497535066269650000,101890,-1.429739437,0.835709099,1.028806516,-0.266591258,-0.637979715,0.700530241,0.176545646
1497535066279630000,101891,-1.430931694,0.828590635,1.028868444,-0.268059138,-0.63923221,0.699083171,0.175525499
1497535066289650000,101892,-1.432548431,0.821280072,1.029247689,-0.270245072,-0.640847,0.696913317,0.174912986
1497535066299650000,101893,-1.434154588,0.814193481,1.029326594,-0.273129865,-0.642320433,0.694532787,0.174495688
1497535066309660000,101894,-1.435726884,0.807377661,1.028928328,-0.275855471,-0.644439538,0.69169009,0.173684371
1497535066319660000,101895,-1.437554208,0.800343852,1.029006926,-0.278954702,-0.646081829,0.688832393,0.173989882
1497535066329630000,101896,-1.439166094,0.793563627,1.028396177,-0.28146948,-0.648145549,0.68575381,0.174424744
1497535066339650000,101897,-1.44073248,0.786824958,1.027925399,-0.283902511,-0.649849761,0.682886103,0.175388776
1497535066349660000,101898,-1.442363037,0.780004013,1.027574415,-0.286025768,-0.651937044,0.679770258,0.17629449
1497535066359660000,101899,-1.443837878,0.773357452,1.026741177,-0.288473019,-0.653181028,0.677082669,0.178036291
1497535066369650000,101900,-1.445455053,0.766462076,1.026307821,-0.290585429,-0.655169668,0.674018708,0.178917846
1497535066379630000,101901,-1.446799102,0.759914804,1.025144871,-0.293339099,-0.656660965,0.671005115,0.180279464
1497535066389650000,101902,-1.448394746,0.752882687,1.024676163,-0.2958654,-0.658481537,0.667779962,0.181481824
1497535066399650000,101903,-1.449754029,0.746142696,1.023560343,-0.298347867,-0.660164569,0.664717838,0.182541745
1497535066409600000,101904,-1.451247053,0.739032502,1.022947927,0.300898345,0.662264602,-0.661179402,-0.183596246
1497535066419560000,101905,-1.45264082,0.731903079,1.02207434,0.303663669,0.664093414,-0.65778825,-0.184615635
1497535066429630000,101906,-1.4539402,0.724601616,1.021383781,0.305891009,0.665666348,-0.654832979,-0.185776138
1497535066439660000,101907,-1.454976451,0.717410679,1.020189295,0.308316437,0.667164921,-0.651827236,-0.186957743
1497535066449640000,101908,-1.45603027,0.709841197,1.019360962,0.310558217,0.668646847,-0.648889635,-0.188168089
1497535066459660000,101909,-1.45678739,0.702393014,1.017905054,0.312970947,0.669439116,-0.646468454,-0.189681296
1497535066469650000,101910,-1.457697311,0.694356946,1.017400079,0.314442022,0.670643214,-0.644349762,-0.190203257
1497535066479630000,101911,-1.458369785,0.686297591,1.016305174,0.315408638,0.672084198,-0.64230984,-0.190416102
1497535066489640000,101912,-1.4589462,0.677937696,1.015326548,0.316282371,0.67340139,-0.640379969,-0.190812802
1497535066499650000,101913,-1.459365901,0.669368643,1.014145067,0.316252102,0.675113431,-0.638629603,-0.190679555
1497535066509670000,101914,-1.459579449,0.660633848,1.012633129,0.315909329,0.677565442,-0.636319346,-0.190273637
1497535066519660000,101915,-1.45988803,0.651623475,1.011610265,0.314793892,0.679352623,-0.634901608,-0.19048561
1497535066529630000,101916,-1.459974401,0.642656579,1.010239171,0.313259128,0.681603554,-0.633363009,-0.190096325
1497535066539660000,101917,-1.460041723,0.633645594,1.008809942,0.312420266,0.683219088,-0.631789866,-0.190910505
1497535066549610000,101918,-1.460092961,0.624707323,1.00736276,0.311636198,0.684586662,-0.630491886,-0.191582784
1497535066559670000,101919,-1.46025034,0.61572071,1.005984935,0.311548579,0.686150809,-0.628703743,-0.192005611
1497535066569630000,101920,-1.460547978,0.606805867,1.004566247,0.311815462,0.687117562,-0.627145484,-0.19320744
1497535066579740000,101921,-1.460909497,0.597897292,1.003206402,0.312085558,0.687591106,-0.626163005,-0.194270344
1497535066589600000,101922,-1.461051853,0.589189179,1.00148772,0.313008241,0.688761993,-0.624234096,-0.19484494
1497535066599660000,101923,-1.461381968,0.58041528,1.000067571,0.313380162,0.688720402,-0.623831078,-0.195683081
1497535066609720000,101924,-1.461604387,0.571522334,0.998499526,0.314395404,0.689610227,-0.622313895,-0.19575158
1497535066619660000,101925,-1.461805715,0.562692962,0.996858154,0.315597383,0.689997902,-0.62126322,-0.195788658
1497535066629630000,101926,-1.461950675,0.553570236,0.995353976,0.316625319,0.690649895,-0.620217835,-0.195143454
1497535066639670000,101927,-1.461997261,0.544409078,0.993734075,0.316731128,0.69140568,-0.619095179,-0.195858972
1497535066649660000,101928,-1.462411288,0.534814847,0.992271747,0.319870073,0.693710864,-0.615641315,-0.193479053
1497535066659660000,101929,-1.45991974,0.524611576,0.994880301,0.299226955,0.685889056,-0.629987294,-0.207690737
1497535066669660000,101930,-1.459675232,0.514600544,0.99294899,0.298876245,0.688633118,-0.627057458,-0.207981643
1497535066679630000,101931,-1.459627185,0.504754051,0.991547636,0.300658958,0.689129024,-0.625419469,-0.208700425
1497535066689650000,101932,-1.459619499,0.494574106,0.990932331,0.301721861,0.689302747,-0.624349611,-0.209793242
1497535066699660000,101933,-1.459397232,0.484021747,0.989785894,0.301728205,0.69252535,-0.620610242,-0.210265681
1497535066709680000,101934,-1.459184601,0.473835405,0.989187111,0.304057774,0.692615526,-0.619203744,-0.21075893
1497535066719660000,101935,-1.458951175,0.463500314,0.9892525,0.305350757,0.692203814,-0.618663846,-0.211825025
1497535066729630000,101936,-1.458400385,0.452897709,0.989046636,0.305170199,0.693264014,-0.617211583,-0.212852106
1497535066739670000,101937,-1.457870241,0.44234497,0.989619405,0.306766359,0.691082301,-0.618447034,-0.214062891
1497535066749650000,101938,-1.457097532,0.431396242,0.989685396,0.30692222,0.692273631,-0.617293231,-0.213319098
1497535066759650000,101939,-1.456092989,0.420428456,0.990108115,0.306942105,0.692071095,-0.617813558,-0.212439523
1497535066769650000,101940,-1.454804256,0.409107392,0.990637068,0.30463436,0.693182262,-0.618184564,-0.211054739
1497535066779620000,101941,-1.45817087,0.396348661,0.992036068,0.318627163,0.706398627,-0.602252293,-0.191754754
1497535066789600000,101942,-1.456252431,0.385038564,0.993250749,0.314047437,0.706556631,-0.6051094,-0.189722294
1497535066799600000,101943,-1.4548037,0.374029693,0.994959707,0.312354804,0.705355063,-0.608560059,-0.185912256
1497535066809630000,101944,-1.453134068,0.363060853,0.996856777,0.308454277,0.704730858,-0.612424511,-0.182062064
1497535066819620000,101945,-1.448898369,0.354133537,0.992913255,0.310058154,0.703094672,-0.615185658,-0.176262386
1497535066829640000,101946,-1.44682923,0.343872129,0.994849732,0.305195867,0.700704773,-0.620686146,-0.174977174
1497535066839670000,101947,-1.445075842,0.333890952,0.996566914,0.301545196,0.698383586,-0.625769774,-0.172461737
1497535066849620000,101948,-1.443292971,0.324168897,0.998594518,0.297016808,0.695855011,-0.631187299,-0.170790553
1497535066859700000,101949,-1.441360769,0.315318435,1.000281821,0.293871543,0.688406679,-0.640473985,-0.171839559
1497535066869700000,101950,-1.439764395,0.306204773,1.002231197,0.288880353,0.684639143,-0.646974592,-0.171000769
1497535066879630000,101951,-1.438370807,0.297113369,1.003627743,0.284617272,0.682523412,-0.65186671,-0.168001763
1497535066889620000,101952,-1.436954032,0.288426999,1.004877111,0.280837587,0.67895699,-0.657771586,-0.165783579
1497535066899650000,101953,-1.43541275,0.279991055,1.006720831,0.275951121,0.673447113,-0.665267475,-0.166550749
1497535066909670000,101954,-1.434160215,0.271703546,1.008184366,-0.27148271,-0.669765082,0.671201213,0.164926664
1497535066919670000,101955,-1.433158902,0.263566518,1.00962969,-0.268956666,-0.667375219,0.675395423,0.161597187
1497535066929640000,101956,-1.432093787,0.255777027,1.011169244,-0.265516452,-0.663193093,0.68102095,0.160892513
1497535066939660000,101957,-1.431279976,0.248166365,1.012690844,-0.26273621,-0.660244551,0.685418203,0.158898409
1497535066949700000,101958,-1.430601447,0.24080236,1.01435519,-0.260754607,-0.65712435,0.689549844,0.157212076
1497535066959670000,101959,-1.430004035,0.23378774,1.016062129,-0.258911326,-0.653264054,0.694029465,0.156633659
1497535066969670000,101960,-1.429339759,0.227135047,1.018118314,-0.256090048,-0.647435119,0.70005579,0.158642821
1497535066979620000,101961,-1.429094954,0.220686688,1.019890783,-0.256086927,-0.641036887,0.705805675,0.159152585
1497535066989560000,101962,-1.428987622,0.214153583,1.021820448,-0.255258309,-0.636929735,0.70970593,0.159628322
1497535066999630000,101963,-1.428833036,0.207737508,1.023635486,-0.254205108,-0.632508879,0.713739067,0.160900048
1497535067009670000,101964,-1.428942396,0.201369998,1.025416737,-0.253628014,-0.628195537,0.717595744,0.161553542
1497535067019660000,101965,-1.42911434,0.194897513,1.02720724,-0.25281909,-0.624043171,0.72125089,0.162633888
1497535067029620000,101966,-1.429345024,0.188368115,1.028551283,-0.252535709,-0.620566216,0.724292369,0.162861451
1497535067039660000,101967,-1.429591131,0.181890837,1.029948433,-0.252804806,-0.617012376,0.7272772,0.162644806
1497535067049660000,101968,-1.42985548,0.175346955,1.031100026,-0.252716676,-0.613512688,0.730423312,0.161920499
1497535067059660000,101969,-1.430161997,0.168667698,1.032209209,-0.252446517,-0.610165741,0.733389854,0.161579228
1497535067069600000,101970,-1.430420407,0.161905371,1.032933551,-0.251939941,-0.607192252,0.736156192,0.160990357
1497535067079620000,101971,-1.430693901,0.154939327,1.033638339,-0.251173845,-0.604870126,0.73846342,0.160360865
1497535067089630000,101972,-1.430868697,0.147814445,1.034009588,-0.250152188,-0.603608357,0.740017262,0.159547127
1497535067099600000,101973,-1.431159183,0.14044839,1.034269774,-0.248539306,-0.602588934,0.741493492,0.159066627
1497535067109660000,101974,-1.431445637,0.132975669,1.03438832,-0.246728756,-0.602572622,0.742364272,0.157881108
1497535067119690000,101975,-1.431736608,0.125380138,1.034173563,-0.244667118,-0.603069234,0.742832388,0.15698899
1497535067129640000,101976,-1.432110013,0.117711367,1.033766779,-0.243322002,-0.603153222,0.7433617,0.156249729
1497535067139680000,101977,-1.432446378,0.109966808,1.033218104,-0.241816002,-0.604233589,0.743203431,0.155162663
1497535067149630000,101978,-1.432843641,0.102188532,1.032173163,-0.24074198,-0.605157878,0.743081384,0.153809292
1497535067159650000,101979,-1.4334737,0.094164656,1.031002793,-0.240072403,-0.606598962,0.742424937,0.152342223
1497535067169640000,101980,-1.434179565,0.085902781,1.029803875,-0.239128868,-0.609092774,0.741055425,0.150533164
1497535067179650000,101981,-1.434965173,0.077472181,1.028180307,-0.237490225,-0.611602427,0.739773046,0.149253823
1497535067189630000,101982,-1.435935865,0.068800009,1.026392565,-0.236957476,-0.614671435,0.737793494,0.147278447
1497535067199620000,101983,-1.436641272,0.059608532,1.024713323,-0.233063942,-0.621216898,0.733690011,0.146525539
1497535067209480000,101984,-1.437659751,0.050682109,1.022746752,-0.232052685,-0.623473011,0.732286963,0.145563594
1497535067219580000,101985,-1.438763293,0.041548446,1.020623561,-0.231511865,-0.626098896,0.730459107,0.144332677
1497535067229640000,101986,-1.439981243,0.032142979,1.018544876,-0.230654581,-0.62921205,0.728428177,0.142418576
1497535067239660000,101987,-1.441202759,0.022569948,1.016481837,-0.229662521,-0.631917493,0.726698408,0.140871686
1497535067249670000,101988,-1.442499515,0.012790312,1.014266703,-0.229411089,-0.635470802,0.724276784,0.13773363
1497535067259650000,101989,-1.443289626,0.003347816,1.012287746,-0.227572012,-0.636643438,0.724057301,0.136517897
1497535067269660000,101990,-1.443899631,-0.005736259,1.01030167,-0.226047004,-0.636093068,0.725345457,0.134767686
1497535067279640000,101991,-1.444353838,-0.014364309,1.008482507,-0.224034053,-0.634255831,0.727965962,0.132641781
1497535067289670000,101992,-1.444938139,-0.022915681,1.006701827,-0.222440977,-0.632576055,0.730466972,0.129559056
1497535067299650000,101993,-1.445432796,-0.031350636,1.00543355,-0.220732632,-0.629596145,0.733750791,0.128435103
1497535067309690000,101994,-1.446102332,-0.040017416,1.004470008,-0.219153329,-0.626152735,0.73697883,0.129486581
1497535067319670000,101995,-1.447074495,-0.049096604,1.003798152,-0.217516788,-0.623208278,0.739744461,0.130675251
1497535067329660000,101996,-1.448224615,-0.058405091,1.003170133,-0.216416247,-0.620336946,0.742336998,0.131460501
1497535067339660000,101997,-1.449551291,-0.067981575,1.00257016,-0.215095207,-0.617002438,0.74523833,0.132897989
1497535067349670000,101998,-1.451141274,-0.077893813,1.002189173,-0.214449713,-0.613640869,0.747956716,0.134227257
1497535067359660000,101999,-1.452868803,-0.088061539,1.001673,-0.215234242,-0.610666513,0.750077535,0.134700863
1497535067369630000,102000,-1.454830046,-0.098702634,1.001097604,-0.215932485,-0.608674184,0.751596049,0.134135305
1497535067379640000,102001,-1.456806608,-0.109679959,1.000791904,-0.215019392,-0.607608443,0.752955957,0.13280048
1497535067389660000,102002,-1.458847071,-0.120858058,1.000575578,-0.214136457,-0.607233271,0.753772685,0.131301455
1497535067399670000,102003,-1.460738774,-0.132003634,1.000660946,-0.211500471,-0.606316605,0.755157337,0.131852648
1497535067409680000,102004,-1.462875682,-0.143122685,1.001371876,-0.209204216,-0.606608422,0.755462679,0.132423403
1497535067419670000,102005,-1.465151931,-0.154148393,1.002355764,-0.207358502,-0.607774954,0.754836282,0.133544917
1497535067429650000,102006,-1.46765552,-0.164690597,1.003693262,-0.208775777,-0.608177869,0.753901415,0.134777637
1497535067439650000,102007,-1.470595309,-0.175146453,1.005534316,-0.209447986,-0.61002497,0.751857372,0.13679024
1497535067449670000,102008,-1.473717906,-0.185360107,1.007342841,-0.211819101,-0.61109788,0.750005969,0.138503056
1497535067459670000,102009,-1.477060797,-0.195336874,1.009694268,-0.213236964,-0.611411094,0.748827382,0.141294102
1497535067469590000,102010,-1.480432165,-0.205275679,1.011885388,-0.215526329,-0.612389985,0.746891614,0.143804814
1497535067479640000,102011,-1.484125658,-0.215238805,1.013842598,-0.219429944,-0.613387624,0.744631514,0.145361723
1497535067489670000,102012,-1.487480726,-0.225057306,1.015800588,-0.222261395,-0.61274504,0.74362605,0.148874733
1497535067499670000,102013,-1.490727005,-0.234879441,1.017502281,-0.225050229,-0.612432262,0.742305684,0.152516855
1497535067509660000,102014,-1.494045622,-0.244722866,1.018791174,-0.229434381,-0.613868087,0.739701327,0.152865247
1497535067519660000,102015,-1.496840595,-0.254359295,1.02037144,-0.230399557,-0.61415093,0.738443419,0.156320173
1497535067529630000,102016,-1.499409937,-0.263899057,1.021178572,-0.231831159,-0.61554272,0.736629765,0.157283386
1497535067539670000,102017,-1.501623078,-0.273348525,1.022221812,-0.230073533,-0.617871179,0.734849944,0.159050102
1497535067549650000,102018,-1.503822265,-0.282693443,1.022974539,-0.229093647,-0.622046111,0.731926292,0.157666231
1497535067559660000,102019,-1.505784061,-0.291875075,1.023754188,-0.226285214,-0.626722808,0.728940129,0.157034431
1497535067569590000,102020,-1.507607984,-0.300770934,1.024541336,-0.223712803,-0.630087689,0.726694195,0.157663035
1497535067579510000,102021,-1.509816327,-0.309421288,1.025469327,-0.224438516,-0.634832888,0.722983192,0.154628139
1497535067589680000,102022,-1.512211321,-0.31797213,1.026273473,-0.224377824,-0.639250258,0.719295513,0.153712932
1497535067599690000,102023,-1.514198742,-0.325845346,1.026948968,-0.227295824,-0.640583372,0.717302532,0.153188213
1497535067609510000,102024,-1.516481746,-0.333631501,1.027396059,-0.22927546,-0.642737722,0.715000752,0.151970094
1497535067619410000,102025,-1.518571701,-0.341028244,1.027895706,-0.231046842,-0.643467859,0.713810151,0.151794396
1497535067629670000,102026,-1.520726542,-0.348384086,1.028117625,-0.234064009,-0.645402551,0.711552042,0.149543569
1497535067639670000,102027,-1.522956564,-0.355722674,1.028110708,-0.236819622,-0.647309091,0.709089369,0.148659587
1497535067649690000,102028,-1.525188888,-0.362978861,1.028326066,-0.239172923,-0.649167284,0.706595663,0.148663108
1497535067659680000,102029,-1.527248802,-0.36993001,1.028173901,-0.243262145,-0.648458626,0.705376508,0.150893742
1497535067669760000,102030,-1.529824837,-0.377096854,1.027890372,-0.247870916,-0.650572174,0.701853155,0.150724931
1497535067679640000,102031,-1.532142114,-0.383852302,1.027880663,-0.252490565,-0.650306696,0.700004212,0.152786841
1497535067689670000,102032,-1.534497506,-0.390605567,1.027408559,-0.258982996,-0.648468411,0.698650163,0.155898934
1497535067699680000,102033,-1.53686135,-0.397333292,1.02703125,-0.265371299,-0.646849229,0.697038938,0.159062466
1497535067709670000,102034,-1.538431702,-0.405158584,1.02689907,-0.265867848,-0.650144693,0.69187246,0.167148628
1497535067719660000,102035,-1.540664809,-0.411729481,1.027124021,-0.267334931,-0.656170379,0.685631805,0.166977533
1497535067729610000,102036,-1.542715119,-0.418643528,1.02668949,-0.271715135,-0.658271425,0.681375543,0.169047291
1497535067739640000,102037,-1.543012735,-0.423759808,1.02573225,-0.265671497,-0.666254898,0.67835194,0.159253608
1497535067749610000,102038,-1.544588145,-0.430294031,1.025297227,-0.266594625,-0.668800995,0.675086891,0.160904394
1497535067759620000,102039,-1.546108988,-0.437129207,1.024414975,-0.271640171,-0.668471764,0.673001897,0.162559423
1497535067769660000,102040,-1.547681572,-0.443829879,1.023888151,0.271798185,0.6724403,-0.668728381,-0.163560822
1497535067779660000,102041,-1.549008497,-0.45083021,1.023199169,0.272056342,0.676138914,-0.664417472,-0.165441646
1497535067789620000,102042,-1.550133606,-0.457957639,1.02209497,0.27663868,0.675961742,-0.662535642,-0.166112272
1497535067799610000,102043,-1.551120694,-0.462360846,1.019987126,-0.282614073,-0.662384469,0.672677479,0.169944433
1497535067809620000,102044,-1.552235142,-0.469673973,1.019048772,-0.284741781,-0.663444434,0.670037885,0.172663933
1497535067819680000,102045,-1.553187448,-0.477033719,1.018151132,-0.286078234,-0.665426927,0.6671601,0.173964504
1497535067829650000,102046,-1.554077415,-0.48446172,1.017146294,0.287639423,0.666674024,-0.664908168,-0.17523252
1497535067839600000,102047,-1.554933134,-0.492028524,1.016172119,0.288296113,0.668529298,-0.662484004,-0.176263649
1497535067849680000,102048,-1.555821887,-0.499659696,1.015106767,0.288538079,0.67058721,-0.660162203,-0.176760958
1497535067859670000,102049,-1.556564417,-0.507504771,1.014100292,0.289403412,0.672672929,-0.657479687,-0.177418311
1497535067869680000,102050,-1.557376854,-0.515381805,1.012993291,0.290618148,0.67401046,-0.655262914,-0.178553928
1497535067879660000,102051,-1.558350659,-0.523482856,1.011723414,0.291856358,0.675590242,-0.652693983,-0.179967373
1497535067889610000,102052,-1.559233058,-0.531384634,1.010490943,0.292325665,0.676659485,-0.650935649,-0.181550069
1497535067899650000,102053,-1.560150045,-0.539472327,1.009168538,0.29367531,0.677929333,-0.648478903,-0.183416859
1497535067909690000,102054,-1.560914433,-0.547454306,1.007876785,0.294192648,0.679625578,-0.646168038,-0.184463075
1497535067919670000,102055,-1.561841611,-0.555659845,1.006512173,0.295532012,0.681944299,-0.64262189,-0.186144861
1497535067929650000,102056,-1.562680138,-0.563713153,1.004982166,0.297273995,0.682100597,-0.640759672,-0.189192996
1497535067939680000,102057,-1.564513719,-0.57233507,1.003158839,0.300442207,0.690171944,-0.631721771,-0.185269461
1497535067949690000,102058,-1.565426863,-0.580393843,1.001609794,0.302177493,0.691529101,-0.628775977,-0.187395399
1497535067959690000,102059,-1.566309096,-0.588408137,1.000052803,0.304509585,0.691793621,-0.626760322,-0.189385843
1497535067969620000,102060,-1.567061971,-0.596423476,0.998501143,0.306419345,0.692195302,-0.624747757,-0.191476082
1497535067979660000,102061,-1.567710769,-0.604425814,0.996949506,0.308395211,0.692461735,-0.622974017,-0.193112694
1497535067989620000,102062,-1.568316533,-0.612555377,0.995204015,0.311441602,0.692914309,-0.620615879,-0.194190165
1497535067999680000,102063,-1.568709216,-0.62089438,0.993570247,0.31412875,0.693010754,-0.618733401,-0.195520337
1497535068009690000,102064,-1.568790519,-0.62938901,0.992049304,0.316620364,0.692747651,-0.617094235,-0.19760299
1497535068019680000,102065,-1.56874129,-0.638007158,0.990594736,0.319064657,0.692728872,-0.615422495,-0.198946242
1497535068029660000,102066,-1.568611034,-0.646828631,0.989186418,0.321193605,0.691929869,-0.614464146,-0.20124994
1497535068039690000,102067,-1.567648434,-0.65549614,0.988048989,0.322751849,0.68495925,-0.618593676,-0.209771148
1497535068049710000,102068,-1.567276651,-0.664645115,0.987023821,0.325520093,0.683799596,-0.617672496,-0.21197988
1497535068059690000,102069,-1.566934493,-0.674174281,0.986218688,0.329064571,0.682398076,-0.616475605,-0.214492899
1497535068069680000,102070,-1.566449581,-0.68377083,0.985835946,0.332244019,0.680546684,-0.615918261,-0.21705948
1497535068079660000,102071,-1.565830589,-0.693320106,0.985683676,0.334354297,0.679016294,-0.616065023,-0.218192493
1497535068089690000,102072,-1.565021515,-0.703176504,0.985923846,0.336790971,0.676967694,-0.616753377,-0.218864927
1497535068099680000,102073,-1.564799811,-0.713779619,0.986117501,0.339697009,0.681908581,-0.61164245,-0.213307622
1497535068109700000,102074,-1.563636669,-0.723954521,0.986751657,0.340238382,0.680136928,-0.613479586,-0.212824811
1497535068119650000,102075,-1.562076288,-0.734471371,0.987745091,0.340761044,0.677962288,-0.615670172,-0.21260124
1497535068129670000,102076,-1.560609786,-0.744959998,0.988619847,0.339712868,0.676692902,-0.618270165,-0.210769747
1497535068139660000,102077,-1.558632635,-0.755544729,0.989863382,0.33909703,0.674934572,-0.621079868,-0.209132315
1497535068149690000,102078,-1.556462542,-0.765979145,0.991268188,0.336750105,0.672678985,-0.625558969,-0.206829221
1497535068159680000,102079,-1.554178875,-0.776313129,0.992684841,0.333749884,0.670701577,-0.63002161,-0.204556056
1497535068169680000,102080,-1.551878167,-0.786465935,0.994309853,0.330081661,0.668124692,-0.635232435,-0.202818261
1497535068179660000,102081,-1.549424298,-0.79639743,0.99606009,0.325577797,0.665845629,-0.640515759,-0.200968304
1497535068189730000,102082,-1.547252933,-0.806014769,0.997711138,0.320543752,0.662643633,-0.646310066,-0.201093056
1497535068199680000,102083,-1.54495101,-0.815344286,0.999337395,0.315953117,0.659007908,-0.652132521,-0.201507768
1497535068209650000,102084,-1.542762655,-0.824480698,1.001018365,-0.31270716,-0.654687447,0.657537114,0.203085011
1497535068219620000,102085,-1.540931661,-0.833199022,1.002540599,-0.310185221,-0.650446057,0.662441017,0.204638596
1497535068229650000,102086,-1.539259045,-0.841641728,1.004126429,-0.307082331,-0.645551657,0.668179975,0.206152907
1497535068239660000,102087,-1.53789022,-0.849953596,1.005590107,-0.306575095,-0.640537079,0.672842579,0.20738087
1497535068249650000,102088,-1.536612184,-0.858084138,1.007275154,-0.306896049,-0.634820716,0.677519358,0.209248639
1497535068259660000,102089,-1.535603918,-0.865864961,1.008876023,-0.307935665,-0.629749998,0.68155113,0.209949097
1497535068269690000,102090,-1.534831591,-0.87337988,1.010382191,-0.308919732,-0.624300534,0.685949107,0.210454899
1497535068279680000,102091,-1.534070489,-0.880739173,1.012185914,-0.310237493,-0.619030894,0.689914854,0.211118318
1497535068289680000,102092,-1.533534077,-0.887921588,1.013753705,-0.311542682,-0.613889602,0.694111035,0.210453285
1497535068299650000,102093,-1.533120335,-0.894935901,1.01540297,-0.312763543,-0.609344501,0.697660396,0.210114773
1497535068309660000,102094,-1.532605888,-0.901910751,1.017162234,-0.31390472,-0.60381759,0.701346548,0.212087636
1497535068319590000,102095,-1.532180604,-0.908612693,1.018878785,-0.315146282,-0.599795614,0.704396298,0.211551171
1497535068329670000,102096,-1.53160541,-0.915210651,1.020784604,-0.315913579,-0.595056805,0.707734759,0.212644116
1497535068339680000,102097,-1.531022673,-0.921659617,1.022731312,-0.315466116,-0.590283596,0.711493417,0.214064296
1497535068349690000,102098,-1.530561915,-0.928211957,1.024584083,-0.314998325,-0.586249246,0.714600062,0.215486955
1497535068359720000,102099,-1.529948389,-0.93474558,1.026526572,-0.313774943,-0.582619385,0.717791379,0.216507444
1497535068369680000,102100,-1.529389404,-0.941380371,1.028364561,-0.312563115,-0.579306613,0.72065674,0.217628149
1497535068379640000,102101,-1.528900369,-0.94823958,1.030048672,-0.311543674,-0.576527908,0.723035514,0.218576658
1497535068389740000,102102,-1.52850411,-0.955120141,1.03156141,-0.309919011,-0.574447524,0.725400338,0.218528254
1497535068399650000,102103,-1.528220988,-0.962413743,1.032788875,-0.309176441,-0.573155465,0.726701664,0.218649109
1497535068409610000,102104,-1.527851374,-0.96960056,1.033938114,-0.307203095,-0.57225169,0.728552305,0.217636857
1497535068419720000,102105,-1.527526008,-0.977239794,1.03488582,-0.305808361,-0.571526237,0.729737624,0.217536219
1497535068429700000,102106,-1.527175346,-0.984774113,1.035636524,-0.302759745,-0.572485978,0.73095688,0.215170587
1497535068439700000,102107,-1.526649306,-0.992579506,1.036339198,-0.300535388,-0.573034324,0.731683237,0.214359007
1497535068449700000,102108,-1.526375009,-1.00086352,1.036945785,-0.298915708,-0.574923872,0.731285948,0.212915013
1497535068459750000,102109,-1.525988081,-1.00875937,1.037068541,-0.296134971,-0.577221785,0.731176888,0.210948922
1497535068469620000,102110,-1.525673487,-1.016868808,1.037098838,-0.293458322,-0.578803736,0.731419082,0.209510321
1497535068479680000,102111,-1.525314562,-1.024802529,1.036772958,-0.290813677,-0.580720355,0.731880753,0.20625673
1497535068489700000,102112,-1.524784391,-1.033336422,1.036538653,-0.28842303,-0.582719721,0.731435654,0.205552343
1497535068499620000,102113,-1.524515389,-1.041577912,1.035714227,-0.28637735,-0.583836749,0.731774011,0.204032988
1497535068509710000,102114,-1.524536875,-1.049930844,1.034620556,-0.284298768,-0.586236431,0.731434881,0.201256235
1497535068519700000,102115,-1.524506493,-1.058277218,1.033276281,-0.2824042,-0.589422667,0.730488283,0.198029433
1497535068529680000,102116,-1.524405127,-1.066951728,1.031843347,-0.282168097,-0.591778498,0.729400847,0.195329923
1497535068539670000,102117,-1.524510445,-1.07551824,1.030248627,-0.280272687,-0.595537403,0.727917903,0.192140438
1497535068549690000,102118,-1.524601771,-1.084168322,1.028562749,-0.278510392,-0.599006337,0.726471315,0.189374753
1497535068559690000,102119,-1.52369505,-1.091813926,1.02675479,-0.27783591,-0.591381291,0.732207833,0.192216191
1497535068569580000,102120,-1.523936757,-1.100654455,1.025165142,-0.275387765,-0.595216522,0.730600176,0.19000593
1497535068579670000,102121,-1.524080052,-1.109704593,1.023643948,-0.273895998,-0.597825779,0.729525228,0.188091101
1497535068589690000,102122,-1.524329218,-1.11884047,1.02203919,-0.270353355,-0.601773832,0.7281809,0.185822214
1497535068599550000,102123,-1.524620465,-1.127911485,1.020585589,-0.266260655,-0.606339694,0.726677149,0.182750543
1497535068609710000,102124,-1.524576443,-1.137423555,1.019164192,-0.263106368,-0.609879658,0.725459887,0.180360181
1497535068619720000,102125,-1.524411145,-1.146513902,1.017932821,-0.260053817,-0.612214399,0.725238664,0.177748199
1497535068629610000,102126,-1.523942541,-1.15539156,1.0166811,-0.256634488,-0.613032717,0.726360564,0.175299626
1497535068639670000,102127,-1.523476345,-1.164173405,1.015471595,-0.253512888,-0.613553306,0.727585728,0.172923582
1497535068649690000,102128,-1.523008111,-1.172676294,1.014451995,-0.25122001,-0.612211099,0.730017798,0.170763263
1497535068659700000,102129,-1.522658296,-1.181081906,1.0134802,-0.248648872,-0.611150638,0.732174828,0.169081807
1497535068669640000,102130,-1.522427675,-1.189676828,1.012605852,-0.246695031,-0.60959155,0.734415437,0.167850141
1497535068679670000,102131,-1.522322117,-1.19848255,1.011794017,-0.244870272,-0.608874632,0.736122504,0.165631794
1497535068689700000,102132,-1.522398097,-1.207378859,1.010985841,-0.2428844,-0.606876332,0.738715249,0.164341309
1497535068699720000,102133,-1.522613454,-1.216657058,1.010283593,-0.242626689,-0.603497264,0.741666223,0.163873598
1497535068709710000,102134,-1.523047252,-1.226301307,1.009534985,-0.24095564,-0.603301427,0.742750493,0.162140286
1497535068719700000,102135,-1.523378748,-1.235840356,1.008785994,-0.240092068,-0.600313335,0.745829214,0.160369832
1497535068729680000,102136,-1.523846516,-1.246112717,1.007994065,-0.238910942,-0.598850396,0.747791333,0.158454688
1497535068739650000,102137,-1.524278659,-1.256476564,1.00720269,-0.237161345,-0.597180331,0.750393819,0.155046011
1497535068749650000,102138,-1.524823304,-1.267653284,1.00635049,-0.235314559,-0.597793458,0.751161498,0.151744665
1497535068759700000,102139,-1.525249096,-1.278891673,1.005628528,-0.233502234,-0.597516662,0.752630679,0.1483159
1497535068769650000,102140,-1.525702544,-1.290234787,1.004910708,-0.230376184,-0.597824571,0.753905882,0.145459677
1497535068779670000,102141,-1.526216006,-1.301706261,1.004211491,-0.227684441,-0.598456852,0.754832331,0.142258021
1497535068789700000,102142,-1.526916244,-1.312872644,1.003790767,-0.224924331,-0.59923693,0.755657676,0.138944678
1497535068799710000,102143,-1.527439594,-1.324245728,1.003955156,-0.223214529,-0.600007156,0.755868812,0.137218896
1497535068809650000,102144,-1.528032066,-1.335862145,1.004947442,-0.223596796,-0.603183431,0.753507916,0.135646755
1497535068819710000,102145,-1.529017456,-1.346885232,1.005861298,-0.223055903,-0.606541588,0.751362764,0.133444234
1497535068829680000,102146,-1.530159336,-1.35749683,1.006905076,-0.22143632,-0.610872568,0.74879871,0.130771381
1497535068839700000,102147,-1.531161435,-1.369739933,1.009398075,-0.213790133,-0.610866373,0.751363598,0.128797505
1497535068849710000,102148,-1.531697021,-1.379972638,1.011484367,-0.209162797,-0.613193847,0.750805556,0.128589455
1497535068859690000,102149,-1.531939018,-1.390224799,1.01382925,-0.206221145,-0.61281953,0.751666573,0.130086222
1497535068869700000,102150,-1.532272603,-1.400566586,1.016398911,-0.202485979,-0.612158494,0.752896771,0.131938843
1497535068879660000,102151,-1.532677129,-1.409874896,1.018144419,-0.200676923,-0.612504148,0.752934377,0.13288064
1497535068889690000,102152,-1.533087068,-1.419758977,1.020136635,-0.198231596,-0.612917068,0.752991615,0.134315041
1497535068899670000,102153,-1.533467608,-1.429514735,1.021925884,-0.196228253,-0.613501719,0.75288412,0.135187335
1497535068909710000,102154,-1.533599016,-1.439445653,1.023766162,-0.194736679,-0.614812621,0.752144141,0.135507411
1497535068919690000,102155,-1.533710692,-1.448584832,1.024910455,-0.191669956,-0.616857118,0.751338224,0.135058495
1497535068929620000,102156,-1.533614887,-1.458173069,1.026312416,-0.18697337,-0.620941701,0.749469234,0.133297524
1497535068939700000,102157,-1.533426277,-1.46705751,1.027140565,-0.182596466,-0.62540101,0.747064788,0.132008747
1497535068949700000,102158,-1.533078853,-1.476144118,1.027974884,-0.17833633,-0.630690524,0.744035753,0.129755208
1497535068959710000,102159,-1.532610129,-1.484876134,1.028581128,-0.173794708,-0.637154773,0.740118451,0.126703878
1497535068969700000,102160,-1.532008181,-1.49337272,1.029284698,-0.16978004,-0.641712078,0.737698714,0.123211021
1497535068979680000,102161,-1.531381337,-1.501299902,1.02970128,-0.167030064,-0.644461129,0.736350946,0.120656933
1497535068989700000,102162,-1.530561875,-1.508974639,1.030188239,-0.164184464,-0.648420168,0.734087316,0.117092104
1497535068999710000,102163,-1.529702689,-1.516475005,1.030558564,-0.162585478,-0.650499598,0.733124437,0.113775192
1497535069009670000,102164,-1.528642103,-1.523963762,1.031014085,-0.161111401,-0.653803946,0.731132128,0.109678295
1497535069019680000,102165,-1.527626933,-1.531297469,1.031314098,-0.159431365,-0.657944615,0.728458181,0.105067611
1497535069029670000,102166,-1.526513512,-1.538614955,1.031591311,-0.157714707,-0.661387681,0.72635555,0.10049886
1497535069039660000,102167,-1.525325642,-1.545847072,1.031747199,-0.157049533,-0.663672386,0.724916264,0.096802988
1497535069049630000,102168,-1.524019435,-1.552614874,1.031767254,-0.155869645,-0.665840189,0.72375593,0.092405898
1497535069059600000,102169,-1.52265025,-1.559664529,1.031865398,-0.15474688,-0.668146377,0.722245051,0.089419841
1497535069069730000,102170,-1.521165309,-1.566287427,1.031803188,-0.15341127,-0.670843355,0.720425768,0.086144572
1497535069079710000,102171,-1.519611558,-1.572934321,1.031741359,-0.151520086,-0.673325593,0.718810109,0.083584312
1497535069089720000,102172,-1.517966433,-1.579686618,1.031760557,-0.150375294,-0.675519154,0.717303219,0.080853174
1497535069099700000,102173,-1.516262514,-1.586516204,1.031801927,-0.148756149,-0.678220638,0.715310967,0.078858069
1497535069109710000,102174,-1.51444073,-1.593315477,1.031684259,-0.147610983,-0.679606803,0.714419162,0.077141769
1497535069119700000,102175,-1.51265574,-1.600152947,1.031636049,-0.144865409,-0.684581593,0.710538991,0.074137694
1497535069129690000,102176,-1.510692617,-1.606963601,1.031363724,-0.142718782,-0.686715119,0.709120741,0.072121219
1497535069139720000,102177,-1.508769909,-1.613723933,1.031027596,-0.14066661,-0.689952496,0.706607481,0.069887945
1497535069149670000,102178,-1.506769063,-1.620333001,1.030567571,-0.138284061,-0.692516471,0.704801649,0.067476598
1497535069159710000,102179,-1.504712029,-1.626907961,1.029903002,-0.135817879,-0.695538002,0.702523724,0.065121497
1497535069169710000,102180,-1.502514709,-1.633777262,1.029345225,-0.133056192,-0.698346158,0.700465434,0.062903651
1497535069179680000,102181,-1.500263062,-1.640571772,1.028765193,0.130245441,0.700511484,-0.699029628,-0.060641288
1497535069189700000,102182,-1.498065192,-1.646763052,1.027722413,0.128035447,0.702349066,-0.697758671,-0.058698823
1497535069199710000,102183,-1.495686139,-1.653470203,1.02705731,0.125418365,0.705367999,-0.69537149,-0.056433241
1497535069209720000,102184,-1.493253557,-1.660157173,1.026328729,0.122818352,0.708398779,-0.692897551,-0.054587592
1497535069219670000,102185,-1.490729664,-1.667074781,1.025738231,0.120563532,0.71035632,-0.691396107,-0.053195461
1497535069229690000,102186,-1.488120077,-1.673996328,1.02522434,0.118813724,0.712004363,-0.690089271,-0.052056546
1497535069239670000,102187,-1.485409535,-1.680716174,1.02460813,0.116647803,0.713359443,-0.689116834,-0.051279475
1497535069249660000,102188,-1.482617306,-1.687239851,1.023832408,0.114296054,0.714678492,-0.688230032,-0.050104777
1497535069259690000,102189,-1.479711222,-1.693904062,1.023022757,0.112331591,0.71640453,-0.686820634,-0.049229865
1497535069269620000,102190,-1.476732083,-1.700762861,1.022194426,0.111631725,0.717264859,-0.686054017,-0.048983331
1497535069279670000,102191,-1.473692954,-1.707935964,1.021503592,0.109491354,0.718724165,-0.684929702,-0.04815103
1497535069289710000,102192,-1.470594138,-1.714736828,1.020353982,0.107283904,0.721619923,-0.682300203,-0.047130504
1497535069299600000,102193,-1.467296735,-1.722138596,1.019500853,0.105567663,0.724366754,-0.679697291,-0.046474365
1497535069309730000,102194,-1.4639604,-1.729655737,1.018336944,0.104304665,0.727023722,-0.677063793,-0.046278139
1497535069319720000,102195,-1.460497891,-1.73668036,1.016979031,0.102759634,0.728993406,-0.675255178,-0.045161001
1497535069329670000,102196,-1.456900934,-1.744137912,1.015681007,0.101180389,0.732638665,-0.671566665,-0.044736222
1497535069339700000,102197,-1.453145777,-1.751676581,1.014832744,0.099154899,0.734597699,-0.669811133,-0.043446199
1497535069349740000,102198,-1.44957934,-1.758467567,1.013083791,0.09774284,0.737083269,-0.667345479,-0.042480625
1497535069359720000,102199,-1.44567974,-1.7657355,1.011932096,0.096334929,0.739267053,-0.665152449,-0.042142905
1497535069369700000,102200,-1.441704835,-1.772472079,1.010597103,0.093668415,0.741733641,-0.662895194,-0.040340991
1497535069379680000,102201,-1.437719223,-1.779418714,1.009413679,0.092282257,0.743499965,-0.661196672,-0.038868341
1497535069389710000,102202,-1.433338746,-1.78598492,1.008092178,0.090785171,0.744706657,-0.660096121,-0.037988921
1497535069399740000,102203,-1.428890866,-1.792224974,1.006626431,0.088832721,0.74604136,-0.658959838,-0.03609666
1497535069409670000,102204,-1.424185165,-1.799173326,1.005591443,0.086162657,0.747226709,-0.658056431,-0.034496017
1497535069419610000,102205,-1.419363058,-1.80551527,1.004336446,0.084612665,0.747226218,-0.658327258,-0.033149624
1497535069429680000,102206,-1.414296725,-1.812108834,1.003363731,0.082159833,0.749239497,-0.656418512,-0.03169661
1497535069439710000,102207,-1.409294095,-1.818318845,1.002030555,0.081977932,0.749963051,-0.65562679,-0.031441266
1497535069449710000,102208,-1.404019976,-1.825057262,1.001130824,0.080044341,0.750687179,-0.655056602,-0.031024361
1497535069459710000,102209,-1.398475036,-1.831575813,1.000131155,0.080083727,0.750690346,-0.655015636,-0.031703592
1497535069469660000,102210,-1.392766497,-1.838216535,0.999237305,0.079964853,0.750690246,-0.655011765,-0.032083713
1497535069479680000,102211,-1.386850231,-1.845023166,0.998551869,0.079237165,0.75101497,-0.654727026,-0.032101536
1497535069489710000,102212,-1.380580303,-1.851983847,0.998087677,0.078931504,0.751258796,-0.654477604,-0.032235165
1497535069499710000,102213,-1.373973983,-1.858872078,0.997515472,0.07846388,0.7518462,-0.653848542,-0.032446793
1497535069509690000,102214,-1.367033516,-1.865864557,0.997407228,0.078074574,0.751738217,-0.654058833,-0.031639494
1497535069519700000,102215,-1.359744477,-1.872299519,0.996869473,0.077561959,0.751326446,-0.65462575,-0.030949004
1497535069529690000,102216,-1.351929575,-1.879471123,0.997134032,0.076106889,0.750929413,-0.655306225,-0.029774323
1497535069539710000,102217,-1.343938342,-1.886222334,0.997246206,0.073598694,0.751713583,-0.654834061,-0.026500432
1497535069549700000,102218,-1.335619384,-1.893218036,0.997650902,0.071400784,0.751046997,-0.655985077,-0.022669696
1497535069559700000,102219,-1.326864355,-1.90002264,0.998308533,0.069136277,0.750750471,-0.656687138,-0.01886552
1497535069569640000,102220,-1.317844677,-1.90658097,0.999091988,0.06537502,0.749729231,-0.658351959,-0.014313795
1497535069579700000,102221,-1.308485309,-1.912912008,1.000234568,0.060837026,0.748987793,-0.659733971,-0.008199412
1497535069589690000,102222,-1.298956216,-1.919166646,1.001708377,0.056065542,0.746885219,-0.662581964,-0.002065513
1497535069599610000,102223,-1.289349465,-1.925207253,1.003302597,0.051047089,0.745305479,-0.664755175,0.003807271
1497535069609660000,102224,-1.279807098,-1.930551004,1.00473072,0.046573507,0.743173001,-0.667410541,0.009379109
1497535069619710000,102225,-1.270345859,-1.93586025,1.006299108,0.041249783,0.739981602,-0.671191884,0.015071132
1497535069629700000,102226,-1.261067527,-1.941230417,1.00811189,0.036619775,0.736722779,-0.674898694,0.020255652
1497535069639710000,102227,-1.251994588,-1.946421537,1.009907146,0.031355337,0.733477841,-0.678524552,0.025130306
1497535069649720000,102228,-1.243270315,-1.950853924,1.011041671,0.025853751,0.729351904,-0.68298779,0.030084269
1497535069659710000,102229,-1.234933493,-1.955508127,1.012334499,0.020999711,0.725174771,-0.687346399,0.035149557
1497535069669700000,102230,-1.226886459,-1.959915202,1.013447471,0.017143804,0.720869587,-0.691731784,0.039500217
1497535069679690000,102231,-1.219236732,-1.964648031,1.014537129,0.014062898,0.716186455,-0.696416538,0.043395876
1497535069689720000,102232,-1.211751443,-1.968741143,1.015116962,0.012342611,0.711830066,-0.700592596,0.048120998
1497535069699710000,102233,-1.204565698,-1.973147121,1.015859313,0.011308008,0.707432291,-0.704728496,0.052625364
1497535069709730000,102234,-1.197520745,-1.977587647,1.016866251,-0.012537419,-0.703096842,0.708700049,-0.056937545
1497535069719710000,102235,-1.190582557,-1.981648952,1.017532236,-0.011577371,-0.699334731,0.711971788,-0.062394485
1497535069729690000,102236,-1.183686111,-1.985697851,1.018382213,-0.011876538,-0.694454822,0.716185587,-0.068334863
1497535069739740000,102237,-1.176905903,-1.990049282,1.019626184,-0.011802111,-0.691284974,0.718737389,-0.073500744
1497535069749720000,102238,-1.170127278,-1.994091502,1.020972767,-0.011897091,-0.688104189,0.721121655,-0.079716013
1497535069759710000,102239,-1.16332507,-1.997800431,1.02217063,-0.010676773,-0.684066076,0.724278673,-0.085790522
1497535069769730000,102240,-1.156416075,-2.001736902,1.023865551,-0.009085837,-0.681274975,0.726286592,-0.091047471
1497535069779670000,102241,-1.149462383,-2.005438067,1.025362246,-0.006013279,-0.677501066,0.729159494,-0.096346138
1497535069789660000,102242,-1.142414062,-2.009110159,1.027188344,-0.002951087,-0.674000104,0.731599502,-0.102358775
1497535069799690000,102243,-1.135317238,-2.012512414,1.028807728,-0.000591847,-0.671197494,0.733397691,-0.107802598
1497535069809650000,102244,-1.128180868,-2.016297785,1.030542127,0.003748032,-0.666883838,0.73637807,-0.114014199
1497535069819750000,102245,-1.12090093,-2.019845178,1.032061186,0.006640558,-0.664323037,0.737674016,-0.120282382
1497535069829710000,102246,-1.11370108,-2.023662537,1.033801622,0.010779321,-0.661999506,0.738532818,-0.127317466
1497535069839690000,102247,-1.106341377,-2.027344925,1.035013435,0.014280687,-0.658688314,0.740407339,-0.133126781
1497535069849720000,102248,-1.099081332,-2.031143764,1.03641837,0.017353402,-0.656344357,0.741150701,-0.140023508
1497535069859780000,102249,-1.091697744,-2.035112831,1.037644259,0.022407541,-0.654427274,0.741320148,-0.147198108
1497535069869710000,102250,-1.084170916,-2.038784801,1.038529524,0.02615433,-0.652643966,0.741575969,-0.153091107
1497535069879700000,102251,-1.076737214,-2.042610117,1.039481579,0.031317039,-0.650955994,0.741428767,-0.159871576
1497535069889720000,102252,-1.069067001,-2.046478354,1.040179391,0.036325449,-0.64922346,0.741651387,-0.164750059
1497535069899690000,102253,-1.06133919,-2.050312673,1.040819329,0.041914908,-0.647936711,0.741099922,-0.170856855
1497535069909730000,102254,-1.053447382,-2.054125899,1.041276236,0.047949623,-0.646889704,0.740399635,-0.176190029
1497535069919730000,102255,-1.045577638,-2.057915372,1.041726981,0.053672635,-0.645482682,0.739858636,-0.181880607
1497535069929690000,102256,-1.037564204,-2.061761086,1.04196505,0.059865784,-0.644691864,0.738732025,-0.18725246
1497535069939730000,102257,-1.029601918,-2.065312496,1.042000235,0.066090236,-0.643761417,0.737493209,-0.193150419
1497535069949720000,102258,-1.021696471,-2.069373706,1.042425268,0.071729683,-0.643065716,0.73609293,-0.198717224
1497535069959730000,102259,-1.013677258,-2.072836654,1.042021178,0.077170222,-0.642511697,0.734610766,-0.203888445
1497535069969720000,102260,-1.005717136,-2.076677935,1.041779259,0.081810389,-0.641451069,0.733709316,-0.208610227
1497535069979700000,102261,-0.997811531,-2.080559237,1.041381496,0.086396285,-0.641499881,0.731795175,-0.213282455
1497535069989670000,102262,-0.989988967,-2.084760531,1.04112018,0.091397125,-0.641774887,0.729658834,-0.217645458
1497535069999630000,102263,-0.982156252,-2.088710032,1.04025477,0.095836556,-0.642543096,0.727279382,-0.22140105
1497535070009730000,102264,-0.974246193,-2.092712929,1.039256294,0.099690135,-0.643099896,0.725482912,-0.223961927
1497535070019720000,102265,-0.966377128,-2.096717816,1.03790451,0.104015152,-0.645029673,0.722343268,-0.226578402
1497535070029710000,102266,-0.958395543,-2.100910878,1.03641736,0.107682945,-0.645709318,0.720670167,-0.228250675
1497535070039730000,102267,-0.950336072,-2.105117772,1.034877278,0.112747422,-0.647569612,0.717484248,-0.230560125
1497535070049730000,102268,-0.942080586,-2.109534081,1.033196982,0.117195602,-0.649171123,0.71473306,-0.232376197
1497535070059720000,102269,-0.933719564,-2.113925057,1.031517166,0.121877238,-0.649997225,0.712606983,-0.234181201
1497535070069670000,102270,-0.925172486,-2.118273699,1.029845827,0.127206653,-0.651050743,0.710025379,-0.236252743
1497535070079700000,102271,-0.916488607,-2.12268361,1.028374726,0.131913545,-0.651660051,0.707807506,-0.238634718
1497535070089660000,102272,-0.907862299,-2.126948153,1.026844276,0.135836469,-0.652447161,0.705473801,-0.241180164
1497535070099730000,102273,-0.899353422,-2.131080848,1.02542018,0.139426544,-0.651801078,0.704113234,-0.24482677
1497535070109730000,102274,-0.890946234,-2.134985684,1.024042988,0.142069437,-0.65082312,0.703227306,-0.248428858
1497535070119730000,102275,-0.882701184,-2.13883934,1.022621143,0.143497674,-0.648979975,0.703358468,-0.252032289
1497535070129700000,102276,-0.874499832,-2.142581959,1.021344421,0.144790165,-0.64630738,0.704145347,-0.255933406
1497535070139730000,102277,-0.866310561,-2.146546353,1.020241234,0.145149733,-0.643127121,0.705572333,-0.259782108
1497535070149720000,102278,-0.857926539,-2.150610007,1.019173431,0.144710911,-0.640336055,0.707035068,-0.26292566
1497535070159730000,102279,-0.849319017,-2.154768588,1.018063786,0.144892348,-0.637786769,0.707912221,-0.266635579
1497535070169710000,102280,-0.840308496,-2.15913163,1.016952052,0.143886531,-0.635896684,0.70872943,-0.269508199
1497535070179700000,102281,-0.830995664,-2.163695587,1.015923666,0.143800076,-0.634059061,0.708985356,-0.273185668
1497535070189740000,102282,-0.821309044,-2.168289783,1.014846657,0.144333802,-0.632199791,0.709005012,-0.277133668
1497535070199730000,102283,-0.811267611,-2.17289537,1.013711284,0.144542483,-0.630369573,0.709154033,-0.280788585
1497535070209750000,102284,-0.801113624,-2.177641278,1.012806894,0.146464802,-0.628587696,0.708895643,-0.284416137
1497535070219730000,102285,-0.790738136,-2.182473143,1.012106268,0.147061909,-0.626271869,0.709483574,-0.287731471
1497535070229700000,102286,-0.78050886,-2.18731566,1.011686238,0.14947318,-0.623801715,0.709699393,-0.291300464
1497535070239700000,102287,-0.770283703,-2.192119045,1.011889382,0.150751751,-0.621513467,0.710153021,-0.29441061
1497535070249710000,102288,-0.760331318,-2.196785648,1.012689215,0.152053605,-0.620311199,0.709991752,-0.29665709
1497535070259730000,102289,-0.750666744,-2.201398432,1.014083776,0.152651432,-0.619611351,0.709993985,-0.297805064
1497535070269700000,102290,-0.741249052,-2.205995876,1.015998463,0.153047803,-0.621032879,0.708550981,-0.298077238
1497535070279700000,102291,-0.732261878,-2.210987551,1.018501779,0.154874013,-0.623807591,0.705614513,-0.298305696
1497535070289690000,102292,-0.72310793,-2.216072123,1.020737189,0.157194143,-0.625379363,0.703721876,-0.298271983
1497535070299710000,102293,-0.714116763,-2.221310128,1.022896337,0.158685191,-0.627095061,0.702119718,-0.297655332
1497535070309620000,102294,-0.705223956,-2.226702633,1.024991991,0.159359854,-0.628538364,0.700906941,-0.297108435
1497535070319650000,102295,-0.696723417,-2.23222283,1.027079776,0.158336116,-0.629491135,0.700928368,-0.29558418
1497535070329600000,102296,-0.688287372,-2.237506336,1.028703222,0.156312107,-0.629986629,0.701901185,-0.293288422
1497535070339660000,102297,-0.680068157,-2.242922022,1.030317122,0.153153339,-0.630555062,0.703293604,-0.290383325
1497535070349720000,102298,-0.672002296,-2.248062969,1.031605006,0.150918503,-0.631018202,0.704479092,-0.287660988
1497535070359730000,102299,-0.664036647,-2.253052092,1.032817034,0.148571621,-0.631266036,0.706311043,-0.283821029
1497535070369670000,102300,-0.656045384,-2.257819629,1.033826153,0.147512191,-0.632514046,0.707176908,-0.279404646
1497535070379730000,102301,-0.648127393,-2.262143885,1.034606846,0.148785239,-0.633764925,0.707214644,-0.275776034
1497535070389670000,102302,-0.640268588,-2.266467086,1.035578566,0.152136124,-0.635606288,0.705868745,-0.273145677
1497535070399730000,102303,-0.632358096,-2.270499794,1.036400864,0.156173452,-0.638193432,0.703152795,-0.271836612
1497535070409750000,102304,-0.624477048,-2.274506515,1.037202,0.161612669,-0.642313136,0.698293403,-0.27148021
1497535070419730000,102305,-0.616641046,-2.278383587,1.038037222,0.164978034,-0.645340685,0.694806045,-0.27122354
1497535070429700000,102306,-0.608991709,-2.282268521,1.038868131,0.16846438,-0.649172241,0.690131097,-0.271871703
1497535070439720000,102307,-0.601450451,-2.286003549,1.039593225,0.170780272,-0.652067083,0.686614118,-0.272403507
1497535070449720000,102308,-0.594347233,-2.289559991,1.040414718,0.173198933,-0.654046639,0.683339878,-0.274356947
1497535070459720000,102309,-0.587329224,-2.292805631,1.040771329,0.174691727,-0.655447737,0.680815661,-0.276335123
1497535070469690000,102310,-0.580400032,-2.295846253,1.041012859,0.175746647,-0.65669008,0.678663034,-0.278006728
1497535070479720000,102311,-0.573728891,-2.298920002,1.041401401,0.176513383,-0.657974236,0.676564136,-0.27959596
1497535070489670000,102312,-0.567151799,-2.302010734,1.041648069,0.177682154,-0.658620766,0.675159491,-0.280726558
1497535070499720000,102313,-0.560495971,-2.304764537,1.041693125,0.178643528,-0.660593147,0.672684383,-0.281422999
1497535070509700000,102314,-0.554076944,-2.307793426,1.042022137,0.179168983,-0.662270257,0.670904142,-0.2813969
1497535070519670000,102315,-0.547565001,-2.310754733,1.042191983,0.180312574,-0.664629132,0.668562415,-0.280677376
1497535070529720000,102316,-0.541008213,-2.313499608,1.042123794,-0.181455429,0.668061785,-0.664924857,0.280432368
1497535070539760000,102317,-0.534792336,-2.316479569,1.042451221,-0.182279507,0.670402865,-0.662643339,0.279710537
1497535070549740000,102318,-0.528439177,-2.319106209,1.042445822,-0.182389712,0.672589743,-0.660775237,0.278806595
1497535070559740000,102319,-0.522155908,-2.321558137,1.042303552,-0.182826851,0.673820637,-0.65968402,0.278131417
1497535070569640000,102320,-0.515838565,-2.324122179,1.042255424,-0.183555949,0.6762157,-0.65725832,0.277580694
1497535070579700000,102321,-0.509661955,-2.326447256,1.042036992,-0.183505288,0.67707163,-0.656839532,0.27651699
1497535070589670000,102322,-0.503255163,-2.328796591,1.041651659,-0.183690109,0.678516293,-0.65561418,0.275760096
1497535070599740000,102323,-0.496750212,-2.331093289,1.04127854,-0.18510673,0.680546083,-0.653325754,0.275241686
1497535070609730000,102324,-0.490025691,-2.333445925,1.040641076,-0.185617933,0.683319117,-0.650865791,0.273851585
1497535070619740000,102325,-0.483282097,-2.335852192,1.039960306,-0.186170827,0.685267967,-0.649403454,0.2720724
1497535070629700000,102326,-0.476313653,-2.338214302,1.039191336,-0.187242732,0.687624891,-0.647047633,0.271000978
1497535070639660000,102327,-0.46928612,-2.34058852,1.038349702,-0.187654637,0.690291513,-0.645017898,0.268766209
1497535070649690000,102328,-0.462209705,-2.342990706,1.037527562,-0.188563748,0.693160186,-0.642389538,0.267036235
1497535070659730000,102329,-0.454976122,-2.345306381,1.036588245,-0.189938757,0.696120238,-0.639433289,0.265452353
1497535070669720000,102330,-0.447397536,-2.348270574,1.035302455,-0.192865248,0.703167687,-0.631451699,0.263869196
1497535070679720000,102331,-0.440230027,-2.350012727,1.03445601,-0.190795848,0.701479327,-0.63505178,0.261214346
1497535070689740000,102332,-0.432640847,-2.352443449,1.033384396,-0.192376107,0.704616774,-0.631665919,0.259816865
1497535070699740000,102333,-0.42469013,-2.355180107,1.031707047,-0.195376984,0.71175979,-0.623054473,0.258899515
1497535070709740000,102334,-0.417054573,-2.356921783,1.03065711,-0.19438868,0.71057296,-0.625613456,0.256723417
1497535070719740000,102335,-0.409089839,-2.359275013,1.029336346,-0.196975538,0.713428647,-0.622338628,0.2547839
1497535070729640000,102336,-0.400893245,-2.36145929,1.027819384,-0.198694822,0.715842864,-0.619620932,0.253296786
1497535070739740000,102337,-0.392470888,-2.363939555,1.026118607,-0.20322033,0.722638594,-0.610529778,0.252484355
1497535070749710000,102338,-0.384522359,-2.36539716,1.02502851,-0.20321915,0.720075875,-0.61437256,0.250477681
1497535070759710000,102339,-0.376567987,-2.367160609,1.023815512,-0.20435611,0.721133402,-0.613329279,0.249063029
1497535070769690000,102340,-0.368639224,-2.368830026,1.022603627,-0.206038182,0.721807805,-0.612230637,0.248425859
1497535070779680000,102341,-0.360893209,-2.370442986,1.021469228,-0.206515686,0.722545305,-0.611909766,0.246669804
1497535070789740000,102342,-0.353064118,-2.372139709,1.020323577,-0.206463672,0.722906047,-0.612084593,0.245218374
1497535070799740000,102343,-0.344953682,-2.374049555,1.018836338,-0.208207667,0.727169491,-0.606622233,0.244711188
1497535070809710000,102344,-0.33746726,-2.375285278,1.018009867,-0.205658633,0.724332062,-0.611585311,0.242921795
1497535070819750000,102345,-0.329532489,-2.376849976,1.016679523,-0.20477595,0.724752717,-0.611565182,0.242463065
1497535070829750000,102346,-0.321441977,-2.378223982,1.015383459,-0.204046215,0.725844043,-0.610718967,0.241946092
1497535070839820000,102347,-0.313029511,-2.379688678,1.013971785,-0.203666308,0.727223724,-0.609531204,0.24111699
1497535070849750000,102348,-0.304585594,-2.380847767,1.012605477,-0.203441057,0.727829947,-0.609050229,0.240693005
1497535070859750000,102349,-0.295672153,-2.381925429,1.011186877,-0.203348404,0.727932166,-0.609251011,0.239952899
1497535070869740000,102350,-0.286667765,-2.382889976,1.009929335,-0.203649536,0.729122646,-0.608259671,0.238594228
1497535070879710000,102351,-0.27730684,-2.383843663,1.008617911,-0.203757881,0.729683039,-0.607987846,0.237478772
1497535070889680000,102352,-0.267866482,-2.38487987,1.007752441,-0.203711385,0.730462974,-0.607595543,0.236121093
1497535070899740000,102353,-0.258465315,-2.38599877,1.007063063,-0.203264557,0.731905166,-0.606474528,0.234919124
1497535070909740000,102354,-0.24880228,-2.386688468,1.00647045,-0.20172286,0.732417518,-0.606930263,0.233469748
1497535070919740000,102355,-0.239209812,-2.387601352,1.006315203,-0.200046992,0.732891087,-0.607151089,0.232850617
1497535070929730000,102356,-0.229570313,-2.388570724,1.006487849,-0.199081321,0.733285147,-0.607157971,0.232419276
1497535070939740000,102357,-0.219514978,-2.388969854,1.006935542,-0.198394734,0.733938878,-0.606627247,0.232328724
1497535070949740000,102358,-0.209287868,-2.389403868,1.007412578,-0.19751465,0.733030443,-0.607821324,0.232825195
1497535070959740000,102359,-0.1988458,-2.390095026,1.008068091,-0.199180094,0.735102668,-0.604194808,0.234307471
1497535070969680000,102360,-0.188395457,-2.390097507,1.009262812,-0.200284816,0.734476543,-0.603641315,0.236743243
1497535070979700000,102361,-0.177929242,-2.389908831,1.010693371,-0.201625679,0.7334422,-0.603332313,0.23958244
1497535070989750000,102362,-0.167474177,-2.389527257,1.012385866,-0.202091321,0.731844829,-0.603813023,0.242841672
1497535070999750000,102363,-0.157241304,-2.388960487,1.014162195,-0.202751749,0.729748261,-0.604527942,0.246789732
1497535071009730000,102364,-0.147175248,-2.388426135,1.016181537,-0.202575103,0.727253944,-0.606065412,0.250498992
1497535071019740000,102365,-0.137644773,-2.387747942,1.018344816,-0.202041244,0.724436615,-0.608630745,0.252862694
1497535071029710000,102366,-0.128352621,-2.387030021,1.020658499,-0.201342999,0.721500963,-0.610986899,0.256110065
1497535071039750000,102367,-0.119184457,-2.386339836,1.022600636,-0.200484352,0.718388444,-0.613690861,0.259051335
1497535071049740000,102368,-0.110215263,-2.38563595,1.024736478,-0.200942328,0.714190846,-0.616967337,0.262497468
1497535071059730000,102369,-0.101485576,-2.385033603,1.026522443,-0.201417972,0.710321641,-0.61979002,0.265959204
1497535071069750000,102370,-0.092818405,-2.384411223,1.028085914,-0.20298776,0.705885832,-0.622969951,0.26912748
1497535071079680000,102371,-0.084359032,-2.383925119,1.029534472,-0.204656341,0.701126878,-0.626397921,0.272327977
1497535071089780000,102372,-0.076261733,-2.383484604,1.030824563,-0.204624037,0.6960556,-0.630442336,0.276003743
1497535071099750000,102373,-0.068424029,-2.383127314,1.031958137,-0.205106644,0.691888448,-0.633557645,0.278973745
1497535071109730000,102374,-0.060878418,-2.382758987,1.032809769,-0.204436144,0.687577116,-0.637058953,0.282133767
1497535071119740000,102375,-0.053642607,-2.382437567,1.033872927,-0.201555311,0.683514926,-0.640912581,0.285331153
1497535071129720000,102376,-0.046781262,-2.382531982,1.034870453,-0.197805978,0.680101917,-0.644957584,0.286991102
1497535071139740000,102377,-0.040017822,-2.382641623,1.035738487,-0.193708106,0.676704099,-0.648780097,0.28919391
1497535071149750000,102378,-0.033671526,-2.382413707,1.036943966,-0.186848187,0.6719551,-0.654100638,0.292773726
1497535071159740000,102379,-0.027235252,-2.382640955,1.038005084,-0.1843464,0.670482407,-0.655589223,0.294401968
1497535071169680000,102380,-0.020926442,-2.382940615,1.039306736,-0.180646449,0.66865109,-0.657285926,0.297065299
1497535071179730000,102381,-0.014546158,-2.383251819,1.040840839,-0.176194683,0.6661291,-0.660419524,0.298451852
1497535071189740000,102382,-0.008171719,-2.383525337,1.042443249,0.172816418,-0.662495433,0.664092519,-0.300358808
1497535071199740000,102383,-0.001658658,-2.383615125,1.043971701,0.170258829,-0.660114121,0.66640588,-0.301934565
1497535071209720000,102384,0.004619324,-2.383838539,1.045842664,0.168485901,-0.657084314,0.66905406,-0.303676425
1497535071219730000,102385,0.011218869,-2.38406114,1.047503348,0.167018006,-0.65361628,0.671880954,-0.305723288
1497535071229690000,102386,0.017685857,-2.384373183,1.049135388,0.166279716,-0.65111281,0.673302054,-0.308330193
1497535071239700000,102387,0.024350284,-2.384505054,1.050497005,0.164797839,-0.648036317,0.67555312,-0.310674406
1497535071249680000,102388,0.031056087,-2.384839069,1.051766928,0.16442224,-0.644342276,0.677793157,-0.313663507
1497535071259710000,102389,0.037904342,-2.385093413,1.052643834,0.165768793,-0.642767471,0.677585581,-0.316620381
1497535071269750000,102390,0.044876151,-2.385448845,1.05341026,0.166490925,-0.639198099,0.679089841,-0.32022422
1497535071279750000,102391,0.051812253,-2.385641945,1.053954809,0.168131612,-0.63676906,0.679264552,-0.323815679
1497535071289780000,102392,0.058825213,-2.385938472,1.054547132,0.169845752,-0.633941686,0.680255125,-0.326379112
1497535071299790000,102393,0.065899471,-2.386281744,1.054931575,0.171950422,-0.631914474,0.680461426,-0.328769521
1497535071309670000,102394,0.07299779,-2.386689426,1.055396126,0.173622581,-0.629985412,0.681081215,-0.330305855
1497535071319750000,102395,0.080128273,-2.387228894,1.055812481,0.17557042,-0.628300289,0.681415577,-0.331792988
1497535071329700000,102396,0.087133352,-2.387790098,1.056221019,0.177038386,-0.627573774,0.680879954,-0.333483217
1497535071339720000,102397,0.094070748,-2.388441934,1.056748124,0.17842232,-0.626668067,0.680808685,-0.334592505
1497535071349720000,102398,0.101355322,-2.389263711,1.057106257,0.178336928,-0.625415858,0.681277331,-0.336024022
1497535071359700000,102399,0.108402727,-2.390180441,1.057406148,0.178337838,-0.625298291,0.680856257,-0.337094082
1497535071369750000,102400,0.115351375,-2.391053263,1.057534274,0.179586491,-0.625158757,0.67988007,-0.338656628
1497535071379750000,102401,0.123010421,-2.392251683,1.05752546,0.180146165,-0.626631319,0.67786471,-0.339676294
1497535071389730000,102402,0.130377171,-2.393240756,1.057423725,0.180888292,-0.626542811,0.677335571,-0.340499715
1497535071399760000,102403,0.137990421,-2.394201642,1.057103737,0.182456576,-0.626639093,0.676224635,-0.341691804
1497535071409770000,102404,0.145769334,-2.395141665,1.056537636,0.184533343,-0.627540172,0.674602941,-0.342128119
1497535071419740000,102405,0.153661482,-2.396214572,1.055908097,0.186526879,-0.62712446,0.674135874,-0.342729425
1497535071429710000,102406,0.162195592,-2.397281263,1.055146308,0.191980737,-0.629203854,0.671131877,-0.341800979
1497535071439750000,102407,0.17050696,-2.39852019,1.05404821,0.193751997,-0.628673491,0.670684201,-0.342655087
1497535071449740000,102408,0.17933541,-2.399933225,1.052740008,0.19693706,-0.629386165,0.669118868,-0.342591285
1497535071459720000,102409,0.188261388,-2.40137765,1.05130285,0.198942938,-0.628668186,0.66876426,-0.343441966
1497535071469700000,102410,0.197375604,-2.40279518,1.049601108,0.199916665,-0.629105263,0.667993209,-0.343576728
1497535071479720000,102411,0.205896505,-2.40449598,1.047482873,0.206269882,-0.629504052,0.666020712,-0.342919519
1497535071489700000,102412,0.215276294,-2.405817455,1.045584625,0.206246673,-0.629563891,0.665551237,-0.343734152
1497535071499700000,102413,0.224481277,-2.407033254,1.043726639,0.207698724,-0.629002805,0.665194916,-0.344575732
1497535071509770000,102414,0.233764826,-2.40815246,1.041853867,0.207289929,-0.62748328,0.665271864,-0.347431959
1497535071519750000,102415,0.242941569,-2.409400866,1.040153714,0.207666933,-0.625881092,0.665385499,-0.349870607
1497535071529710000,102416,0.251958907,-2.410240909,1.038671164,0.208660097,-0.624771484,0.663374404,-0.355043599
1497535071539750000,102417,0.260579495,-2.411424162,1.037142787,0.209394979,-0.622485198,0.66383611,-0.357753463
1497535071549750000,102418,0.269472628,-2.412720373,1.035714151,0.209170048,-0.620390223,0.664421064,-0.360428234
1497535071559650000,102419,0.278619432,-2.414113757,1.034616086,0.208335308,-0.617535827,0.666235817,-0.362457912
1497535071569680000,102420,0.287553218,-2.415706354,1.03355474,0.207792126,-0.614595735,0.667847765,-0.364792924
1497535071579750000,102421,0.297079418,-2.417287404,1.032794821,0.204576073,-0.611231854,0.671366027,-0.365803101
1497535071589690000,102422,0.306763356,-2.419310705,1.031952669,0.20353443,-0.608767026,0.673011546,-0.367466872
1497535071599740000,102423,0.316740938,-2.421461506,1.031156917,0.202074248,-0.60635848,0.674688979,-0.36917499
1497535071609750000,102424,0.327071775,-2.423625268,1.030661837,0.201239037,-0.604370379,0.675619278,-0.371184437
1497535071619750000,102425,0.337608949,-2.425917899,1.030324093,0.201117693,-0.601766735,0.676500474,-0.373865724
1497535071629720000,102426,0.348331124,-2.428088565,1.030458963,0.201674891,-0.599849148,0.676868019,-0.375975961
1497535071639740000,102427,0.359177215,-2.430291115,1.031014697,0.202410444,-0.597959294,0.67763292,-0.377211241
1497535071649750000,102428,0.369826805,-2.432528385,1.03210183,0.203429447,-0.596775165,0.67829458,-0.377349078
1497535071659770000,102429,0.380468211,-2.434708617,1.033748947,0.205686654,-0.594454998,0.67872641,-0.379007541
1497535071669750000,102430,0.390657481,-2.43702395,1.035910229,0.208087739,-0.594300408,0.678356513,-0.37860132
1497535071679730000,102431,0.400982127,-2.439715725,1.038350229,0.209972831,-0.595086825,0.677700423,-0.377498633
1497535071689740000,102432,0.411222787,-2.442691885,1.041107969,0.212398427,-0.596919905,0.675691368,-0.376848391
1497535071699740000,102433,0.421092815,-2.445914153,1.043837106,0.215391925,-0.598371472,0.673612756,-0.376568394
1497535071709750000,102434,0.431126585,-2.449386972,1.046408809,0.215996029,-0.599699223,0.673210341,-0.374825819
1497535071719750000,102435,0.440967264,-2.452838698,1.048733117,0.217472345,-0.600530883,0.672367257,-0.374153323
1497535071729720000,102436,0.450856742,-2.456258077,1.050894077,0.2164709,-0.602484322,0.672112267,-0.37204582
1497535071739750000,102437,0.460613846,-2.459601088,1.052845374,0.215446124,-0.603995701,0.672797077,-0.368939362
1497535071749660000,102438,0.470014106,-2.462787737,1.054559593,0.214286302,-0.605082771,0.67352593,-0.366495624
1497535071759740000,102439,0.479261765,-2.465735118,1.056215015,0.213512607,-0.606538913,0.674090676,-0.363489581
1497535071769750000,102440,0.488440705,-2.468486835,1.057708718,0.213847658,-0.607680026,0.6746874,-0.360265288
1497535071779720000,102441,0.497562673,-2.470917062,1.059009159,0.215580044,-0.609026685,0.674503103,-0.357291625
1497535071789760000,102442,0.506503252,-2.473156048,1.060061147,0.21938101,-0.610631277,0.673528433,-0.354063364
1497535071799760000,102443,0.515222452,-2.475001794,1.061157717,0.223864532,-0.611920573,0.671625498,-0.352642983
1497535071809700000,102444,0.523891059,-2.476777905,1.062196774,0.228968814,-0.613024683,0.669490091,-0.351506812
1497535071819750000,102445,0.532357527,-2.478285213,1.063191136,0.234746903,-0.614235064,0.666815795,-0.350664901
1497535071829730000,102446,0.540750426,-2.479746554,1.064208661,0.239215851,-0.615232331,0.664599765,-0.350102997
1497535071839760000,102447,0.548796805,-2.481014933,1.065194933,0.24450214,-0.6165966,0.661158011,-0.350567285
1497535071849760000,102448,0.556798573,-2.482162641,1.065960495,0.248102295,-0.616990583,0.659393096,-0.350668813
1497535071859740000,102449,0.564089705,-2.483348536,1.066563786,0.251156536,-0.616821429,0.657639389,-0.352082594
1497535071869760000,102450,0.571793734,-2.484455703,1.067155201,0.255254908,-0.618018227,0.654490054,-0.352903913
1497535071879720000,102451,0.579542615,-2.485518609,1.067872985,0.256015631,-0.619042919,0.652291329,-0.354623579
1497535071889740000,102452,0.586627554,-2.486860046,1.068005392,0.258547138,-0.620959239,0.648676522,-0.356064279
1497535071899760000,102453,0.593885193,-2.488180853,1.068397191,0.259754409,-0.624200612,0.644630218,-0.356865697
1497535071909700000,102454,0.600673253,-2.4894215,1.068329732,0.260505785,-0.625721871,0.642342102,-0.357778563
1497535071919740000,102455,0.60789179,-2.490640899,1.068758257,0.260393388,-0.62861969,0.639417778,-0.358018818
1497535071929750000,102456,0.614567362,-2.49169654,1.068780431,0.261741419,-0.631358842,0.635970233,-0.358356394
1497535071939750000,102457,0.621539174,-2.492931406,1.068993159,-0.262247657,0.634183418,-0.633117736,0.358049566
1497535071949740000,102458,0.628152401,-2.493867808,1.068980219,-0.2632127,0.636230984,-0.630573255,0.358199078
1497535071959750000,102459,0.635262357,-2.494523247,1.069417414,-0.263906944,0.638523579,-0.628332106,0.357546541
1497535071969720000,102460,0.642168475,-2.495211312,1.069327789,-0.265692846,0.640632948,-0.626272594,0.356060916
1497535071979650000,102461,0.648728709,-2.495779167,1.069191371,-0.265554997,0.641390645,-0.625617056,0.355952081
1497535071989680000,102462,0.655546049,-2.496485961,1.068971775,-0.268634279,0.644107611,-0.622150552,0.354809386
1497535071999790000,102463,0.662699554,-2.496655967,1.068821896,-0.269810594,0.645604758,-0.620409746,0.354243541
1497535072009770000,102464,0.669742032,-2.496833031,1.068550332,-0.271824007,0.646873127,-0.618633661,0.353495771
1497535072019790000,102465,0.677063283,-2.497161381,1.068006739,-0.274905626,0.648408638,-0.616163999,0.352611771
1497535072029730000,102466,0.684401537,-2.497209479,1.067407526,-0.277929179,0.650025794,-0.613663472,0.351623351
1497535072039770000,102467,0.691593207,-2.497144898,1.066501854,-0.279112828,0.650511347,-0.612703327,0.351462159
1497535072049770000,102468,0.699175984,-2.497172447,1.06569917,-0.282244428,0.65160832,-0.610584948,0.350614747
1497535072059630000,102469,0.706937394,-2.49694308,1.06504746,-0.284854861,0.653347414,-0.608273956,0.349281633
1497535072069790000,102470,0.714800362,-2.496731702,1.064188723,-0.287883471,0.654802431,-0.60586883,0.348252559
1497535072079740000,102471,0.722883468,-2.496515625,1.063413188,-0.291593809,0.656267318,-0.603132823,0.347155664
1497535072089740000,102472,0.731022501,-2.496144172,1.062605114,-0.294888195,0.657721335,-0.600416101,0.346329472
1497535072099760000,102473,0.73915049,-2.495608574,1.061714677,-0.29803927,0.658870294,-0.597964173,0.345689712
1497535072109710000,102474,0.747313418,-2.495006228,1.060744736,-0.301090979,0.659682348,-0.595612933,0.345555576
1497535072119750000,102475,0.755790375,-2.494228798,1.05972942,-0.303772481,0.660565457,-0.593658696,0.344883907
1497535072129760000,102476,0.764340411,-2.493336334,1.058755285,-0.306684653,0.661787135,-0.591250419,0.344100644
1497535072139700000,102477,0.773120421,-2.492391008,1.057827751,-0.310215523,0.663448946,-0.587715277,0.343791474
1497535072149760000,102478,0.781897651,-2.491257695,1.056710503,-0.313171704,0.664538786,-0.585114566,0.343442323
1497535072159670000,102479,0.790922273,-2.489877266,1.055728802,-0.316601891,0.664802817,-0.582843513,0.343647926
1497535072169750000,102480,0.799711815,-2.488466554,1.0545719,-0.320850305,0.665133826,-0.57984443,0.344140251
1497535072179750000,102481,0.808414686,-2.486715252,1.053332149,-0.323981015,0.664704332,-0.578118656,0.344939521
1497535072189760000,102482,0.817337863,-2.484963117,1.052211142,-0.327580647,0.664361408,-0.576007985,0.345730589
1497535072199760000,102483,0.8260737,-2.483341559,1.050993937,-0.330444189,0.664557797,-0.574144053,0.345728475
1497535072209760000,102484,0.834656918,-2.481574935,1.050046328,-0.333134012,0.664582091,-0.572225042,0.346281498
1497535072219750000,102485,0.842783007,-2.479906786,1.048689954,-0.336054606,0.663695187,-0.571457933,0.346427238
1497535072229730000,102486,0.851224117,-2.478134508,1.047817333,-0.338097439,0.662944983,-0.570851883,0.346874903
1497535072239760000,102487,0.85967168,-2.476157808,1.047000872,-0.339424071,0.662939779,-0.569847248,0.347240931
1497535072249770000,102488,0.867771522,-2.474271217,1.045895141,-0.341411608,0.661626632,-0.569470503,0.34841306
1497535072259780000,102489,0.876138358,-2.472285395,1.04504714,-0.342882127,0.66102127,-0.56904806,0.348808017
1497535072269760000,102490,0.884710245,-2.470120095,1.044207098,-0.34397478,0.660811303,-0.568306293,0.34933899
1497535072279740000,102491,0.893297766,-2.468019325,1.04323579,-0.346141119,0.659973622,-0.567995198,0.349288705
1497535072289750000,102492,0.902218499,-2.465704604,1.042516541,-0.347069728,0.660564914,-0.566872796,0.349072817
1497535072299760000,102493,0.910783547,-2.463397247,1.041581365,-0.349005209,0.660147282,-0.566304958,0.348854733
1497535072309730000,102494,0.919980732,-2.460805328,1.041074542,-0.3490793,0.659909682,-0.566535452,0.348855896
1497535072319770000,102495,0.928932373,-2.458188813,1.040367548,-0.350092102,0.659992779,-0.565573775,0.349243979
1497535072329760000,102496,0.938156782,-2.455421366,1.040041439,-0.349857513,0.660214287,-0.565300907,0.349502075
1497535072339770000,102497,0.947375734,-2.45233519,1.039951835,-0.349331944,0.660194044,-0.564838644,0.350810951
1497535072349770000,102498,0.95699128,-2.449053557,1.040000186,-0.34952859,0.660231442,-0.563895687,0.352059457
1497535072359770000,102499,0.96616449,-2.445569458,1.03981602,-0.350034542,0.659940288,-0.562842723,0.353783414
1497535072369770000,102500,0.976296386,-2.441640438,1.040797403,-0.351511074,0.658293834,-0.56177828,0.35706352
1497535072379730000,102501,0.986005321,-2.437359275,1.041529751,-0.353357777,0.656417599,-0.560513012,0.360665192
1497535072389750000,102502,0.995817514,-2.432753303,1.042630256,-0.355814555,0.654175208,-0.558863504,0.364859402
1497535072399740000,102503,1.005329431,-2.427709019,1.043894361,-0.358424823,0.650771631,-0.55746387,0.370488817
1497535072409780000,102504,1.014952226,-2.422133309,1.045733288,-0.36133754,0.646368487,-0.556795329,0.376326883
1497535072419730000,102505,1.023862453,-2.416343474,1.047419296,-0.365822831,0.640641677,-0.555901548,0.383047473
1497535072429670000,102506,1.032888069,-2.410364329,1.049496119,-0.369733108,0.634537954,-0.555759414,0.389602987
1497535072439770000,102507,1.04139052,-2.404390778,1.051518573,-0.374227538,0.627717333,-0.555652147,0.396453518
1497535072449700000,102508,1.049371967,-2.39840361,1.053535802,-0.377016708,0.619678873,-0.557706176,0.403509997
1497535072459700000,102509,1.05693554,-2.392789301,1.055209112,-0.379332601,0.612467043,-0.559742486,0.409486567
1497535072469780000,102510,1.064474379,-2.387387508,1.056983926,-0.380469947,0.605736566,-0.561953692,0.415371979
1497535072479770000,102511,1.071654554,-2.382457883,1.058634155,-0.380947449,0.599571734,-0.564028485,0.421028081
1497535072489770000,102512,1.07875672,-2.37788193,1.060012344,-0.379458787,0.594134902,-0.56699583,0.426063934
1497535072499760000,102513,1.085592805,-2.373837807,1.061041907,-0.377860293,0.590024024,-0.568347319,0.431363623
1497535072509770000,102514,1.092582422,-2.369886273,1.06218091,-0.374831545,0.586203335,-0.569964024,0.437044591
1497535072519770000,102515,1.09963074,-2.366070023,1.063575373,-0.372150176,0.583529212,-0.570103512,0.442696161
1497535072529750000,102516,1.10611645,-2.362523231,1.064349217,-0.369501192,0.580442042,-0.57000274,0.449057659
1497535072539760000,102517,1.112989531,-2.358692802,1.065974597,-0.366915144,0.577500085,-0.569187019,0.455952921
1497535072549770000,102518,1.119224512,-2.355088242,1.066706105,-0.365520954,0.575103805,-0.567379746,0.462309713
1497535072559710000,102519,1.1257773,-2.351270859,1.068298637,-0.363342557,0.572282902,-0.566090593,0.469058532
1497535072569740000,102520,1.131753167,-2.347546509,1.069138225,-0.362774487,0.569133942,-0.564529724,0.475170937
1497535072579740000,102521,1.138466124,-2.343454479,1.071191967,-0.361996799,0.566938638,-0.562841973,0.480362167
1497535072589820000,102522,1.144348063,-2.339365749,1.072480055,-0.361798562,0.563331575,-0.561663169,0.48610063
1497535072599760000,102523,1.150300566,-2.335075837,1.07412432,0.36256653,-0.559457428,0.559628886,-0.49230926
1497535072609790000,102524,1.156752923,-2.330405039,1.076346082,0.364559315,-0.555401505,0.557611727,-0.497689497
1497535072619760000,102525,1.162573065,-2.325744231,1.077813858,-0.366631422,0.550377213,-0.556145339,0.503357413
1497535072629760000,102526,1.168857975,-2.320830365,1.079835035,-0.368310282,0.545784575,-0.553992463,0.509469415
1497535072639770000,102527,1.174282193,-2.316030949,1.080697118,-0.37117344,0.539877537,-0.552243197,0.515548227
1497535072649770000,102528,1.182536893,-2.310562887,1.084809549,-0.372415988,0.536639497,-0.549403696,0.521037389
1497535072659760000,102529,1.186664693,-2.305988939,1.083979511,-0.375310163,0.530657994,-0.546988621,0.527586792
1497535072669770000,102530,1.192523655,-2.301039603,1.084926486,-0.378197123,0.525771833,-0.543629994,0.533851427
1497535072679750000,102531,1.200792707,-2.295526569,1.088962241,-0.380312349,0.522318793,-0.54041813,0.538974804
1497535072689760000,102532,1.205603426,-2.290738405,1.088269836,-0.383910668,0.517118895,-0.537288708,0.544537869
1497535072699750000,102533,1.211072755,-2.285688762,1.088212666,-0.388830854,0.512867562,-0.532701479,0.54955124
1497535072709730000,102534,1.217248841,-2.280420743,1.088984374,-0.393346161,0.509141794,-0.528221003,0.554108295
1497535072719730000,102535,1.223660095,-2.275027777,1.089941521,-0.398740922,0.504740978,-0.523722546,0.558531035
1497535072729730000,102536,1.229509332,-2.269712329,1.090103233,-0.403550245,0.50012715,-0.519452642,0.563195337
1497535072739680000,102537,1.234640543,-2.26440959,1.089149733,-0.408879243,0.495263619,-0.514817843,0.567885817
1497535072749700000,102538,1.241022721,-2.258754859,1.089805181,-0.414303073,0.491084025,-0.509940277,0.571970592
1497535072759680000,102539,1.247170758,-2.253117286,1.090206636,-0.419244113,0.486898226,-0.505403303,0.575961798
1497535072769770000,102540,1.252976356,-2.247550707,1.09020617,-0.424161082,0.482839485,-0.500620218,0.579942071
1497535072779790000,102541,1.259122636,-2.241853813,1.090428429,-0.42870487,0.479037169,-0.495823961,0.583861392
1497535072789780000,102542,1.264592065,-2.236239257,1.089607324,-0.435052265,0.474782201,-0.490437581,0.587181716
1497535072799720000,102543,1.270832149,-2.230475428,1.089849757,-0.441706268,0.470415324,-0.484935387,0.590290324
1497535072809730000,102544,1.27641268,-2.224910627,1.08891125,-0.446949952,0.466885726,-0.480441167,0.592815101
1497535072819780000,102545,1.282218254,-2.219200433,1.088095001,-0.451947655,0.464143647,-0.475709523,0.594991128
1497535072829770000,102546,1.28897643,-2.213299612,1.08834944,-0.458518557,0.462341513,-0.46986013,0.596013856
1497535072839610000,102547,1.293766238,-2.207764282,1.085902934,-0.463684168,0.459056967,-0.465667954,0.597843666
1497535072849710000,102548,1.299139557,-2.201980805,1.083933612,-0.469425427,0.456112142,-0.461238964,0.599049331
1497535072859770000,102549,1.306588908,-2.195776858,1.084791382,-0.475126055,0.453701924,-0.456063782,0.600346253
1497535072869740000,102550,1.311696167,-2.189844329,1.082215269,-0.482206462,0.449621563,-0.450470049,0.601991788
1497535072879770000,102551,1.318440983,-2.183418939,1.081663529,-0.487877921,0.446340571,-0.445364579,0.603660187
1497535072889780000,102552,1.323933172,-2.176996272,1.079609715,-0.49438035,0.442227686,-0.439884951,0.605412235
1497535072899750000,102553,1.329375285,-2.170422962,1.077698681,-0.499034207,0.438486195,-0.435608688,0.607404139
1497535072909680000,102554,1.335145288,-2.163762576,1.076558805,-0.50388807,0.434526324,-0.43042025,0.60993614
1497535072919780000,102555,1.34095801,-2.157191924,1.075771094,-0.507281118,0.430660322,-0.4259123,0.61302224
1497535072929750000,102556,1.346259529,-2.150738033,1.074467222,-0.510038533,0.427536454,-0.421639762,0.615867832
1497535072939780000,102557,1.351486772,-2.144387889,1.073136741,-0.513494385,0.423989871,-0.416935711,0.618644259
1497535072949770000,102558,1.357081584,-2.138061234,1.07231477,-0.515602622,0.420001883,-0.413523981,0.621892492
1497535072959780000,102559,1.362449576,-2.131786932,1.071361392,-0.51861299,0.416463011,-0.40956921,0.624381445
1497535072969780000,102560,1.368710172,-2.125504676,1.071653247,-0.519538332,0.413372442,-0.406819256,0.627456165
1497535072979760000,102561,1.374347218,-2.119367004,1.071148891,-0.519988782,0.410275094,-0.404072711,0.630881334
1497535072989780000,102562,1.379758725,-2.113179465,1.07015521,-0.51992264,0.40735597,-0.401465058,0.634481969
1497535072999740000,102563,1.385710323,-2.106961814,1.069660872,-0.51944491,0.404293091,-0.398559052,0.638650737
1497535073009780000,102564,1.392379001,-2.100596074,1.070123737,-0.519352566,0.40196757,-0.39557713,0.642038721
1497535073019780000,102565,1.398929457,-2.094118339,1.070216775,-0.51904827,0.400001187,-0.392631873,0.645312448
1497535073029750000,102566,1.405431234,-2.087518281,1.06989153,-0.517929954,0.397579499,-0.390324307,0.649096326
1497535073039780000,102567,1.41230306,-2.080734436,1.069852677,-0.517346401,0.39587864,-0.387726771,0.652150869
1497535073049770000,102568,1.418805745,-2.073936053,1.069165357,-0.516083065,0.39325166,-0.385461247,0.656072427
1497535073059750000,102569,1.425614361,-2.067090827,1.069044589,-0.515733391,0.391213674,-0.382798325,0.659117875
1497535073069780000,102570,1.432576377,-2.060201706,1.069173145,-0.514841906,0.389409807,-0.380921771,0.661964062
1497535073079760000,102571,1.439899697,-2.053242429,1.069898517,-0.514976619,0.387671168,-0.37895021,0.664008197
1497535073089780000,102572,1.4465953,-2.046298572,1.069913244,-0.514408148,0.386405697,-0.377640376,0.665929907
1497535073099730000,102573,1.453382977,-2.039448114,1.070676649,-0.514057023,0.384757364,-0.375825379,0.668178444
1497535073109800000,102574,1.459608554,-2.03260973,1.070964812,-0.513701774,0.38349972,-0.374418477,0.669962131
1497535073119790000,102575,1.46658369,-2.025771077,1.07277133,-0.514375581,0.383798388,-0.372830392,0.670159726
1497535073129750000,102576,1.473083375,-2.018823471,1.073712151,-0.517560298,0.384522149,-0.369740411,0.669003799
1497535073139770000,102577,1.479657711,-2.011857474,1.074854603,-0.521569113,0.384941307,-0.366706105,0.667317378
1497535073149770000,102578,1.48611081,-2.005013878,1.07603205,-0.524917552,0.384780973,-0.364906046,0.665769287
1497535073159870000,102579,1.492349892,-1.998373395,1.077297089,-0.527752777,0.383133516,-0.364014098,0.664965752
1497535073169790000,102580,1.498182094,-1.991778505,1.078129491,-0.528695338,0.381851637,-0.364973712,0.664428142
1497535073179750000,102581,1.504378722,-1.985448786,1.079663038,-0.528771906,0.380734092,-0.366715334,0.66404946
1497535073189790000,102582,1.510809806,-1.979295667,1.081551942,-0.52868873,0.379378203,-0.368788955,0.663743258
1497535073199680000,102583,1.516383125,-1.973150646,1.081881173,-0.528173058,0.378759881,-0.371204166,0.663160343
1497535073209790000,102584,1.522293134,-1.967309572,1.083031268,-0.528537497,0.380010923,-0.372666103,0.661331829
1497535073219790000,102585,1.528200557,-1.961515896,1.083940073,-0.529386674,0.380619892,-0.373458102,0.659853994
1497535073229730000,102586,1.53417879,-1.955820634,1.085114521,-0.531589292,0.381766194,-0.373969904,0.657125489
1497535073239790000,102587,1.539977895,-1.950043894,1.086239819,-0.534471826,0.382581441,-0.373410392,0.654626601
1497535073249720000,102588,1.546133557,-1.944242223,1.088051341,-0.53945065,0.383082561,-0.37136547,0.65140497
1497535073259770000,102589,1.550713876,-1.93818425,1.087444459,-0.54454342,0.382737423,-0.368480246,0.649004498
1497535073269790000,102590,1.555868584,-1.932167373,1.088264243,-0.549892724,0.382938468,-0.364930486,0.646375945
1497535073279740000,102591,1.560528824,-1.926095072,1.08880528,-0.554125686,0.381129471,-0.361934284,0.645514233
1497535073289780000,102592,1.564425991,-1.919830239,1.088443693,-0.558600002,0.379484775,-0.3581805,0.644720151
1497535073299770000,102593,1.568785986,-1.913675746,1.089343085,-0.563279737,0.376483755,-0.354147718,0.644635799
1497535073309740000,102594,1.572181277,-1.907332233,1.088933707,-0.568431467,0.373777748,-0.349457797,0.644247709
1497535073319790000,102595,1.575754356,-1.901019287,1.088969927,-0.573182388,0.370724634,-0.345173789,0.644111987
1497535073329720000,102596,1.579406723,-1.894579865,1.08908495,-0.578295844,0.368080819,-0.340735561,0.643420317
1497535073339790000,102597,1.582967662,-1.888337751,1.089261564,-0.582715225,0.365450668,-0.336332545,0.643248938
1497535073349720000,102598,1.585952407,-1.882117126,1.088479106,-0.585809979,0.36378195,-0.332394757,0.643430716
1497535073359740000,102599,1.589402461,-1.875992024,1.088535057,-0.589399792,0.36258819,-0.328020086,0.643071157
1497535073369770000,102600,1.592320968,-1.869946164,1.087840761,-0.591868376,0.361629844,-0.324111034,0.643325516
1497535073379720000,102601,1.595446188,-1.863919895,1.087688493,-0.594714793,0.360036415,-0.32093801,0.643184957
1497535073389800000,102602,1.598483052,-1.857927119,1.087270705,-0.597619497,0.359889703,-0.316243266,0.642900097
1497535073399780000,102603,1.601627436,-1.852026102,1.087358437,-0.599711081,0.359400838,-0.313400274,0.642618025
1497535073409760000,102604,1.605118444,-1.84535928,1.086093649,-0.609222458,0.361569228,-0.303231278,0.637311919
1497535073419780000,102605,1.608467166,-1.839218445,1.086469283,-0.612695362,0.360725431,-0.29953987,0.636205488
1497535073429680000,102606,1.611297929,-1.833060888,1.08597338,-0.614814197,0.360887815,-0.29535438,0.636026161
1497535073439700000,102607,1.614147646,-1.826559803,1.085409444,-0.618802621,0.359569977,-0.291548048,0.634659345
1497535073449760000,102608,1.616636005,-1.819863985,1.084511764,-0.622390047,0.357948808,-0.287820271,0.633768706
1497535073459700000,102609,1.619062896,-1.813114297,1.083496354,-0.626221591,0.35576937,-0.284244805,0.632834548
1497535073469730000,102610,1.621432588,-1.806384423,1.082492688,-0.628953817,0.35451352,-0.280346896,0.632568477
1497535073479710000,102611,1.623775891,-1.799420961,1.0814707,-0.633250659,0.352145634,-0.276580467,0.631260881
1497535073489740000,102612,1.626331885,-1.792576205,1.081009004,-0.636663314,0.35007319,-0.273392117,0.630369207
1497535073499830000,102613,1.628795201,-1.785608445,1.080326827,-0.640420149,0.348470968,-0.269700232,0.629040382
1497535073509840000,102614,1.630803628,-1.77839735,1.078969441,-0.643891562,0.346089838,-0.267194021,0.627879635
1497535073519790000,102615,1.632968382,-1.771216283,1.077935788,-0.647103803,0.344725091,-0.264350027,0.6265304
1497535073529770000,102616,1.635141347,-1.764024405,1.076823788,-0.649533222,0.343372811,-0.262021802,0.625736591
1497535073539780000,102617,1.637409554,-1.756786972,1.076148637,-0.652490676,0.341658844,-0.259988722,0.624444566
1497535073549810000,102618,1.639148479,-1.749357621,1.074519319,-0.654954311,0.340608858,-0.25786078,0.623320363
1497535073559780000,102619,1.641479585,-1.741928093,1.073996091,-0.657944659,0.338755207,-0.255640674,0.622094511
1497535073569760000,102620,1.643069452,-1.734130488,1.072212486,-0.660715864,0.336921586,-0.253454763,0.621046757
1497535073579710000,102621,1.644843672,-1.726258319,1.070678261,-0.664097015,0.335084612,-0.251250512,0.61932757
1497535073589730000,102622,1.64648219,-1.718122719,1.0691963,-0.667516921,0.332397309,-0.249540264,0.617788675
1497535073599800000,102623,1.648579006,-1.710038002,1.068008127,-0.671825681,0.331394189,-0.245844633,0.615132963
1497535073609800000,102624,1.649979199,-1.701578482,1.066171351,-0.675553728,0.32839624,-0.24454219,0.613173864
1497535073619790000,102625,1.651886922,-1.693418945,1.064899951,-0.678674617,0.327048651,-0.242254147,0.611353312
1497535073629780000,102626,1.653421381,-1.684809538,1.062913754,-0.682227165,0.325497994,-0.240258497,0.609009858
1497535073639790000,102627,1.655005478,-1.676417816,1.061104268,-0.684146111,0.324601843,-0.239143015,0.607773281
1497535073649800000,102628,1.656714364,-1.66811948,1.059623398,-0.685927303,0.323850379,-0.23827901,0.60650456
1497535073659800000,102629,1.658052036,-1.659688446,1.057695402,-0.68643234,0.32304108,-0.23912285,0.606032479
1497535073669790000,102630,1.659611034,-1.651522061,1.056604463,-0.685161997,0.322380942,-0.241609154,0.606834889
1497535073679770000,102631,1.660630312,-1.643041497,1.054679052,-0.684386188,0.321356244,-0.244088452,0.607261507
1497535073689780000,102632,1.661666882,-1.634568089,1.053522758,-0.684681938,0.318342859,-0.247662144,0.607068308
1497535073699800000,102633,1.661940494,-1.625394583,1.050844387,-0.686732112,0.315124615,-0.249705638,0.605592749
1497535073709790000,102634,1.662831145,-1.616563282,1.049936743,-0.689941426,0.311109021,-0.25114787,0.603420876
1497535073719800000,102635,1.663440305,-1.607455473,1.047919488,-0.693384114,0.310084517,-0.248244685,0.601199335
1497535073729790000,102636,1.664290621,-1.598507172,1.046913844,-0.696604017,0.309306086,-0.245949947,0.59881651
1497535073739800000,102637,1.66487283,-1.589452679,1.045428369,-0.698468562,0.309741778,-0.242992261,0.597625685
1497535073749800000,102638,1.665545055,-1.580257441,1.04455408,-0.700921587,0.310230061,-0.240483205,0.595511601
1497535073759790000,102639,1.667034945,-1.571354847,1.045884551,-0.703667734,0.310985835,-0.239115645,0.592421504
1497535073769780000,102640,1.66753557,-1.561260671,1.043229867,-0.707330288,0.317562407,-0.22936827,0.588411573
1497535073779770000,102641,1.667390134,-1.55254097,1.043985804,-0.702697378,0.317589297,-0.234729383,0.591823918
1497535073789780000,102642,1.667480114,-1.543133197,1.044020247,-0.701803189,0.318568248,-0.234996061,0.592252823
1497535073799790000,102643,1.666327763,-1.534939241,1.044222884,-0.693609912,0.316445155,-0.238439486,0.601593189
1497535073809770000,102644,1.666387509,-1.525274351,1.044866848,-0.69265182,0.318373687,-0.237343797,0.602112592
1497535073819800000,102645,1.666042206,-1.515511537,1.045652112,-0.691001862,0.319363614,-0.236719163,0.603727875
1497535073829770000,102646,1.665545093,-1.505549843,1.046906659,-0.690493322,0.319340896,-0.235181409,0.60492154
1497535073839790000,102647,1.664561859,-1.495582761,1.048419432,-0.689177607,0.317706985,-0.234284648,0.607624227
1497535073849800000,102648,1.663396227,-1.48542399,1.049623651,-0.688615928,0.316647524,-0.230786045,0.610147729
1497535073859800000,102649,1.662085307,-1.475367887,1.051342681,-0.68679773,0.314284825,-0.230002652,0.613704088
1497535073869790000,102650,1.660608158,-1.465402392,1.052968244,-0.684946198,0.312438179,-0.227476392,0.61764519
1497535073879710000,102651,1.659171915,-1.455568494,1.054903521,-0.683450159,0.309750387,-0.225956034,0.621204031
1497535073889710000,102652,1.657644282,-1.446018307,1.056775102,-0.681631681,0.307127124,-0.22454934,0.62500302
1497535073899800000,102653,1.656080154,-1.436696343,1.05838115,-0.679315298,0.303672284,-0.223837544,0.629452638
1497535073909800000,102654,1.654340755,-1.427819401,1.060006789,-0.676514041,0.299363129,-0.223338899,0.634689062
1497535073919800000,102655,1.652935224,-1.419067148,1.061427527,-0.673407794,0.295452058,-0.222688396,0.640031174
1497535073929750000,102656,1.651531854,-1.410724161,1.062756268,-0.669997843,0.291621108,-0.222502055,0.645409061
1497535073939800000,102657,1.650353725,-1.402670153,1.063942383,-0.665720924,0.288225484,-0.222952143,0.65117898
1497535073949770000,102658,1.649544329,-1.394603982,1.065007721,-0.662124841,0.285745555,-0.223026622,0.655895798
1497535073959800000,102659,1.648721696,-1.386812381,1.065887203,-0.656388348,0.284031381,-0.224172121,0.661987441
1497535073969790000,102660,1.647163976,-1.378536289,1.065588,-0.65006417,0.285347453,-0.222658484,0.668144151
1497535073979760000,102661,1.646616978,-1.370958134,1.066671652,-0.645243983,0.284969754,-0.222026007,0.67316929
1497535073989790000,102662,1.646137309,-1.363651158,1.067902141,-0.639790115,0.284970479,-0.221444222,0.678544686
1497535073999760000,102663,1.645432878,-1.35645629,1.068736501,-0.634131075,0.285528874,-0.22061433,0.683871596
1497535074009780000,102664,1.645206338,-1.349222334,1.069875982,-0.629185093,0.285195834,-0.220078682,0.688734222
1497535074019790000,102665,1.644629609,-1.342267833,1.071110324,-0.624809335,0.285256369,-0.218406581,0.693210405
1497535074029780000,102666,1.644439324,-1.335091512,1.072715756,-0.61928646,0.285766887,-0.218366733,0.697952389
1497535074039780000,102667,1.643692986,-1.328350733,1.073850227,-0.615307752,0.283391109,-0.217931602,0.702560792
1497535074049790000,102668,1.643269305,-1.321602542,1.075935067,-0.611954207,0.282824439,-0.21612509,0.706266473
1497535074059780000,102669,1.642790963,-1.315041888,1.077408511,-0.605531556,0.283054685,-0.216869587,0.711462692
1497535074069800000,102670,1.642120564,-1.308438177,1.079480063,-0.601884365,0.281525991,-0.215780374,0.715483863
1497535074079760000,102671,1.641572995,-1.301879842,1.081477746,-0.598567859,0.280417308,-0.214699669,0.719017874
1497535074089760000,102672,1.64119661,-1.295012673,1.083490192,-0.594141657,0.279859332,-0.214580217,0.722931377
1497535074099970000,102673,1.640601956,-1.288414428,1.08529046,-0.591429722,0.278659652,-0.213345584,0.725977509
1497535074109740000,102674,1.640352937,-1.281313773,1.08702793,-0.588650086,0.277676696,-0.213015928,0.728704977
1497535074119800000,102675,1.639808611,-1.274672353,1.088265335,-0.58906265,0.274212401,-0.210564805,0.730393878
1497535074129770000,102676,1.639754901,-1.267473493,1.089537768,-0.587708947,0.273564231,-0.209609435,0.732000472
1497535074139800000,102677,1.639866886,-1.260093553,1.090965464,-0.585447802,0.274391782,-0.208913264,0.733699713
1497535074149800000,102678,1.63998208,-1.252686317,1.092217087,-0.584263713,0.273715525,-0.208544804,0.734999857
1497535074159810000,102679,1.639415646,-1.245795172,1.092579915,-0.584693757,0.269458067,-0.207417081,0.736548515
1497535074169800000,102680,1.639586788,-1.238171872,1.093353895,-0.582906137,0.269342705,-0.207444773,0.73799838
1497535074179760000,102681,1.639630706,-1.230680169,1.093814155,-0.582580196,0.267872814,-0.207518175,0.738769705
1497535074189790000,102682,1.639367,-1.22336915,1.093869273,-0.583617583,0.264947692,-0.206793886,0.739208716
1497535074199790000,102683,1.639577739,-1.215616992,1.093861944,-0.584288286,0.263483315,-0.206267934,0.739349228
1497535074209770000,102684,1.639877362,-1.207612828,1.093713562,-0.584696736,0.262734851,-0.206016154,0.739362881
1497535074219790000,102685,1.63990119,-1.199879907,1.092952661,-0.587147083,0.260155042,-0.2042256,0.738829859
1497535074229670000,102686,1.640201253,-1.191835431,1.092037855,-0.589425632,0.258951257,-0.202477191,0.737919141
1497535074239790000,102687,1.640685713,-1.183374472,1.091015385,-0.590925622,0.259203445,-0.200830787,0.737080374
1497535074249810000,102688,1.641257252,-1.174928148,1.089425413,-0.593380839,0.259343155,-0.198869666,0.735588991
1497535074259830000,102689,1.641745535,-1.166316468,1.087680534,-0.596126943,0.258896071,-0.196587372,0.7341382
1497535074269780000,102690,1.642158907,-1.157744063,1.085290631,-0.598906852,0.258185464,-0.194458169,0.732691524
1497535074279760000,102691,1.642793804,-1.148765604,1.082981438,-0.601767373,0.258353545,-0.192674811,0.730757067
1497535074289800000,102692,1.643358771,-1.139702707,1.080397231,-0.605242849,0.257017118,-0.190727732,0.728866399
1497535074299800000,102693,1.644076217,-1.130355095,1.077647268,-0.608641009,0.255629376,-0.188495891,0.727103186
1497535074309770000,102694,1.644838552,-1.120774264,1.075120285,-0.612679378,0.253905569,-0.185905876,0.724979273
1497535074319800000,102695,1.645467246,-1.111126613,1.072593724,-0.615265182,0.252248305,-0.183942474,0.723867885
1497535074329780000,102696,1.645938372,-1.101546828,1.070230034,-0.617768712,0.249959135,-0.182402715,0.722918736
1497535074339810000,102697,1.64630322,-1.092299815,1.067992138,-0.619765941,0.24802829,-0.180135187,0.722442704
1497535074349810000,102698,1.64661016,-1.083508807,1.065962264,-0.62122428,0.246646022,-0.177391178,0.722342373
1497535074359810000,102699,1.647009219,-1.075034944,1.064460905,-0.620319408,0.246233068,-0.17541938,0.723741079
1497535074369740000,102700,1.647127628,-1.067220899,1.062775791,-0.616061631,0.244600562,-0.176263301,0.727715522
1497535074379780000,102701,1.646765927,-1.059591462,1.061024897,-0.610687109,0.242207672,-0.176888867,0.732875861
1497535074389810000,102702,1.647356073,-1.050889568,1.060246705,-0.606654747,0.24175417,-0.178182637,0.736054269
1497535074399810000,102703,1.648044534,-1.041902864,1.05943885,-0.60297422,0.240883772,-0.178651955,0.739243246
1497535074409790000,102704,1.64898301,-1.03231924,1.058885262,-0.599091373,0.241969021,-0.179073102,0.741938908
1497535074419810000,102705,1.650019054,-1.022397896,1.058186291,-0.594439282,0.244071682,-0.179206883,0.744953587
1497535074429710000,102706,1.651009177,-1.012228462,1.057056725,-0.590308601,0.244957226,-0.177865295,0.748261752
1497535074439810000,102707,1.652219928,-1.001343089,1.056177688,-0.587955298,0.245630805,-0.176172026,0.750291604
1497535074449800000,102708,1.653318791,-0.990068107,1.055474152,-0.585264906,0.245713171,-0.174324514,0.752795451
1497535074459820000,102709,1.654454588,-0.97839212,1.055199276,-0.585106681,0.244254606,-0.170972744,0.75416058
1497535074469810000,102710,1.655554203,-0.966619193,1.054898098,-0.584227449,0.241456758,-0.169358268,0.756104952
1497535074479780000,102711,1.656621183,-0.95468015,1.05565272,-0.585088864,0.239156031,-0.167451049,0.756594713
1497535074489780000,102712,1.657719102,-0.94298287,1.056721824,-0.585030977,0.236979701,-0.167016927,0.75741978
1497535074499780000,102713,1.658910403,-0.931620175,1.058271085,-0.58681525,0.235312252,-0.165539314,0.756883572
1497535074509780000,102714,1.660621362,-0.920130838,1.060410757,-0.58945883,0.236398286,-0.16482997,0.754642445
1497535074519810000,102715,1.662626926,-0.908826694,1.062409908,-0.593022093,0.236396401,-0.163392538,0.752159835
1497535074529790000,102716,1.664932598,-0.897768034,1.064621083,-0.596736194,0.236963687,-0.161162652,0.74952033
1497535074539810000,102717,1.667351792,-0.887037829,1.066774985,-0.599839922,0.237377398,-0.15963071,0.747236292
1497535074549810000,102718,1.669839512,-0.876263109,1.069083286,-0.601297563,0.240164863,-0.161000555,0.744876433
1497535074559790000,102719,1.67197029,-0.866135671,1.070703305,-0.600670074,0.241433039,-0.163593865,0.744407548
1497535074569800000,102720,1.673969345,-0.856046484,1.072573148,-0.60001295,0.243853671,-0.166803576,0.743435548
1497535074579800000,102721,1.675524634,-0.846512032,1.073870662,-0.599777969,0.242966404,-0.169351496,0.743339616
1497535074589790000,102722,1.677034414,-0.836831449,1.075435943,-0.599600229,0.242981575,-0.172650011,0.742718986
1497535074599790000,102723,1.678214715,-0.827376334,1.076805574,-0.601128147,0.241309239,-0.175588174,0.741339055
1497535074609770000,102724,1.679225318,-0.818245153,1.077720431,-0.603368179,0.238261572,-0.177670981,0.740007626
1497535074619800000,102725,1.680312983,-0.80918775,1.078584949,-0.606898653,0.235831464,-0.179427247,0.737470955
1497535074629770000,102726,1.681619364,-0.800158898,1.079636186,-0.611882137,0.234285952,-0.17990857,0.733718781
1497535074639810000,102727,1.683104313,-0.791291001,1.080869726,-0.617330183,0.234700032,-0.179450358,0.729120641
1497535074649800000,102728,1.684618191,-0.78290646,1.081723989,-0.622255672,0.235550223,-0.178272948,0.724936361
1497535074659800000,102729,1.686278925,-0.774703802,1.08283631,-0.626397582,0.238127661,-0.176879161,0.720857163
1497535074669820000,102730,1.687782062,-0.76686442,1.083621461,-0.629440752,0.240124796,-0.174916658,0.71801712
1497535074679700000,102731,1.689036029,-0.759526571,1.084090106,-0.630108224,0.241716908,-0.17377395,0.71717444
1497535074689810000,102732,1.690240405,-0.752134439,1.084799131,-0.63211739,0.243697479,-0.171366162,0.715313066
1497535074699800000,102733,1.691348469,-0.744915576,1.085051906,-0.63207708,0.245398676,-0.171151957,0.714818202
1497535074709720000,102734,1.692395857,-0.737672545,1.085499274,-0.63388076,0.247498705,-0.169399897,0.712911809
1497535074719810000,102735,1.693490437,-0.73050995,1.085517363,-0.634995246,0.248848896,-0.169352106,0.711459858
1497535074729770000,102736,1.694675071,-0.723244708,1.085930154,-0.637033044,0.251817202,-0.168926291,0.70868957
1497535074739820000,102737,1.695860999,-0.716060977,1.086074894,-0.639167369,0.254297295,-0.168977845,0.705864327
1497535074749810000,102738,1.69696554,-0.708996803,1.08593203,-0.64140684,0.256324443,-0.169022307,0.703083569
1497535074759760000,102739,1.698233872,-0.701901886,1.085955316,-0.643220721,0.259065926,-0.169937007,0.700195233
1497535074769790000,102740,1.699201947,-0.695121903,1.085461691,-0.645612263,0.260255348,-0.169667295,0.697613768
1497535074779800000,102741,1.700392272,-0.688042092,1.085573903,-0.647859745,0.263825137,-0.17041552,0.693997549
1497535074789790000,102742,1.701303787,-0.68120221,1.084894933,-0.64879337,0.265973196,-0.171703903,0.691984965
1497535074799770000,102743,1.702196291,-0.674309148,1.084444594,-0.651261799,0.266986725,-0.171841999,0.689236161
1497535074809770000,102744,1.702953883,-0.667427725,1.083885818,-0.652753694,0.268523107,-0.172624756,0.687028857
1497535074819810000,102745,1.70361928,-0.660406254,1.083245101,-0.654460483,0.26931459,-0.173208112,0.68494531
1497535074829790000,102746,1.704199775,-0.653348631,1.082577143,-0.656477955,0.270099849,-0.17336866,0.682661024
1497535074839820000,102747,1.704813367,-0.645998237,1.082013698,-0.658835158,0.271239184,-0.173950903,0.679784248
1497535074849800000,102748,1.705383557,-0.638556907,1.081120878,-0.661221688,0.271767465,-0.174458455,0.677120795
1497535074859810000,102749,1.705907506,-0.631011253,1.080288809,-0.663874686,0.272363087,-0.174887759,0.674168393
1497535074869810000,102750,1.705488276,-0.624156999,1.077971873,-0.666296539,0.275125314,-0.17524464,0.670555218
1497535074879780000,102751,1.705806881,-0.616462535,1.076970529,-0.668253574,0.276308901,-0.176453018,0.667798536
1497535074889760000,102752,1.706843949,-0.608083493,1.077247153,-0.670691179,0.274369311,-0.176955293,0.666019255
1497535074899770000,102753,1.70700841,-0.600276631,1.076090694,-0.672104782,0.274978839,-0.178104503,0.664033573
1497535074909810000,102754,1.707183849,-0.592091706,1.075103575,-0.674850393,0.275757032,-0.178695249,0.660759422
1497535074919800000,102755,1.707185042,-0.583851429,1.073953265,-0.677795201,0.276477919,-0.178878589,0.657385789
1497535074929780000,102756,1.707195292,-0.575483321,1.072951178,-0.680019672,0.276467232,-0.179138386,0.65501798
1497535074939810000,102757,1.707081571,-0.566978287,1.071521555,-0.682317723,0.276703461,-0.180061104,0.652269666
1497535074949770000,102758,1.706866527,-0.558534825,1.070426705,-0.68507552,0.275832275,-0.179847801,0.649802168
1497535074959800000,102759,1.70565305,-0.550719042,1.067221825,-0.687002235,0.27774521,-0.180613311,0.646733608
1497535074969750000,102760,1.705255083,-0.542376154,1.065713904,-0.688669923,0.277448617,-0.18133374,0.644882995
1497535074979710000,102761,1.704980291,-0.533971566,1.064213661,-0.689514485,0.278312217,-0.183015881,0.643130835
1497535074989770000,102762,1.704884911,-0.525553915,1.063180389,-0.690681599,0.27860528,-0.183571005,0.641591546
1497535074999750000,102763,1.704836327,-0.5171719,1.06202664,-0.691329407,0.279840576,-0.18458414,0.640063745
1497535075009860000,102764,1.704410305,-0.509097254,1.060135153,-0.691647918,0.281127856,-0.185412131,0.638915196
1497535075019800000,102765,1.704175497,-0.500729417,1.058530421,-0.691875339,0.282792723,-0.186224853,0.637696711
1497535075029800000,102766,1.704798591,-0.491807237,1.058480476,-0.692411919,0.282096293,-0.185866829,0.637527206
1497535075039820000,102767,1.703517883,-0.483857909,1.055158114,-0.693290609,0.285791471,-0.18529619,0.635087938
1497535075049800000,102768,1.702977287,-0.475241227,1.0533871,-0.694128082,0.287141399,-0.184466393,0.633804522
1497535075059740000,102769,1.702194266,-0.46644167,1.051303625,-0.694813033,0.288166262,-0.185205334,0.632371757
1497535075069810000,102770,1.701382287,-0.457481813,1.049554245,-0.695666266,0.288248636,-0.185436913,0.631327428
1497535075079770000,102771,1.700431967,-0.448350082,1.047914917,-0.696544467,0.288923003,-0.185791132,0.629945204
1497535075089750000,102772,1.699153612,-0.439263309,1.046103154,-0.696251987,0.289822948,-0.187868092,0.629238754
1497535075099740000,102773,1.698116128,-0.429787563,1.044609649,-0.696694967,0.29126954,-0.189184458,0.627684171
1497535075109810000,102774,1.696848927,-0.420336768,1.043027749,-0.697175923,0.292399009,-0.191229348,0.626003106
1497535075119810000,102775,1.695589079,-0.410640665,1.041843957,-0.697321424,0.293926249,-0.192957038,0.624594087
1497535075129780000,102776,1.694739963,-0.400548212,1.040724858,-0.701993325,0.297109415,-0.190646698,0.618534724
1497535075139820000,102777,1.693251278,-0.390761795,1.039872388,-0.700934901,0.299444167,-0.193238245,0.617804529
1497535075149770000,102778,1.691645506,-0.380812725,1.039473788,-0.69946094,0.301906948,-0.195054405,0.617705728
1497535075159850000,102779,1.689866843,-0.370653829,1.039030091,-0.699211059,0.303438488,-0.195946924,0.616955251
1497535075169810000,102780,1.687774067,-0.360287718,1.03887815,-0.698331543,0.303820468,-0.19755369,0.617250937
1497535075179760000,102781,1.685598017,-0.34981828,1.038748243,-0.697613888,0.305086554,-0.197409227,0.617484133
1497535075189810000,102782,1.683372074,-0.339125409,1.039132401,-0.696837721,0.305417935,-0.196649995,0.618438239
1497535075199810000,102783,1.680865228,-0.328422353,1.039693629,-0.69593719,0.304963889,-0.195664327,0.619987037
1497535075209880000,102784,1.678194379,-0.317612253,1.040447166,-0.695437797,0.304223865,-0.192849041,0.621790445
1497535075219800000,102785,1.675045453,-0.307022127,1.041274293,-0.693938241,0.301570693,-0.191250708,0.625242355
1497535075229800000,102786,1.672051609,-0.296581324,1.042600047,-0.692333585,0.299489796,-0.187695789,0.629086925
1497535075239820000,102787,1.66894776,-0.286291091,1.044170253,-0.690706473,0.2962783,-0.183994768,0.633474279
1497535075249690000,102788,1.665360709,-0.276459747,1.04550912,-0.686982717,0.291148261,-0.18319787,0.640098411
1497535075259820000,102789,1.662385979,-0.266505546,1.047219665,-0.68621387,0.287081633,-0.179329814,0.643844296
1497535075269800000,102790,1.659199033,-0.257119021,1.048881118,-0.682119618,0.282959752,-0.17889698,0.650109587
1497535075279770000,102791,1.656243781,-0.247976309,1.05059065,-0.678308568,0.279100447,-0.178464935,0.655858746
1497535075289800000,102792,1.652606586,-0.2393443,1.052031306,-0.669402607,0.271906973,-0.184346948,0.666320456
1497535075299810000,102793,1.650503892,-0.230614056,1.053528455,-0.665647529,0.2704376,-0.182789918,0.671092182
1497535075309770000,102794,1.648298553,-0.222166083,1.05482652,-0.661025428,0.268296838,-0.183204286,0.676386265
1497535075319800000,102795,1.646389849,-0.214046984,1.055866109,-0.656492708,0.268107891,-0.182300876,0.681103424
1497535075329780000,102796,1.645023993,-0.20592132,1.05720628,-0.651659504,0.268734424,-0.181338993,0.685738923
1497535075339830000,102797,1.64341834,-0.198199671,1.057992232,-0.647579413,0.269227473,-0.179645856,0.689844068
1497535075349810000,102798,1.642224521,-0.190728957,1.059279637,-0.642588591,0.270170771,-0.178688914,0.694375928
1497535075359820000,102799,1.641203058,-0.18341325,1.060440556,-0.637476345,0.271859553,-0.177223009,0.698790596
1497535075369820000,102800,1.640334917,-0.17628281,1.061823833,-0.633599823,0.273058857,-0.175513878,0.702271317
1497535075379770000,102801,1.639375195,-0.169287317,1.06279404,-0.628881533,0.274099178,-0.174718224,0.70629399
1497535075389820000,102802,1.638695841,-0.162486751,1.064380093,-0.624745516,0.27526451,-0.17389917,0.709705268
1497535075399850000,102803,1.637811245,-0.155880747,1.065749313,-0.620381634,0.275880045,-0.173978784,0.713265877
1497535075409790000,102804,1.636966478,-0.14926281,1.067266017,-0.61614147,0.27608008,-0.174313529,0.716773516
1497535075419760000,102805,1.636063811,-0.142626062,1.068823479,-0.612536487,0.275249781,-0.174373041,0.720160158
1497535075429780000,102806,1.635124131,-0.135899241,1.070396885,-0.609080075,0.274296416,-0.174725206,0.723363007
1497535075439830000,102807,1.63424361,-0.129061387,1.072005533,-0.606113938,0.273206996,-0.174440954,0.726329254
1497535075449740000,102808,1.633489624,-0.122191977,1.073685499,-0.603151399,0.271535974,-0.174600252,0.729377376
1497535075459830000,102809,1.632693501,-0.115060828,1.075084719,-0.600585043,0.270195954,-0.173957144,0.732141151
1497535075469820000,102810,1.631920877,-0.107909431,1.076350513,-0.598784563,0.269205181,-0.173316359,0.734130137
1497535075479780000,102811,1.63123623,-0.100502861,1.077451019,-0.59684066,0.268098613,-0.172906354,0.736211758
1497535075489820000,102812,1.630559579,-0.092984199,1.078461453,-0.595912802,0.266479686,-0.171709145,0.737829573
1497535075499760000,102813,1.629962918,-0.085427121,1.079383984,-0.596203601,0.264503727,-0.170471903,0.738592158
1497535075509820000,102814,1.6292807,-0.077656211,1.080061259,-0.595799864,0.26218914,-0.169858964,0.739883308
1497535075519750000,102815,1.628579333,-0.069802373,1.080467854,-0.595748039,0.26020958,-0.169066396,0.740804834
1497535075529790000,102816,1.627849938,-0.061977995,1.080696093,-0.596103717,0.257772079,-0.168510862,0.741497136
1497535075539760000,102817,1.627079561,-0.053992468,1.080657181,-0.595878652,0.254870593,-0.168290935,0.742729947
1497535075549810000,102818,1.626522543,-0.045843004,1.080679051,-0.597224629,0.252128828,-0.167203466,0.742830262
1497535075559750000,102819,1.625920672,-0.037551163,1.080299222,-0.598426691,0.249816744,-0.16600878,0.742911956
1497535075569750000,102820,1.625453548,-0.02909546,1.079732439,-0.599571569,0.247559022,-0.164826883,0.743007781
1497535075579730000,102821,1.625023924,-0.020524064,1.078898235,-0.602522278,0.244719648,-0.162584272,0.742054953
1497535075589810000,102822,1.624647933,-0.011738728,1.077701923,-0.604289582,0.24305498,-0.161325083,0.741439543
1497535075599850000,102823,1.624381652,-0.002765769,1.076075684,-0.607109837,0.241989674,-0.159533791,0.739869998
1497535075609820000,102824,1.624177451,0.006311378,1.074428075,-0.609767846,0.240306837,-0.158003311,0.738559918
1497535075619810000,102825,1.623983833,0.015725907,1.072105038,-0.613140569,0.238917705,-0.156151717,0.73660954
1497535075629800000,102826,1.623896792,0.025274021,1.070133801,-0.616621156,0.237419042,-0.154752746,0.734480862
1497535075639820000,102827,1.62400076,0.035114776,1.067752004,-0.620592848,0.235454128,-0.152466048,0.732243112
1497535075649860000,102828,1.624401617,0.045706572,1.065292093,-0.630507786,0.232889698,-0.146951199,0.725691164
1497535075659760000,102829,1.624529036,0.055854196,1.062877542,-0.634481523,0.230726527,-0.144721799,0.723363026
1497535075669780000,102830,1.624572803,0.066039408,1.060532283,-0.637267672,0.228940852,-0.142978758,0.721826209
1497535075679750000,102831,1.624591531,0.076144161,1.058192843,-0.639764863,0.227186054,-0.140915925,0.720576241
1497535075689700000,102832,1.6244912,0.086017652,1.056308584,-0.641938386,0.224565284,-0.138900904,0.719855597
1497535075699770000,102833,1.624213518,0.095461806,1.05434527,-0.641933486,0.222740071,-0.13606694,0.720967439
1497535075709830000,102834,1.623845481,0.104563248,1.052520942,-0.639833365,0.2212757,-0.133737168,0.723715897
1497535075719880000,102835,1.623535964,0.113575292,1.051108874,-0.638401301,0.218128556,-0.131393226,0.72636047
1497535075729800000,102836,1.623366873,0.122511339,1.050068138,-0.635363053,0.216662455,-0.13075979,0.729570455
1497535075739820000,102837,1.623279211,0.131586294,1.049343712,-0.632371035,0.21418344,-0.131624403,0.732739616
1497535075749830000,102838,1.623407401,0.14100251,1.048456579,-0.629102952,0.212595256,-0.133347499,0.735697749
1497535075759820000,102839,1.624016941,0.150900947,1.047523174,-0.626317748,0.212518506,-0.133933764,0.737986253
1497535075769790000,102840,1.624704675,0.16109319,1.046634876,-0.624031194,0.212698,-0.134824829,0.739707304
1497535075779810000,102841,1.625650114,0.171652171,1.045802738,-0.621800172,0.212958052,-0.135293674,0.741423655
1497535075789760000,102842,1.626889717,0.182704816,1.045428707,-0.621544985,0.213802861,-0.135359315,0.741382509
1497535075799830000,102843,1.627291561,0.19472844,1.043371107,-0.623078389,0.214529573,-0.133283538,0.740260685
1497535075809800000,102844,1.62765287,0.205684986,1.044165227,-0.619482568,0.210654896,-0.136567967,0.743784278
1497535075819820000,102845,1.627972587,0.214474493,1.045064335,-0.603210092,0.207814051,-0.141622232,0.756897648
1497535075829810000,102846,1.628968973,0.225945587,1.04598891,-0.604679184,0.206786023,-0.140952285,0.756131655
1497535075839820000,102847,1.630613682,0.236148738,1.04814225,-0.60165107,0.206769631,-0.143415043,0.758086034
1497535075849830000,102848,1.632275721,0.247090647,1.050327406,-0.60341769,0.208306779,-0.145501457,0.75586024
1497535075859830000,102849,1.634605891,0.257427923,1.052700449,-0.603781852,0.211630544,-0.148016377,0.754155912
1497535075869740000,102850,1.637309306,0.268748474,1.055537595,-0.611399761,0.211778849,-0.15097256,0.747360246
1497535075879790000,102851,1.640109534,0.278818184,1.057861664,-0.612215471,0.213291894,-0.154099831,0.745621907
1497535075889810000,102852,1.643137928,0.288725057,1.059984631,-0.611901129,0.218175569,-0.155501566,0.744174504
1497535075899840000,102853,1.646055402,0.298553153,1.061632653,-0.614726253,0.220239305,-0.157397617,0.740832149
1497535075909810000,102854,1.64885889,0.308037979,1.063147682,-0.615747822,0.224450107,-0.15925221,0.738319377
1497535075919820000,102855,1.65165503,0.317444655,1.064392526,-0.6162654,0.229839627,-0.161536168,0.735728734
1497535075929800000,102856,1.654060851,0.32671725,1.065918232,-0.614359984,0.234436772,-0.165268403,0.73504256
1497535075939840000,102857,1.656215322,0.335688792,1.067256604,-0.615046444,0.23700749,-0.168255723,0.732963391
1497535075949830000,102858,1.657949158,0.344793893,1.06834174,-0.618202313,0.236981728,-0.169734917,0.729969602
1497535075959830000,102859,1.659344679,0.353467431,1.069239776,-0.620725826,0.237199342,-0.170663222,0.727536931
1497535075969830000,102860,1.660709371,0.362174163,1.07025803,-0.624523915,0.235988814,-0.170864851,0.72462705
1497535075979840000,102861,1.661821387,0.370529389,1.071184038,-0.628126222,0.235121117,-0.171594162,0.721616902
1497535075989810000,102862,1.66337012,0.378761709,1.072061447,-0.632463336,0.235433589,-0.171739754,0.717681413
1497535075999830000,102863,1.664682906,0.386800482,1.07306898,-0.635262396,0.236303117,-0.171388626,0.715002422
1497535076009830000,102864,1.66628778,0.394563856,1.073902472,-0.637642852,0.237053244,-0.171845346,0.712521249
1497535076019830000,102865,1.667571508,0.402071662,1.074685617,-0.639325843,0.238214034,-0.170516293,0.710943552
1497535076029650000,102866,1.66902806,0.409389672,1.075171754,-0.639962,0.239690014,-0.170843286,0.70979568
1497535076039820000,102867,1.670518005,0.416726716,1.075502747,-0.642665669,0.241239374,-0.168838503,0.707303303
1497535076049810000,102868,1.672072637,0.423841767,1.075787384,-0.643448853,0.243508451,-0.168357891,0.705926929
1497535076059820000,102869,1.673010093,0.431323135,1.074501674,-0.641906491,0.251812636,-0.162257292,0.705846317
1497535076069770000,102870,1.674588558,0.438361507,1.074566337,-0.643181798,0.254997598,-0.162301808,0.703527912
1497535076079850000,102871,1.67635202,0.44549372,1.074695293,-0.644118507,0.259173571,-0.162567618,0.701079295
1497535076089820000,102872,1.677999967,0.452189894,1.074607343,-0.64629142,0.261316682,-0.162380639,0.698321931
1497535076099830000,102873,1.679582485,0.459056844,1.07449199,-0.64681079,0.264679057,-0.163825647,0.696234124
1497535076109840000,102874,1.681324782,0.465775945,1.07449451,-0.649122048,0.267224378,-0.164158176,0.693025102
1497535076119830000,102875,1.68268183,0.472540001,1.074416758,-0.648919445,0.271160765,-0.165601695,0.691340345
1497535076129810000,102876,1.683997141,0.479221066,1.074023517,-0.651446751,0.27202662,-0.165952283,0.688533579
1497535076139840000,102877,1.684652073,0.485772678,1.073586816,-0.651449588,0.271289369,-0.169412759,0.687978801
1497535076149770000,102878,1.685809135,0.492712866,1.073239251,-0.651768207,0.274095628,-0.17133732,0.6860855
1497535076159840000,102879,1.686946174,0.499638614,1.072881962,-0.653964246,0.275230642,-0.171587445,0.683473926
1497535076169770000,102880,1.687900753,0.507108268,1.072624479,-0.655375462,0.27791704,-0.172447452,0.680813483
1497535076179830000,102881,1.688720666,0.514012581,1.071630237,-0.656806015,0.278088031,-0.174152771,0.67892836
1497535076189820000,102882,1.689760759,0.521557919,1.071247363,-0.659001602,0.280427509,-0.17511736,0.675582127
1497535076199830000,102883,1.690446049,0.528880198,1.070176503,-0.660419445,0.280876526,-0.176584027,0.673626465
1497535076209850000,102884,1.691228864,0.536461678,1.069456722,-0.662591457,0.282451492,-0.176269285,0.670911958
1497535076219840000,102885,1.691993524,0.544017881,1.068741058,-0.665924146,0.282066371,-0.177666185,0.667396675
1497535076229780000,102886,1.692758591,0.551756665,1.06766336,-0.667060545,0.283388665,-0.17935273,0.665247091
1497535076239840000,102887,1.693568339,0.55997111,1.066737149,-0.667929739,0.286672377,-0.181051975,0.662502071
1497535076249830000,102888,1.694329709,0.567911573,1.065789942,-0.671167711,0.287682425,-0.18105924,0.658779385
1497535076259780000,102889,1.694996856,0.575978064,1.064579096,-0.672814783,0.28928317,-0.181870749,0.656169601
1497535076269800000,102890,1.695950861,0.584608017,1.063777704,-0.675859384,0.290865251,-0.182336256,0.652200114
1497535076279740000,102891,1.696285272,0.592767156,1.062361497,-0.67782049,0.291993363,-0.182733369,0.649544283
1497535076289850000,102892,1.696774125,0.600863829,1.060899579,-0.681297178,0.291436689,-0.182801754,0.646128726
1497535076299850000,102893,1.697140088,0.609279234,1.059477884,-0.683519314,0.29189603,-0.183891624,0.643258833
1497535076309850000,102894,1.697546871,0.617788852,1.058190216,-0.684957637,0.293295776,-0.185591768,0.640598408
1497535076319800000,102895,1.697830754,0.625883206,1.056799544,-0.687061378,0.293013598,-0.187086332,0.638034795
1497535076329830000,102896,1.697961406,0.633960431,1.05534354,-0.688722759,0.292810934,-0.187995223,0.636066438
1497535076339840000,102897,1.698307157,0.642055463,1.054003352,-0.690314942,0.292295565,-0.190384094,0.63386314
1497535076349850000,102898,1.698638291,0.65039176,1.052807778,-0.69048794,0.294465085,-0.192373975,0.632067222
1497535076359840000,102899,1.698928175,0.6583162,1.051396107,-0.691948858,0.295075647,-0.193497232,0.629838045
1497535076369850000,102900,1.69911443,0.666260709,1.050040089,-0.692342192,0.295999261,-0.195564169,0.628332223
1497535076379840000,102901,1.699077892,0.674137703,1.04858648,-0.692690843,0.296703749,-0.195510159,0.627632105
1497535076389840000,102902,1.699331067,0.68233092,1.047235549,-0.693752545,0.297742328,-0.196157317,0.62576291
1497535076399820000,102903,1.69930693,0.690321802,1.045608095,-0.693747037,0.29907569,-0.197248694,0.624789351
1497535076409820000,102904,1.699271909,0.698475816,1.044097821,-0.693966734,0.299676899,-0.198575821,0.623836174
1497535076419760000,102905,1.699197354,0.7069026,1.042566382,-0.694936519,0.300947938,-0.198909134,0.622035955
1497535076429720000,102906,1.69918463,0.715319571,1.040898467,-0.695044434,0.302051472,-0.201019814,0.620700554
1497535076439870000,102907,1.699100372,0.724177327,1.039495003,-0.695011646,0.304194828,-0.202427581,0.619231292
1497535076449800000,102908,1.698921286,0.732916831,1.037770629,-0.695628443,0.305945127,-0.204149152,0.617107585
1497535076459890000,102909,1.698613046,0.741889459,1.036121033,-0.69542894,0.308263762,-0.206153784,0.615510081
1497535076469880000,102910,1.698425152,0.751346373,1.03484174,-0.694515201,0.311086796,-0.209280964,0.614064426
1497535076479830000,102911,1.697949527,0.760895461,1.033421166,-0.694602497,0.313037357,-0.210817875,0.612446576
1497535076489840000,102912,1.697315435,0.770782336,1.032377768,-0.693850524,0.315308375,-0.212398039,0.611587404
1497535076499840000,102913,1.6965124,0.780846866,1.031495804,-0.692884519,0.317133521,-0.214675595,0.610943338
1497535076509850000,102914,1.695567006,0.791125406,1.030659058,-0.692269425,0.317920308,-0.21690488,0.610444096
1497535076519840000,102915,1.694415818,0.801635625,1.030154747,-0.691881611,0.318390085,-0.217094441,0.610571531
1497535076529840000,102916,1.693098474,0.812471754,1.029891432,-0.690799211,0.319218312,-0.218475598,0.610871945
1497535076539850000,102917,1.691683761,0.823421712,1.029782348,-0.690165209,0.319094168,-0.21855039,0.611626211
1497535076549850000,102918,1.690152808,0.834455406,1.029945136,-0.689375955,0.318972483,-0.217860617,0.612824689
1497535076559850000,102919,1.688485129,0.84557431,1.030278349,-0.688844782,0.318294494,-0.215537171,0.614593532
1497535076569820000,102920,1.68657055,0.85665937,1.030784386,-0.688673233,0.317328995,-0.212824336,0.616228277
1497535076579870000,102921,1.684381273,0.867625535,1.031837768,-0.687100014,0.315502691,-0.209842902,0.619933528
1497535076589810000,102922,1.681882166,0.878314322,1.033038855,-0.686490724,0.312111224,-0.206157524,0.623551236
1497535076599830000,102923,1.679181691,0.888640068,1.034527389,-0.684879412,0.308066499,-0.20286172,0.628396648
1497535076609820000,102924,1.676377438,0.898590661,1.036313038,-0.682823552,0.302571565,-0.199338085,0.63440269
1497535076619840000,102925,1.673738418,0.908287627,1.038363007,-0.679976325,0.297618782,-0.197814794,0.640253516
1497535076629820000,102926,1.670953222,0.917422972,1.040275766,-0.676789544,0.292769687,-0.19699711,0.646091295
1497535076639850000,102927,1.668417419,0.926210101,1.042252659,-0.672034919,0.288771937,-0.198210646,0.652451052
1497535076649840000,102928,1.665901365,0.934522536,1.043936243,-0.667773288,0.285227065,-0.199591247,0.657942012
1497535076659850000,102929,1.663847141,0.942685486,1.045827995,-0.662483384,0.28205614,-0.200655748,0.664302168
1497535076669800000,102930,1.662132249,0.950590846,1.047493032,-0.657065863,0.280580048,-0.202247763,0.669802307
1497535076679810000,102931,1.660848037,0.95828597,1.049167486,-0.651930999,0.280113885,-0.203027271,0.674760781
1497535076689840000,102932,1.659907413,0.965932682,1.050914793,-0.646648438,0.281502645,-0.204595514,0.678780329
1497535076699850000,102933,1.659137583,0.973231833,1.052629537,-0.641329119,0.283772674,-0.205292299,0.682660313
1497535076709800000,102934,1.658451361,0.980078429,1.054343864,-0.635185821,0.286327354,-0.205908167,0.687137138
1497535076719840000,102935,1.658044768,0.986934384,1.056212417,-0.628765497,0.289004001,-0.20657009,0.691707623
1497535076729790000,102936,1.657567001,0.993570209,1.058074358,-0.623392165,0.290784375,-0.205936804,0.696000494
1497535076739850000,102937,1.657198217,1.000098079,1.060009807,-0.616865102,0.293409153,-0.20701815,0.700379897
1497535076749840000,102938,1.656878168,1.006726195,1.06192903,-0.611456003,0.29562415,-0.208378846,0.703779919
1497535076759850000,102939,1.656385653,1.013174063,1.064072478,-0.606738595,0.296235633,-0.208373869,0.707596677
1497535076769770000,102940,1.655931337,1.019866451,1.066278713,-0.601702252,0.297091396,-0.210253742,0.710974308
1497535076779740000,102941,1.655275796,1.026618618,1.068510474,-0.597657228,0.295962952,-0.210581309,0.714749804
1497535076789850000,102942,1.654630565,1.033567952,1.070669129,-0.593178202,0.295225446,-0.212432151,0.718229865
1497535076799850000,102943,1.653622081,1.040447378,1.072985922,-0.589936397,0.292941661,-0.21243613,0.721824855
1497535076809860000,102944,1.652999407,1.047662342,1.075016041,-0.58689394,0.291705419,-0.212496455,0.724781835
1497535076819840000,102945,1.652329536,1.054976842,1.076891948,-0.584435851,0.289390205,-0.212328193,0.727739503
1497535076829840000,102946,1.651759501,1.062457603,1.078765917,-0.582506231,0.288518129,-0.212193938,0.729669454
1497535076839860000,102947,1.651229897,1.070087003,1.080328025,-0.580855333,0.286710674,-0.211126324,0.732003926
1497535076849850000,102948,1.65082021,1.077929725,1.081724007,-0.580440694,0.284443702,-0.210598238,0.733368096
1497535076859850000,102949,1.650266941,1.085780955,1.082983873,-0.579168789,0.282681728,-0.209748834,0.735295846
1497535076869810000,102950,1.649640345,1.093763051,1.083955492,-0.579133629,0.28006078,-0.208807524,0.736593251
1497535076879820000,102951,1.648904685,1.101725012,1.084474913,-0.57952064,0.277318982,-0.207496528,0.737695873
1497535076889830000,102952,1.64842654,1.110028047,1.08501493,-0.580712321,0.274871099,-0.206282824,0.738015228
1497535076899880000,102953,1.647836053,1.118390521,1.085132122,-0.581315779,0.271840621,-0.204659522,0.739113741
1497535076909870000,102954,1.647219646,1.126832285,1.084883644,-0.582694646,0.26897171,-0.202938088,0.739552095
1497535076919830000,102955,1.64670317,1.135487068,1.084445267,-0.585754637,0.265593099,-0.200896615,0.738912959
1497535076929790000,102956,1.646240236,1.144286912,1.083823158,-0.587445793,0.262459828,-0.198406031,0.739362784
1497535076939860000,102957,1.645711064,1.153058158,1.08252704,-0.588929801,0.259777019,-0.196847691,0.739546196
1497535076949850000,102958,1.645395022,1.162097489,1.081262766,-0.591734074,0.25777282,-0.194743966,0.73856533
1497535076959850000,102959,1.64513539,1.171128624,1.079880935,-0.594397752,0.255688644,-0.192272663,0.737797975
1497535076969890000,102960,1.644899119,1.18040213,1.078207158,-0.597183937,0.25445809,-0.190446827,0.736445811
1497535076979850000,102961,1.64481246,1.189764793,1.076359988,-0.599327501,0.253076773,-0.188880792,0.735583265
1497535076989860000,102962,1.644707605,1.199153465,1.07452999,-0.602344511,0.251254341,-0.186654518,0.734310858
1497535076999850000,102963,1.644753041,1.20882464,1.072470762,-0.606109528,0.25006431,-0.184102149,0.732260527
1497535077009860000,102964,1.644920963,1.218787656,1.070375068,-0.61010708,0.24807566,-0.181009962,0.730385659
1497535077019810000,102965,1.645134672,1.229002353,1.068382712,-0.613697967,0.245464724,-0.178387869,0.728903041
1497535077029830000,102966,1.645323827,1.239479853,1.066196657,-0.618209585,0.243175308,-0.175092424,0.726653508
1497535077039850000,102967,1.645462413,1.250035426,1.064286341,-0.621855948,0.239964349,-0.17261415,0.725201107
1497535077049740000,102968,1.645355849,1.260572966,1.062249249,-0.626015542,0.236577548,-0.168792734,0.72363293
1497535077059800000,102969,1.645097525,1.270906484,1.060524916,-0.62835121,0.234477863,-0.165949403,0.722949296
1497535077069830000,102970,1.644641499,1.280798747,1.058760794,-0.628553587,0.231531708,-0.162772898,0.724443539
1497535077079820000,102971,1.644162921,1.290244875,1.057312004,-0.628428212,0.227996672,-0.158858311,0.726539426
1497535077089840000,102972,1.643657311,1.299386662,1.055999326,-0.625874642,0.22603997,-0.157205901,0.729707591
1497535077099820000,102973,1.643198197,1.30842486,1.054903444,-0.622490378,0.222986295,-0.155293657,0.733939181
1497535077109680000,102974,1.643060999,1.317748959,1.054068273,-0.619316803,0.221335008,-0.15554242,0.737064494
1497535077119790000,102975,1.643070911,1.327449513,1.053259651,-0.61549199,0.220874933,-0.155817295,0.740341033
1497535077129840000,102976,1.643478362,1.337610963,1.052669083,-0.612257621,0.21912619,-0.154614719,0.743786668
1497535077139840000,102977,1.643982282,1.348038929,1.05196879,-0.608980732,0.218926983,-0.154593602,0.746534837
1497535077149830000,102978,1.644534168,1.358722632,1.051247758,-0.605933346,0.217954024,-0.152697318,0.749682835
1497535077159860000,102979,1.645190166,1.36984931,1.05047323,-0.603307917,0.217597228,-0.150606862,0.752322123
1497535077169750000,102980,1.645823649,1.381083808,1.049700573,-0.601671495,0.21702436,-0.147676959,0.754376137
1497535077179830000,102981,1.646376338,1.392663643,1.049238036,-0.599959552,0.213862876,-0.144482917,0.7572555
1497535077189900000,102982,1.646965806,1.40443197,1.048986532,-0.59964562,0.212106656,-0.141796895,0.758504804
1497535077199860000,102983,1.647401473,1.416031359,1.049156413,-0.599176231,0.208584844,-0.139186745,0.760333648
1497535077209910000,102984,1.647926015,1.427472968,1.049959154,-0.600146277,0.204503945,-0.136569968,0.76115125
1497535077219770000,102985,1.648756287,1.43898706,1.051071241,-0.602918439,0.202790082,-0.135545449,0.759600533
1497535077229830000,102986,1.649702219,1.450063603,1.052562252,-0.60696557,0.201920167,-0.134877977,0.756722522
1497535077239850000,102987,1.650925081,1.461038856,1.054264012,-0.610162676,0.201133825,-0.134795633,0.754371812
1497535077249860000,102988,1.652154871,1.471504934,1.05628043,-0.612226286,0.199094568,-0.135531726,0.75310788
1497535077259860000,102989,1.653401585,1.481586083,1.058332107,-0.613345956,0.196628036,-0.137252782,0.752532941
1497535077269850000,102990,1.654593866,1.491543374,1.060437245,-0.612225807,0.195706339,-0.139582245,0.753256521
1497535077279850000,102991,1.655797615,1.501379462,1.062441853,-0.612159893,0.195993137,-0.14198144,0.752786973
1497535077289850000,102992,1.657081028,1.511303974,1.064328112,-0.612626541,0.197939676,-0.143858835,0.751540579
1497535077299870000,102993,1.658241975,1.521084248,1.066113679,-0.612865956,0.199244885,-0.145634782,0.750657916
1497535077309820000,102994,1.659205672,1.530622212,1.067759492,-0.613318316,0.199697108,-0.147389859,0.749825272
1497535077319870000,102995,1.659876622,1.539858392,1.069201497,-0.614883336,0.198935729,-0.148427238,0.748540189
1497535077329860000,102996,1.660367849,1.549156636,1.070458661,-0.617968787,0.197023425,-0.149029314,0.74638235
1497535077339860000,102997,1.660691948,1.558456085,1.071600933,-0.622418173,0.193264129,-0.149504108,0.743567829
1497535077349820000,102998,1.660828999,1.567659323,1.07250504,-0.627900831,0.190238651,-0.149451704,0.739739136
1497535077359860000,102999,1.660853921,1.576496074,1.073312066,-0.633940336,0.186545378,-0.149291469,0.735549135
1497535077369850000,103000,1.660712057,1.584999004,1.074034604,-0.639104255,0.183262292,-0.149077512,0.731940284
1497535077379800000,103001,1.660521004,1.593240669,1.074644297,-0.643418004,0.180627623,-0.148023419,0.729024006
1497535077389860000,103002,1.660252807,1.601114496,1.075225161,-0.646643792,0.178376584,-0.147041409,0.72691982
1497535077399860000,103003,1.660000318,1.608594531,1.075706051,-0.6486311,0.17684875,-0.146095943,0.725712196
1497535077409860000,103004,1.659669315,1.615990575,1.076176978,-0.650865972,0.17521487,-0.144116157,0.724502428
1497535077419870000,103005,1.659276484,1.62313033,1.076489682,-0.65308077,0.174819373,-0.141818233,0.723056902
1497535077429840000,103006,1.658870258,1.630154987,1.07665701,-0.655569657,0.175204399,-0.138894812,0.721276698
1497535077439850000,103007,1.658496988,1.637294449,1.076853601,-0.658017036,0.175425414,-0.136006655,0.719542698
1497535077449850000,103008,1.658065286,1.644462828,1.07696691,-0.660372323,0.176199407,-0.13313316,0.717730956
1497535077459850000,103009,1.657462124,1.651337786,1.076905858,-0.663110166,0.176757707,-0.130298409,0.715586434
1497535077469860000,103010,1.656895868,1.658248283,1.076675242,-0.665638693,0.177756734,-0.127732753,0.713450781
1497535077479840000,103011,1.656097298,1.665191147,1.076672595,-0.667931735,0.177690839,-0.125374014,0.711740486
1497535077489840000,103012,1.655126207,1.671876506,1.076533352,-0.670517747,0.177644416,-0.123801924,0.709592486
1497535077499860000,103013,1.65408817,1.678678553,1.076329931,-0.672632742,0.177051693,-0.121723526,0.70809694
1497535077509880000,103014,1.652680176,1.685170998,1.076417477,-0.674016005,0.175799962,-0.122031558,0.707039672
1497535077519860000,103015,1.651541364,1.691814342,1.076096049,-0.67795565,0.175299994,-0.12045355,0.703659712
1497535077529860000,103016,1.650168851,1.698519338,1.075841579,-0.679902121,0.173707833,-0.118828807,0.702451713
1497535077539860000,103017,1.648767801,1.705042016,1.075448998,-0.681450902,0.171857418,-0.118071174,0.701533245
1497535077549860000,103018,1.647280272,1.711753985,1.075029093,-0.684442265,0.170245834,-0.116194339,0.699323972
1497535077559800000,103019,1.645661427,1.718341569,1.074447054,-0.686494673,0.168275391,-0.115018791,0.697982188
1497535077569790000,103020,1.643979511,1.725072256,1.073869888,-0.689170829,0.166242956,-0.113257681,0.69611748
1497535077579860000,103021,1.642124464,1.731645187,1.073356558,-0.691234667,0.164242322,-0.111433409,0.694839327
1497535077589870000,103022,1.64042279,1.738442348,1.072656684,-0.693772271,0.162360449,-0.110347508,0.69292319
1497535077599870000,103023,1.638426508,1.745049343,1.072008767,-0.694695796,0.161154384,-0.109972379,0.692338856
1497535077609820000,103024,1.636534787,1.7517479,1.071335146,-0.697383101,0.159685861,-0.108463357,0.69021224
1497535077619870000,103025,1.634444422,1.758540784,1.070680458,-0.69862845,0.157856583,-0.108207391,0.689413337
1497535077629870000,103026,1.632349418,1.765216377,1.070091777,-0.699917457,0.157049252,-0.108108097,0.688304965
1497535077639840000,103027,1.630184059,1.772128846,1.069396248,-0.701033902,0.15569411,-0.107934024,0.687503497
1497535077649840000,103028,1.627924852,1.779075349,1.068845547,-0.703332091,0.154160457,-0.107872778,0.685508561
1497535077659790000,103029,1.625509126,1.785969951,1.068040929,-0.704424637,0.153475355,-0.107884536,0.684537926
1497535077669830000,103030,1.623106496,1.793016811,1.067460284,-0.705662366,0.152342434,-0.108243568,0.683458659
1497535077679810000,103031,1.620697075,1.800570254,1.066543174,-0.709285056,0.150833008,-0.107362257,0.680174579
1497535077689860000,103032,1.618097299,1.808008129,1.065767143,-0.711554483,0.15001256,-0.107564691,0.677950063
1497535077699880000,103033,1.61526757,1.815376783,1.064780039,-0.713796681,0.149518975,-0.107142453,0.675765395
1497535077709880000,103034,1.612636258,1.823148509,1.063635745,-0.717807623,0.14837946,-0.106063084,0.671927358
1497535077719860000,103035,1.609870249,1.830931612,1.062394564,-0.721123089,0.147235097,-0.105019163,0.668785685
1497535077729860000,103036,1.606858676,1.838510475,1.061345775,-0.723549882,0.145831138,-0.104671258,0.666522899
1497535077739850000,103037,1.603711696,1.846008366,1.060135059,-0.726508831,0.144679761,-0.103812332,0.663683423
1497535077749870000,103038,1.600530059,1.853712424,1.058768418,-0.730301543,0.143160844,-0.102413382,0.66005767
1497535077759840000,103039,1.59737428,1.86109425,1.057293783,-0.732541221,0.142072929,-0.101684073,0.657920202
1497535077769860000,103040,1.593811231,1.868117728,1.055846185,-0.734483684,0.141654378,-0.100698943,0.655993505
1497535077779860000,103041,1.590300196,1.875366408,1.054462355,-0.736485299,0.13912627,-0.100270983,0.654353891
1497535077789870000,103042,1.586583709,1.882294914,1.05314305,-0.738165854,0.137167366,-0.099061431,0.65305675
1497535077799870000,103043,1.5826886,1.889256261,1.051809588,-0.739918963,0.135823591,-0.098835589,0.651385759
1497535077809870000,103044,1.578867811,1.896328652,1.050401342,-0.741476389,0.133732642,-0.098402609,0.650111737
1497535077819860000,103045,1.574807639,1.903227438,1.049044006,-0.742448208,0.132413574,-0.097379358,0.649426335
1497535077829850000,103046,1.570626971,1.910300011,1.047878699,-0.743858661,0.130100663,-0.098142015,0.648163757
1497535077839870000,103047,1.566198853,1.917292953,1.046664056,-0.745145093,0.128983698,-0.096829592,0.647105885
1497535077849870000,103048,1.561810741,1.924298161,1.045609939,-0.744920034,0.127258476,-0.097161391,0.647656612
1497535077859840000,103049,1.55716647,1.93134555,1.044467585,-0.745541087,0.127191105,-0.097556242,0.646895425
1497535077869860000,103050,1.552401806,1.938794486,1.043492503,-0.745712653,0.125892244,-0.098066192,0.646874643
1497535077879840000,103051,1.547282863,1.946218038,1.042509571,-0.745917221,0.1259593,-0.098329085,0.64658576
1497535077889860000,103052,1.541933087,1.954008847,1.041604869,-0.74641621,0.124462396,-0.098015303,0.646347394
1497535077899830000,103053,1.536123231,1.961597875,1.040941891,-0.746338519,0.124417521,-0.097675527,0.646497167
1497535077909860000,103054,1.530065269,1.969510549,1.040327293,-0.746606296,0.123733984,-0.096806692,0.646449846
1497535077919800000,103055,1.523684574,1.977544359,1.039759173,-0.746774265,0.121430303,-0.095033854,0.64695552
1497535077929790000,103056,1.516819368,1.985305495,1.039566902,-0.74555747,0.120159376,-0.094127578,0.648726277
1497535077939870000,103057,1.509898582,1.993623021,1.039503025,-0.747622303,0.118371461,-0.088996548,0.647401501
1497535077949890000,103058,1.502200066,2.00134007,1.039688472,-0.746155678,0.115103173,-0.086706118,0.649988472
1497535077959800000,103059,1.494450451,2.009180248,1.040276719,-0.746016451,0.111717411,-0.082482856,0.651287381
1497535077969940000,103060,1.486852509,2.016907148,1.040470786,-0.746584719,0.107698535,-0.074947202,0.652223274
1497535077979890000,103061,1.478557427,2.024263355,1.04121381,-0.746081126,0.104215337,-0.069118516,0.654006688
1497535077989910000,103062,1.469998058,2.031564209,1.042514574,-0.744538581,0.099133356,-0.063443961,0.657122319
1497535077999880000,103063,1.461316004,2.038415648,1.043628801,-0.743539721,0.094356843,-0.057775345,0.659475155
1497535078009870000,103064,1.452755268,2.045043336,1.044974415,-0.741385502,0.089151395,-0.051263967,0.663152752
1497535078019860000,103065,1.44425559,2.051269647,1.046227197,-0.739079758,0.082871765,-0.045563005,0.666946321
1497535078029860000,103066,1.435829181,2.057597744,1.047653313,-0.736618192,0.077867548,-0.039980619,0.670620485
1497535078039860000,103067,1.427689356,2.063481058,1.048851317,-0.732636675,0.072302697,-0.036111348,0.675804552
1497535078049880000,103068,1.419816969,2.069065088,1.049962757,-0.729677531,0.065633982,-0.0305635,0.679947611
1497535078059870000,103069,1.412381623,2.074425266,1.050707125,-0.726455952,0.059846936,-0.026812319,0.684076892
1497535078069860000,103070,1.405482495,2.079853336,1.051442201,-0.722432265,0.058350158,-0.02395945,0.688558514
1497535078079870000,103071,1.398852465,2.084749094,1.051990376,-0.71908357,0.054045598,-0.019224764,0.69255202
1497535078089870000,103072,1.392686058,2.089694622,1.052429046,-0.714438189,0.05300923,-0.015566336,0.697514003
1497535078099880000,103073,1.386839727,2.094747404,1.05257383,-0.710105169,0.052954077,-0.011602287,0.702005628
1497535078109810000,103074,1.381051837,2.099653474,1.052740524,-0.705231221,0.053324406,-0.007852475,0.706925577
1497535078119870000,103075,1.375430276,2.104749663,1.053147217,-0.701747186,0.05412062,-0.002818382,0.710361811
1497535078129830000,103076,1.369678752,2.109859934,1.053582139,-0.697637221,0.055842687,0.00112931,0.714270696
1497535078139860000,103077,1.364478372,2.115168606,1.05392887,-0.694956809,0.057113718,0.008261178,0.716732035
1497535078149860000,103078,1.35882956,2.120025801,1.054330224,-0.6907479,0.057344369,0.012923919,0.72070239
1497535078159880000,103079,1.353184966,2.125332591,1.0552865,-0.688719948,0.057235919,0.019178122,0.722510265
1497535078169870000,103080,1.347596812,2.130115446,1.055822961,-0.684965255,0.056978149,0.026116755,0.725874648
1497535078179840000,103081,1.341624026,2.135221801,1.057039323,-0.683032451,0.055746119,0.03161744,0.727570876
1497535078189870000,103082,1.335642354,2.140185518,1.058445288,-0.680913876,0.053040231,0.03829731,0.729435633
1497535078199870000,103083,1.329553874,2.144345395,1.059662805,-0.676540401,0.049612264,0.045464424,0.733324413
1497535078209870000,103084,1.323244039,2.148857844,1.061161315,-0.673239687,0.046712924,0.052066866,0.736108191
1497535078219870000,103085,1.31687348,2.153349668,1.062627572,-0.671343847,0.041237861,0.058598308,0.737674126
1497535078229870000,103086,1.310326891,2.157383254,1.064087842,-0.666923944,0.037595774,0.064989759,0.741333489
1497535078239860000,103087,1.303639067,2.162144772,1.065548653,-0.665514612,0.032781855,0.07102622,0.742274159
1497535078249880000,103088,1.297050208,2.166346977,1.066705109,-0.662531804,0.027730872,0.078216805,0.74442242
1497535078259880000,103089,1.290421228,2.170595024,1.067830456,-0.659663727,0.022646177,0.084702957,0.74642905
1497535078269850000,103090,1.283595325,2.175440539,1.069253743,-0.660787334,0.015790816,0.092290918,0.744710102
1497535078279850000,103091,1.276850776,2.179758979,1.070130324,-0.658604241,0.010153764,0.09872927,0.745915468
1497535078289880000,103092,1.270104359,2.184035555,1.070736761,-0.656026216,0.003573838,0.105118582,0.747373344
1497535078299880000,103093,1.263425011,2.188269239,1.071359138,-0.65390437,-0.002520718,0.111521876,0.748308487
1497535078309880000,103094,1.256659223,2.192685249,1.071885695,-0.653421352,-0.009084706,0.116773401,0.747878317
1497535078319870000,103095,1.249956605,2.197184026,1.072526242,-0.653242685,-0.015491272,0.123178875,0.746900917
1497535078329880000,103096,1.243123296,2.201399777,1.07264859,-0.652990334,-0.021926018,0.128222082,0.746111232
1497535078339860000,103097,1.236489639,2.20564827,1.072933338,-0.652234781,-0.027601409,0.133526156,0.745653216
1497535078349890000,103098,1.230005933,2.210124896,1.073132944,-0.654313096,-0.033375431,0.138610253,0.742662541
1497535078359880000,103099,1.223432906,2.214602686,1.073405379,-0.654475044,-0.038846834,0.143711736,0.741282859
1497535078369870000,103100,1.216912089,2.218847773,1.073727753,-0.654325656,-0.044782812,0.147704557,0.740294401
1497535078379860000,103101,1.210655225,2.222420318,1.073348037,-0.652462917,-0.049415752,0.150833727,0.741012424
1497535078389880000,103102,1.204585852,2.226513085,1.073131985,-0.65160321,-0.052455306,0.154390265,0.740827472
1497535078399870000,103103,1.198529628,2.230480421,1.072777781,-0.651821334,-0.056290164,0.157685311,0.739659184
1497535078409830000,103104,1.192514785,2.234811346,1.07211988,-0.6527595,-0.060457872,0.160265994,0.737946266
1497535078419880000,103105,1.186603422,2.238630297,1.071363734,-0.652542072,-0.062435966,0.161768389,0.737645974
1497535078429850000,103106,1.180558165,2.243024237,1.070474503,-0.65360631,-0.066087368,0.164653707,0.735744799
1497535078439770000,103107,1.174521481,2.247370501,1.069432839,-0.654955752,-0.069195581,0.166332212,0.733879098
1497535078449890000,103108,1.168566085,2.25145386,1.068090116,-0.655941212,-0.072422517,0.167262785,0.732474754
1497535078459860000,103109,1.162393574,2.255684177,1.066619729,-0.656234266,-0.075712552,0.170086915,0.731228171
1497535078469870000,103110,1.156087951,2.26025321,1.065489584,-0.659017927,-0.080103862,0.17221398,0.727750705
1497535078479860000,103111,1.149629597,2.264572889,1.064046878,-0.659835808,-0.083656942,0.17333767,0.726341706
1497535078489880000,103112,1.143187632,2.26893945,1.062514696,-0.659340355,-0.088503973,0.175255814,0.725756669
1497535078499870000,103113,1.136353894,2.272824714,1.060860065,-0.662712757,-0.088388607,0.176849127,0.722304397
1497535078509790000,103114,1.129689691,2.276919743,1.05924625,-0.661256301,-0.090913632,0.179323352,0.722715678
1497535078519870000,103115,1.122666289,2.281568728,1.058271134,-0.663731539,-0.093390748,0.181853386,0.719491458
1497535078529860000,103116,1.115878773,2.285678371,1.056730977,-0.663057244,-0.096511269,0.18506129,0.718883152
1497535078539890000,103117,1.108908168,2.289583933,1.055187093,-0.661896549,-0.097805476,0.188373505,0.718917568
1497535078549870000,103118,1.101979381,2.293482764,1.05367951,-0.661405644,-0.100635769,0.192578911,0.717863761
1497535078559870000,103119,1.094751443,2.297573777,1.052359678,-0.660051198,-0.101690274,0.196846581,0.71780424
1497535078569850000,103120,1.087605463,2.301591728,1.050822896,-0.657644492,-0.103094077,0.201258217,0.718589218
1497535078579870000,103121,1.080062982,2.305886738,1.049573887,-0.656905561,-0.104113161,0.204990381,0.718063004
1497535078589860000,103122,1.07247201,2.309902913,1.047928452,-0.653592798,-0.104799351,0.209692956,0.719626579
1497535078599870000,103123,1.064353437,2.314799728,1.046828621,-0.652818599,-0.106716563,0.214977363,0.718487428
1497535078609780000,103124,1.055974678,2.319769392,1.04582831,-0.651397664,-0.10869528,0.220087649,0.717933037
1497535078619840000,103125,1.047203464,2.324905221,1.044546539,-0.650829731,-0.109407347,0.225953678,0.716516315
1497535078629800000,103126,1.03835417,2.329517831,1.043113601,-0.648275624,-0.110920567,0.231578428,0.716803163
1497535078639790000,103127,1.029207596,2.334510479,1.04187027,-0.648270973,-0.112879353,0.236951257,0.71474268
1497535078649870000,103128,1.020043401,2.33965265,1.04118908,-0.64579392,-0.114867761,0.242898529,0.714671893
1497535078659940000,103129,1.010729752,2.344556772,1.040274753,-0.644765633,-0.116330349,0.24726789,0.713864916
1497535078670000000,103130,1.001490494,2.349676639,1.040224123,-0.642534986,-0.118505173,0.252213333,0.713788309
1497535078679850000,103131,0.992618422,2.35436056,1.040733383,-0.640577796,-0.120889339,0.255262776,0.714063562
1497535078689850000,103132,0.983888864,2.358929955,1.041977334,-0.639550428,-0.122702513,0.257200251,0.713979954
1497535078699840000,103133,0.975439432,2.363200631,1.043636841,-0.640163962,-0.125668131,0.258509793,0.712439688
1497535078709780000,103134,0.967129078,2.367739437,1.045792867,-0.639783355,-0.130541539,0.257963068,0.712103378
1497535078719800000,103135,0.959226797,2.372138379,1.048109448,-0.640395164,-0.135254981,0.258025441,0.7106497
1497535078729810000,103136,0.951482764,2.37681116,1.050184765,-0.641730192,-0.138358642,0.257003426,0.709216812
1497535078739930000,103137,0.944214972,2.381715054,1.052451577,-0.64099817,-0.141939792,0.256688995,0.709284993
1497535078749870000,103138,0.937110658,2.386401278,1.054275872,-0.640226163,-0.142450484,0.255857267,0.710179821
1497535078759890000,103139,0.930201911,2.391493241,1.055974311,-0.639408576,-0.140037188,0.254424999,0.711908828
1497535078769870000,103140,0.923430073,2.396593823,1.057329452,-0.638480447,-0.138604102,0.252311408,0.713772075
1497535078779850000,103141,0.916835192,2.40180382,1.058436915,-0.638154287,-0.136537793,0.250401213,0.715133393
1497535078789890000,103142,0.910405261,2.407094736,1.059381343,-0.638696503,-0.1345173,0.247631679,0.715996107
1497535078799810000,103143,0.903967662,2.412407376,1.060040574,-0.638453112,-0.134323386,0.244809234,0.717219138
1497535078809890000,103144,0.897593964,2.417304668,1.060667187,-0.64049641,-0.133796006,0.241083921,0.716757644
1497535078819840000,103145,0.891294504,2.421984518,1.061015735,-0.642617145,-0.135465252,0.236927737,0.715931294
1497535078829860000,103146,0.885043415,2.42648106,1.061254979,-0.645224188,-0.136158353,0.234315329,0.71431294
1497535078839890000,103147,0.878909134,2.430898099,1.061493831,-0.650247246,-0.138390083,0.232172624,0.710015899
1497535078849890000,103148,0.872823174,2.435117106,1.06166464,-0.654445163,-0.139638066,0.231433988,0.706145203
1497535078859890000,103149,0.866647621,2.439115906,1.061974453,-0.656884789,-0.140853698,0.232365486,0.703327015
1497535078869870000,103150,0.860846587,2.442919036,1.062452096,-0.661716044,-0.143816958,0.231214797,0.698561577
1497535078879840000,103151,0.854831707,2.446564187,1.062622164,-0.663969912,-0.148593373,0.233219153,0.694746567
1497535078889890000,103152,0.848771144,2.449932506,1.062968617,-0.669638018,-0.151979055,0.232968829,0.688631118
1497535078899900000,103153,0.842852156,2.453363989,1.063429304,-0.670868035,-0.156134087,0.235396963,0.685672295
1497535078909850000,103154,0.837433255,2.456371644,1.063339757,-0.672861292,-0.156067646,0.237384296,0.683044118
1497535078919880000,103155,0.83219083,2.459334866,1.063620115,-0.672189187,-0.156746103,0.238547876,0.683145128
1497535078929870000,103156,0.826952265,2.462193673,1.063394708,-0.672646886,-0.15425486,0.241630757,0.682177529
1497535078939890000,103157,0.821751916,2.464937825,1.063384567,-0.672718265,-0.154346762,0.241873233,0.682000405
1497535078949820000,103158,0.816537136,2.467615416,1.063305673,-0.674808741,-0.153816731,0.241494047,0.680186887
1497535078959910000,103159,0.811269464,2.47064509,1.063348344,-0.677222031,-0.153906534,0.24235045,0.677458013
1497535078969890000,103160,0.80607036,2.473739137,1.063536382,-0.680700475,-0.15198618,0.244254985,0.673711041
1497535078979850000,103161,0.800388101,2.476263159,1.063218363,-0.683707492,-0.15537753,0.245176002,0.669545082
1497535078989900000,103162,0.794872021,2.478814235,1.06341146,-0.681143433,-0.149695054,0.242854364,0.674282412
1497535078999920000,103163,0.789438992,2.482193445,1.06399232,-0.680743536,-0.145833946,0.24448485,0.674942854
1497535079009850000,103164,0.783151123,2.484126549,1.06341227,-0.682813427,-0.148333278,0.244785185,0.672192886
1497535079019890000,103165,0.776140191,2.486450902,1.062869426,-0.684002376,-0.147702079,0.243178544,0.671706068
1497535079029860000,103166,0.770007148,2.488902629,1.062526646,-0.685726935,-0.15513737,0.245906263,0.667263873
1497535079039890000,103167,0.763163485,2.490684033,1.061654938,-0.685857933,-0.160608511,0.247444845,0.665262994
1497535079049870000,103168,0.755826249,2.492730641,1.060752758,-0.688340562,-0.163751397,0.247835535,0.661778134
1497535079059870000,103169,0.748218077,2.495542931,1.060668063,-0.690252575,-0.167580187,0.248772443,0.658468325
1497535079069870000,103170,0.740811272,2.497502127,1.059910156,-0.690467889,-0.174376953,0.250853406,0.655682347
1497535079079800000,103171,0.732996381,2.499381676,1.05871366,-0.69131345,-0.179142907,0.251675832,0.653186657
1497535079089890000,103172,0.725113323,2.50181787,1.058312894,-0.693328716,-0.182875611,0.253005263,0.649492217
1497535079099900000,103173,0.717704179,2.503292693,1.056941233,-0.6947988,-0.192272512,0.255914089,0.644044942
1497535079109890000,103174,0.709663876,2.505102418,1.056073086,-0.696569027,-0.195741789,0.257594955,0.640407356
1497535079119880000,103175,0.701605139,2.507086346,1.055026319,-0.698115357,-0.20062577,0.258637866,0.636781519
1497535079129870000,103176,0.693519081,2.50921275,1.054378752,-0.700471246,-0.20391412,0.26074755,0.632273501
1497535079139890000,103177,0.685377717,2.51066883,1.053278828,-0.700729937,-0.207701254,0.26203476,0.630218636
1497535079149910000,103178,0.677020276,2.512448785,1.05246615,-0.702005722,-0.212783502,0.263460606,0.626497931
1497535079159900000,103179,0.66866108,2.513655046,1.050984658,-0.702180583,-0.217391746,0.265435159,0.623880945
1497535079169900000,103180,0.65998386,2.515220341,1.049760973,-0.703782505,-0.221508553,0.266373636,0.620217085
1497535079179770000,103181,0.651182352,2.51689039,1.048392674,-0.704498649,-0.226579425,0.267688249,0.616997909
1497535079189870000,103182,0.642126462,2.518344449,1.04714666,-0.706793014,-0.231494138,0.268911601,0.611997264
1497535079199900000,103183,0.633194449,2.519573029,1.045706144,-0.707656671,-0.235998859,0.270716217,0.608472928
1497535079209900000,103184,0.624127114,2.520723824,1.044160271,-0.708755881,-0.240826601,0.272022103,0.604707884
1497535079219880000,103185,0.615032821,2.521738053,1.042775786,-0.709266068,-0.245675965,0.273054972,0.601685921
1497535079229830000,103186,0.605988849,2.522465967,1.041134818,-0.709441778,-0.249977421,0.273965824,0.599288228
1497535079239890000,103187,0.596963989,2.523318713,1.039630977,-0.709524603,-0.254321366,0.274753871,0.596997313
1497535079249900000,103188,0.587817923,2.524045434,1.038031857,-0.709420295,-0.258350049,0.275174033,0.595195219
1497535079259890000,103189,0.578899477,2.524763847,1.036394261,-0.710137929,-0.262562766,0.275335557,0.592414758
1497535079269890000,103190,0.570077115,2.525399472,1.034742191,-0.710392579,-0.26594267,0.275063738,0.590725673
1497535079279880000,103191,0.561331816,2.52589705,1.033108777,-0.710503655,-0.268533285,0.274659778,0.58960702
1497535079289890000,103192,0.552788111,2.526374248,1.031478722,-0.711415007,-0.270517749,0.274589446,0.587630387
1497535079299890000,103193,0.544386529,2.526759575,1.029795749,-0.711645229,-0.271807555,0.273891263,0.587082019
1497535079309910000,103194,0.536159189,2.527035744,1.028244018,-0.71182851,-0.273144736,0.273209898,0.586556457
1497535079319810000,103195,0.528051278,2.527285169,1.026766081,-0.712001135,-0.273454058,0.272686535,0.586446345
1497535079329880000,103196,0.519901056,2.527495976,1.025075179,-0.712521391,-0.273115091,0.271291275,0.586619518
1497535079339880000,103197,0.511842398,2.527806761,1.023656447,-0.713483566,-0.272088655,0.26948121,0.586761316
1497535079349860000,103198,0.503736959,2.528007461,1.0222351,-0.714353257,-0.270635305,0.268206477,0.586959318
1497535079359870000,103199,0.495521391,2.528156062,1.020826009,-0.715453996,-0.268879128,0.265824313,0.587509174
1497535079369780000,103200,0.487126016,2.528293947,1.019553845,-0.716486648,-0.266614439,0.2639773,0.588115303
1497535079379820000,103201,0.478683358,2.528298597,1.01853505,-0.717885284,-0.264157656,0.261379167,0.588678506
1497535079389910000,103202,0.469974562,2.528203018,1.017506812,-0.719250534,-0.26060525,0.259983668,0.589213089
1497535079399910000,103203,0.461168279,2.527950705,1.016807483,-0.71968925,-0.257493502,0.258689349,0.590613495
1497535079409940000,103204,0.452280371,2.527548256,1.016497943,-0.720444586,-0.254583148,0.257506514,0.591470553
1497535079419870000,103205,0.442950877,2.526684484,1.01614095,-0.719897278,-0.252142613,0.257665791,0.593110741
1497535079429890000,103206,0.433655793,2.52565337,1.016063546,-0.71943213,-0.250305726,0.258331579,0.594162646
1497535079439870000,103207,0.423962516,2.5242811,1.016107011,-0.718949875,-0.249026473,0.260094995,0.594514496
1497535079449880000,103208,0.413890692,2.522786937,1.016599583,-0.717528915,-0.249066245,0.262642457,0.595094279
1497535079459850000,103209,0.403727312,2.520948127,1.017030213,-0.716230369,-0.249149268,0.265799269,0.595222185
1497535079469910000,103210,0.393484368,2.518757671,1.017755593,-0.714030425,-0.250460753,0.270308515,0.595284193
1497535079479870000,103211,0.383218111,2.516322489,1.018619635,-0.711080609,-0.251771913,0.274734029,0.59623526
1497535079489900000,103212,0.373091564,2.51389626,1.019754776,-0.708101518,-0.254215666,0.280073165,0.596259724
1497535079499900000,103213,0.363191508,2.511339328,1.021021796,-0.704081592,-0.256517794,0.285733135,0.597347729
1497535079509840000,103214,0.353592811,2.508801427,1.022227515,-0.700348303,-0.257858038,0.290507465,0.598854657
1497535079519890000,103215,0.344334182,2.506634307,1.02375464,-0.696138213,-0.25915238,0.295659721,0.600680416
1497535079529850000,103216,0.33565502,2.504336529,1.025065253,-0.691865008,-0.259353502,0.300186558,0.60327987
1497535079539900000,103217,0.327306593,2.502366719,1.026140958,-0.688592422,-0.258018275,0.304713388,0.605323713
1497535079549900000,103218,0.31947154,2.500559109,1.027469751,-0.682634872,-0.257089155,0.308340943,0.610606797
1497535079559850000,103219,0.311985236,2.499141325,1.02847362,-0.678603101,-0.254140928,0.310978791,0.614981635
1497535079569870000,103220,0.304708371,2.497869878,1.029242972,-0.674941967,-0.249941701,0.314374392,0.618992107
1497535079579810000,103221,0.297786585,2.496885407,1.030005521,-0.671886628,-0.244789348,0.316953744,0.623046434
1497535079589900000,103222,0.291089008,2.49611185,1.030815972,-0.669276091,-0.239371103,0.319254662,0.626775438
1497535079599890000,103223,0.284520394,2.495270218,1.03150605,-0.667393893,-0.233055119,0.322203366,0.629647277
1497535079609920000,103224,0.277907679,2.4945461,1.032487942,-0.665043024,-0.226754285,0.325563775,0.632699375
1497535079619890000,103225,0.271377117,2.493750188,1.033446275,-0.663171552,-0.220913101,0.328552794,0.635180254
1497535079629840000,103226,0.264874818,2.492968219,1.034542312,-0.66065466,-0.215853718,0.332028273,0.637730208
1497535079639910000,103227,0.258335054,2.492173142,1.035848977,-0.658498604,-0.211169165,0.334603874,0.640177647
1497535079649900000,103228,0.251711297,2.491336005,1.037313202,-0.656051568,-0.208077352,0.337443596,0.64220867
1497535079659900000,103229,0.2451277,2.49052079,1.038829956,-0.653670536,-0.205275328,0.339274895,0.64456917
1497535079669900000,103230,0.238564739,2.489603006,1.040571474,-0.650949954,-0.203383738,0.341114122,0.64694696
1497535079679880000,103231,0.231997197,2.488714231,1.042378997,-0.648151824,-0.202126685,0.343068927,0.649113031
1497535079689900000,103232,0.225454202,2.487759301,1.044261097,-0.645282393,-0.200757787,0.34617298,0.650746658
1497535079699890000,103233,0.218745892,2.486837481,1.045957051,-0.641803457,-0.19990371,0.348429933,0.653240699
1497535079709900000,103234,0.211833102,2.486098631,1.047351537,-0.63947574,-0.198799276,0.350231394,0.654895103
1497535079719860000,103235,0.204781232,2.485562539,1.04897228,-0.636637348,-0.198779677,0.352708137,0.656335659
1497535079729900000,103236,0.197730587,2.484787324,1.050241938,-0.634508856,-0.198311222,0.354741921,0.657441511
1497535079739820000,103237,0.190437606,2.484167623,1.051481094,-0.632478936,-0.199127637,0.357051825,0.657900125
1497535079749850000,103238,0.18296505,2.483432774,1.052584866,-0.630187337,-0.200062299,0.360193096,0.658103282
1497535079759850000,103239,0.175479333,2.482608561,1.053642179,-0.627626092,-0.201864275,0.363259719,0.658315031
1497535079769820000,103240,0.167874415,2.481659349,1.054526968,-0.624337293,-0.203931042,0.366266793,0.659138613
1497535079779840000,103241,0.160031915,2.480652537,1.05529799,-0.621957966,-0.206713279,0.369193069,0.658888751
1497535079789920000,103242,0.152123981,2.479526261,1.055924711,-0.618462604,-0.209718901,0.372230637,0.659519782
1497535079799920000,103243,0.144079361,2.478603259,1.056439165,-0.616382788,-0.213704256,0.37506063,0.658583536
1497535079809900000,103244,0.135854885,2.477670583,1.056628557,-0.614402773,-0.216893139,0.377579465,0.65795163
1497535079819920000,103245,0.127563162,2.47670575,1.056553144,-0.612443361,-0.220671869,0.380306856,0.656950341
1497535079829940000,103246,0.119593057,2.47595423,1.056268696,-0.610159637,-0.224658326,0.38377288,0.655707427
1497535079839900000,103247,0.110743727,2.474650725,1.055802488,-0.608668313,-0.230383661,0.385667071,0.653993244
1497535079849910000,103248,0.102250834,2.473875394,1.055039816,-0.607772806,-0.233820694,0.387912247,0.652276159
1497535079859890000,103249,0.093241402,2.473079383,1.05369582,-0.607412619,-0.237316503,0.389011215,0.650692755
1497535079869910000,103250,0.084568447,2.472438706,1.052729166,-0.607268768,-0.240256251,0.391863945,0.648031038
1497535079879870000,103251,0.075639071,2.47200705,1.051033972,-0.607745858,-0.243577951,0.392305353,0.646073729
1497535079889900000,103252,0.066551926,2.471443354,1.049356244,-0.608450505,-0.247295484,0.393416632,0.643316625
1497535079899920000,103253,0.057597521,2.470890964,1.04712686,-0.608350044,-0.254333898,0.394746891,0.63984325
1497535079909860000,103254,0.047960304,2.471069586,1.045659359,-0.609645083,-0.25518022,0.394469979,0.638442921
1497535079919920000,103255,0.038554637,2.471104258,1.044027371,-0.610697372,-0.260076028,0.396283621,0.634325209
1497535079929880000,103256,0.029091904,2.470979173,1.042166512,-0.609983654,-0.260742676,0.397572504,0.633931623
1497535079939910000,103257,0.018982999,2.471570039,1.040722496,-0.6137004,-0.26416785,0.398221325,0.628495777
1497535079949900000,103258,0.009544027,2.47071903,1.037681005,-0.612976876,-0.267186453,0.400663064,0.626370384
1497535079959860000,103259,-0.00036734,2.47019033,1.035783867,-0.611985253,-0.271464372,0.402004462,0.624638742
1497535079969940000,103260,-0.010307496,2.469780514,1.033624077,-0.612329136,-0.273953619,0.404518299,0.62158458
1497535079979900000,103261,-0.019998502,2.469180629,1.031778548,-0.611003818,-0.276430869,0.407143682,0.620076069
1497535079989880000,103262,-0.029611252,2.468651723,1.030369577,-0.610359816,-0.279217868,0.409356436,0.618001283
1497535079999910000,103263,-0.039085145,2.468163879,1.029098084,-0.608483287,-0.281570861,0.412493268,0.616697044
1497535080009910000,103264,-0.048351918,2.467509031,1.027485757,-0.605456648,-0.28337545,0.415700198,0.616695993
1497535080019900000,103265,-0.057688938,2.467154106,1.026319725,-0.602993688,-0.283368886,0.418343984,0.617324062
1497535080029890000,103266,-0.067161451,2.466772621,1.025006145,-0.599733316,-0.284417285,0.421241943,0.61804691
1497535080039900000,103267,-0.076917934,2.466698826,1.023913145,-0.596960892,-0.282951417,0.424340026,0.61928324
1497535080049900000,103268,-0.08682657,2.46650343,1.022318787,-0.592989922,-0.280754643,0.42919798,0.620748642
1497535080059910000,103269,-0.096924367,2.466825303,1.020678175,-0.590870776,-0.280387905,0.431828137,0.621110947
1497535080069860000,103270,-0.107926293,2.467648201,1.020188443,-0.588547651,-0.280977289,0.435394893,0.620559999
1497535080079860000,103271,-0.118806657,2.46789145,1.019110965,-0.585656008,-0.279307916,0.439077744,0.62145383
1497535080089850000,103272,-0.129961441,2.468446062,1.018726669,-0.582950213,-0.279617022,0.442503039,0.621429345
1497535080099940000,103273,-0.141281125,2.468821383,1.018650526,-0.581619998,-0.280377972,0.445275778,0.620351394
1497535080109990000,103274,-0.152462914,2.469048383,1.018926541,-0.578391682,-0.281710489,0.44789021,0.620883743
1497535080119750000,103275,-0.163634311,2.469235072,1.01977973,-0.576912518,-0.283876094,0.448387711,0.620914463
1497535080129940000,103276,-0.174607737,2.469456606,1.021271358,-0.575752974,-0.286428,0.448672448,0.620613042
1497535080139770000,103277,-0.185290666,2.469808143,1.022999077,-0.576402302,-0.289420805,0.447853596,0.619211709
1497535080149670000,103278,-0.196221219,2.470881189,1.025310568,-0.576498419,-0.292618121,0.447078644,0.618178691
1497535080159900000,103279,-0.206787291,2.471570855,1.026926242,-0.579172796,-0.295942516,0.445836101,0.614985423
1497535080169910000,103280,-0.217281073,2.472971106,1.028755866,-0.579488836,-0.299212705,0.444753373,0.613888331
1497535080179850000,103281,-0.227708614,2.474350255,1.030588097,-0.57941705,-0.300525037,0.443646914,0.614115624
1497535080189950000,103282,-0.238036176,2.475691765,1.031900424,-0.580265471,-0.301926055,0.442538417,0.61342676
1497535080199910000,103283,-0.248048384,2.477462429,1.033504262,-0.581015059,-0.299319537,0.440892431,0.615177356
1497535080209950000,103284,-0.257881604,2.478877735,1.034784725,-0.582326685,-0.298404241,0.439092276,0.615669159
1497535080219880000,103285,-0.267484756,2.480275292,1.035406644,-0.582754964,-0.296162589,0.436875287,0.617919377
1497535080229890000,103286,-0.277111228,2.481946078,1.036849029,-0.585154206,-0.295172318,0.433939235,0.618194629
1497535080239920000,103287,-0.286626119,2.483308883,1.037774548,-0.58824542,-0.297002823,0.430651991,0.616681045
1497535080249910000,103288,-0.295793031,2.484354048,1.038492297,-0.589363097,-0.298417353,0.427672658,0.617004312
1497535080259850000,103289,-0.304666515,2.485090112,1.039066284,-0.592499938,-0.30290428,0.424306447,0.614130979
1497535080269920000,103290,-0.313405428,2.485815118,1.039702405,-0.594937373,-0.306142108,0.421499964,0.612098287
1497535080279910000,103291,-0.321864202,2.486192825,1.040089282,-0.59667105,-0.310237667,0.419677921,0.609595515
1497535080289910000,103292,-0.33007543,2.486700392,1.04055296,-0.599026472,-0.314509753,0.418180343,0.606115585
1497535080299920000,103293,-0.337910025,2.487133926,1.041009847,-0.60069722,-0.317264773,0.417042561,0.603805776
1497535080309920000,103294,-0.345482101,2.487502159,1.041317669,-0.601591905,-0.320150475,0.416547961,0.601729714
1497535080319910000,103295,-0.352744621,2.488439888,1.042094348,-0.603488957,-0.321545473,0.415944948,0.599499281
1497535080329890000,103296,-0.359583395,2.48885357,1.042319176,-0.604832999,-0.321722307,0.415738016,0.598192028
1497535080339920000,103297,-0.366167871,2.489329391,1.042048821,-0.606563471,-0.320968034,0.415139843,0.597259732
1497535080349940000,103298,-0.372567387,2.490034422,1.042226674,-0.609123408,-0.319547571,0.414032701,0.596183651
1497535080359920000,103299,-0.378764562,2.490931937,1.042235157,-0.612564537,-0.316857326,0.4125483,0.595121856
1497535080369920000,103300,-0.384904417,2.491941772,1.042292639,-0.615897986,-0.314846861,0.410497906,0.59416546
1497535080379900000,103301,-0.390904681,2.493002692,1.042411667,-0.620306895,-0.31194767,0.407954737,0.59285828
1497535080389860000,103302,-0.396669908,2.494040619,1.042424816,-0.624716046,-0.308945059,0.40529515,0.591623744
1497535080399920000,103303,-0.402281877,2.495211834,1.042388953,-0.629493006,-0.306465512,0.401726747,0.590282192
1497535080409910000,103304,-0.40770114,2.496129099,1.042356282,-0.633277912,-0.30319611,0.398719107,0.589961252
1497535080419910000,103305,-0.413102524,2.496913474,1.042242873,-0.638183716,-0.300322077,0.395179891,0.588524467
1497535080429900000,103306,-0.418383752,2.497501899,1.042162894,-0.640778058,-0.297605363,0.392121669,0.589130821
1497535080439910000,103307,-0.423816612,2.497763972,1.04189608,-0.643854914,-0.295615212,0.388948071,0.588881902
1497535080449920000,103308,-0.429283693,2.497711684,1.041530693,-0.646054978,-0.294390779,0.386363021,0.588787441
1497535080459960000,103309,-0.43536167,2.497320593,1.04112103,-0.647221965,-0.295575604,0.384820481,0.587921753
1497535080469890000,103310,-0.441851419,2.496735181,1.040905834,-0.647289525,-0.298065973,0.383993039,0.587130559
1497535080479890000,103311,-0.448802751,2.495632157,1.04034829,-0.647495013,-0.302400813,0.383620667,0.584926611
1497535080489800000,103312,-0.455911851,2.494510503,1.039612682,-0.647745791,-0.307216684,0.383000957,0.582540613
1497535080499930000,103313,-0.463086508,2.493463707,1.038811794,-0.648437683,-0.310549062,0.38274995,0.580164052
1497535080509920000,103314,-0.470089219,2.492356747,1.037674146,-0.649822847,-0.313390579,0.382512254,0.577235643
1497535080519920000,103315,-0.47726043,2.491454071,1.036968144,-0.651008508,-0.316299643,0.381444788,0.575015072
1497535080529920000,103316,-0.48450295,2.490324625,1.036247192,-0.652184197,-0.318516289,0.380248797,0.573248636
1497535080539910000,103317,-0.491755797,2.489011918,1.035425126,-0.653498326,-0.320899741,0.378129682,0.571822733
1497535080549920000,103318,-0.499043392,2.487808245,1.034677426,-0.654300687,-0.323662862,0.376884666,0.570167442
1497535080559920000,103319,-0.506460057,2.48641593,1.03374554,-0.655487498,-0.325667831,0.376080975,0.568189848
1497535080569900000,103320,-0.513981825,2.485225269,1.032920366,-0.657499465,-0.328125363,0.374349964,0.565588458
1497535080579900000,103321,-0.521585864,2.484162604,1.032089087,-0.659087749,-0.330958874,0.373006313,0.562970562
1497535080589890000,103322,-0.529141214,2.482723011,1.031043046,-0.659711448,-0.332449166,0.372289115,0.561835539
1497535080599910000,103323,-0.53693415,2.48118574,1.029847296,-0.660760244,-0.335679595,0.371080345,0.559476977
1497535080609900000,103324,-0.544762242,2.479689812,1.02872167,-0.661435245,-0.337567536,0.370363521,0.558016521
1497535080619920000,103325,-0.552569724,2.478085395,1.027619381,-0.662225226,-0.340353681,0.369353639,0.556053065
1497535080629910000,103326,-0.560470696,2.476396892,1.026504841,-0.663197683,-0.343377209,0.36840545,0.553659056
1497535080639920000,103327,-0.568281788,2.474785219,1.025406355,-0.663366742,-0.345496843,0.367351334,0.552837674
1497535080649920000,103328,-0.576231358,2.473012689,1.024144349,-0.664241,-0.348684212,0.365978053,0.550693453
1497535080659890000,103329,-0.583860276,2.470920321,1.022753923,-0.664095426,-0.350219648,0.364419677,0.550928091
1497535080669910000,103330,-0.591818382,2.469367806,1.021880576,-0.66446218,-0.354005823,0.361850065,0.54975851
1497535080679860000,103331,-0.599558167,2.467578518,1.020402231,-0.665526403,-0.355849678,0.359831762,0.548604335
1497535080689810000,103332,-0.607124186,2.465734176,1.019091431,-0.665425451,-0.356904173,0.357672919,0.549452877
1497535080699920000,103333,-0.614906604,2.463887054,1.017946374,-0.66616112,-0.35844658,0.354787969,0.549427801
1497535080709920000,103334,-0.622426351,2.46222668,1.016900257,-0.666842983,-0.359039908,0.352151834,0.549908961
1497535080719910000,103335,-0.629954513,2.460092523,1.015280647,-0.667735094,-0.358989012,0.34986996,0.550316041
1497535080729910000,103336,-0.637559492,2.458447458,1.014501431,-0.668228785,-0.358785479,0.347781938,0.551172382
1497535080739910000,103337,-0.645254157,2.457398257,1.014594167,-0.669561364,-0.358562959,0.34560454,0.551069584
1497535080749930000,103338,-0.652904893,2.455452671,1.013487812,-0.670161015,-0.358293333,0.343491456,0.55183668
1497535080759910000,103339,-0.660555467,2.453906941,1.013284102,-0.669536934,-0.35768086,0.341402827,0.554282245
1497535080769860000,103340,-0.668362421,2.450666437,1.01099915,-0.670381052,-0.356889455,0.339265074,0.555084112
1497535080779890000,103341,-0.6749691,2.444987328,1.007739841,-0.668540014,-0.362628064,0.348060831,0.548095607
1497535080789890000,103342,-0.681277694,2.44237474,1.006668159,-0.66761179,-0.373152719,0.347051196,0.542777131
1497535080799850000,103343,-0.689870791,2.439951165,1.006253591,-0.668750268,-0.370483349,0.345765603,0.544023267
1497535080809910000,103344,-0.700139994,2.437464505,1.005957581,-0.671982636,-0.356516656,0.343915212,0.550506619
1497535080819910000,103345,-0.707006339,2.434446793,1.005176331,-0.671329531,-0.367160421,0.344164241,0.54411475
1497535080829880000,103346,-0.715940364,2.43127558,1.005066398,-0.671984868,-0.364567372,0.3454749,0.544218764
1497535080839860000,103347,-0.724581909,2.427669583,1.00503563,-0.671911397,-0.363799004,0.345917118,0.544542658
1497535080849850000,103348,-0.73356366,2.423698627,1.005071059,-0.671080669,-0.362902953,0.348252383,0.544676473
1497535080859970000,103349,-0.742478,2.419155772,1.005307607,-0.66985015,-0.362224572,0.351178521,0.544763969
1497535080869950000,103350,-0.751568739,2.414458473,1.00565783,-0.668239514,-0.362343154,0.354767365,0.544337677
1497535080879900000,103351,-0.760442783,2.409285587,1.006087817,-0.666307267,-0.362947869,0.358718972,0.543713315
1497535080889920000,103352,-0.769555682,2.403889043,1.006958202,-0.663216231,-0.365995069,0.362408048,0.54300299
1497535080899930000,103353,-0.778355342,2.39799278,1.007911417,-0.659769724,-0.36637489,0.368258131,0.543009484
1497535080909910000,103354,-0.786808972,2.39170438,1.008986302,-0.655880489,-0.36949992,0.373468299,0.542044299
1497535080919930000,103355,-0.794996984,2.385466946,1.010306978,-0.650182861,-0.370935045,0.380142667,0.543287211
1497535080929890000,103356,-0.802936714,2.379134895,1.011636421,-0.644465237,-0.372987599,0.386007835,0.544557399
1497535080939920000,103357,-0.810553105,2.372992272,1.013008134,-0.63850337,-0.374768237,0.392038358,0.546047747
1497535080949930000,103358,-0.817725405,2.36701727,1.01434424,-0.632305727,-0.377157717,0.397735964,0.547492125
1497535080959960000,103359,-0.824576518,2.361184631,1.015469789,-0.626095772,-0.378729327,0.403644433,0.549217037
1497535080969930000,103360,-0.831309245,2.355500311,1.01666197,-0.620091792,-0.377296976,0.409764949,0.552472487
1497535080979900000,103361,-0.837921957,2.349264191,1.019610819,-0.636312951,-0.366653471,0.396802611,0.55065302
1497535080989930000,103362,-0.842762944,2.343497114,1.020662748,-0.620096523,-0.348932592,0.403065734,0.575555698
1497535080999910000,103363,-0.85070926,2.340339295,1.021102474,-0.595358619,-0.347200161,0.420469694,0.590089315
1497535081009920000,103364,-0.856952876,2.335976928,1.021664513,-0.591037356,-0.343517157,0.426657676,0.592143592
1497535081019760000,103365,-0.865122426,2.332496372,1.022810057,-0.595626254,-0.351886683,0.429791453,0.58024515
1497535081029630000,103366,-0.871443854,2.328375029,1.023472429,-0.593875512,-0.34956433,0.435071601,0.579507858
1497535081039920000,103367,-0.877669407,2.324159054,1.02426813,-0.591666423,-0.346997514,0.441568392,0.578395129
1497535081049930000,103368,-0.884080878,2.319838114,1.025350269,-0.589076174,-0.343836596,0.44837213,0.577692037
1497535081059940000,103369,-0.890643398,2.315474024,1.026240827,-0.586779013,-0.342751936,0.455103195,0.575406449
1497535081069890000,103370,-0.897130946,2.310862378,1.027245456,-0.58394644,-0.342568985,0.46317502,0.571945755
1497535081079880000,103371,-0.903755146,2.306050194,1.028566413,-0.580816293,-0.343238116,0.470243964,0.568955749
1497535081089920000,103372,-0.910317796,2.301134915,1.029809948,-0.576708211,-0.344510916,0.476846039,0.566866583
1497535081099930000,103373,-0.917070965,2.296098762,1.031369104,-0.572982085,-0.346422321,0.48242963,0.564751944
1497535081109920000,103374,-0.923713327,2.290840553,1.032807201,-0.568383771,-0.350355126,0.489269828,0.56107594
1497535081119930000,103375,-0.930191043,2.285377885,1.034195445,-0.563403775,-0.354082008,0.496000644,0.557840012
1497535081129880000,103376,-0.936844593,2.280012666,1.035349214,-0.560073203,-0.357414745,0.501467767,0.554168554
1497535081139940000,103377,-0.943179089,2.274207205,1.036712161,-0.554090518,-0.361352209,0.50901814,0.550734793
1497535081149930000,103378,-0.949388483,2.267815658,1.038137133,-0.542946988,-0.366833046,0.52406653,0.544055473
1497535081159900000,103379,-0.952555544,2.261508355,1.036624403,-0.536150164,-0.356255072,0.531512557,0.550563099
1497535081169900000,103380,-0.960632901,2.255761869,1.038967262,-0.561101628,-0.375874615,0.516127168,0.526778875
1497535081179920000,103381,-0.968709614,2.250176762,1.040276529,-0.528106374,-0.379936773,0.542398639,0.531559425
1497535081189930000,103382,-0.974932183,2.244311164,1.040251128,-0.543339348,-0.387410548,0.535345485,0.517784349
1497535081199910000,103383,-0.980597886,2.237725112,1.040765663,-0.525146029,-0.392708486,0.548671423,0.51861485
1497535081209870000,103384,-0.987047102,2.231362211,1.040973114,-0.519908412,-0.398714852,0.55450674,0.513073079
1497535081219930000,103385,-0.993513869,2.224904228,1.041581271,-0.522157415,-0.405249691,0.553323711,0.506909453
1497535081229880000,103386,-0.998155358,2.217635767,1.041391674,-0.524696754,-0.410398482,0.553922614,0.499435822
1497535081239920000,103387,-1.004402656,2.211032809,1.04184649,-0.516799078,-0.417903863,0.561646634,0.492775945
1497535081249920000,103388,-1.010511644,2.204722505,1.041758815,-0.502109807,-0.424689614,0.573532091,0.488452058
1497535081259880000,103389,-1.017643405,2.198541465,1.042233041,-0.490370611,-0.429053444,0.5846677,0.483335791
1497535081269940000,103390,-1.021448585,2.191275114,1.042660308,-0.502650245,-0.434644503,0.578957056,0.472478163
1497535081279890000,103391,-1.026958085,2.184949234,1.042661198,-0.498696641,-0.439564133,0.583755901,0.466169584
1497535081289930000,103392,-1.033300835,2.178265731,1.044824659,-0.486824183,-0.444145969,0.590594086,0.465763028
1497535081299930000,103393,-1.038340225,2.172001935,1.044655232,-0.482339255,-0.449473244,0.594921896,0.459772317
1497535081309930000,103394,-1.043627603,2.165884052,1.044849606,-0.477301388,-0.453181961,0.600023701,0.454731849
1497535081319930000,103395,-1.047765247,2.160078923,1.043087498,-0.477627927,-0.457790339,0.602943913,0.445823065
1497535081329860000,103396,-1.052751522,2.154089757,1.043033725,-0.472708813,-0.461778401,0.607670373,0.440504035
1497535081339930000,103397,-1.057536744,2.148163834,1.042526831,-0.469370953,-0.466625258,0.611089922,0.434189917
1497535081349940000,103398,-1.062555465,2.142190362,1.042501995,-0.464788046,-0.470115435,0.615171021,0.429567417
1497535081359950000,103399,-1.068237653,2.136065782,1.043707286,-0.454998198,-0.475776993,0.619569142,0.427489148
1497535081369890000,103400,-1.07310274,2.130226561,1.043374337,-0.451470519,-0.479469892,0.622566669,0.42272182
1497535081379890000,103401,-1.078139085,2.124360095,1.043152552,-0.448049455,-0.483039005,0.624995116,0.418695725
1497535081389930000,103402,-1.08293093,2.118440096,1.042318416,-0.443785487,-0.487984652,0.62729603,0.414035156
1497535081399930000,103403,-1.088240352,2.11249797,1.042120111,-0.440526853,-0.493278075,0.628689246,0.409099821
1497535081409870000,103404,-1.092995792,2.10655653,1.041228934,-0.436253199,-0.497460669,0.630721449,0.405470692
1497535081419930000,103405,-1.098339278,2.100558383,1.041131161,-0.431371351,-0.502484345,0.63273709,0.401337782
1497535081429840000,103406,-1.103280464,2.094446705,1.040410649,-0.426275088,-0.507631725,0.634740612,0.397119549
1497535081439950000,103407,-1.108210331,2.088413869,1.039717746,-0.421241908,-0.511565595,0.637135801,0.393590991
1497535081449950000,103408,-1.113727608,2.082250062,1.039294848,-0.417646461,-0.514498173,0.638821577,0.390858102
1497535081459920000,103409,-1.118586838,2.076007847,1.038005379,-0.41392404,-0.517257042,0.64131437,0.387076119
1497535081469960000,103410,-1.123954687,2.069779072,1.037132033,-0.410881243,-0.519488599,0.643706426,0.38334089
1497535081479890000,103411,-1.129383536,2.063449633,1.036158311,-0.407882573,-0.520762123,0.646541027,0.38003068
1497535081489940000,103412,-1.134640191,2.057008946,1.0348446,-0.404095923,-0.522212972,0.649886483,0.376361071
1497535081499940000,103413,-1.140503052,2.050341352,1.034034197,-0.400836154,-0.523794188,0.652670234,0.372815761
1497535081509880000,103414,-1.145985942,2.043559591,1.032655305,-0.397641632,-0.526765195,0.655100168,0.367754446
1497535081519930000,103415,-1.151541158,2.036600927,1.031161953,-0.395402697,-0.527745256,0.657819318,0.363889266
1497535081529940000,103416,-1.157588948,2.029445274,1.030098841,-0.392204426,-0.528985276,0.660984274,0.359791684
1497535081539940000,103417,-1.163391927,2.022025762,1.02875533,-0.389724233,-0.53178782,0.662824706,0.35493682
1497535081549940000,103418,-1.169525454,2.014528923,1.027790275,-0.387882057,-0.532616025,0.665395047,0.350880479
1497535081559920000,103419,-1.175641338,2.006767367,1.026557562,-0.385019902,-0.533791543,0.668250141,0.346796789
1497535081569890000,103420,-1.181661502,1.998982015,1.025072512,-0.384177287,-0.534227821,0.670508571,0.3426758
1497535081579930000,103421,-1.188600795,1.991140676,1.024758623,-0.381780303,-0.534517599,0.673420185,0.339175458
1497535081589850000,103422,-1.194542937,1.983039074,1.022670182,-0.380661247,-0.535501915,0.675580828,0.334552328
1497535081599880000,103423,-1.201657717,1.974940652,1.022141187,-0.378641494,-0.535141164,0.678677118,0.331137317
1497535081609940000,103424,-1.208098154,1.966799526,1.020776496,-0.377560378,-0.535281272,0.680986091,0.327383665
1497535081620000000,103425,-1.214803166,1.958656259,1.020062201,-0.375226203,-0.534399505,0.684379545,0.324418101
1497535081629890000,103426,-1.222254504,1.950761781,1.021009449,-0.373814504,-0.534720253,0.68624243,0.321571602
1497535081639960000,103427,-1.228740163,1.942717461,1.021138379,-0.372610386,-0.534147845,0.688182639,0.319769036
1497535081649930000,103428,-1.235040897,1.934901336,1.021928604,-0.371718369,-0.534891422,0.689215205,0.317331093
1497535081659940000,103429,-1.241313022,1.927045651,1.022973975,-0.370811888,-0.535974478,0.689268846,0.316446458
1497535081669940000,103430,-1.24736561,1.919284637,1.024414386,-0.369868057,-0.538792136,0.688508407,0.314415057
1497535081679900000,103431,-1.253472019,1.911606063,1.026127755,-0.368676043,-0.542237949,0.686893315,0.313422329
1497535081689930000,103432,-1.259704618,1.90431496,1.028014765,-0.366071033,-0.544900965,0.686302887,0.313150577
1497535081699940000,103433,-1.265776014,1.897090856,1.029673525,-0.364600175,-0.545123726,0.686307506,0.314465965
1497535081709920000,103434,-1.272092769,1.890111365,1.031373091,-0.363550073,-0.545930959,0.685977366,0.315001248
1497535081719940000,103435,-1.278427282,1.883180559,1.032682476,-0.363172474,-0.545487648,0.685447929,0.317348573
1497535081729930000,103436,-1.284859608,1.876346322,1.033684008,-0.364272782,-0.544765322,0.684339834,0.319710924
1497535081739950000,103437,-1.291530129,1.869592453,1.034826249,-0.366005447,-0.544968275,0.682578979,0.321147208
1497535081749910000,103438,-1.298036075,1.863109384,1.035640736,-0.367879437,-0.545629165,0.680579251,0.322126401
1497535081759940000,103439,-1.304751726,1.856676373,1.03656736,-0.36983036,-0.547080376,0.677593157,0.323722227
1497535081769930000,103440,-1.311093115,1.850250042,1.037190397,-0.372403964,-0.549411467,0.673860452,0.324614262
1497535081779910000,103441,-1.317247378,1.843733085,1.037651941,-0.374128797,-0.553595137,0.669647911,0.324240255
1497535081789930000,103442,-1.323125749,1.837270221,1.038160161,-0.375121311,-0.557922734,0.665783393,0.323633587
1497535081799960000,103443,-1.328655317,1.830865482,1.038697573,-0.375047645,-0.563063049,0.662614855,0.321311096
1497535081809950000,103444,-1.333724379,1.824513856,1.039048307,-0.374108151,-0.567633804,0.659954452,0.319836015
1497535081819860000,103445,-1.338257267,1.818306654,1.039261905,-0.372885776,-0.57171759,0.658599276,0.316768352
1497535081829850000,103446,-1.342469619,1.812146195,1.039606189,-0.370132015,-0.575358475,0.657767185,0.315130524
1497535081839880000,103447,-1.3463694,1.806072774,1.039824427,-0.367562265,-0.57929003,0.657080197,0.31235662
1497535081849910000,103448,-1.349996623,1.80020395,1.039986091,-0.364106965,-0.58294981,0.656800396,0.310175559
1497535081859940000,103449,-1.353788415,1.794277957,1.039973703,-0.361187345,-0.586152994,0.65672805,0.30769569
1497535081869940000,103450,-1.357344867,1.788547168,1.040032675,-0.359208932,-0.589135502,0.656164234,0.305510723
1497535081879950000,103451,-1.360946467,1.783037759,1.040108629,-0.357245495,-0.591797529,0.655628911,0.303812559
1497535081889880000,103452,-1.364999176,1.777236523,1.040079083,-0.356279124,-0.598930961,0.651508988,0.299804818
1497535081899950000,103453,-1.368817427,1.772014273,1.039940652,-0.357744115,-0.599465254,0.651112617,0.297847136
1497535081909990000,103454,-1.37271413,1.766857057,1.039651576,-0.360063306,-0.601934384,0.649054686,0.294546139
1497535081919970000,103455,-1.376705087,1.761947905,1.039610763,-0.362001956,-0.603247169,0.64751193,0.292874952
1497535081929930000,103456,-1.380814038,1.756879734,1.038491698,-0.368182048,-0.604567227,0.644898912,0.288176752
1497535081939930000,103457,-1.38455513,1.751871332,1.038241929,-0.37090386,-0.60616671,0.643103453,0.285324719
1497535081949950000,103458,-1.388060504,1.746930078,1.038110687,-0.372480907,-0.607023854,0.641803617,0.284373227
1497535081959950000,103459,-1.391546236,1.741742486,1.037603858,-0.375161824,-0.608591343,0.63989657,0.281784602
1497535081969940000,103460,-1.394883765,1.736337453,1.03662931,-0.378373026,-0.610650796,0.637761789,0.277847726
1497535081979940000,103461,-1.398005609,1.730855077,1.0362559,-0.378843613,-0.612998064,0.635902384,0.276295219
1497535081989960000,103462,-1.40087009,1.725326567,1.036286192,-0.376480672,-0.614002539,0.635456247,0.278313753
1497535081999960000,103463,-1.40373796,1.719368928,1.035556881,-0.376687952,-0.616797483,0.633646508,0.275969481
1497535082009950000,103464,-1.406585696,1.713417443,1.034716794,-0.376486482,-0.620672661,0.63107642,0.27343359
1497535082019930000,103465,-1.40936518,1.707356727,1.033985045,-0.375599271,-0.624172664,0.628496608,0.272627379
1497535082029950000,103466,-1.411772831,1.701382315,1.033503696,-0.373719711,-0.625572417,0.62771953,0.273789921
1497535082039940000,103467,-1.414481537,1.695107196,1.032256674,0.374960262,0.630255517,-0.624217548,-0.269323669
1497535082049950000,103468,-1.417141018,1.688903181,1.031464238,0.373836861,0.634155881,-0.621564025,-0.267862806
1497535082059950000,103469,-1.419660336,1.682873975,1.030542678,0.373734174,0.635885117,-0.619583731,-0.268493734
1497535082069880000,103470,-1.422117511,1.676603211,1.029529282,0.373722624,0.639188304,-0.617420305,-0.26563486
1497535082079940000,103471,-1.424751844,1.670282262,1.028552946,0.373690973,0.643303374,-0.614006206,-0.263651672
1497535082089950000,103472,-1.427072064,1.664175509,1.027731742,0.372692984,0.643782818,-0.613314838,-0.265496766
1497535082099880000,103473,-1.429588905,1.657667371,1.026581727,0.373025678,0.648155679,-0.609805146,-0.262457126
1497535082109950000,103474,-1.432127859,1.651042199,1.025302761,0.373188373,0.651456095,-0.607168904,-0.260156329
1497535082119950000,103475,-1.434601338,1.644398343,1.02392022,0.373695273,0.654440917,-0.604434529,-0.258297946
1497535082129950000,103476,-1.436723439,1.637794045,1.022965855,0.372243583,0.656291598,-0.603112224,-0.258788909
1497535082139950000,103477,-1.43909862,1.63077391,1.021723343,0.37161447,0.659604926,-0.600442155,-0.257474748
1497535082149950000,103478,-1.441317029,1.623825773,1.020460945,0.37086395,0.662004674,-0.59832326,-0.257330563
1497535082159930000,103479,-1.443550192,1.616615607,1.018761787,0.371371001,0.665593792,-0.595703563,-0.253388531
1497535082169930000,103480,-1.445340742,1.609653749,1.017848469,0.368715208,0.666098508,-0.595444329,-0.256530553
1497535082179950000,103481,-1.44750867,1.602317336,1.016245937,0.369219357,0.669820326,-0.592279849,-0.253421346
1497535082189920000,103482,-1.449421736,1.595080325,1.014708225,0.369240317,0.671550129,-0.59056513,-0.252813844
1497535082199950000,103483,-1.4515249,1.587836984,1.013733726,0.36739285,0.673403314,-0.588819943,-0.254640029
1497535082209920000,103484,-1.453596867,1.580679056,1.012242343,0.368073372,0.674611155,-0.587211557,-0.254173899
1497535082219800000,103485,-1.455638952,1.57342525,1.011022028,0.368138998,0.675609737,-0.585462325,-0.255458464
1497535082229940000,103486,-1.457603984,1.566477527,1.0099275,0.368464466,0.675607834,-0.584445065,-0.257316843
1497535082239950000,103487,-1.459870358,1.559192047,1.008564306,0.369802956,0.67754619,-0.581619151,-0.256702353
1497535082249940000,103488,-1.46160729,1.552250412,1.007588366,0.370568329,0.675947563,-0.58176743,-0.259462257
1497535082259940000,103489,-1.463484423,1.545286888,1.006237132,0.372368113,0.675366871,-0.581296151,-0.259453972
1497535082269910000,103490,-1.46511271,1.538253308,1.005050526,0.373409937,0.673784191,-0.581572536,-0.26144458
1497535082279930000,103491,-1.467178422,1.530732176,1.003582259,0.373703216,0.674709082,-0.581158951,-0.259553145
1497535082289880000,103492,-1.468791636,1.52308092,1.002248794,0.374493001,0.674624505,-0.580482366,-0.26014802
1497535082299940000,103493,-1.469887714,1.515332878,1.001103402,0.374739145,0.672786282,-0.581580217,-0.262094721
1497535082309940000,103494,-1.471198938,1.506961298,1.000040223,0.375370375,0.674111843,-0.579973129,-0.261345506
1497535082319900000,103495,-1.473359616,1.498176002,0.998777441,0.377012143,0.679083572,-0.575394618,-0.256180366
1497535082329850000,103496,-1.474572311,1.489417668,0.997955216,0.377429571,0.679292731,-0.574576629,-0.25684626
1497535082339980000,103497,-1.47449126,1.480762271,0.997510221,0.37725024,0.673925009,-0.577806641,-0.263906849
1497535082349920000,103498,-1.476316408,1.471790424,0.997078759,0.379847359,0.676931352,-0.574978407,-0.258611216
1497535082359980000,103499,-1.477210808,1.462543735,0.996723269,0.380364086,0.676791952,-0.574452346,-0.259384496
1497535082369910000,103500,-1.477730983,1.453129246,0.996756395,0.379635175,0.675034138,-0.575971284,-0.261654594
1497535082379960000,103501,-1.47748667,1.443862818,0.996900341,0.379113471,0.668886878,-0.580526514,-0.268052768
1497535082389890000,103502,-1.479034689,1.433734007,0.996792108,0.381165115,0.674746104,-0.576094913,-0.259895175
1497535082399890000,103503,-1.479298471,1.423705505,0.997174437,0.379794353,0.673541907,-0.577871155,-0.261079447
1497535082409940000,103504,-1.479623953,1.4135018,0.997537615,0.378814786,0.672317705,-0.579930687,-0.261091285
1497535082419950000,103505,-1.478911065,1.403144553,0.998243234,0.374908144,0.667379278,-0.585838603,-0.266161444
1497535082429920000,103506,-1.478839092,1.392871993,0.998921911,0.3736717,0.666328626,-0.588414956,-0.264846109
1497535082439950000,103507,-1.478752561,1.382555294,0.99977663,0.372132893,0.66587572,-0.590755,-0.262935669
1497535082449960000,103508,-1.478600628,1.372344389,1.000678587,0.370895086,0.664500429,-0.593652383,-0.261634979
1497535082459970000,103509,-1.478243197,1.362303711,1.001890647,0.369572352,0.662098305,-0.597680591,-0.260422777
1497535082469900000,103510,-1.478209702,1.352473235,1.00330315,0.370129989,0.660726983,-0.599726173,-0.2584031
1497535082479930000,103511,-1.477966687,1.342704118,1.004461467,0.368977681,0.657795949,-0.603610672,-0.258484267
1497535082489890000,103512,-1.477331301,1.333474266,1.005352911,0.365584878,0.656310708,-0.607886563,-0.257056178
1497535082499970000,103513,-1.476852698,1.32448222,1.006411787,0.362018765,0.653760446,-0.613407594,-0.255481539
1497535082509920000,103514,-1.476426013,1.315618848,1.007400632,0.358767207,0.651038959,-0.618475233,-0.254799434
1497535082519960000,103515,-1.475913425,1.307087052,1.00843667,0.356067531,0.648178286,-0.623327681,-0.254053983
1497535082529940000,103516,-1.475733498,1.298902266,1.009269443,0.353272525,0.645406999,-0.6282524,-0.252877936
1497535082539960000,103517,-1.475476748,1.291066869,1.009998883,0.350986802,0.641557029,-0.63381559,-0.251973493
1497535082549960000,103518,-1.475420092,1.283442165,1.010818869,-0.349326845,-0.637921957,0.63857474,0.25149281
1497535082559960000,103519,-1.475351084,1.276214152,1.011725995,-0.347776561,-0.634061033,0.644046622,0.249443417
1497535082570050000,103520,-1.475322923,1.269170664,1.012535673,-0.346104125,-0.629095093,0.649843485,0.249308531
1497535082579930000,103521,-1.475873779,1.262298378,1.013435122,-0.347599498,-0.626327532,0.652944936,0.246071784
1497535082589900000,103522,-1.476128848,1.255560304,1.014307545,-0.3479691,-0.621662802,0.657324718,0.245717482
1497535082599900000,103523,-1.476295472,1.249024036,1.015290637,-0.347857497,-0.617244817,0.661950174,0.244593471
1497535082609860000,103524,-1.476436518,1.242649084,1.016334629,-0.348314708,-0.611425538,0.667188907,0.244324863
1497535082619950000,103525,-1.476592449,1.236068657,1.017644603,-0.347922886,-0.608373485,0.670709631,0.2428579
1497535082629950000,103526,-1.478239341,1.228778206,1.019031724,-0.350897719,-0.613626961,0.666982082,0.235515704
1497535082639940000,103527,-1.478430043,1.222251868,1.020531338,-0.35036098,-0.609631062,0.671252611,0.234557208
1497535082649970000,103528,-1.478582406,1.215705611,1.022152846,-0.348959504,-0.606719163,0.675262426,0.232679562
1497535082659950000,103529,-1.478857902,1.208997469,1.023648196,-0.347352804,-0.603366766,0.679234856,0.232238208
1497535082669960000,103530,-1.479016471,1.202271498,1.025488161,-0.345293321,-0.60131589,0.682609412,0.230729526
1497535082679950000,103531,-1.478565241,1.195884794,1.027096547,-0.342341264,-0.595077031,0.68900341,0.232293106
1497535082689900000,103532,-1.478939013,1.189022898,1.028840671,-0.339045723,-0.592573857,0.692649495,0.23268197
1497535082699810000,103533,-1.479327342,1.182338087,1.030047736,-0.337402472,-0.589309375,0.696774464,0.231039777
1497535082709870000,103534,-1.479773249,1.175325552,1.031649585,-0.334371637,-0.58764509,0.699811695,0.230504768
1497535082719680000,103535,-1.48019357,1.168523021,1.032710757,-0.333472986,-0.584045507,0.703589163,0.229453486
1497535082729660000,103536,-1.48070748,1.161229897,1.034396525,-0.331722295,-0.582624661,0.705864032,0.228614943
1497535082739660000,103537,-1.481702818,1.153893089,1.035558773,-0.33103857,-0.582901879,0.706921484,0.225612234
1497535082749670000,103538,-1.481481686,1.147058663,1.036462155,-0.327777653,-0.578452708,0.711759043,0.226612752
1497535082759670000,103539,-1.481900615,1.140094029,1.036795356,-0.324997171,-0.578228661,0.713852585,0.224595061
1497535082769660000,103540,-1.482086761,1.132769175,1.037796286,-0.3229421,-0.572577721,0.718278995,0.227900063
1497535082779720000,103541,-1.482278972,1.125757373,1.037763481,-0.317937066,-0.5732853,0.720356308,0.22659827
1497535082789770000,103542,-1.482932921,1.118060962,1.038367247,-0.316825472,-0.574163638,0.720560224,0.225279162
1497535082799780000,103543,-1.483131132,1.110949921,1.037959244,-0.312453579,-0.575850618,0.721777045,0.223174199
1497535082809780000,103544,-1.48364278,1.103393167,1.037774138,-0.307832127,-0.577644347,0.722696926,0.221980952
1497535082819780000,103545,-1.484183413,1.095825317,1.037262564,-0.305387166,-0.580062642,0.722709353,0.218991328
1497535082829760000,103546,-1.484780454,1.088077452,1.036727831,-0.30300076,-0.581307932,0.723132727,0.217602129
1497535082839760000,103547,-1.485491398,1.080247911,1.03589873,-0.302201083,-0.5843605,0.721829314,0.214848211
1497535082849740000,103548,-1.486125451,1.072430637,1.034835678,-0.298943744,-0.586027472,0.722230355,0.213512891
1497535082859760000,103549,-1.486778687,1.064497079,1.033762706,-0.296762564,-0.589671181,0.720840596,0.211207751
1497535082869760000,103550,-1.487589256,1.056455378,1.032411998,-0.295486138,-0.592224479,0.719859653,0.209189361
1497535082879750000,103551,-1.488331996,1.048310862,1.030885945,-0.292752627,-0.595673671,0.718612525,0.20752064
1497535082889670000,103552,-1.489259518,1.040021838,1.029138876,-0.290544912,-0.599028032,0.717299047,0.205502184
1497535082899750000,103553,-1.490184881,1.031478452,1.027444171,-0.288244255,-0.602574753,0.715864766,0.20336311
1497535082909780000,103554,-1.491507452,1.022760367,1.025233987,-0.278169167,-0.605517027,0.718283199,0.200100702
1497535082919780000,103555,-1.492456451,1.013726439,1.023701167,-0.281777662,-0.610921591,0.71289181,0.197892461
1497535082929750000,103556,-1.493567286,1.004586678,1.021828068,-0.27835336,-0.615386088,0.711297603,0.194615231
1497535082939780000,103557,-1.494481158,0.995550543,1.019835956,-0.274470003,-0.618795358,0.710747101,0.191303635
1497535082949780000,103558,-1.495342329,0.986496539,1.018248869,-0.272751703,-0.620980502,0.710283133,0.188381517
1497535082959780000,103559,-1.496300998,0.977526182,1.016775339,-0.271953567,-0.621241061,0.711022311,0.185871121
1497535082969780000,103560,-1.497145805,0.968911506,1.01531685,-0.269937547,-0.622041864,0.711919025,0.182671679
1497535082979750000,103561,-1.498090965,0.960320929,1.014143427,-0.268012541,-0.621713957,0.713509524,0.180402865
1497535082989780000,103562,-1.498839593,0.95208982,1.012535272,-0.264587421,-0.620501892,0.71622786,0.178853437
1497535082999770000,103563,-1.500071434,0.943327091,1.011797751,-0.264096358,-0.618996469,0.717939899,0.177929163
1497535083009780000,103564,-1.499246716,0.937818398,1.005708119,-0.242128533,-0.602155876,0.741693985,0.169328402
1497535083019780000,103565,-1.500669521,0.92889672,1.004822749,-0.241512766,-0.60035054,0.743446185,0.168933662
1497535083029750000,103566,-1.502473912,0.919454659,1.004423252,-0.25709237,-0.610402254,0.728222137,0.176082711
1497535083039960000,103567,-1.503956187,0.910370017,1.002826026,-0.257297247,-0.607615436,0.730749005,0.174949996
1497535083049970000,103568,-1.505751905,0.900677719,1.001685878,-0.257676027,-0.605328535,0.732824093,0.173635474
1497535083059960000,103569,-1.50768733,0.890531429,1.000908223,-0.257832366,-0.60345025,0.734671441,0.172128266
1497535083069970000,103570,-1.509289054,0.880689299,0.999728406,-0.256831567,-0.601602368,0.73691786,0.17048227
1497535083079960000,103571,-1.511139145,0.870318584,0.999550296,-0.255898934,-0.600218448,0.738578956,0.169572038
1497535083089910000,103572,-1.512806436,0.860229533,0.999567232,-0.254664233,-0.598558474,0.74051828,0.168838853
1497535083099970000,103573,-1.514751092,0.849919747,1.000493368,-0.25326546,-0.597597184,0.741751142,0.168936249
1497535083109950000,103574,-1.516660078,0.840017054,1.001701178,-0.251859634,-0.597082054,0.742631929,0.16898983
1497535083119960000,103575,-1.518783878,0.830199744,1.003022816,-0.251482776,-0.598567635,0.74157642,0.16893079
1497535083129960000,103576,-1.521334284,0.82037539,1.004917482,-0.251455496,-0.600060603,0.740357044,0.169023232
1497535083139960000,103577,-1.524196145,0.810533805,1.007006301,-0.251696683,-0.601914447,0.738678295,0.169417102
1497535083149960000,103578,-1.527171881,0.801017168,1.009109596,-0.25061953,-0.603957575,0.73733854,0.169578819
1497535083159940000,103579,-1.53038743,0.791540994,1.011327303,-0.251118755,-0.605097156,0.735825451,0.17134091
1497535083169960000,103580,-1.533681192,0.782295733,1.013272093,-0.25286605,-0.605238732,0.73452191,0.173845913
1497535083179950000,103581,-1.537089817,0.773274948,1.01516932,-0.255795979,-0.604259766,0.733531338,0.177116706
1497535083189890000,103582,-1.540526635,0.76457837,1.016688593,-0.259644903,-0.602923029,0.732470731,0.180429967
1497535083199890000,103583,-1.543864545,0.75616644,1.017973275,-0.263403253,-0.601955021,0.7310906,0.183780885
1497535083209900000,103584,-1.54708444,0.747795245,1.01926168,-0.26701661,-0.601694117,0.729092392,0.187324858
1497535083220000000,103585,-1.550105071,0.739544777,1.020479139,-0.269061941,-0.601958612,0.727347603,0.190307556
1497535083230030000,103586,-1.55273565,0.731503313,1.02116648,-0.269364049,-0.604246686,0.724806674,0.192312861
1497535083239960000,103587,-1.555270435,0.723329363,1.0220422,-0.269209666,-0.608083087,0.721328635,0.193509987
1497535083249960000,103588,-1.557463502,0.715401724,1.022476858,-0.26920065,-0.612649694,0.717269161,0.194206883
1497535083259970000,103589,-1.559693597,0.707342603,1.023630515,-0.269325594,-0.616693643,0.713776005,0.194104328
1497535083269980000,103590,-1.561610958,0.699727929,1.024210168,-0.269860676,-0.620229038,0.710593759,0.193772199
1497535083279880000,103591,-1.563288535,0.692523916,1.024634534,-0.269685409,-0.622854101,0.708735393,0.192397224
1497535083289960000,103592,-1.564956589,0.685361579,1.025320345,-0.270000603,-0.625216253,0.706888929,0.191082058
1497535083299980000,103593,-1.566360065,0.678521191,1.025581611,-0.269936591,-0.626870991,0.705855332,0.189565946
1497535083309970000,103594,-1.567759639,0.671724787,1.025939103,-0.269908833,-0.628343083,0.70506584,0.187660206
1497535083319970000,103595,-1.56921055,0.664881192,1.026154304,-0.270596112,-0.630144102,0.703652902,0.185926727
1497535083329940000,103596,-1.570719862,0.658113521,1.026259436,-0.271714083,-0.632166395,0.701964874,0.18379995
1497535083339960000,103597,-1.572389859,0.651241271,1.026609803,-0.273679005,-0.63403489,0.699993832,0.181956578
1497535083349930000,103598,-1.574050723,0.644523278,1.026621066,-0.276116304,-0.635908961,0.697762766,0.180296155
1497535083360030000,103599,-1.57562909,0.637882126,1.026620332,-0.278024435,-0.637460767,0.696072218,0.178408667
1497535083369970000,103600,-1.577010062,0.631424563,1.02629068,-0.280189302,-0.639233246,0.694033016,0.176615356
1497535083379950000,103601,-1.578445664,0.624804609,1.026326988,-0.281815641,-0.640632371,0.69231794,0.175687162
1497535083389960000,103602,-1.579552928,0.618353031,1.025932307,-0.282651442,-0.642519475,0.690476172,0.174698433
1497535083400010000,103603,-1.580654833,0.611768253,1.025821886,-0.283396918,-0.644908311,0.688229131,0.173551494
1497535083409940000,103604,-1.581753383,0.605007928,1.025868481,-0.283958434,-0.646558154,0.686465729,0.173479003
1497535083419970000,103605,-1.5826561,0.598380499,1.025547527,-0.284248406,-0.648579017,0.68455472,0.173011382
1497535083429960000,103606,-1.583559243,0.59162153,1.025336988,-0.284657057,-0.650544576,0.682596923,0.17269498
1497535083439940000,103607,-1.584318695,0.584881361,1.024840321,-0.284438262,-0.652215204,0.681152556,0.172456947
1497535083449960000,103608,-1.585097524,0.578039377,1.024298,-0.284864648,-0.65391039,0.679461489,0.172004126
1497535083459950000,103609,-1.585856747,0.571091944,1.023670952,-0.28477781,-0.656102474,0.67753427,0.171401445
1497535083469980000,103610,-1.586560773,0.563978643,1.023120387,-0.284589843,-0.657856499,0.676010952,0.171004797
1497535083479960000,103611,-1.587206343,0.556839595,1.022410854,-0.284618875,-0.660306983,0.673804207,0.170219488
1497535083489970000,103612,-1.587802276,0.549606354,1.021689718,-0.284298481,-0.662788283,0.671683606,0.169491
1497535083499980000,103613,-1.588340988,0.542376488,1.020753317,-0.283729386,-0.665269214,0.669639442,0.168812102
1497535083509910000,103614,-1.588905492,0.534985641,1.020034305,-0.283424162,-0.667545945,0.667573064,0.168521093
1497535083519970000,103615,-1.58946624,0.527602571,1.019100426,0.283189204,0.669954251,-0.665394838,-0.167972875
1497535083529960000,103616,-1.589987227,0.520186041,1.018275254,0.28299361,0.672052227,-0.663415482,-0.167750764
1497535083539940000,103617,-1.590542713,0.512721376,1.017152275,0.282762741,0.674103204,-0.661456795,-0.167645491
1497535083549940000,103618,-1.591066018,0.505115106,1.016280988,0.282785321,0.675517789,-0.659903765,-0.168033334
1497535083559950000,103619,-1.591658388,0.49741701,1.014996039,0.283417538,0.677612144,-0.65758707,-0.167617204
1497535083569960000,103620,-1.592311847,0.489473046,1.013916622,0.283578546,0.680071424,-0.654992104,-0.167545249
1497535083579960000,103621,-1.592945403,0.481458384,1.012719806,0.284368127,0.681760405,-0.652785991,-0.16795228
1497535083589970000,103622,-1.593445624,0.473101263,1.011130129,0.283970554,0.68580092,-0.648873481,-0.16733508
1497535083599970000,103623,-1.594379034,0.464561329,1.00994311,0.285933919,0.690335615,-0.643764524,-0.165062928
1497535083609970000,103624,-1.594692534,0.456205938,1.008559453,0.285657888,0.69188271,-0.641899074,-0.166323378
1497535083619970000,103625,-1.595553977,0.447403332,1.006738667,0.286678563,0.698202493,-0.63550334,-0.162678164
1497535083629960000,103626,-1.592968922,0.442970437,1.006279899,0.300805092,0.692973864,-0.628796755,-0.184168839
1497535083639930000,103627,-1.59327923,0.434634115,1.004604619,0.301705194,0.695342468,-0.625380721,-0.185396285
1497535083649890000,103628,-1.594101637,0.425667417,1.002872509,0.300861249,0.698311348,-0.623041322,-0.183475558
1497535083659930000,103629,-1.59432357,0.417537251,1.001444298,0.301659127,0.699255628,-0.620841279,-0.18600926
1497535083669980000,103630,-1.594440922,0.409622676,1.000073101,0.304330661,0.698852874,-0.619182819,-0.188680008
1497535083679950000,103631,-1.594843881,0.401288255,0.998439252,0.305270578,0.700108731,-0.617431081,-0.188245847
1497535083689980000,103632,-1.594900537,0.393507051,0.997184893,0.30988332,0.698689275,-0.616145594,-0.190184731
1497535083699980000,103633,-1.594935852,0.385159379,0.995459964,0.310196067,0.698969908,-0.61562026,-0.190344852
1497535083709950000,103634,-1.594830646,0.376781738,0.993992195,0.312622049,0.698790623,-0.6145115,-0.190616725
1497535083719960000,103635,-1.594503472,0.368212851,0.992481863,0.314146536,0.698453478,-0.614083823,-0.190724284
1497535083729920000,103636,-1.593949465,0.359364708,0.990819512,0.313950921,0.698959594,-0.613534851,-0.190958876
1497535083739960000,103637,-1.593408072,0.350300867,0.989411809,0.31501174,0.699461928,-0.612482694,-0.190750005
1497535083749930000,103638,-1.592881486,0.341023902,0.988224511,0.31592015,0.699721574,-0.611790521,-0.1905165
1497535083759970000,103639,-1.592211037,0.331627156,0.987030717,0.316507637,0.699811113,-0.611404985,-0.190450166
1497535083769960000,103640,-1.591632878,0.322061596,0.986373696,0.317097703,0.699488171,-0.611342745,-0.190854378
1497535083779940000,103641,-1.590971969,0.312456711,0.986016794,0.318019046,0.698927761,-0.611314614,-0.191463607
1497535083789970000,103642,-1.589986494,0.302949978,0.985698371,0.318876012,0.698108567,-0.611353381,-0.192897798
1497535083800000000,103643,-1.589369107,0.293277758,0.985832932,0.32134691,0.696772863,-0.611843095,-0.192072301
1497535083809970000,103644,-1.588346618,0.283365727,0.986020621,0.321493496,0.695642424,-0.612874487,-0.192635439
1497535083819970000,103645,-1.587369012,0.273257845,0.98637589,0.321772896,0.695303156,-0.613579442,-0.191143906
1497535083829930000,103646,-1.586145463,0.262981542,0.987030238,0.321658167,0.694740841,-0.614728944,-0.189682665
1497535083840000000,103647,-1.58482491,0.252621589,0.987996404,0.320486721,0.69447559,-0.61621977,-0.187790075
1497535083849990000,103648,-1.583101306,0.2424067,0.989099617,0.319544798,0.69359842,-0.618245318,-0.185970645
1497535083859960000,103649,-1.58112397,0.232280535,0.990394726,0.316117016,0.69234359,-0.621699885,-0.184985508
1497535083869970000,103650,-1.579304694,0.222403672,0.991898354,0.314919597,0.691289231,-0.624124908,-0.182792083
1497535083879940000,103651,-1.577335258,0.212646121,0.993500209,0.311739185,0.689667088,-0.627721407,-0.182054452
1497535083889940000,103652,-1.575469065,0.203168074,0.9952716,0.308579799,0.687064008,-0.632125247,-0.182041833
1497535083899880000,103653,-1.573651467,0.193990986,0.997176852,0.305343521,0.684661713,-0.636042515,-0.182903232
1497535083909830000,103654,-1.571868898,0.185075487,0.998819485,0.301728889,0.681524522,-0.640916957,-0.183601355
1497535083919920000,103655,-1.570334528,0.176544195,1.000177858,0.299626894,0.678393927,-0.644977551,-0.184416277
1497535083929960000,103656,-1.569083768,0.168389674,1.001611458,0.298019419,0.674408129,-0.649545403,-0.185604073
1497535083939950000,103657,-1.568145968,0.16045232,1.002930771,0.296015509,0.669545262,-0.65521911,-0.186472193
1497535083950020000,103658,-1.567322526,0.152896806,1.004229857,0.296193146,0.664651401,-0.659760173,-0.18768231
1497535083959970000,103659,-1.566749332,0.14543253,1.005457967,-0.295966652,-0.659476709,0.664865563,0.188276376
1497535083969980000,103660,-1.566375625,0.138364247,1.006814262,-0.297661363,-0.654267402,0.669062037,0.188912335
1497535083979980000,103661,-1.566134528,0.131307621,1.008099762,-0.29870742,-0.649216372,0.673502457,0.188908496
1497535083989810000,103662,-1.566001343,0.124415675,1.009427138,-0.299851808,-0.644511104,0.677679231,0.188268932
1497535083999990000,103663,-1.565790018,0.117951365,1.011094295,-0.301847867,-0.638908064,0.681736891,0.189523516
1497535084009970000,103664,-1.565777065,0.111391343,1.012714514,-0.303474929,-0.63438396,0.685241155,0.189484878
1497535084019940000,103665,-1.565900611,0.104805675,1.014438614,-0.304272812,-0.630015495,0.688866466,0.189635241
1497535084029970000,103666,-1.568307553,0.094724221,1.015955926,-0.289119732,-0.629668925,0.699347236,0.175613979
1497535084039970000,103667,-1.568191,0.088358841,1.017806941,-0.288739333,-0.625573301,0.702925255,0.176589153
1497535084049990000,103668,-1.568042483,0.082060478,1.019784315,-0.288059025,-0.621070238,0.706851718,0.177916852
1497535084059970000,103669,-1.567943299,0.075681905,1.021702523,-0.286848715,-0.61734224,0.710423851,0.17861782
1497535084069990000,103670,-1.567914639,0.069288887,1.023486326,-0.286054985,-0.613750151,0.713697057,0.17922
1497535084079980000,103671,-1.567879171,0.062839723,1.025203146,-0.284645549,-0.610893928,0.71656158,0.179791609
1497535084089990000,103672,-1.568012692,0.056349096,1.026731728,-0.283692451,-0.60801665,0.719262646,0.18026534
1497535084099970000,103673,-1.568198379,0.04979415,1.028054887,-0.28303002,-0.605386567,0.721681161,0.180492143
1497535084109970000,103674,-1.568230434,0.043185315,1.029269958,-0.281334084,-0.602489807,0.72443475,0.181800604
1497535084119980000,103675,-1.568546615,0.036431081,1.030188688,-0.280867236,-0.600285169,0.726249606,0.182572785
1497535084129930000,103676,-1.569064884,0.02944934,1.031013502,-0.280839774,-0.599822701,0.726754471,0.182125472
1497535084139990000,103677,-1.569453725,0.022430581,1.031672318,-0.279988686,-0.598113231,0.728163796,0.183424059
1497535084149990000,103678,-1.570064079,0.015218648,1.032165719,-0.279620256,-0.598392387,0.728193569,0.182956795
1497535084160090000,103679,-1.570517495,0.008017304,1.032506757,-0.278137287,-0.597434444,0.72930908,0.18390215
1497535084169980000,103680,-1.571029324,0.000733077,1.032842072,-0.276432809,-0.596423913,0.730439387,0.185261223
1497535084179980000,103681,-1.571678657,-0.006736504,1.032913285,-0.275466055,-0.596830337,0.730454697,0.185331964
1497535084189980000,103682,-1.572354786,-0.014162426,1.032827142,-0.274567798,-0.596832892,0.730692916,0.18571722
1497535084199990000,103683,-1.57316187,-0.021906037,1.0324883,-0.273495352,-0.598082884,0.730203471,0.185202722
1497535084209970000,103684,-1.573852373,-0.02954149,1.032029531,-0.27247971,-0.597571312,0.730791771,0.186028821
1497535084219940000,103685,-1.57487231,-0.037582583,1.031091296,-0.271998512,-0.599910059,0.729400304,0.184661655
1497535084230090000,103686,-1.575753365,-0.045536327,1.030023374,-0.271373753,-0.599725261,0.729618635,0.185317415
1497535084239990000,103687,-1.576875775,-0.053768707,1.0287891,-0.27134453,-0.601467991,0.728219017,0.185217343
1497535084249990000,103688,-1.578101818,-0.062226574,1.027040006,-0.27157496,-0.603393725,0.726693847,0.184605271
1497535084259980000,103689,-1.579287889,-0.070810981,1.025186746,-0.271082221,-0.605564928,0.725012014,0.1848327
1497535084269990000,103690,-1.580699667,-0.079675969,1.023115025,-0.271138522,-0.608462487,0.722811155,0.183851402
1497535084279980000,103691,-1.58212996,-0.088723509,1.020930876,-0.270594422,-0.61209391,0.720167952,0.182969464
1497535084290010000,103692,-1.583583812,-0.097808764,1.018827853,-0.269805516,-0.614474484,0.718555444,0.18249429
1497535084299990000,103693,-1.585327638,-0.10719644,1.016504329,-0.26828988,-0.618359663,0.716226147,0.180753903
1497535084309940000,103694,-1.584700911,-0.113221806,1.014326699,-0.281760178,-0.617012075,0.708869699,0.193419366
1497535084319940000,103695,-1.589388454,-0.126626198,1.012289249,-0.266840482,-0.628671611,0.70962942,0.173188476
1497535084329970000,103696,-1.59077801,-0.136030272,1.010296094,-0.264627703,-0.630373751,0.709217959,0.172078468
1497535084339990000,103697,-1.59204852,-0.145122864,1.008582316,-0.262508772,-0.630763487,0.710035412,0.170517689
1497535084349990000,103698,-1.593177785,-0.153884187,1.00684624,-0.259837906,-0.629990375,0.712082365,0.168923338
1497535084359970000,103699,-1.594281844,-0.16226494,1.005523223,-0.257276975,-0.62738403,0.715383654,0.16859438
1497535084369990000,103700,-1.595725751,-0.17068705,1.00416839,-0.255632782,-0.624817578,0.718536005,0.167215084
1497535084379990000,103701,-1.597136709,-0.179269407,1.002951761,-0.253782714,-0.621469031,0.721979445,0.167679032
1497535084389990000,103702,-1.598331705,-0.187711695,1.002432586,-0.251047821,-0.613778666,0.728023427,0.173875332
1497535084399980000,103703,-1.601151332,-0.197205776,1.001208155,-0.253345848,-0.614590469,0.727619976,0.1693033
1497535084409940000,103704,-1.603530004,-0.206550505,1.000569449,-0.253499036,-0.611101976,0.730401083,0.169725872
1497535084419920000,103705,-1.605324973,-0.215770536,1.000288938,-0.251194657,-0.603998592,0.735815031,0.175109066
1497535084429980000,103706,-1.608391673,-0.225643491,0.999910563,-0.254070996,-0.604067495,0.735885223,0.170362349
1497535084439990000,103707,-1.610203343,-0.235008134,1.000574481,-0.25132925,-0.596652371,0.74132929,0.176834499
1497535084449980000,103708,-1.613765168,-0.245087317,1.001104281,-0.255612211,-0.599655371,0.739344943,0.168656124
1497535084459970000,103709,-1.616622617,-0.254691393,1.003024925,-0.255603689,-0.598033085,0.740301225,0.17022714
1497535084469990000,103710,-1.619813438,-0.2644055,1.004937301,-0.256941004,-0.598252573,0.739555908,0.170681688
1497535084479980000,103711,-1.623495294,-0.274069631,1.007318164,-0.258930462,-0.599657098,0.737772461,0.170464592
1497535084490000000,103712,-1.627300306,-0.283793443,1.009265261,-0.260269858,-0.601148616,0.736036625,0.170675216
1497535084499980000,103713,-1.631043232,-0.29331459,1.011243448,-0.260655672,-0.601923375,0.734782065,0.172748915
1497535084509980000,103714,-1.633700601,-0.302423352,1.013331692,-0.256259525,-0.596380108,0.738097428,0.184048931
1497535084519990000,103715,-1.63757333,-0.311695194,1.014490773,-0.258969847,-0.59536322,0.73735934,0.186489837
1497535084529980000,103716,-1.641226853,-0.320656822,1.015784765,-0.261611679,-0.592309733,0.737591378,0.19153973
1497535084539980000,103717,-1.646618298,-0.329982117,1.016469857,-0.271831101,-0.596468774,0.732471217,0.183898803
1497535084549990000,103718,-1.650350568,-0.338908561,1.017572504,-0.27610118,-0.595928055,0.730567042,0.186841348
1497535084559970000,103719,-1.654002831,-0.347881006,1.018681833,-0.278933323,-0.596930345,0.728226056,0.188566103
1497535084569980000,103720,-1.65739543,-0.3567191,1.019888503,-0.281041025,-0.599490049,0.725164911,0.189112334
1497535084579990000,103721,-1.659857259,-0.36597947,1.021389913,-0.2773143,-0.604527119,0.721109189,0.194023911
1497535084589990000,103722,-1.662420306,-0.374940681,1.022678519,-0.27570516,-0.609307313,0.716779455,0.197379017
1497535084599980000,103723,-1.665120318,-0.383799511,1.023481135,-0.276623771,-0.616642741,0.71061468,0.195596002
1497535084609970000,103724,-1.667898049,-0.392609393,1.024886136,-0.275562694,-0.624154696,0.704366792,0.195866128
1497535084619970000,103725,-1.66792431,-0.398001434,1.025472597,-0.271434421,-0.608699608,0.717572562,0.202231947
1497535084629890000,103726,-1.670547158,-0.405857336,1.026431725,-0.272880727,-0.610141443,0.715176856,0.204415249
1497535084639910000,103727,-1.672747505,-0.413295298,1.026878747,-0.276290831,-0.611391116,0.712985667,0.203754066
1497535084649940000,103728,-1.674144547,-0.418848537,1.027125659,-0.269170313,-0.623456774,0.708574804,0.191756984
1497535084660050000,103729,-1.676383079,-0.425528519,1.027606484,-0.270106413,-0.625464778,0.706754262,0.190616762
1497535084670000000,103730,-1.678574343,-0.432187367,1.027765516,-0.271881431,-0.628239149,0.70396315,0.189293273
1497535084680050000,103731,-1.680996726,-0.438765807,1.028037085,-0.27429109,-0.630608797,0.701071007,0.188670046
1497535084689990000,103732,-1.683134758,-0.445273599,1.028161061,-0.277341378,-0.632232907,0.698323336,0.188965155
1497535084699930000,103733,-1.685397382,-0.451618459,1.028263357,-0.279897097,-0.634675955,0.694962989,0.189395066
1497535084709970000,103734,-1.687358662,-0.457871433,1.028165199,-0.284107388,-0.635277701,0.692613757,0.189714044
1497535084720040000,103735,-1.68950623,-0.463908585,1.028106903,-0.285510915,-0.637673606,0.689502608,0.190897995
1497535084729990000,103736,-1.691654047,-0.470097848,1.028135832,-0.289358782,-0.639030309,0.686371365,0.191849182
1497535084739990000,103737,-1.693460452,-0.476043335,1.027851327,-0.292241976,-0.641265952,0.683231452,0.191226014
1497535084750000000,103738,-1.695369901,-0.481978305,1.027884276,-0.292484924,-0.644262704,0.679720564,0.193282413
1497535084759980000,103739,-1.696960093,-0.488125623,1.027586813,-0.2951494,-0.646836337,0.676231743,0.192873572
1497535084769980000,103740,-1.698415098,-0.494189416,1.027633343,-0.29765947,-0.647328698,0.674244947,0.19431456
1497535084780000000,103741,-1.699896531,-0.50038127,1.026993562,-0.299480644,-0.64991612,0.670799982,0.194801863
1497535084789980000,103742,-1.701321935,-0.506208063,1.026880323,-0.299780462,-0.652262187,0.66812983,0.195673822
1497535084799950000,103743,-1.702606561,-0.512187476,1.02649005,-0.302014759,-0.652343564,0.666788445,0.1965404
1497535084809990000,103744,-1.704130646,-0.518672319,1.026300832,-0.301209692,-0.658036853,0.661157822,0.197814451
1497535084820000000,103745,-1.705199428,-0.52486915,1.025126279,-0.3054319,-0.657959702,0.659578642,0.196866453
1497535084829970000,103746,-1.705583616,-0.527688258,1.023215066,-0.310195994,-0.639651442,0.673460478,0.202670822
1497535084840000000,103747,-1.70671827,-0.533773596,1.022453549,-0.310687778,-0.641820207,0.671016319,0.203167484
1497535084850000000,103748,-1.708028139,-0.540214684,1.021643315,-0.312522109,-0.644370812,0.667517253,0.203806047
1497535084859980000,103749,-1.70932665,-0.546705041,1.020830566,-0.314202473,-0.645804205,0.66453319,0.206420382
1497535084869930000,103750,-1.710681726,-0.553078083,1.019963869,-0.315965815,-0.647355442,0.661762428,0.207766753
1497535084879990000,103751,-1.711838631,-0.559754192,1.019151928,-0.319026037,-0.649186146,0.657978027,0.209391144
1497535084889990000,103752,-1.713187345,-0.56624631,1.018141283,-0.320608469,-0.651213334,0.655016763,0.209962956
1497535084900020000,103753,-1.71455556,-0.572978478,1.017229725,0.322488456,0.652832533,-0.651922836,-0.211677813
1497535084909980000,103754,-1.715748891,-0.579818618,1.016211943,0.323837804,0.65606116,-0.647977469,-0.211749922
1497535084919990000,103755,-1.716806068,-0.586667803,1.015227947,0.325129753,0.657736723,-0.645196427,-0.213060129
1497535084929990000,103756,-1.71823483,-0.593873671,1.014029996,0.326433256,0.658802753,-0.642545866,-0.215766243
1497535084940010000,103757,-1.719108735,-0.601118716,1.013007297,0.327833768,0.661457434,-0.638904199,-0.21633425
1497535084949970000,103758,-1.721118195,-0.608908479,1.011583472,0.32902855,0.672314335,-0.629365201,-0.208885359
1497535084959980000,103759,-1.722146976,-0.616285336,1.010388763,0.329809081,0.674495912,-0.62646179,-0.209348657
1497535084969990000,103760,-1.723093028,-0.623715218,1.009303632,0.330290839,0.675771665,-0.62450998,-0.21030431
1497535084979920000,103761,-1.724010962,-0.631230497,1.008194398,0.330639865,0.676983386,-0.622652356,-0.211364181
1497535084989980000,103762,-1.724936159,-0.638778091,1.006940303,0.331516447,0.678207435,-0.620595277,-0.212115589
1497535084999930000,103763,-1.725701214,-0.646342146,1.00583768,0.333075101,0.67890984,-0.618599868,-0.213252457
1497535085009980000,103764,-1.726403832,-0.653866572,1.004794089,0.334507055,0.679490558,-0.616903334,-0.214074493
1497535085019960000,103765,-1.727154307,-0.661396135,1.003652618,0.336023264,0.67982082,-0.615642834,-0.214280003
1497535085029930000,103766,-1.727788627,-0.669008724,1.002446356,0.337489166,0.67968017,-0.614589892,-0.215441856
1497535085040010000,103767,-1.72840266,-0.67658056,1.001294897,0.338188223,0.679688908,-0.614044328,-0.21587329
1497535085050000000,103768,-1.728765098,-0.684315317,1.000139037,0.339339617,0.679588334,-0.613291232,-0.216522945
1497535085060000000,103769,-1.729066475,-0.692318228,0.998929756,0.340298026,0.67931388,-0.612731004,-0.217464071
1497535085069980000,103770,-1.729310875,-0.700634969,0.997543344,0.341580499,0.679218861,-0.611772867,-0.218445555
1497535085079970000,103771,-1.729310198,-0.709161803,0.996247146,0.342455175,0.679342045,-0.610937901,-0.21902904
1497535085089950000,103772,-1.729248999,-0.71799859,0.994890051,0.343381731,0.679867911,-0.610007842,-0.218538427
1497535085099990000,103773,-1.728973163,-0.727085833,0.993746435,0.343899115,0.679863699,-0.609414461,-0.219391804
1497535085109980000,103774,-1.72878193,-0.736337244,0.992485025,0.344170194,0.68037693,-0.608479782,-0.219969236
1497535085120000000,103775,-1.728309862,-0.745883434,0.991567285,0.34406998,0.680506,-0.607783633,-0.221644962
1497535085130000000,103776,-1.72797873,-0.755626003,0.99074547,0.344730847,0.680211111,-0.60736659,-0.222664128
1497535085140000000,103777,-1.727491135,-0.765387408,0.990283258,0.345044548,0.680069813,-0.607116117,-0.223292029
1497535085150000000,103778,-1.726890819,-0.775318956,0.990008236,0.345862151,0.679336009,-0.607009855,-0.224546197
1497535085159990000,103779,-1.726253139,-0.785364319,0.989961168,0.346103287,0.678623061,-0.607450919,-0.225136927
1497535085169960000,103780,-1.725451221,-0.795616395,0.990109163,0.346420718,0.677923573,-0.607941965,-0.225430437
1497535085180000000,103781,-1.724554123,-0.806028099,0.990418963,0.345982666,0.677345631,-0.609057859,-0.224827523
1497535085190000000,103782,-1.72362063,-0.816492745,0.990890703,0.344775043,0.677346267,-0.610641892,-0.222370601
1497535085200010000,103783,-1.722429324,-0.827253084,0.991583525,0.343665989,0.677115719,-0.612311195,-0.220188539
1497535085209980000,103784,-1.720926829,-0.838103262,0.992626339,0.342204329,0.676555955,-0.614509189,-0.218052044
1497535085220000000,103785,-1.719156468,-0.848905011,0.99398606,0.339520853,0.675723864,-0.617748528,-0.215660858
1497535085230000000,103786,-1.717145971,-0.859683772,0.995539217,0.337116753,0.675587795,-0.620652599,-0.211479967
1497535085240010000,103787,-1.715060744,-0.870380021,0.997159916,0.33335188,0.674240384,-0.624580351,-0.210180432
1497535085250000000,103788,-1.712549249,-0.880765842,0.999316245,0.330541014,0.672457182,-0.628694466,-0.208055871
1497535085259990000,103789,-1.710198898,-0.890862214,1.001151057,0.325982551,0.670459357,-0.633369029,-0.207516989
1497535085270000000,103790,-1.707597233,-0.900640133,1.003189756,0.321000969,0.667863024,-0.638985897,-0.206432513
1497535085279990000,103791,-1.704885029,-0.910102527,1.005173642,0.316109544,0.664970237,-0.64437315,-0.206573434
1497535085290000000,103792,-1.702429405,-0.919222904,1.007013086,0.311267867,0.661928672,-0.649902116,-0.206373419
1497535085300000000,103793,-1.700053935,-0.928104767,1.008761199,0.306766006,0.657923495,-0.655645597,-0.207750192
1497535085309980000,103794,-1.698034709,-0.936669063,1.010152071,-0.302746895,-0.654241412,0.661041299,0.208175152
1497535085319990000,103795,-1.696206143,-0.944924626,1.011653197,-0.300246726,-0.650232547,0.666037332,0.208431788
1497535085329970000,103796,-1.69473705,-0.952850156,1.012828525,-0.29814606,-0.646305564,0.67094901,0.20790736
1497535085339960000,103797,-1.693427438,-0.960466837,1.014144428,-0.296581262,-0.642171654,0.675736412,0.20744981
1497535085349990000,103798,-1.692435148,-0.968037483,1.015276533,-0.297034602,-0.638388423,0.679495715,0.206194665
1497535085359950000,103799,-1.69155326,-0.975060404,1.016447588,-0.29693396,-0.634539796,0.6839341,0.203527927
1497535085369890000,103800,-1.68951661,-0.981892508,1.018002683,-0.297013453,-0.621733433,0.693490837,0.210478041
1497535085379990000,103801,-1.688601786,-0.988644857,1.01920844,-0.297162918,-0.617262076,0.697721576,0.209442907
1497535085390070000,103802,-1.687608442,-0.99535066,1.020551135,-0.297871594,-0.611854127,0.702206263,0.209316516
1497535085400020000,103803,-1.686712187,-1.002281126,1.021868987,-0.298710638,-0.608202096,0.705196236,0.208711367
1497535085409970000,103804,-1.685745685,-1.008758014,1.023227266,-0.298105051,-0.603943658,0.709399949,0.207694849
1497535085420020000,103805,-1.684569909,-1.015359296,1.024888986,-0.297375512,-0.600043248,0.713212233,0.206988444
1497535085430010000,103806,-1.683586287,-1.02190565,1.026498028,-0.295387293,-0.597259664,0.716622092,0.206106812
1497535085439950000,103807,-1.682347691,-1.028700912,1.028235381,-0.293679526,-0.594507159,0.719732603,0.205666124
1497535085450010000,103808,-1.681338505,-1.035007423,1.029900915,-0.290653201,-0.591496037,0.723519512,0.205359856
1497535085459970000,103809,-1.680503813,-1.041676185,1.031391914,-0.288581457,-0.589148155,0.726388248,0.204903165
1497535085469970000,103810,-1.679659432,-1.048293912,1.032931096,-0.287338442,-0.586726036,0.728975453,0.20441127
1497535085479940000,103811,-1.678986064,-1.054983772,1.034234045,-0.286590392,-0.583858342,0.731764186,0.203707043
1497535085490000000,103812,-1.678339431,-1.061551743,1.035375019,-0.28555226,-0.581931741,0.73407872,0.202345718
1497535085500010000,103813,-1.677807235,-1.068402939,1.036377337,-0.284817959,-0.580574952,0.735836073,0.200889842
1497535085509990000,103814,-1.677259536,-1.075077539,1.037237101,-0.283305562,-0.57922045,0.737960347,0.199138531
1497535085520010000,103815,-1.676728553,-1.082053531,1.03783041,-0.281866711,-0.578657946,0.739560965,0.196864719
1497535085530000000,103816,-1.676276683,-1.089160018,1.038316391,-0.279925017,-0.579367898,0.740280588,0.194831916
1497535085540000000,103817,-1.675749529,-1.096178119,1.038708854,-0.277699086,-0.57958987,0.741538763,0.192559247
1497535085550020000,103818,-1.67524368,-1.10331013,1.038824481,-0.275411247,-0.580413209,0.742348922,0.190229414
1497535085559990000,103819,-1.674751971,-1.110711624,1.038810787,-0.273417978,-0.581286144,0.742867502,0.188406215
1497535085569970000,103820,-1.674216843,-1.118171121,1.03851446,-0.270734603,-0.582603256,0.743346534,0.186311971
1497535085579980000,103821,-1.673693933,-1.125912534,1.038049603,-0.267816685,-0.585355805,0.742897109,0.183675502
1497535085589930000,103822,-1.673261822,-1.133707782,1.037342892,-0.26526745,-0.587888989,0.742498472,0.180874914
1497535085599950000,103823,-1.672806443,-1.141612016,1.036422454,-0.263162722,-0.589654339,0.742400269,0.178591662
1497535085610000000,103824,-1.672384112,-1.14965113,1.035377914,-0.260652117,-0.592181879,0.741857888,0.176147582
1497535085620020000,103825,-1.672075239,-1.157889519,1.034017163,-0.258257719,-0.5956915,0.740597542,0.173118075
1497535085630000000,103826,-1.671789114,-1.166322067,1.032778384,-0.256484695,-0.59942804,0.738840539,0.17034167
1497535085639980000,103827,-1.67156435,-1.174614452,1.03132102,-0.25523161,-0.601912659,0.737852334,0.167725699
1497535085650010000,103828,-1.671355589,-1.183190719,1.029703887,-0.253392515,-0.605605427,0.73614356,0.164702638
1497535085659990000,103829,-1.671060601,-1.191695498,1.028057318,-0.250548556,-0.609699679,0.734372829,0.161827902
1497535085670010000,103830,-1.670943382,-1.200272885,1.026234667,-0.247859101,-0.612774058,0.733425695,0.158620839
1497535085680000000,103831,-1.670726228,-1.209642729,1.024882226,-0.245815996,-0.618834468,0.729585717,0.15595858
1497535085690010000,103832,-1.670822086,-1.218242961,1.02294004,-0.241851004,-0.620211164,0.730485456,0.15243754
1497535085700010000,103833,-1.670469879,-1.227896373,1.021806157,-0.23938077,-0.625864888,0.727099472,0.149386571
1497535085710000000,103834,-1.670235734,-1.2367121,1.020018861,-0.234803501,-0.627347782,0.727985497,0.146079403
1497535085720020000,103835,-1.669595332,-1.246074071,1.018842785,-0.232273847,-0.630633384,0.726557189,0.143056094
1497535085730010000,103836,-1.669201819,-1.256580808,1.018332197,-0.221681498,-0.627596574,0.73339582,0.138240462
1497535085739930000,103837,-1.668320135,-1.265844349,1.017415803,-0.217697254,-0.626781292,0.735911651,0.134859774
1497535085750010000,103838,-1.667851891,-1.273390729,1.015455957,-0.214161737,-0.626808804,0.737340933,0.132566294
1497535085760000000,103839,-1.667340105,-1.282436407,1.014544018,-0.211256265,-0.625532665,0.739705579,0.130058955
1497535085769990000,103840,-1.666884078,-1.291399261,1.013762998,-0.207699239,-0.625620472,0.741092858,0.127441858
1497535085780010000,103841,-1.666961282,-1.299916833,1.012556235,-0.204688891,-0.626222218,0.741765762,0.125426255
1497535085790020000,103842,-1.666878375,-1.30964117,1.012302069,-0.202138795,-0.625481841,0.74323184,0.124574502
1497535085800000000,103843,-1.667243323,-1.317572852,1.010871353,-0.200946351,-0.622993393,0.74594598,0.122737083
1497535085809990000,103844,-1.667605113,-1.326929844,1.010207889,-0.198958054,-0.621980922,0.747363902,0.122485194
1497535085820020000,103845,-1.668152415,-1.336019788,1.009418521,-0.197845232,-0.619506824,0.749975546,0.120852142
1497535085829960000,103846,-1.668789367,-1.346040037,1.008830467,-0.197407552,-0.618083311,0.751607178,0.118701009
1497535085840020000,103847,-1.66958449,-1.35566541,1.007798218,-0.197594959,-0.616064218,0.753596394,0.116247953
1497535085849960000,103848,-1.670208738,-1.36573695,1.007039638,-0.196598164,-0.614699763,0.755439264,0.113158661
1497535085860000000,103849,-1.670973068,-1.37580908,1.006200717,-0.195605035,-0.613849678,0.756891822,0.109736102
1497535085869960000,103850,-1.67165389,-1.386282096,1.005765094,-0.194427036,-0.614141846,0.757406682,0.106597556
1497535085880030000,103851,-1.672218266,-1.396434,1.005449848,-0.193575099,-0.612476732,0.759258426,0.104535046
1497535085890010000,103852,-1.672839427,-1.407203967,1.00580119,-0.1933357,-0.611398966,0.760401681,0.102965508
1497535085899950000,103853,-1.673747706,-1.417223471,1.00626176,-0.192093277,-0.612081523,0.760309068,0.101914198
1497535085909980000,103854,-1.674625205,-1.427871589,1.007199547,-0.191649521,-0.612370772,0.760494599,0.099601525
1497535085920020000,103855,-1.675827888,-1.437900802,1.008174707,-0.19115964,-0.614649532,0.758882691,0.098797805
1497535085930000000,103856,-1.676889842,-1.44841068,1.00972516,-0.19150055,-0.616539893,0.757416795,0.09760071
1497535085940020000,103857,-1.677885647,-1.459057674,1.011624938,-0.190401449,-0.618698643,0.756090382,0.096367063
1497535085950020000,103858,-1.67898361,-1.468538029,1.012986401,-0.189361493,-0.619898636,0.755348951,0.096518746
1497535085959990000,103859,-1.679956827,-1.478404561,1.01483883,-0.188104024,-0.621447866,0.754175347,0.098178265
1497535085970020000,103860,-1.680823937,-1.488139136,1.01683008,-0.187654501,-0.621752462,0.75369044,0.100798738
1497535085980010000,103861,-1.68201098,-1.496775754,1.018259556,-0.186824701,-0.620767752,0.75424387,0.104211869
1497535085990010000,103862,-1.683138292,-1.505414957,1.019808248,-0.187610489,-0.620474988,0.753805528,0.107658346
1497535085999940000,103863,-1.684237261,-1.514398866,1.021662657,-0.187455648,-0.620256519,0.753467417,0.111485797
1497535086009990000,103864,-1.685446759,-1.522156488,1.022752396,-0.18903911,-0.619646508,0.753014122,0.115204823
1497535086019960000,103865,-1.686628541,-1.530517417,1.024161855,-0.190131966,-0.620115997,0.751841374,0.118492761
1497535086029970000,103866,-1.687868076,-1.537870297,1.024925894,-0.191109442,-0.621386566,0.750150675,0.120954052
1497535086039910000,103867,-1.689064505,-1.545690608,1.025924459,-0.191474672,-0.623704325,0.747928915,0.122199439
1497535086049980000,103868,-1.690185422,-1.553580195,1.02684224,-0.192411232,-0.626524535,0.745104924,0.123545845
1497535086059990000,103869,-1.69123546,-1.560964784,1.027531907,-0.192834518,-0.629938862,0.742059052,0.123855731
1497535086069990000,103870,-1.692141977,-1.568032557,1.027983664,-0.193620522,-0.632362805,0.739705571,0.12435451
1497535086079940000,103871,-1.692801411,-1.575130196,1.02861645,-0.193847427,-0.634772602,0.737756914,0.12329499
1497535086089930000,103872,-1.693302195,-1.582020087,1.029114591,-0.194224972,-0.637584215,0.735438113,0.122040202
1497535086100100000,103873,-1.69351101,-1.588736955,1.029562492,-0.194641061,-0.639322908,0.734080082,0.120447127
1497535086110000000,103874,-1.693418788,-1.595571037,1.030116987,-0.194705666,-0.641016821,0.732872956,0.118677588
1497535086120060000,103875,-1.693244547,-1.602340814,1.030481371,-0.194252484,-0.643993249,0.730752197,0.116361049
1497535086130020000,103876,-1.692884216,-1.608977699,1.030809392,-0.19331552,-0.646864138,0.728844647,0.113935845
1497535086140030000,103877,-1.69236828,-1.615315705,1.031035973,-0.191977,-0.649510921,0.727224577,0.111466631
1497535086150020000,103878,-1.69179362,-1.621667505,1.031202183,-0.190999835,-0.651770612,0.725731145,0.109674234
1497535086160010000,103879,-1.691118133,-1.627872146,1.031353939,-0.190190324,-0.654146742,0.724065786,0.107927834
1497535086170020000,103880,-1.690334829,-1.634189761,1.031544891,-0.18928017,-0.656337534,0.722501664,0.106702411
1497535086180020000,103881,-1.689538684,-1.640275909,1.031640223,-0.188558214,-0.658907352,0.720545076,0.105364581
1497535086190010000,103882,-1.688758287,-1.646059422,1.031499161,-0.187680117,-0.661409961,0.718643949,0.104230093
1497535086200010000,103883,-1.687834222,-1.65238005,1.031574749,-0.187013174,-0.663767613,0.716707745,0.103772047
1497535086210000000,103884,-1.686842354,-1.658462206,1.031541493,-0.185943732,-0.666063575,0.714989416,0.10283179
1497535086219980000,103885,-1.685873284,-1.664193026,1.031245712,-0.184721447,-0.668681308,0.713026591,0.101667966
1497535086229980000,103886,-1.684762211,-1.670174551,1.030920263,-0.18347854,-0.671190328,0.711072464,0.101069875
1497535086240020000,103887,-1.683456388,-1.676507748,1.030958562,-0.181536722,-0.674502929,0.708692534,0.099222526
1497535086250030000,103888,-1.682201033,-1.682432274,1.030554759,-0.179782618,-0.676606743,0.707297759,0.098037782
1497535086259920000,103889,-1.680639454,-1.688602395,1.03040642,-0.178132042,-0.678445494,0.706146953,0.096629024
1497535086270020000,103890,-1.679145655,-1.694538827,1.029973146,-0.176272886,-0.680976115,0.704365548,0.095229073
1497535086280010000,103891,-1.677480102,-1.700500722,1.029573577,-0.1744081,-0.683457929,0.702708236,0.093103216
1497535086289960000,103892,-1.67584495,-1.706228574,1.02891083,-0.17223247,-0.685783392,0.701186074,0.091516146
1497535086300000000,103893,-1.674055097,-1.712131411,1.028343694,-0.1697574,-0.688993385,0.698982571,0.088847655
1497535086310000000,103894,-1.672129584,-1.71816412,1.027959231,-0.167216148,-0.69169131,0.697188946,0.086772493
1497535086319920000,103895,-1.670096641,-1.724079626,1.027401185,-0.164802655,-0.693425774,0.696248856,0.085078271
1497535086330000000,103896,-1.667872552,-1.730528246,1.027233746,0.161540284,0.696343749,-0.694350574,-0.082990364
1497535086340030000,103897,-1.665530744,-1.736635136,1.026939807,0.158939738,0.69754751,-0.693958848,-0.081158782
1497535086350030000,103898,-1.66329961,-1.74226852,1.026030186,0.156410363,0.699375613,-0.692873716,-0.079596255
1497535086360010000,103899,-1.660876596,-1.748423054,1.02549757,0.153613761,0.70167126,-0.691361005,-0.077975738
1497535086370030000,103900,-1.658400007,-1.754230301,1.024624406,0.150804706,0.703413447,-0.690404401,-0.076218283
1497535086380020000,103901,-1.655719995,-1.760977244,1.024239286,0.147848586,0.706155012,-0.688443021,-0.074378105
1497535086390060000,103902,-1.652846992,-1.768078182,1.024064091,0.145717786,0.707921618,-0.687179307,-0.073470466
1497535086399970000,103903,-1.650060465,-1.77444273,1.023229023,0.143237014,0.710612876,-0.685095574,-0.071809142
1497535086409960000,103904,-1.64713624,-1.780971873,1.02245939,0.140650933,0.713727229,-0.682547277,-0.070284937
1497535086420060000,103905,-1.644026588,-1.788025314,1.021993556,0.138319217,0.716318814,-0.680439648,-0.068971266
1497535086429950000,103906,-1.640981536,-1.79444787,1.02083436,0.136928565,0.719419418,-0.677561151,-0.067802337
1497535086440030000,103907,-1.637662815,-1.801707824,1.020201472,0.135242499,0.722621501,-0.67454543,-0.067201899
1497535086450030000,103908,-1.634326071,-1.808314763,1.019173851,0.133918669,0.724215057,-0.673194407,-0.066239208
1497535086460010000,103909,-1.630776346,-1.815481475,1.018328866,0.13170649,0.727933147,-0.669727988,-0.065047342
1497535086470020000,103910,-1.626872241,-1.822722424,1.017752241,0.129371913,0.729980581,-0.668058108,-0.063950166
1497535086480020000,103911,-1.622871211,-1.829799862,1.016941739,0.127032274,0.732451047,-0.665986446,-0.061970316
1497535086490040000,103912,-1.618690059,-1.836222229,1.015733693,0.124729639,0.734256546,-0.664551874,-0.060668353
1497535086500010000,103913,-1.614031093,-1.843204799,1.014907746,0.122013452,0.735632464,-0.663691391,-0.058918031
1497535086510010000,103914,-1.609298106,-1.849623954,1.013531006,0.11815802,0.737770666,-0.662284836,-0.055784615
1497535086520030000,103915,-1.603956955,-1.856342657,1.012514195,0.11451616,0.738620516,-0.662191387,-0.053182224
1497535086529920000,103916,-1.598440614,-1.862924506,1.011162296,0.109765367,0.74072455,-0.660904701,-0.04983655
1497535086540030000,103917,-1.592731328,-1.869968442,1.010126676,0.104905683,0.742631332,-0.659828818,-0.046037309
1497535086550030000,103918,-1.586844503,-1.876497653,1.008905936,0.099747329,0.74450402,-0.658742863,-0.042685773
1497535086560010000,103919,-1.580858304,-1.8827902,1.007445213,0.095160682,0.746130009,-0.657788725,-0.03935033
1497535086570020000,103920,-1.574761237,-1.889371898,1.006480621,0.090205337,0.74707752,-0.657548799,-0.036983135
1497535086580010000,103921,-1.568581065,-1.895934765,1.005558827,0.086445828,0.747588532,-0.657563356,-0.035340311
1497535086590040000,103922,-1.562340488,-1.902432739,1.004606756,0.082150754,0.748550629,-0.657113929,-0.033533469
1497535086600030000,103923,-1.556047388,-1.908940118,1.00363591,0.0777779,0.749310372,-0.656869869,-0.031726017
1497535086610060000,103924,-1.549580048,-1.915642516,1.00265046,0.075002595,0.750106485,-0.656336062,-0.030624271
1497535086620040000,103925,-1.542918225,-1.922421238,1.001906452,0.071932,0.750499779,-0.656272596,-0.029700984
1497535086629990000,103926,-1.535965801,-1.929473817,1.001207541,0.068338086,0.751986431,-0.655047695,-0.027546879
1497535086639860000,103927,-1.528882172,-1.936084364,1.000315144,0.063731776,0.75289711,-0.654572657,-0.024876482
1497535086649980000,103928,-1.521541699,-1.942920107,0.999631563,0.059903971,0.753849355,-0.653929486,-0.022335892
1497535086660010000,103929,-1.513905391,-1.950160334,0.999521643,0.055983121,0.754717075,-0.653362777,-0.019624167
1497535086670010000,103930,-1.50606179,-1.956723661,0.999015635,0.051503223,0.754743015,-0.653787345,-0.016507783
1497535086680040000,103931,-1.498006294,-1.963462074,0.998908126,0.048594829,0.75511413,-0.653664776,-0.012788818
1497535086690030000,103932,-1.489774161,-1.970036069,0.998808736,0.043779187,0.755778929,-0.653307589,-0.008413472
1497535086700030000,103933,-1.481324154,-1.976555107,0.999053201,0.039980579,0.756099475,-0.653224278,-0.003630408
1497535086710010000,103934,-1.472616777,-1.983309724,0.999859886,0.03510574,0.756803667,-0.652696022,0.001923391
1497535086720030000,103935,-1.463663244,-1.989319314,1.000355898,0.031338528,0.756046185,-0.65372083,0.007819155
1497535086730060000,103936,-1.454608867,-1.994930721,1.001083657,0.025984933,0.755034764,-0.65501514,0.014228628
1497535086740040000,103937,-1.445450086,-2.00065844,1.002249637,0.020732389,0.754222928,-0.655968937,0.020559587
1497535086750040000,103938,-1.436139066,-2.00640801,1.003906377,0.015278535,0.752697583,-0.657641731,0.026837802
1497535086760010000,103939,-1.426935265,-2.011731157,1.005529385,0.010773686,0.749647068,-0.660948719,0.032557523
1497535086770020000,103940,-1.417847155,-2.016638805,1.007000317,0.005371906,0.747707462,-0.66292018,0.037967462
1497535086780040000,103941,-1.408855225,-2.0221727,1.009208318,-1.14E-05,0.74556704,-0.665089046,0.042265217
1497535086790020000,103942,-1.400226073,-2.026746804,1.010708777,-0.005595374,0.741976148,-0.668734168,0.047272619
1497535086800020000,103943,-1.391916373,-2.031112598,1.012063396,-0.010156151,0.737860826,-0.67297651,0.050605055
1497535086810000000,103944,-1.383892598,-2.035500375,1.013446564,-0.013440924,0.733430945,-0.677478109,0.054053691
1497535086820000000,103945,-1.376131017,-2.040002323,1.014683676,-0.016921376,0.729329316,-0.681550393,0.057284186
1497535086829970000,103946,-1.368566133,-2.044006082,1.015357833,-0.018989482,0.724569333,-0.686223796,0.061119417
1497535086839950000,103947,-1.361201072,-2.048424841,1.016311313,-0.021376245,0.720569282,-0.68996985,0.065303691
1497535086849970000,103948,-1.35389064,-2.052607157,1.017008833,-0.022646953,0.716482482,-0.693719191,0.069954637
1497535086860030000,103949,-1.346721318,-2.05702458,1.017709899,-0.023679109,0.712238187,-0.697487498,0.075281173
1497535086870060000,103950,-1.339587596,-2.060894197,1.018100392,-0.02503953,0.708478737,-0.700586567,0.081297996
1497535086880030000,103951,-1.33242674,-2.065035685,1.01886606,-0.024953047,0.704866613,-0.703532809,0.08707462
1497535086890040000,103952,-1.325367906,-2.068897971,1.019580748,0.026376292,-0.701984761,0.705521734,-0.093598988
1497535086900030000,103953,-1.318247971,-2.072931517,1.020661726,0.027107189,-0.69932386,0.707219108,-0.100262023
1497535086910010000,103954,-1.311168817,-2.076912505,1.021765049,0.02824525,-0.695531801,0.709985287,-0.106576787
1497535086920040000,103955,-1.304111516,-2.080746111,1.023030245,0.029357968,-0.692529625,0.711960932,-0.112483151
1497535086930090000,103956,-1.297052764,-2.084290172,1.024144323,0.031029253,-0.689430156,0.713870555,-0.118794259
1497535086940040000,103957,-1.290061314,-2.088118412,1.025777748,0.032845498,-0.686789883,0.715408771,-0.124222063
1497535086950040000,103958,-1.283103602,-2.091546512,1.027095024,0.034782365,-0.683242888,0.71770728,-0.129867636
1497535086960020000,103959,-1.276115697,-2.095081293,1.028611869,0.03674561,-0.680854255,0.718861111,-0.135373362
1497535086970040000,103960,-1.26911494,-2.098718836,1.030008321,0.03924453,-0.677978973,0.720384457,-0.140892206
1497535086979990000,103961,-1.262074624,-2.101808314,1.030847897,0.041463321,-0.674770829,0.722271429,-0.145907863
1497535086990050000,103962,-1.25496069,-2.105592485,1.032209467,0.044091984,-0.671914263,0.723567182,-0.1517816
1497535087000040000,103963,-1.247714483,-2.109062772,1.033223589,0.047374681,-0.670147364,0.723763369,-0.157558675
1497535087010010000,103964,-1.240337751,-2.112772587,1.034328001,0.051888643,-0.667943993,0.72402697,-0.164144259
1497535087019950000,103965,-1.23282062,-2.116378293,1.035377715,0.055069985,-0.666283525,0.723951599,-0.170081283
1497535087030060000,103966,-1.225185653,-2.11990524,1.036428692,0.060682706,-0.664515473,0.723528922,-0.17675603
1497535087039980000,103967,-1.217394918,-2.123278824,1.037267466,0.065400209,-0.662794142,0.723253406,-0.182568475
1497535087050040000,103968,-1.209503064,-2.126416718,1.03790905,0.071463356,-0.660845204,0.722914324,-0.188604042
1497535087060050000,103969,-1.201481503,-2.129480169,1.038516059,0.07814465,-0.659371076,0.721921697,-0.194813401
1497535087070020000,103970,-1.193479951,-2.132511772,1.03907471,0.085252649,-0.657839107,0.720838546,-0.200926568
1497535087080050000,103971,-1.185416873,-2.135477198,1.03953318,0.092340462,-0.65537289,0.720668299,-0.206389964
1497535087089990000,103972,-1.17731929,-2.138198841,1.039790706,0.099687402,-0.652727241,0.72050406,-0.211857193
1497535087099980000,103973,-1.169282613,-2.140980846,1.040137025,0.10754496,-0.650360279,0.719856495,-0.217421744
1497535087109910000,103974,-1.161217973,-2.143646155,1.040417162,0.114612859,-0.647967656,0.719210725,-0.223019601
1497535087120010000,103975,-1.153305441,-2.146108565,1.040455711,0.121948997,-0.645375097,0.718637329,-0.228429017
1497535087130030000,103976,-1.145347836,-2.148956902,1.040710979,0.128950081,-0.643522979,0.717427204,-0.233555687
1497535087140010000,103977,-1.137405987,-2.151110411,1.040190114,0.134886794,-0.641682981,0.716399558,-0.238369834
1497535087150020000,103978,-1.129665733,-2.154306833,1.040533151,0.141865181,-0.640238573,0.714546565,-0.243704836
1497535087160000000,103979,-1.121866859,-2.157116363,1.040359375,0.147389594,-0.639158656,0.713010813,-0.247725856
1497535087170020000,103980,-1.114113124,-2.159987621,1.039915495,0.153293509,-0.637377196,0.711827216,-0.252098046
1497535087179930000,103981,-1.106372045,-2.162818884,1.039254651,0.158463085,-0.637106066,0.709539098,-0.25600699
1497535087190010000,103982,-1.098586979,-2.165933629,1.03861804,0.163684967,-0.636689306,0.70727511,-0.259992073
1497535087200020000,103983,-1.090790113,-2.168868768,1.037796463,0.168619418,-0.636879504,0.704651103,-0.263474499
1497535087209980000,103984,-1.08293868,-2.171953214,1.036796036,0.173459611,-0.635449778,0.703282608,-0.267411511
1497535087220020000,103985,-1.074917299,-2.175187616,1.035743807,0.178674588,-0.635689064,0.700454651,-0.270810059
1497535087230030000,103986,-1.066804938,-2.177893072,1.034218612,0.183288379,-0.634957253,0.698465224,-0.274555982
1497535087240010000,103987,-1.058668518,-2.180936032,1.032932461,0.188018039,-0.635093971,0.69565368,-0.278156112
1497535087249980000,103988,-1.050432284,-2.183918684,1.031411508,0.192635116,-0.634664025,0.69323837,-0.281982003
1497535087259990000,103989,-1.042255971,-2.186850826,1.030044804,0.197216983,-0.633853088,0.691065171,-0.285945194
1497535087269990000,103990,-1.033985251,-2.19004947,1.028766272,0.200296143,-0.633426479,0.688902626,-0.28994055
1497535087280040000,103991,-1.02575504,-2.192888257,1.027251237,0.204224872,-0.63230462,0.686983007,-0.294172429
1497535087290010000,103992,-1.017549012,-2.195747203,1.025757281,0.207326323,-0.631188275,0.685217182,-0.298487137
1497535087300000000,103993,-1.009224842,-2.198559861,1.024204262,0.209209222,-0.629298139,0.684645655,-0.302449466
1497535087310000000,103994,-1.001017309,-2.201446882,1.022915316,0.211849325,-0.627443854,0.6834043,-0.307233847
1497535087320010000,103995,-0.992707384,-2.204214096,1.021456354,0.213701115,-0.625300572,0.682780183,-0.311676514
1497535087330010000,103996,-0.984324921,-2.207420797,1.020480799,0.214686639,-0.62284067,0.682618526,-0.316245308
1497535087340010000,103997,-0.975591433,-2.210162088,1.018875833,0.215500296,-0.619999199,0.682822489,-0.320802218
1497535087350020000,103998,-0.9668359,-2.213501888,1.017864173,0.216005871,-0.618017247,0.682331671,-0.325299303
1497535087359990000,103999,-0.957814375,-2.216491218,1.016437217,0.2160126,-0.615560944,0.682462507,-0.329648612
1497535087370010000,104000,-0.948596653,-2.21991625,1.015332614,0.215702131,-0.613571877,0.682036167,-0.334408147
1497535087380040000,104001,-0.938956722,-2.223147916,1.013954331,0.214923699,-0.611580155,0.681952974,-0.338699954
1497535087390020000,104002,-0.929091118,-2.226993883,1.013011453,0.214934739,-0.609427854,0.681943645,-0.342569138
1497535087400030000,104003,-0.919108955,-2.230679479,1.011907355,0.215821342,-0.606766647,0.681935023,-0.346727571
1497535087409980000,104004,-0.908860498,-2.234490198,1.010886828,0.216828002,-0.603837202,0.682280722,-0.350512863
1497535087420010000,104005,-0.898616774,-2.238621995,1.010205712,0.217454642,-0.601326249,0.682660075,-0.353688341
1497535087429990000,104006,-0.888477001,-2.242587694,1.00975025,0.218959903,-0.59943687,0.68222385,-0.356794925
1497535087440010000,104007,-0.87836801,-2.246671356,1.009784383,0.219287666,-0.597931622,0.682012015,-0.359513987
1497535087450020000,104008,-0.868370969,-2.250801681,1.010425277,0.220316783,-0.597933754,0.680769309,-0.361232459
1497535087459990000,104009,-0.858513486,-2.255134542,1.01162873,0.219746264,-0.599836679,0.678984412,-0.361784059
1497535087469930000,104010,-0.84883317,-2.259404879,1.013206381,0.219610789,-0.602785297,0.676493405,-0.361631939
1497535087480030000,104011,-0.839254051,-2.26366158,1.015151132,0.218712962,-0.604953096,0.675370738,-0.360653238
1497535087490030000,104012,-0.829661986,-2.267759738,1.017057032,0.219918999,-0.606345986,0.673833772,-0.360455583
1497535087500050000,104013,-0.820151218,-2.27184662,1.019073313,0.221176212,-0.606472269,0.673767276,-0.359597174
1497535087510010000,104014,-0.810505325,-2.275968716,1.020814257,0.221740244,-0.606704503,0.674164372,-0.358110751
1497535087520050000,104015,-0.801254599,-2.280252653,1.022710878,0.221956888,-0.60660005,0.675369971,-0.355874868
1497535087530060000,104016,-0.79200877,-2.284532795,1.024276877,0.22072752,-0.608002585,0.6761396,-0.352771117
1497535087540040000,104017,-0.783198424,-2.288689313,1.025812005,0.219366419,-0.608207532,0.677974572,-0.349731972
1497535087550040000,104018,-0.774522101,-2.292880333,1.027147206,0.216904105,-0.609599079,0.679223474,-0.346405897
1497535087560010000,104019,-0.76630313,-2.296996073,1.028534935,0.215044764,-0.611239881,0.679870275,-0.343391855
1497535087570030000,104020,-0.758128725,-2.30085109,1.029587992,0.213274687,-0.612431535,0.680843252,-0.340432063
1497535087580020000,104021,-0.750112948,-2.304568404,1.030599477,0.212976185,-0.614734968,0.680217033,-0.337708235
1497535087589990000,104022,-0.742027008,-2.308273,1.031668889,0.214413384,-0.618250483,0.677630182,-0.335574996
1497535087599990000,104023,-0.733924279,-2.31162649,1.032501099,0.216307739,-0.621392484,0.675183621,-0.333480764
1497535087609960000,104024,-0.725887176,-2.315057113,1.033479184,0.219481678,-0.625087999,0.67136205,-0.332213463
1497535087620110000,104025,-0.718037414,-2.318012173,1.034215428,0.221770314,-0.628305569,0.66796743,-0.331465764
1497535087630000000,104026,-0.710462744,-2.320705874,1.035063324,0.224286494,-0.630672182,0.664850202,-0.331545436
1497535087640060000,104027,-0.702995886,-2.32307791,1.035691047,0.226958571,-0.632860544,0.661500436,-0.332256696
1497535087650040000,104028,-0.695657623,-2.325196681,1.03630155,0.229476307,-0.634114287,0.658652492,-0.333791238
1497535087660010000,104029,-0.688563321,-2.327353535,1.037048171,0.231977725,-0.634957215,0.656394116,-0.334906607
1497535087670040000,104030,-0.681445082,-2.329154844,1.03721785,0.234299559,-0.635849066,0.653972914,-0.336331846
1497535087680060000,104031,-0.674517185,-2.33114302,1.037700933,0.236626165,-0.637670589,0.650723667,-0.337554419
1497535087690050000,104032,-0.667679294,-2.333127193,1.03796571,0.238951386,-0.639531123,0.647777672,-0.338062517
1497535087700060000,104033,-0.660834998,-2.334994756,1.038139465,0.240320717,-0.641227056,0.645368643,-0.33848653
1497535087710050000,104034,-0.654281474,-2.33697866,1.038424202,0.241065086,-0.642669379,0.643714813,-0.338370999
1497535087720030000,104035,-0.647627404,-2.33895954,1.038592255,-0.242431304,0.644874049,-0.641357045,0.337676865
1497535087729960000,104036,-0.641020512,-2.340723797,1.038511536,-0.24272553,0.646890681,-0.639610915,0.33691934
1497535087740050000,104037,-0.634464403,-2.34269782,1.038774562,-0.2441524,0.649035889,-0.637216902,0.336298438
1497535087750000000,104038,-0.627982714,-2.344460273,1.038855587,-0.24509795,0.650923052,-0.635506397,0.335198141
1497535087760030000,104039,-0.621293101,-2.346084545,1.038756611,-0.246603998,0.653157563,-0.633125206,0.334251611
1497535087770040000,104040,-0.614708597,-2.347887939,1.038856142,-0.247648855,0.655607402,-0.631010377,0.332678348
1497535087780040000,104041,-0.607926255,-2.349366522,1.03859868,-0.249456611,0.657430256,-0.62885205,0.331816149
1497535087790060000,104042,-0.601278539,-2.350868083,1.03843423,-0.250093891,0.659232332,-0.626974897,0.331312928
1497535087800060000,104043,-0.594511007,-2.352313409,1.038142449,-0.251354921,0.661181167,-0.624999449,0.330205778
1497535087810020000,104044,-0.587613645,-2.353508775,1.037530139,-0.253068585,0.663145537,-0.62245173,0.329769817
1497535087820000000,104045,-0.580562911,-2.354709969,1.036921558,-0.255105852,0.664734298,-0.619977215,0.329662813
1497535087830020000,104046,-0.57303024,-2.356229593,1.035905618,-0.259756754,0.670721369,-0.611773054,0.32923093
1497535087840050000,104047,-0.566132112,-2.356978659,1.035690132,-0.260244192,0.66817276,-0.614941241,0.328124051
1497535087849980000,104048,-0.558703044,-2.357906445,1.034879614,-0.263464092,0.670209795,-0.611662263,0.327528288
1497535087860040000,104049,-0.551141635,-2.358896114,1.034032665,-0.266667698,0.672519662,-0.608285536,0.3264879
1497535087870050000,104050,-0.543573398,-2.359886444,1.033139409,-0.269800971,0.674857827,-0.604729254,0.325694456
1497535087880060000,104051,-0.535805364,-2.360740839,1.03195934,-0.272618787,0.677039588,-0.601667631,0.324487988
1497535087890050000,104052,-0.528081271,-2.361620152,1.030856262,-0.274965755,0.679665136,-0.598387483,0.323081347
1497535087900060000,104053,-0.520216213,-2.362560564,1.029678314,-0.278058992,0.681775572,-0.595164968,0.321937769
1497535087910020000,104054,-0.512240664,-2.36331471,1.028420353,-0.28189956,0.684146846,-0.591315096,0.320658992
1497535087920050000,104055,-0.50429882,-2.36422516,1.027080614,-0.284940557,0.685550295,-0.589369717,0.318548283
1497535087930040000,104056,-0.495951415,-2.365541428,1.025480267,-0.289552469,0.690462236,-0.582480727,0.316445053
1497535087940050000,104057,-0.48785057,-2.366374967,1.024036651,-0.291689419,0.69291042,-0.579317509,0.314934367
1497535087950080000,104058,-0.479740905,-2.366989484,1.022704123,-0.295064458,0.694893254,-0.575853328,0.313772651
1497535087960010000,104059,-0.471866544,-2.367673702,1.02142505,-0.296196768,0.695927221,-0.575181688,0.311638899
1497535087970050000,104060,-0.46394484,-2.368157771,1.020279196,-0.298536034,0.697098782,-0.573271432,0.310305317
1497535087980040000,104061,-0.45614698,-2.368675425,1.019090887,-0.299486333,0.697845611,-0.572554996,0.309031094
1497535087990060000,104062,-0.448384348,-2.369173378,1.017957467,-0.300137024,0.699085739,-0.571791091,0.307004632
1497535088000060000,104063,-0.440698673,-2.369671715,1.016985958,-0.299923485,0.700303508,-0.570835559,0.306215061
1497535088010030000,104064,-0.432869426,-2.370179674,1.01592411,-0.299777109,0.701083308,-0.570842863,0.304555916
1497535088020070000,104065,-0.425116763,-2.370690081,1.014962317,-0.298126468,0.701893284,-0.57118235,0.303672769
1497535088030050000,104066,-0.417407456,-2.371208147,1.013938296,-0.2976827,0.703103911,-0.570352386,0.3028664
1497535088040050000,104067,-0.409397164,-2.371534373,1.013042448,-0.296840796,0.703654037,-0.570180615,0.30273851
1497535088050080000,104068,-0.401404943,-2.37162251,1.011995441,-0.296063144,0.703976452,-0.57027525,0.302572155
1497535088060030000,104069,-0.393235378,-2.371525157,1.010932118,-0.296432165,0.70436523,-0.569582206,0.302611476
1497535088069940000,104070,-0.384915506,-2.371206743,1.009746205,-0.296579761,0.704349338,-0.569542104,0.302579325
1497535088080040000,104071,-0.376599101,-2.370653719,1.008703493,-0.296576183,0.704364602,-0.569169919,0.303246895
1497535088090070000,104072,-0.368112371,-2.370064712,1.007852557,-0.297417708,0.703807256,-0.569202085,0.30365612
1497535088100050000,104073,-0.359650646,-2.369429004,1.007047302,-0.297009907,0.703789602,-0.568966362,0.304536681
1497535088110000000,104074,-0.35090668,-2.36890764,1.006549606,-0.29702891,0.703674014,-0.568886018,0.304935086
1497535088120030000,104075,-0.342258216,-2.368305784,1.006276646,-0.295367407,0.704004074,-0.568989402,0.305593553
1497535088130020000,104076,-0.333475927,-2.367687249,1.006290468,-0.294317223,0.704069485,-0.569177586,0.306105223
1497535088140020000,104077,-0.324907624,-2.366950404,1.006594278,-0.292766504,0.704018804,-0.569905948,0.306353566
1497535088150060000,104078,-0.31610833,-2.36600069,1.007235392,-0.291370871,0.703583895,-0.570034816,0.308436423
1497535088160030000,104079,-0.307138678,-2.364776282,1.00819034,-0.290809433,0.702657154,-0.570399245,0.310398935
1497535088170060000,104080,-0.298207116,-2.363231845,1.009473671,-0.286731584,0.699487403,-0.574515668,0.313742122
1497535088180050000,104081,-0.288409166,-2.361352702,1.011325186,-0.28337086,0.697442252,-0.575667386,0.319190101
1497535088190060000,104082,-0.279312561,-2.359670138,1.012910008,-0.287076729,0.695541898,-0.574555701,0.322015784
1497535088200100000,104083,-0.270117212,-2.357677127,1.014699676,-0.288963899,0.691973643,-0.575715513,0.325920221
1497535088210050000,104084,-0.260855734,-2.355598828,1.016725676,-0.291685077,0.688709187,-0.576534436,0.328949109
1497535088220050000,104085,-0.251917345,-2.353236417,1.019014495,-0.292699934,0.684677111,-0.578782412,0.332498004
1497535088230050000,104086,-0.242922848,-2.351172974,1.021282526,-0.294959064,0.680624606,-0.580779707,0.335327047
1497535088240050000,104087,-0.234205194,-2.348973631,1.023478155,-0.296339263,0.676192713,-0.582927203,0.33932629
1497535088250060000,104088,-0.225755877,-2.347055689,1.025521763,-0.297077408,0.671323488,-0.586438409,0.342286111
1497535088260030000,104089,-0.217569872,-2.345338539,1.027354855,-0.297621751,0.666353279,-0.589570757,0.346122699
1497535088270060000,104090,-0.209752025,-2.34375571,1.028894672,-0.298383265,0.662090387,-0.592762608,0.348189944
1497535088280040000,104091,-0.202112048,-2.342562593,1.030283647,-0.297297279,0.657856154,-0.595304944,0.352777028
1497535088290040000,104092,-0.19472732,-2.341482585,1.031463309,-0.295905088,0.653693519,-0.598733486,0.355869604
1497535088300050000,104093,-0.187595413,-2.340686816,1.032488403,-0.294133393,0.649841541,-0.601786939,0.359226946
1497535088309980000,104094,-0.180301906,-2.339971103,1.03336447,-0.291371966,0.64708784,-0.604467621,0.361937288
1497535088319940000,104095,-0.173197056,-2.339491406,1.034505552,-0.289021535,0.645101499,-0.60562061,0.365423433
1497535088330000000,104096,-0.165975429,-2.339050522,1.035304367,-0.288838659,0.644465955,-0.604488562,0.368550458
1497535088340030000,104097,-0.159174777,-2.338370199,1.036559628,-0.281590148,0.63863832,-0.611449715,0.372796635
1497535088350050000,104098,-0.152456391,-2.337663271,1.037751754,-0.27913384,0.635916088,-0.612887574,0.376913585
1497535088360070000,104099,-0.145793868,-2.337255072,1.03895309,-0.283294854,0.63615616,-0.608208392,0.380961833
1497535088370060000,104100,-0.139455208,-2.336699594,1.040389686,-0.2819608,0.632720896,-0.610003454,0.384783264
1497535088380050000,104101,-0.133167968,-2.33610399,1.041868031,-0.281632695,0.629539491,-0.611498549,0.387856389
1497535088390050000,104102,-0.12695783,-2.335847921,1.043456807,-0.280019576,0.626758483,-0.612919758,0.391269997
1497535088400070000,104103,-0.120635898,-2.335261905,1.045258431,-0.27973947,0.623247312,-0.614917207,0.39393584
1497535088409910000,104104,-0.114424283,-2.33492398,1.046912341,-0.27835352,0.619689714,-0.61732057,0.396760999
1497535088420050000,104105,-0.10834219,-2.334624112,1.048699946,0.278979439,-0.617239603,0.618084798,-0.398944768
1497535088430060000,104106,-0.102246566,-2.334348339,1.050060589,0.278721608,-0.613910518,0.620043189,-0.401216382
1497535088440070000,104107,-0.096274706,-2.334161645,1.051599218,0.278284739,-0.610827408,0.621794704,-0.403508151
1497535088450070000,104108,-0.090251724,-2.334147544,1.052848253,0.278928074,-0.607826583,0.62307383,-0.405616786
1497535088460030000,104109,-0.084220474,-2.334076876,1.054025478,0.277381409,-0.604965203,0.624965668,-0.408037464
1497535088470070000,104110,-0.078085838,-2.334123102,1.055130227,0.277218528,-0.602944462,0.626444436,-0.408870679
1497535088480010000,104111,-0.072014895,-2.334324821,1.056120627,0.277316337,-0.600977874,0.627857085,-0.409532325
1497535088490060000,104112,-0.065768095,-2.334666617,1.05689614,0.277523904,-0.599742892,0.628381142,-0.410397474
1497535088500080000,104113,-0.059391252,-2.334947227,1.057746433,0.277352736,-0.599129926,0.628886856,-0.410633796
1497535088510040000,104114,-0.05302563,-2.335264346,1.058409815,0.277312163,-0.597636793,0.630318763,-0.410641553
1497535088520020000,104115,-0.04660236,-2.335604343,1.058827048,0.278568503,-0.595962238,0.630562869,-0.411848356
1497535088530050000,104116,-0.040403623,-2.33584093,1.059219857,0.277242254,-0.592786902,0.633086202,-0.413451669
1497535088540070000,104117,-0.033811024,-2.336136738,1.059495949,0.277299535,-0.590496775,0.634413088,-0.414654749
1497535088550070000,104118,-0.027110752,-2.3365442,1.059428387,0.279293073,-0.590394992,0.633488857,-0.41487468
1497535088560000000,104119,-0.020301981,-2.33704831,1.059195183,0.28272083,-0.589774316,0.63216808,-0.415450007
1497535088570000000,104120,-0.013553586,-2.337531665,1.058649051,0.285602435,-0.589240768,0.630724693,-0.416428778
1497535088580050000,104121,-0.00655709,-2.338171283,1.058068964,0.287751709,-0.589730325,0.629245636,-0.41649373
1497535088590060000,104122,0.000633308,-2.338965795,1.057200835,0.290727953,-0.589757853,0.627719652,-0.416690497
1497535088600100000,104123,0.007947484,-2.339833303,1.056337482,0.29314412,-0.590274456,0.625988995,-0.416869727
1497535088610030000,104124,0.0153187,-2.340720109,1.055595666,0.294786801,-0.591258945,0.623758177,-0.417659357
1497535088619950000,104125,0.022906637,-2.341699693,1.054426601,0.297772776,-0.592476282,0.620892553,-0.418085716
1497535088630050000,104126,0.03053818,-2.342740291,1.053163969,0.300909588,-0.592876202,0.618841354,-0.418314006
1497535088640090000,104127,0.03842694,-2.343828225,1.051901032,0.30268415,-0.594668669,0.616317616,-0.418215345
1497535088650080000,104128,0.046305907,-2.344977221,1.050271456,0.305370043,-0.595848754,0.613767991,-0.418332705
1497535088659950000,104129,0.054204264,-2.346357563,1.048808812,0.30872308,-0.596802133,0.611204511,-0.418265849
1497535088670080000,104130,0.062414651,-2.347446785,1.047253906,0.311700459,-0.597128435,0.608283085,-0.419847763
1497535088680060000,104131,0.070224101,-2.348547763,1.04590984,0.314530289,-0.596790731,0.606457125,-0.420857788
1497535088690070000,104132,0.078302586,-2.349610733,1.044408048,0.317179292,-0.596565621,0.604386099,-0.422166082
1497535088700060000,104133,0.086080612,-2.35049991,1.043193056,0.318171254,-0.595294755,0.603860448,-0.423961988
1497535088710040000,104134,0.093710348,-2.351611654,1.041959772,0.319178283,-0.593058218,0.603471682,-0.426883009
1497535088720010000,104135,0.101047978,-2.352667252,1.040858213,0.319331197,-0.591383437,0.602925032,-0.429854188
1497535088730060000,104136,0.107874811,-2.353923074,1.039431359,0.320161109,-0.588452723,0.602872562,-0.43331851
1497535088740070000,104137,0.11556014,-2.355544817,1.038373275,0.317536553,-0.587410548,0.604050008,-0.435020658
1497535088750080000,104138,0.122775009,-2.357382564,1.03726094,0.317566163,-0.585382516,0.604351161,-0.437308491
1497535088760090000,104139,0.130532506,-2.359516898,1.03615337,0.314705649,-0.585244558,0.605499351,-0.437972257
1497535088770060000,104140,0.138017308,-2.361817758,1.035245712,0.314491089,-0.584425537,0.60548025,-0.439244595
1497535088780060000,104141,0.145933197,-2.364269766,1.034389922,0.312683879,-0.583087724,0.607381417,-0.439687744
1497535088790070000,104142,0.153771625,-2.366741428,1.033940542,0.310741528,-0.581499705,0.608841093,-0.441146598
1497535088800060000,104143,0.16183083,-2.369152904,1.033847741,0.31076376,-0.578827906,0.610646769,-0.442147785
1497535088810050000,104144,0.17025926,-2.371592285,1.033979749,0.31050557,-0.5773367,0.612094103,-0.442277555
1497535088820100000,104145,0.17855549,-2.37409494,1.034639442,0.310086452,-0.575355574,0.614050468,-0.442441385
1497535088830030000,104146,0.186603612,-2.376695376,1.035499701,0.309065389,-0.572282046,0.616753413,-0.443381407
1497535088840070000,104147,0.194645687,-2.379373755,1.036783028,0.310771154,-0.571545955,0.616847328,-0.443007771
1497535088850070000,104148,0.202814562,-2.382289307,1.038450103,0.310333678,-0.570451718,0.61822648,-0.442802286
1497535088860080000,104149,0.210607548,-2.385455137,1.040092235,0.30922913,-0.570550775,0.619623246,-0.441493138
1497535088870070000,104150,0.218725468,-2.388905811,1.041906166,0.307073364,-0.572111461,0.620747599,-0.439393723
1497535088880050000,104151,0.226757712,-2.392570745,1.043499358,0.303478181,-0.571968706,0.62392623,-0.43757154
1497535088890030000,104152,0.23428291,-2.396303722,1.044991512,0.301428618,-0.57217411,0.62572977,-0.436141985
1497535088900060000,104153,0.242260084,-2.400343279,1.046621228,0.301452649,-0.574581705,0.62607599,-0.432447708
1497535088910090000,104154,0.249758963,-2.404650515,1.048085579,0.297298052,-0.576647837,0.628283901,-0.429360548
1497535088920080000,104155,0.25714507,-2.40888201,1.04956514,0.29413789,-0.579661433,0.629033863,-0.426370641
1497535088930070000,104156,0.264650552,-2.413258447,1.051221246,0.289873081,-0.583799121,0.63008904,-0.422066328
1497535088940070000,104157,0.271892439,-2.417565355,1.052766789,0.286918644,-0.588391095,0.629756434,-0.418187093
1497535088950030000,104158,0.278802428,-2.421734425,1.054080987,0.283754523,-0.592175206,0.629681071,-0.415106788
1497535088960050000,104159,0.285694341,-2.42579639,1.055316171,0.281907988,-0.596816062,0.628816594,-0.411008717
1497535088970070000,104160,0.292503303,-2.429480093,1.056543287,0.280886099,-0.601025798,0.627777508,-0.407144188
1497535088980070000,104161,0.299322531,-2.43290706,1.05764441,0.280878033,-0.603702283,0.627268785,-0.403961577
1497535088990060000,104162,0.305767664,-2.436117295,1.058472568,0.281289528,-0.606460263,0.626507402,-0.400712647
1497535089000060000,104163,0.312016918,-2.439046917,1.059173992,0.281304907,-0.609351734,0.625640255,-0.397658502
1497535089010040000,104164,0.318126375,-2.441750104,1.059760981,0.280143756,-0.610949664,0.625851504,-0.395689119
1497535089020070000,104165,0.32412863,-2.444344736,1.060335631,0.279900865,-0.613384162,0.62521944,-0.393085268
1497535089030060000,104166,0.329914721,-2.446878559,1.060784907,0.279419211,-0.614563241,0.625498294,-0.391137841
1497535089040000000,104167,0.335243484,-2.449486443,1.061088231,0.280136876,-0.61646595,0.624601996,-0.389057077
1497535089050030000,104168,0.34110186,-2.451990422,1.061632476,0.279342518,-0.619082599,0.62391882,-0.386561507
1497535089059930000,104169,0.346219652,-2.454705586,1.061693458,0.277934438,-0.621065011,0.623711288,-0.384727085
1497535089070040000,104170,0.351459086,-2.457410232,1.061910262,-0.276496239,0.624170757,-0.622775818,0.382244655
1497535089080010000,104171,0.35644145,-2.460088174,1.061964313,-0.273814582,0.62742475,-0.622410377,0.379432576
1497535089090100000,104172,0.361442721,-2.46281402,1.062095761,-0.271517071,0.630707699,-0.62191316,0.376444284
1497535089100070000,104173,0.36643591,-2.465387938,1.062298286,-0.268080385,0.634635165,-0.621128325,0.373591645
1497535089110060000,104174,0.370976923,-2.4679535,1.062203736,-0.263909751,0.637385688,-0.621692691,0.370930352
1497535089120070000,104175,0.375711286,-2.470451944,1.062334702,-0.260337677,0.641160027,-0.6208831,0.36829647
1497535089130070000,104176,0.380123204,-2.472814642,1.062370082,-0.257805523,0.644315697,-0.620398692,0.365375228
1497535089140080000,104177,0.384767882,-2.474957882,1.062511297,-0.253937884,0.647590889,-0.620315578,0.362422647
1497535089150040000,104178,0.389282789,-2.476985805,1.062538038,-0.251446183,0.650198462,-0.620101535,0.35984839
1497535089160030000,104179,0.393862723,-2.478815308,1.062510192,-0.2494538,0.652721499,-0.620013583,0.356806113
1497535089170050000,104180,0.398457586,-2.480457727,1.062373206,-0.247892782,0.65546146,-0.619733744,0.353340529
1497535089180060000,104181,0.403097802,-2.482010714,1.062274648,-0.246999549,0.657479281,-0.619441649,0.350719633
1497535089190040000,104182,0.407881426,-2.483439964,1.062133615,-0.246364069,0.659779696,-0.618721462,0.348108101
1497535089200070000,104183,0.412522478,-2.484770805,1.061792929,-0.245442546,0.662232665,-0.618316538,0.344805037
1497535089210100000,104184,0.417154217,-2.485990314,1.061405607,-0.245328177,0.663751133,-0.618554717,0.341523911
1497535089220080000,104185,0.42200742,-2.487061523,1.061123154,-0.244054761,0.665217433,-0.618757728,0.339207775
1497535089230070000,104186,0.426699493,-2.48806276,1.060802221,-0.24387533,0.666875116,-0.618191996,0.337106895
1497535089240080000,104187,0.431674486,-2.489053028,1.060382616,-0.242584252,0.668406492,-0.618797022,0.33388005
1497535089250080000,104188,0.436478585,-2.489993375,1.060262631,-0.242584417,0.669857806,-0.618018109,0.332410795
1497535089260060000,104189,0.441541394,-2.490852386,1.060012601,-0.241816984,0.671554156,-0.617768975,0.330001599
1497535089270080000,104190,0.446613446,-2.491758948,1.059671001,-0.241266817,0.673334677,-0.61750971,0.327249894
1497535089280030000,104191,0.45199606,-2.492629031,1.059407601,-0.240439361,0.67482929,-0.617503014,0.324783577
1497535089290080000,104192,0.457264247,-2.493395307,1.059065001,-0.239940156,0.675952025,-0.61744991,0.322913596
1497535089300000000,104193,0.462470509,-2.494215737,1.058737452,-0.238965459,0.677543782,-0.617082814,0.320996469
1497535089310090000,104194,0.467742392,-2.494940605,1.058351497,-0.238917005,0.67926255,-0.616156488,0.319174302
1497535089320080000,104195,0.47347128,-2.495693859,1.057809325,-0.238434014,0.680911425,-0.616065874,0.316183002
1497535089330050000,104196,0.479469393,-2.49635089,1.057549729,-0.237060116,0.682377181,-0.616063671,0.314053241
1497535089340070000,104197,0.485342058,-2.496881811,1.057072154,-0.23758056,0.684325647,-0.614863587,0.311763781
1497535089350020000,104198,0.49156953,-2.497292636,1.056521919,-0.236821606,0.685142512,-0.615520654,0.309240342
1497535089360030000,104199,0.497892359,-2.497818645,1.05581344,-0.237173758,0.68677847,-0.614955734,0.306452912
1497535089370090000,104200,0.50424535,-2.498088562,1.055140368,-0.237770854,0.688303948,-0.613886167,0.304707189
1497535089380060000,104201,0.51110922,-2.498272534,1.054436575,-0.239160794,0.689658535,-0.613040967,0.30224823
1497535089390090000,104202,0.517868445,-2.498423649,1.053489084,-0.240981343,0.690903668,-0.612017013,0.30002548
1497535089400100000,104203,0.525011239,-2.498395486,1.052636807,-0.242946985,0.691555351,-0.611105077,0.298795155
1497535089410060000,104204,0.53230826,-2.498309231,1.051661482,-0.245720307,0.692380516,-0.609762001,0.297356779
1497535089420090000,104205,0.539925362,-2.498210606,1.050610034,-0.249456623,0.692956341,-0.608535157,0.295411349
1497535089430070000,104206,0.547551782,-2.498080314,1.049352267,-0.253521209,0.693584088,-0.606749681,0.294147808
1497535089440080000,104207,0.555303184,-2.497808708,1.048087321,-0.257122123,0.693976607,-0.605285622,0.293110899
1497535089450090000,104208,0.563049123,-2.497218957,1.046940619,-0.260244752,0.693705388,-0.60454512,0.292524702
1497535089460070000,104209,0.570889981,-2.496728083,1.045715599,-0.263904837,0.693573212,-0.60305112,0.292642756
1497535089470090000,104210,0.578597994,-2.496318588,1.044263495,-0.267518519,0.693199409,-0.602422678,0.2915396
1497535089480070000,104211,0.5864134,-2.495891179,1.042802108,-0.270331827,0.693674944,-0.601040878,0.290664131
1497535089490050000,104212,0.5944007,-2.495426559,1.041512822,-0.272619427,0.694035114,-0.599691395,0.290455055
1497535089500090000,104213,0.602228541,-2.494868651,1.040266842,-0.275476605,0.694114019,-0.598218914,0.290607121
1497535089510100000,104214,0.610108955,-2.494240638,1.039135726,-0.278026123,0.694108653,-0.597015679,0.290666359
1497535089520080000,104215,0.617790995,-2.493595371,1.037882445,-0.279918538,0.6940878,-0.596474799,0.290009574
1497535089530070000,104216,0.625750208,-2.49302688,1.036763113,-0.280826749,0.694197494,-0.596019074,0.289805866
1497535089540090000,104217,0.633798887,-2.492472129,1.035654242,-0.282031918,0.694480022,-0.595172487,0.289698475
1497535089550090000,104218,0.641803942,-2.491812411,1.034635009,-0.283610043,0.69487286,-0.593878986,0.28987032
1497535089560050000,104219,0.649955372,-2.491074416,1.033703595,-0.284818789,0.695601918,-0.592533832,0.289689296
1497535089570030000,104220,0.658163088,-2.490477035,1.03260554,-0.285446286,0.696113017,-0.591872345,0.289195804
1497535089580020000,104221,0.666707613,-2.489689818,1.03171924,-0.285813994,0.69631291,-0.591725785,0.288650804
1497535089590080000,104222,0.675358143,-2.48889176,1.030905666,-0.286172437,0.696318686,-0.591695223,0.288344215
1497535089600070000,104223,0.684008595,-2.487881284,1.030346649,-0.286858698,0.696478739,-0.591481548,0.287713455
1497535089610050000,104224,0.692476003,-2.48681086,1.029702026,-0.287786146,0.696502002,-0.591099851,0.287515323
1497535089620080000,104225,0.701554613,-2.485611015,1.029489868,-0.288525643,0.69695969,-0.590342371,0.287221218
1497535089630030000,104226,0.710974878,-2.484349944,1.029591286,-0.289144517,0.697343265,-0.589600338,0.287192027
1497535089640080000,104227,0.720065125,-2.482888046,1.029839703,-0.290476312,0.697425345,-0.587978016,0.288969295
1497535089650050000,104228,0.729481898,-2.481299761,1.030413179,-0.291737589,0.696988215,-0.586984378,0.290767859
1497535089660060000,104229,0.738938359,-2.479324711,1.031245835,-0.292790114,0.69662295,-0.585595175,0.293374684
1497535089670080000,104230,0.748511069,-2.477027728,1.03251433,-0.295163555,0.695136149,-0.58436955,0.296945179
1497535089680050000,104231,0.75781705,-2.474586451,1.033900752,-0.297525964,0.692963789,-0.583421139,0.301495045
1497535089690090000,104232,0.767325442,-2.471890322,1.035918473,-0.30016434,0.691409663,-0.581560539,0.306008802
1497535089700080000,104233,0.776410374,-2.468791017,1.037989167,-0.301715845,0.688247784,-0.58213045,0.310494246
1497535089710050000,104234,0.78536459,-2.465701912,1.040291264,-0.3055287,0.685296644,-0.58145712,0.31452876
1497535089720080000,104235,0.794472191,-2.462070838,1.043010912,-0.307891607,0.680743377,-0.582906234,0.319392447
1497535089730070000,104236,0.802998562,-2.458446828,1.045401324,-0.310570619,0.675677558,-0.585437247,0.322907041
1497535089740050000,104237,0.811688801,-2.454724665,1.048078973,-0.312957917,0.670846727,-0.587571009,0.326775643
1497535089750050000,104238,0.819869192,-2.45135434,1.050313016,-0.317005704,0.665638634,-0.589509499,0.330016883
1497535089760030000,104239,0.828076128,-2.448084266,1.052483063,-0.319117654,0.660078134,-0.592923946,0.333019479
1497535089770070000,104240,0.835879149,-2.445010096,1.054478823,-0.320746948,0.654938133,-0.596587041,0.335054234
1497535089779970000,104241,0.843427665,-2.442196572,1.056129581,-0.3208146,0.650032154,-0.6004827,0.33757476
1497535089790020000,104242,0.850759787,-2.439581527,1.057428645,-0.320755977,0.646212181,-0.603297152,0.339938181
1497535089800010000,104243,0.858067913,-2.437235042,1.058633138,-0.319022551,0.64249761,-0.606478535,0.342936173
1497535089809960000,104244,0.8652725,-2.434880494,1.059940868,-0.317268828,0.639136677,-0.608904995,0.346524899
1497535089820130000,104245,0.872422699,-2.432484037,1.061131007,-0.314627921,0.636148561,-0.611398533,0.350023017
1497535089830150000,104246,0.87961766,-2.430128949,1.062427681,-0.313317197,0.633659875,-0.611946977,0.354722983
1497535089840110000,104247,0.886829556,-2.42764394,1.06356725,-0.312082427,0.631583089,-0.611878885,0.359599207
1497535089850020000,104248,0.89415912,-2.425004356,1.064893672,-0.311483372,0.628921241,-0.611772715,0.364925098
1497535089860130000,104249,0.901531045,-2.422156637,1.06641777,-0.311075343,0.626635951,-0.611274266,0.370004444
1497535089870080000,104250,0.908626307,-2.419334629,1.067696517,-0.312249663,0.624028061,-0.610078545,0.375357557
1497535089880070000,104251,0.916034568,-2.416173182,1.069294256,-0.312153978,0.621038515,-0.60981397,0.380786001
1497535089890090000,104252,0.923201202,-2.413019617,1.070806797,-0.313585339,0.61711167,-0.60956008,0.386359846
1497535089900090000,104253,0.930388294,-2.409654954,1.072421847,-0.314818203,0.613579063,-0.608633138,0.392397676
1497535089910030000,104254,0.937454194,-2.40623019,1.073930848,-0.317209893,0.609269736,-0.608034224,0.39807368
1497535089920090000,104255,0.944753618,-2.402682451,1.075361679,0.319152285,-0.605612153,0.607059464,-0.403552407
1497535089930050000,104256,0.951911197,-2.399118714,1.07658448,0.321587161,-0.601947897,0.605307142,-0.409687308
1497535089940100000,104257,0.959199479,-2.395507536,1.077650389,0.324682943,-0.597588469,0.603779441,-0.415835778
1497535089950080000,104258,0.966739081,-2.391907856,1.078649703,0.327032276,-0.594247882,0.601932564,-0.421422036
1497535089960050000,104259,0.974279839,-2.388115977,1.079531488,0.330493939,-0.5910218,0.599270974,-0.427014387
1497535089970090000,104260,0.98184794,-2.384393049,1.080249591,0.334672066,-0.587983233,0.595759813,-0.432828571
1497535089980110000,104261,0.989351629,-2.380510504,1.080793181,0.338792992,-0.584277985,0.592670602,-0.438839495
1497535089990070000,104262,0.996708647,-2.376594076,1.081217833,0.342104805,-0.580539962,0.589671212,-0.445225243
1497535090000100000,104263,1.004246757,-2.372556239,1.081765371,0.346579742,-0.577048711,0.586119123,-0.450956363
1497535090010060000,104264,1.011934804,-2.36836745,1.08250224,0.351384772,-0.573498631,0.58181071,-0.457301169
1497535090020090000,104265,1.019273029,-2.364202674,1.082908708,0.356017397,-0.569602315,0.577557515,-0.463931172
1497535090030040000,104266,1.026751226,-2.35988721,1.08358561,0.361013702,-0.56596356,0.572742462,-0.470447051
1497535090040100000,104267,1.033605963,-2.355545143,1.083708555,0.366011644,-0.561554704,0.56828301,-0.477227631
1497535090050060000,104268,1.040938765,-2.350863033,1.0845939,0.370137835,-0.556067111,0.564823928,-0.484521703
1497535090060070000,104269,1.047988859,-2.346212042,1.085219589,0.375366124,-0.551582363,0.559957324,-0.491228018
1497535090070100000,104270,1.054545778,-2.341448967,1.085482416,0.380652206,-0.545924748,0.555746179,-0.498213059
1497535090080090000,104271,1.061416871,-2.336510527,1.086115113,-0.385943323,0.540117441,-0.551365021,0.505289536
1497535090090090000,104272,1.066911008,-2.331602721,1.085310438,-0.391258182,0.533872388,-0.547395367,0.512108993
1497535090100070000,104273,1.074646757,-2.326193185,1.08698796,-0.397179811,0.528200697,-0.543020447,0.518055031
1497535090110040000,104274,1.081237893,-2.320872552,1.087350642,-0.403199605,0.521648373,-0.538750244,0.524462799
1497535090120090000,104275,1.087281875,-2.315596751,1.08706496,-0.410246707,0.514717471,-0.534143398,0.530522756
1497535090130050000,104276,1.093901698,-2.310121103,1.087320883,-0.416961126,0.508254157,-0.52944373,0.536200027
1497535090140100000,104277,1.0998274,-2.304729508,1.086622076,-0.424217262,0.502109966,-0.52447843,0.54115402
1497535090150030000,104278,1.106833819,-2.299113946,1.087115738,-0.430838285,0.496857102,-0.519640768,0.545421731
1497535090160080000,104279,1.113575525,-2.293527836,1.087160936,-0.437658344,0.49143482,-0.514516635,0.549745054
1497535090170100000,104280,1.120360764,-2.287807051,1.08716641,-0.44424696,0.486318944,-0.509146745,0.553992884
1497535090180100000,104281,1.126196592,-2.282169558,1.086077288,-0.451019984,0.481070521,-0.503431088,0.558309293
1497535090190100000,104282,1.133999423,-2.276079848,1.087189412,-0.457152178,0.476779872,-0.497932934,0.561921376
1497535090200050000,104283,1.139474417,-2.270310972,1.085502485,-0.463793937,0.470893533,-0.492847313,0.565911646
1497535090210060000,104284,1.146219477,-2.264073595,1.085257909,-0.469845634,0.465337057,-0.487800503,0.5698747
1497535090220040000,104285,1.152903582,-2.257844083,1.084705591,-0.475779199,0.46086347,-0.482241753,0.573307864
1497535090230040000,104286,1.158925705,-2.251509917,1.083426181,-0.483288846,0.454207827,-0.476733466,0.576933569
1497535090240070000,104287,1.165299917,-2.245173471,1.082262404,-0.490509052,0.448549393,-0.470763528,0.580160334
1497535090250060000,104288,1.171745389,-2.238707357,1.081272968,-0.496282199,0.442987909,-0.465285076,0.583931066
1497535090260080000,104289,1.178255833,-2.232358499,1.080352247,-0.503345344,0.43583718,-0.459734988,0.587650541
1497535090270100000,104290,1.183711418,-2.22609868,1.077978198,-0.510029465,0.429884838,-0.453342006,0.591227534
1497535090280100000,104291,1.191399282,-2.219591017,1.078229347,-0.515938154,0.423783795,-0.447992914,0.594573347
1497535090290030000,104292,1.196787118,-2.213438571,1.075982058,-0.520321536,0.417830477,-0.44305875,0.598650262
1497535090300090000,104293,1.203278701,-2.207228227,1.074702193,-0.525113807,0.412553756,-0.43822745,0.60167399
1497535090310080000,104294,1.209553131,-2.201070471,1.073326297,-0.526746774,0.40830939,-0.434562878,0.605785757
1497535090320030000,104295,1.21519747,-2.195123407,1.071164671,-0.529796084,0.40409182,-0.429669707,0.609434044
1497535090330050000,104296,1.222628395,-2.189015741,1.071181096,-0.531601814,0.3997494,-0.4253654,0.61372975
1497535090340090000,104297,1.229363175,-2.182810591,1.069793549,-0.533396807,0.39716719,-0.421086984,0.616791554
1497535090350150000,104298,1.235984239,-2.176772032,1.068710695,-0.535480315,0.393146146,-0.416201584,0.620864866
1497535090360070000,104299,1.242926771,-2.170531509,1.067722718,-0.537897961,0.389364797,-0.412073322,0.623904172
1497535090370100000,104300,1.250186896,-2.164199158,1.066914965,-0.53848899,0.386037622,-0.408619881,0.627721558
1497535090380090000,104301,1.256157798,-2.158060687,1.064617708,-0.539058973,0.382347394,-0.40519412,0.631698995
1497535090390100000,104302,1.263178578,-2.151659393,1.063319583,-0.540246975,0.38096348,-0.40116071,0.634089993
1497535090400100000,104303,1.270348932,-2.145287691,1.062206762,-0.540367711,0.377135366,-0.398028734,0.638235677
1497535090409980000,104304,1.277742535,-2.138829577,1.06105818,-0.540951355,0.37442708,-0.394078555,0.641777286
1497535090420090000,104305,1.285699629,-2.132249683,1.060589987,-0.540967264,0.372263393,-0.390657285,0.645105628
1497535090430000000,104306,1.293307045,-2.125727797,1.059572018,-0.540465926,0.369600197,-0.387759789,0.648794747
1497535090440090000,104307,1.30125036,-2.119177188,1.059095991,-0.539733571,0.368194848,-0.384613871,0.652067785
1497535090450140000,104308,1.309286742,-2.112580545,1.058973362,-0.538212968,0.365148718,-0.382358385,0.656349968
1497535090460070000,104309,1.317346718,-2.106047945,1.059203076,-0.538159402,0.361706666,-0.37889298,0.660297551
1497535090470090000,104310,1.325383378,-2.099605645,1.060298075,-0.538368462,0.358621945,-0.375559085,0.663705563
1497535090480080000,104311,1.333216533,-2.093165481,1.061627063,-0.538550132,0.356255757,-0.372419953,0.666595056
1497535090490080000,104312,1.340551913,-2.086677533,1.062714235,-0.53844513,0.355920821,-0.370108854,0.668144181
1497535090500080000,104313,1.348416034,-2.080136502,1.064962404,-0.539879205,0.356330522,-0.366969689,0.6685
1497535090510040000,104314,1.356107594,-2.073665674,1.067395785,-0.542272554,0.356893565,-0.36354713,0.66813243
1497535090520090000,104315,1.363392508,-2.067246279,1.069553628,-0.543862274,0.356074486,-0.361447362,0.668416481
1497535090530030000,104316,1.370973118,-2.060870373,1.071971263,-0.54453792,0.354268395,-0.361041474,0.66904515
1497535090540140000,104317,1.378332349,-2.054597292,1.073898166,-0.545938954,0.35280996,-0.360674313,0.668872059
1497535090550080000,104318,1.385254231,-2.048441035,1.075040706,-0.547175047,0.351843995,-0.360323389,0.668559889
1497535090560120000,104319,1.392513947,-2.042376913,1.076312873,-0.547758244,0.351297723,-0.360887683,0.668065039
1497535090570090000,104320,1.399799355,-2.036504457,1.07781246,-0.548670952,0.351404122,-0.361192945,0.667094435
1497535090580090000,104321,1.406682479,-2.030843062,1.07909775,-0.548312058,0.352156336,-0.362201533,0.666445685
1497535090590090000,104322,1.413417704,-2.025218637,1.080165422,-0.549996808,0.35334781,-0.361883976,0.664596738
1497535090600090000,104323,1.420101772,-2.019623018,1.081365071,-0.551481878,0.354825248,-0.361612161,0.662724247
1497535090610040000,104324,1.42642474,-2.014102572,1.082430931,-0.553883931,0.355057562,-0.360649484,0.661119255
1497535090620080000,104325,1.43239049,-2.008431255,1.08299378,-0.557263793,0.355059775,-0.35923476,0.65904477
1497535090630110000,104326,1.438553697,-2.002762692,1.084150198,-0.561152614,0.354682408,-0.35762152,0.65682188
1497535090640100000,104327,1.443504131,-1.997182307,1.083933344,-0.564786668,0.353922125,-0.355063202,0.65550383
1497535090650110000,104328,1.449172236,-1.991600182,1.084773341,-0.568502355,0.354050585,-0.352399463,0.653657306
1497535090660080000,104329,1.454185016,-1.986016467,1.08479276,-0.572091232,0.353826959,-0.348604654,0.652681317
1497535090670120000,104330,1.459139552,-1.980440838,1.085060218,-0.576046015,0.354194025,-0.344330419,0.651271175
1497535090680100000,104331,1.463736704,-1.974848895,1.085156107,-0.579397465,0.353250301,-0.339858531,0.65115972
1497535090690070000,104332,1.468338374,-1.969126977,1.085416662,-0.582648107,0.353604704,-0.33566149,0.650243232
1497535090700020000,104333,1.472227564,-1.963369355,1.084984113,-0.585335731,0.352686451,-0.331734599,0.650343375
1497535090710080000,104334,1.476731287,-1.957527019,1.085445087,-0.588663898,0.352235541,-0.327439086,0.649760405
1497535090720120000,104335,1.480201518,-1.951618404,1.08465429,-0.591117788,0.351394732,-0.323886458,0.64976847
1497535090730140000,104336,1.484587206,-1.94583118,1.085447085,-0.593531294,0.351653586,-0.320812875,0.648952585
1497535090740110000,104337,1.488108687,-1.940003787,1.084763316,-0.595643961,0.350266055,-0.317927513,0.649187229
1497535090750100000,104338,1.492378849,-1.934201477,1.085457769,-0.597450904,0.350185569,-0.315726335,0.648644252
1497535090760090000,104339,1.495771711,-1.928317595,1.084639498,-0.599798871,0.349870072,-0.313287075,0.647829805
1497535090770100000,104340,1.499628899,-1.922401021,1.084453754,-0.601763669,0.35048391,-0.311023777,0.646765587
1497535090780100000,104341,1.503091747,-1.916383405,1.083764802,-0.604194199,0.351287241,-0.309181445,0.644944555
1497535090790000000,104342,1.50679358,-1.910359298,1.08352291,-0.606748797,0.352046562,-0.307156003,0.643097431
1497535090800100000,104343,1.510441678,-1.904224226,1.082955246,-0.610052751,0.352609525,-0.30401583,0.641152508
1497535090810080000,104344,1.513652447,-1.897899148,1.082198191,-0.612656082,0.352253596,-0.302487542,0.639586755
1497535090820120000,104345,1.517049346,-1.891522566,1.081734698,-0.615472557,0.351967549,-0.300829618,0.637819659
1497535090830170000,104346,1.520176367,-1.884907179,1.081011402,-0.62019485,0.351196273,-0.297256076,0.63534113
1497535090840110000,104347,1.523981624,-1.877767856,1.080279069,-0.630824844,0.350229386,-0.289786346,0.628826897
1497535090850110000,104348,1.526488597,-1.871018487,1.079018831,-0.633588138,0.347902032,-0.288098034,0.628116048
1497535090860090000,104349,1.52947178,-1.864249691,1.078309142,-0.637637186,0.346304565,-0.284653013,0.626469975
1497535090870120000,104350,1.531773299,-1.857267274,1.076732435,-0.641384284,0.34360863,-0.282121204,0.625273489
1497535090880110000,104351,1.534404773,-1.850141629,1.075897564,-0.645776169,0.34070194,-0.27905345,0.623718286
1497535090890110000,104352,1.536718109,-1.84289046,1.074227357,-0.650159988,0.338807388,-0.275226407,0.621893857
1497535090900100000,104353,1.539291687,-1.835648135,1.073535968,-0.654169077,0.335967522,-0.272275397,0.620527801
1497535090910080000,104354,1.541757239,-1.82829874,1.072867821,-0.658665396,0.333246297,-0.269537815,0.618430407
1497535090920110000,104355,1.543379695,-1.820782604,1.07068083,-0.662328212,0.331593344,-0.266531165,0.616707655
1497535090930110000,104356,1.54572345,-1.813292604,1.069932823,-0.666433322,0.328669708,-0.263997464,0.614937549
1497535090940100000,104357,1.547889972,-1.805758469,1.06843578,-0.67045478,0.32717155,-0.260375221,0.612906118
1497535090950110000,104358,1.549856933,-1.79821948,1.067055038,-0.673631859,0.32571754,-0.258254427,0.611091527
1497535090960090000,104359,1.55184996,-1.790650586,1.065319038,-0.676581188,0.325339699,-0.255573946,0.609158382
1497535090970120000,104360,1.55361043,-1.782930024,1.06339955,-0.679516556,0.324296222,-0.253438822,0.607336788
1497535090980110000,104361,1.555885983,-1.775283548,1.062571255,-0.682612137,0.323618636,-0.251192521,0.60515615
1497535090990120000,104362,1.557777521,-1.767561677,1.06100036,-0.684556312,0.323453532,-0.249601573,0.603704831
1497535091000100000,104363,1.559711821,-1.759824254,1.059940566,-0.686667246,0.323613138,-0.248390958,0.601718009
1497535091010090000,104364,1.561103632,-1.751883611,1.057747889,-0.687707216,0.324359625,-0.247677444,0.600421104
1497535091020060000,104365,1.562980164,-1.744032687,1.056912163,-0.688771964,0.32434519,-0.247520421,0.599272076
1497535091030130000,104366,1.564516019,-1.735837869,1.055123483,-0.690044184,0.325306175,-0.246543339,0.597688295
1497535091040120000,104367,1.566038519,-1.727670018,1.053890501,-0.691428054,0.32542488,-0.246189845,0.596168142
1497535091050100000,104368,1.56706532,-1.719227243,1.051808495,-0.692173329,0.32566171,-0.245605542,0.59541452
1497535091060070000,104369,1.568491368,-1.710753616,1.050751283,-0.693402978,0.325601297,-0.245230077,0.594170274
1497535091070110000,104370,1.569060916,-1.701918503,1.048513573,-0.693779369,0.325580648,-0.245208318,0.593751051
1497535091080110000,104371,1.569662059,-1.69276919,1.046549857,-0.695950412,0.324876588,-0.244374154,0.591937074
1497535091090120000,104372,1.570009486,-1.683337759,1.044648922,-0.697387588,0.323391021,-0.244616043,0.590958366
1497535091100080000,104373,1.570199786,-1.673668651,1.04271314,-0.699289705,0.322316288,-0.243836183,0.589618551
1497535091110020000,104374,1.570256759,-1.663825312,1.041240711,-0.701739863,0.319898141,-0.243715443,0.588072382
1497535091120120000,104375,1.569726233,-1.653757259,1.039198334,-0.702484013,0.318702249,-0.243738233,0.587823751
1497535091130100000,104376,1.569689121,-1.643846187,1.038465715,-0.703860461,0.317673649,-0.243192895,0.586959215
1497535091140120000,104377,1.568464082,-1.633582619,1.037519922,-0.701619429,0.313015495,-0.248782281,0.589795603
1497535091150120000,104378,1.567796736,-1.623287966,1.036689979,-0.702227031,0.312959751,-0.248254286,0.58932436
1497535091160080000,104379,1.56715719,-1.613434041,1.03644731,-0.700270831,0.312893237,-0.250287036,0.59082568
1497535091170100000,104380,1.566858374,-1.603283325,1.03634434,-0.700351964,0.314008417,-0.249825018,0.590333212
1497535091180110000,104381,1.566011344,-1.592829334,1.035812766,-0.699629084,0.314791376,-0.248569835,0.591302437
1497535091190110000,104382,1.565303716,-1.582412023,1.036120257,-0.698934025,0.315464908,-0.247409813,0.592251218
1497535091200070000,104383,1.56432683,-1.571905056,1.036943356,-0.69793309,0.315428101,-0.246590668,0.593790836
1497535091210090000,104384,1.563100748,-1.561072907,1.037760684,-0.697829172,0.314558632,-0.244435008,0.595263674
1497535091220110000,104385,1.561471678,-1.550269319,1.03868165,-0.696700983,0.313842606,-0.242036218,0.597937311
1497535091230010000,104386,1.559932324,-1.539547819,1.040010808,-0.695899264,0.312493877,-0.239322539,0.600663395
1497535091240110000,104387,1.557757796,-1.528869977,1.041412979,-0.694711762,0.310788267,-0.237643463,0.603582476
1497535091250110000,104388,1.555678768,-1.518396223,1.042905689,-0.69237342,0.309459542,-0.236670444,0.607322764
1497535091260040000,104389,1.553573011,-1.508219274,1.044640799,-0.690097671,0.307714365,-0.234985586,0.611439979
1497535091270030000,104390,1.551339741,-1.498438447,1.046693146,-0.686780318,0.306126276,-0.235635896,0.615707092
1497535091280100000,104391,1.549245636,-1.488933596,1.048396525,-0.682751477,0.304967447,-0.235643631,0.620739362
1497535091290030000,104392,1.547425919,-1.479493348,1.050116024,-0.67994424,0.303589921,-0.235070957,0.624700436
1497535091300070000,104393,1.545468715,-1.470450788,1.05197126,-0.675228396,0.301681585,-0.235778634,0.630446881
1497535091310130000,104394,1.544002628,-1.461460066,1.05365555,-0.671669948,0.30014596,-0.235389783,0.635109072
1497535091320120000,104395,1.542615848,-1.452658813,1.055374208,-0.668007607,0.299106501,-0.23505328,0.639571023
1497535091330100000,104396,1.541070574,-1.443716784,1.056209341,-0.664360329,0.300175174,-0.23286773,0.643655839
1497535091340120000,104397,1.539754057,-1.435342398,1.057619178,-0.659835165,0.299135486,-0.231948502,0.649103543
1497535091350110000,104398,1.538606441,-1.427344251,1.059200491,-0.655054178,0.299800293,-0.230349898,0.654188606
1497535091360090000,104399,1.537703607,-1.419709774,1.060793073,-0.649440096,0.300494043,-0.22927353,0.659821597
1497535091370120000,104400,1.537048425,-1.411955978,1.062417715,-0.64493436,0.302349138,-0.229055113,0.663459438
1497535091380110000,104401,1.535810887,-1.404940992,1.064074955,-0.64002843,0.300920265,-0.225827898,0.669934597
1497535091390100000,104402,1.535002476,-1.39771193,1.065651516,-0.635030446,0.301897719,-0.225182187,0.674453173
1497535091400100000,104403,1.534193195,-1.390750728,1.067349029,-0.630191073,0.302374475,-0.224793954,0.678893634
1497535091410060000,104404,1.533246256,-1.383709931,1.068907095,-0.625465669,0.302638755,-0.224642377,0.683182467
1497535091420130000,104405,1.532669774,-1.376780623,1.07063482,-0.621245557,0.302939773,-0.22424497,0.687019393
1497535091430120000,104406,1.53192597,-1.370127501,1.072355767,-0.616830242,0.302528219,-0.224185029,0.691186084
1497535091440060000,104407,1.531434236,-1.36337411,1.074059719,-0.613076343,0.30271905,-0.223086744,0.69478837
1497535091450110000,104408,1.531007866,-1.356757332,1.075677489,-0.609739676,0.301895954,-0.222862458,0.698146607
1497535091460100000,104409,1.530668813,-1.350105349,1.077319104,-0.607053144,0.301443304,-0.222205614,0.700887352
1497535091470130000,104410,1.530409887,-1.34357513,1.078765973,-0.603502813,0.300743326,-0.221946237,0.704327817
1497535091480120000,104411,1.530524614,-1.336853694,1.080277011,-0.602413262,0.30039211,-0.220234833,0.705945792
1497535091490100000,104412,1.530258264,-1.330412573,1.081428743,-0.599036446,0.299807771,-0.219633585,0.709247295
1497535091500120000,104413,1.529920138,-1.323937613,1.082637914,-0.595798358,0.299134613,-0.219754996,0.712215236
1497535091510100000,104414,1.529968975,-1.317256427,1.083784798,-0.594738177,0.298283713,-0.218134217,0.713954334
1497535091520090000,104415,1.529566728,-1.310924609,1.084614684,-0.591436952,0.29673663,-0.217634695,0.717485083
1497535091530120000,104416,1.529326275,-1.304347485,1.085572718,-0.58907362,0.294991887,-0.217289512,0.7202481
1497535091540120000,104417,1.529249097,-1.297662733,1.086313486,-0.588332172,0.294172811,-0.216470834,0.721434676
1497535091550090000,104418,1.529055589,-1.290941786,1.086882697,-0.586457102,0.293008689,-0.216233301,0.723503376
1497535091560090000,104419,1.528968918,-1.283991768,1.087412957,-0.586909873,0.291082982,-0.215760491,0.724054493
1497535091570110000,104420,1.528786841,-1.276992096,1.087643808,-0.58648679,0.289313263,-0.215163001,0.725283368
1497535091580120000,104421,1.528521471,-1.269849398,1.087839568,-0.586876358,0.286990342,-0.215003348,0.725938182
1497535091590110000,104422,1.528403693,-1.262517552,1.087788904,-0.587393545,0.28453574,-0.214354309,0.726677691
1497535091600130000,104423,1.528145926,-1.255076086,1.087594194,-0.587279223,0.28235027,-0.213956476,0.727739009
1497535091609980000,104424,1.52797694,-1.247537049,1.087113233,-0.588255859,0.28064628,-0.213017471,0.72788479
1497535091620130000,104425,1.527908928,-1.239722741,1.086455757,-0.58992484,0.278907245,-0.212086329,0.727474275
1497535091630120000,104426,1.527910921,-1.231807259,1.085681729,-0.59132262,0.277518485,-0.210928807,0.727207046
1497535091640120000,104427,1.527915309,-1.223820428,1.08467273,-0.592740876,0.276900944,-0.209351216,0.726743551
1497535091650120000,104428,1.527973743,-1.215669037,1.08339709,-0.594332409,0.275842088,-0.2081115,0.726202268
1497535091660090000,104429,1.527969755,-1.207319387,1.081950962,-0.596557486,0.274938797,-0.206664487,0.725132825
1497535091670080000,104430,1.528119931,-1.198796864,1.080403175,-0.598864139,0.273473503,-0.205328337,0.724164526
1497535091680120000,104431,1.528252677,-1.190131801,1.078643258,-0.601215351,0.27235327,-0.203857876,0.723053085
1497535091690050000,104432,1.528533801,-1.18121395,1.076832104,-0.60347915,0.27084086,-0.202317032,0.722167545
1497535091700130000,104433,1.528808452,-1.172088278,1.074820924,-0.60590655,0.269352905,-0.200641513,0.721158268
1497535091710110000,104434,1.5291162,-1.162770072,1.072866955,-0.608093359,0.268023429,-0.199097999,0.720240164
1497535091720130000,104435,1.5293551,-1.153428779,1.070856226,-0.60994796,0.266565703,-0.197336611,0.719697488
1497535091730120000,104436,1.529677183,-1.143946542,1.068958437,-0.610438966,0.266327044,-0.196245142,0.719667992
1497535091740130000,104437,1.529921023,-1.13447301,1.067099124,-0.609918037,0.266848345,-0.194926952,0.720274553
1497535091750120000,104438,1.529968845,-1.125356936,1.065436,-0.608589077,0.267856803,-0.192401255,0.721702034
1497535091760080000,104439,1.529993399,-1.116469988,1.063702409,-0.607846754,0.266992071,-0.18999254,0.723284448
1497535091770120000,104440,1.529975439,-1.107894654,1.062118336,-0.606234129,0.266063053,-0.188084793,0.725475529
1497535091780120000,104441,1.530202537,-1.09900323,1.06061547,-0.605069033,0.264962875,-0.188007327,0.72686958
1497535091790110000,104442,1.530331145,-1.090362634,1.059497121,-0.602899263,0.263555734,-0.187334671,0.729353533
1497535091800020000,104443,1.530715205,-1.081469457,1.058357206,-0.600460384,0.262452923,-0.188157025,0.73154817
1497535091810110000,104444,1.531056559,-1.072568548,1.057074426,-0.59803148,0.260762312,-0.188557752,0.734034972
1497535091820120000,104445,1.531792332,-1.063124858,1.056178623,-0.593843728,0.26180634,-0.189720486,0.736758579
1497535091830120000,104446,1.532615042,-1.053144042,1.055216437,-0.590993185,0.262792948,-0.189667954,0.738710355
1497535091840130000,104447,1.533608957,-1.042732939,1.054279402,-0.587870348,0.264029273,-0.188812068,0.740977058
1497535091850130000,104448,1.534726275,-1.031794662,1.053360109,-0.585068396,0.265004699,-0.18822778,0.742992452
1497535091860080000,104449,1.535715247,-1.020449426,1.052616759,-0.584392848,0.263937737,-0.185682994,0.744542609
1497535091870130000,104450,1.536885128,-1.008729316,1.052104802,-0.583623041,0.262649506,-0.184253014,0.745955904
1497535091880120000,104451,1.537884537,-0.996857721,1.052037214,-0.583134336,0.261049114,-0.182506174,0.747328042
1497535091890130000,104452,1.5388397,-0.984975279,1.052149548,-0.583492647,0.258919177,-0.181448381,0.748046573
1497535091900110000,104453,1.539854288,-0.973295276,1.0528008,-0.584610644,0.256755316,-0.180681686,0.748105093
1497535091910100000,104454,1.540727554,-0.961982805,1.054117953,-0.58676627,0.255524411,-0.180438375,0.746896654
1497535091920120000,104455,1.541867256,-0.950994092,1.056071111,-0.588847628,0.256739179,-0.181946725,0.744472198
1497535091930080000,104456,1.543282567,-0.940347727,1.05855214,-0.59160919,0.25795643,-0.183563911,0.741458925
1497535091940120000,104457,1.544828747,-0.930391326,1.061173193,-0.594566716,0.257546856,-0.184519352,0.738994347
1497535091950110000,104458,1.547011061,-0.920279439,1.064345601,-0.596241657,0.260542993,-0.186828766,0.73600832
1497535091960050000,104459,1.549524859,-0.910739074,1.067032355,-0.59764986,0.263120637,-0.188972672,0.733397236
1497535091970150000,104460,1.552005951,-0.901257955,1.069510984,-0.597366378,0.268932906,-0.192431903,0.730615128
1497535091980120000,104461,1.554458878,-0.892035469,1.071438013,-0.59656629,0.274294719,-0.195869186,0.728358655
1497535091990120000,104462,1.556862873,-0.882932865,1.072931531,-0.595249117,0.279826564,-0.200795066,0.725986862
1497535092000100000,104463,1.558972971,-0.874122437,1.07422001,-0.592956822,0.284098467,-0.2062732,0.724666568
1497535092010070000,104464,1.560776927,-0.865492934,1.074962504,-0.592228234,0.286248429,-0.211308225,0.722963616
1497535092020030000,104465,1.562374293,-0.856824359,1.07574438,-0.592216217,0.286570613,-0.217122529,0.721120686
1497535092030180000,104466,1.563802219,-0.848071978,1.076458539,-0.593969031,0.287001518,-0.222211845,0.717950426
1497535092040230000,104467,1.565140144,-0.839455992,1.077184119,-0.597454922,0.286127487,-0.226832741,0.713950688
1497535092050100000,104468,1.566298918,-0.831206597,1.077449063,-0.602045798,0.286176463,-0.228638703,0.709484484
1497535092060140000,104469,1.567900023,-0.823085415,1.078321521,-0.606184476,0.288417546,-0.228428485,0.705107175
1497535092070140000,104470,1.569684424,-0.815225628,1.079060455,-0.609008388,0.291820608,-0.228569798,0.701217058
1497535092080120000,104471,1.571197249,-0.807532494,1.079801841,-0.612915415,0.294430567,-0.227256444,0.69713689
1497535092090090000,104472,1.572800047,-0.799973703,1.080569832,-0.614480711,0.298207514,-0.226759786,0.694309538
1497535092100150000,104473,1.573881198,-0.792743775,1.08096822,-0.61543911,0.299926465,-0.225546814,0.693114314
1497535092110150000,104474,1.574558627,-0.785672318,1.081035609,-0.616912188,0.299921631,-0.223777743,0.692379874
1497535092120130000,104475,1.575438012,-0.778377507,1.081703747,-0.616091289,0.301601529,-0.224193,0.692246733
1497535092130120000,104476,1.576098922,-0.771133581,1.081676031,-0.618930715,0.301414438,-0.222055641,0.690482004
1497535092140130000,104477,1.577020847,-0.763773952,1.081703082,-0.619960032,0.301333393,-0.221195051,0.689869911
1497535092150130000,104478,1.57773561,-0.756404957,1.081694884,-0.622795331,0.302076022,-0.219617613,0.687491205
1497535092160090000,104479,1.578692799,-0.74890262,1.081374841,-0.626493541,0.302096368,-0.217287914,0.68485735
1497535092170140000,104480,1.579636735,-0.741466345,1.081167389,-0.629579134,0.302547046,-0.216003197,0.68223018
1497535092180130000,104481,1.580588255,-0.734058348,1.081048649,-0.632341651,0.304385679,-0.214420074,0.679350739
1497535092190080000,104482,1.581339714,-0.726785485,1.080769399,-0.635278718,0.305661687,-0.212631493,0.676594215
1497535092200120000,104483,1.581957359,-0.719694091,1.080374857,-0.637628013,0.305469701,-0.211492512,0.674825678
1497535092210120000,104484,1.582477492,-0.712546262,1.08021983,-0.639368116,0.306480595,-0.211112194,0.672837053
1497535092220090000,104485,1.582955895,-0.705381755,1.079882164,-0.641252004,0.306657045,-0.210951423,0.671011789
1497535092230140000,104486,1.583372789,-0.698275725,1.079422945,-0.643650321,0.306647935,-0.210621298,0.668819839
1497535092240130000,104487,1.583811328,-0.691030547,1.079014804,-0.645798305,0.307631464,-0.210405193,0.666361078
1497535092250120000,104488,1.584229051,-0.683787312,1.078264982,-0.648282969,0.307167352,-0.210072204,0.664264314
1497535092260120000,104489,1.584569952,-0.676449122,1.077669353,-0.650452426,0.307901554,-0.209941654,0.661840447
1497535092270150000,104490,1.584980059,-0.668982275,1.076908776,-0.65264782,0.30847754,-0.210001174,0.659387547
1497535092280130000,104491,1.585365489,-0.661539619,1.076034295,-0.655053862,0.308963019,-0.209272172,0.657001864
1497535092290150000,104492,1.585680314,-0.653950374,1.075101737,-0.657132418,0.309143612,-0.209346599,0.654813877
1497535092300170000,104493,1.58585811,-0.646259014,1.074166668,-0.65931099,0.309819593,-0.208895049,0.652444402
1497535092310130000,104494,1.586075483,-0.638451434,1.073488374,-0.660990553,0.310844231,-0.208830384,0.65027473
1497535092320120000,104495,1.586181158,-0.630522663,1.072603942,-0.662743139,0.311271138,-0.208593722,0.648359831
1497535092330130000,104496,1.586098441,-0.622531679,1.071685606,-0.664789585,0.311204476,-0.20787557,0.646524809
1497535092340070000,104497,1.585898784,-0.614448584,1.070610475,-0.666002673,0.309517681,-0.20791063,0.64607462
1497535092350120000,104498,1.585683141,-0.6061234,1.069692142,-0.667458176,0.310267749,-0.207783778,0.644251045
1497535092360120000,104499,1.585494278,-0.597705215,1.068548711,-0.669166644,0.308772286,-0.206538648,0.643597285
1497535092369990000,104500,1.585135973,-0.589088398,1.067437021,-0.670481757,0.308141357,-0.206452919,0.642557631
1497535092380140000,104501,1.58473197,-0.58022729,1.066113833,-0.672329668,0.307580778,-0.20638054,0.640916496
1497535092390150000,104502,1.584395103,-0.571258577,1.064765956,-0.674627494,0.306909629,-0.205237385,0.639188422
1497535092400160000,104503,1.58384113,-0.562222578,1.063358649,-0.676858468,0.305797976,-0.205224163,0.637364303
1497535092410180000,104504,1.583315198,-0.55308494,1.061996803,-0.678227378,0.305066279,-0.206216455,0.635937861
1497535092420150000,104505,1.582733587,-0.543972446,1.060663784,-0.680104542,0.304605721,-0.206417442,0.634085961
1497535092430150000,104506,1.582011999,-0.53498575,1.058955567,-0.68160585,0.302452449,-0.207539506,0.63313769
1497535092440110000,104507,1.581376615,-0.526033029,1.05759811,-0.682975531,0.303737846,-0.208671096,0.63066958
1497535092450150000,104508,1.580923024,-0.517162211,1.056082289,-0.683015569,0.303048894,-0.210841123,0.630235767
1497535092460140000,104509,1.58011468,-0.508416432,1.054324128,-0.684382251,0.304305218,-0.212173333,0.627695583
1497535092470160000,104510,1.579419348,-0.499692789,1.052692651,-0.683310583,0.303467942,-0.214879347,0.628347612
1497535092480140000,104511,1.577305606,-0.491716,1.048659123,-0.683059545,0.307651927,-0.216703799,0.625954801
1497535092490140000,104512,1.578071724,-0.481925341,1.049559021,-0.683275399,0.306772242,-0.217247792,0.625962393
1497535092500160000,104513,1.57694757,-0.472908009,1.047506332,-0.683151358,0.309170165,-0.218362241,0.624528592
1497535092510150000,104514,1.576056083,-0.463420874,1.046217568,-0.682727041,0.309257375,-0.219468399,0.624561675
1497535092520140000,104515,1.574698134,-0.453709822,1.044688361,-0.683358874,0.310566251,-0.220250403,0.622943829
1497535092530150000,104516,1.573280619,-0.443595317,1.043595116,-0.684009859,0.309953682,-0.220770979,0.622349904
1497535092540150000,104517,1.571798466,-0.433399296,1.042623831,-0.684073034,0.310413056,-0.221214619,0.62189381
1497535092550150000,104518,1.570244125,-0.42294584,1.04188722,-0.684945303,0.309443485,-0.22189811,0.621172995
1497535092560120000,104519,1.568470733,-0.4125918,1.04138618,-0.684154623,0.309262539,-0.222753684,0.621827894
1497535092570140000,104520,1.566828666,-0.402087049,1.041126259,-0.684089177,0.308930121,-0.223203292,0.621903907
1497535092580100000,104521,1.565175569,-0.391502612,1.041288796,-0.683199677,0.3098022,-0.221967215,0.62288952
1497535092590150000,104522,1.561783071,-0.381411303,1.038984612,-0.682413301,0.310500576,-0.221599864,0.623534264
1497535092600150000,104523,1.56011094,-0.370568783,1.039600006,-0.682088662,0.311343461,-0.218948453,0.624405222
1497535092610120000,104524,1.559103377,-0.359356721,1.042510877,-0.680598482,0.308737133,-0.217261367,0.627904919
1497535092620150000,104525,1.556751707,-0.34856857,1.043178893,-0.680680784,0.30615822,-0.213920469,0.630221268
1497535092630150000,104526,1.554395361,-0.338006395,1.044201373,-0.678979314,0.305168072,-0.211096072,0.63348085
1497535092640140000,104527,1.550334729,-0.328032997,1.042871133,-0.678004156,0.304941296,-0.208148786,0.635606209
1497535092650140000,104528,1.547953199,-0.317867927,1.044229843,-0.67607395,0.302304246,-0.205616971,0.639732615
1497535092660140000,104529,1.545303001,-0.30812681,1.045264011,-0.673150288,0.299333557,-0.204020885,0.644704265
1497535092670150000,104530,1.543041628,-0.298606716,1.046922398,-0.670611997,0.296270289,-0.20240872,0.649256632
1497535092680150000,104531,1.540941291,-0.289395926,1.048489214,-0.666859303,0.293891883,-0.201907038,0.654339193
1497535092690160000,104532,1.538761135,-0.280574781,1.049655688,-0.662548833,0.292282908,-0.202425993,0.659259784
1497535092700160000,104533,1.536923574,-0.272027086,1.051224253,-0.65809255,0.291018465,-0.202653996,0.664194104
1497535092710130000,104534,1.535197882,-0.263693905,1.052367968,-0.65300472,0.290532584,-0.203688356,0.669093945
1497535092720140000,104535,1.534008554,-0.25557171,1.054044099,-0.648352109,0.290274031,-0.203436925,0.67379073
1497535092730100000,104536,1.532779714,-0.247732271,1.055307139,-0.643724782,0.29123821,-0.203241769,0.677858019
1497535092740140000,104537,1.531832121,-0.240009961,1.056877699,-0.639105266,0.292451735,-0.202655611,0.681870329
1497535092750130000,104538,1.530874811,-0.232598017,1.058158868,-0.633584226,0.294642214,-0.202439925,0.686130506
1497535092760100000,104539,1.53018395,-0.225340781,1.059788746,-0.628727214,0.29649151,-0.201643132,0.690025305
1497535092770100000,104540,1.529550089,-0.21825086,1.061370015,-0.623904882,0.29805166,-0.201021278,0.693900823
1497535092780180000,104541,1.528887556,-0.21130958,1.062882493,-0.619262433,0.299825829,-0.200480127,0.697442636
1497535092790170000,104542,1.52821013,-0.204444239,1.064363982,-0.614248117,0.301165403,-0.200751323,0.701211493
1497535092800240000,104543,1.527721085,-0.197658424,1.066123552,-0.610701394,0.302133067,-0.200739258,0.703891446
1497535092810180000,104544,1.527065682,-0.190928743,1.067847152,-0.606190488,0.302265007,-0.201640696,0.707467305
1497535092820110000,104545,1.52639946,-0.184076451,1.069414539,-0.603209535,0.301622859,-0.201574434,0.71030251
1497535092830150000,104546,1.525924241,-0.177230675,1.07129802,-0.600165135,0.300366392,-0.202682741,0.713092945
1497535092840140000,104547,1.525463818,-0.170279505,1.073173208,-0.597616317,0.299239272,-0.203414412,0.715495054
1497535092850130000,104548,1.524913441,-0.163314645,1.07456917,-0.595808121,0.297804613,-0.204141844,0.717391945
1497535092860130000,104549,1.524474561,-0.156328656,1.076140101,-0.593667023,0.296047751,-0.204388601,0.719819766
1497535092870040000,104550,1.524073606,-0.149218192,1.077417672,-0.591931746,0.29472059,-0.204253343,0.721829033
1497535092880150000,104551,1.523735329,-0.141994967,1.078471427,-0.589853717,0.292997272,-0.20447231,0.72416591
1497535092890150000,104552,1.523310776,-0.134734057,1.07922745,-0.588554128,0.291308453,-0.20369783,0.72612025
1497535092900150000,104553,1.523037097,-0.127367268,1.080104253,-0.58789206,0.289305333,-0.202755522,0.727719416
1497535092910160000,104554,1.522806865,-0.119826017,1.080767195,-0.587880449,0.286711829,-0.201667037,0.729056453
1497535092920090000,104555,1.522378391,-0.112289317,1.081068708,-0.586980376,0.283993028,-0.201288774,0.730947897
1497535092930130000,104556,1.522021583,-0.104755433,1.081355872,-0.586865587,0.281232998,-0.200676896,0.732274243
1497535092939860000,104557,1.521682845,-0.097039716,1.08161595,-0.586898249,0.278070201,-0.199877593,0.733673195
1497535092949790000,104558,1.521405189,-0.089307804,1.081705131,-0.587183322,0.275699382,-0.19960443,0.734413826
1497535092960130000,104559,1.521033401,-0.081438617,1.081365552,-0.587236323,0.273176735,-0.199092276,0.735452403
1497535092970060000,104560,1.520878953,-0.073444453,1.08097235,-0.588099894,0.270640136,-0.198514184,0.735856338
1497535092980110000,104561,1.520809168,-0.065397298,1.080411485,-0.589075506,0.268331276,-0.197708736,0.736138322
1497535092990140000,104562,1.520738548,-0.057152725,1.079337783,-0.590646116,0.266681114,-0.196476924,0.735809193
1497535093000160000,104563,1.520902845,-0.048782042,1.078307258,-0.592097674,0.264962094,-0.195312413,0.735573582
1497535093010130000,104564,1.521072295,-0.040386731,1.07699063,-0.593885336,0.263948572,-0.19409643,0.734818301
1497535093020100000,104565,1.521383627,-0.031879924,1.075396854,-0.595743217,0.262840031,-0.193179163,0.733952961
1497535093030100000,104566,1.521788911,-0.023279033,1.07373929,-0.597635914,0.262216329,-0.192129182,0.732912197
1497535093040110000,104567,1.522346542,-0.014496539,1.071984746,-0.599394091,0.261520857,-0.1913115,0.731938164
1497535093050120000,104568,1.523078623,-0.005510507,1.070107661,-0.601586384,0.261267324,-0.190050384,0.730557362
1497535093060100000,104569,1.52393012,0.003542455,1.068037512,-0.604118028,0.260693432,-0.189047509,0.728931671
1497535093070160000,104570,1.524963213,0.012942599,1.065879488,-0.606685649,0.26034107,-0.18819395,0.727143788
1497535093080120000,104571,1.526071131,0.022347355,1.063835865,-0.609349372,0.260034762,-0.186661602,0.725418991
1497535093090120000,104572,1.527173043,0.031812267,1.061859272,-0.610934258,0.25954452,-0.185686655,0.724511174
1497535093100160000,104573,1.52814644,0.04133928,1.059752914,-0.612468718,0.25917,-0.184820009,0.723570691
1497535093110090000,104574,1.528879447,0.050692805,1.057696606,-0.613043529,0.259053151,-0.183671531,0.723418182
1497535093120180000,104575,1.529634732,0.059877094,1.05602869,-0.611776194,0.25809755,-0.182787006,0.725054794
1497535093130080000,104576,1.530197847,0.068905841,1.054337755,-0.61083249,0.257800919,-0.181203515,0.726352285
1497535093140130000,104577,1.530601784,0.077732929,1.052714706,-0.607778498,0.256410101,-0.180750512,0.729512446
1497535093150200000,104578,1.531123568,0.086648774,1.051243677,-0.604374508,0.255634677,-0.181232361,0.732486995
1497535093160120000,104579,1.531625891,0.095555569,1.04986537,-0.600348721,0.2545497,-0.181893761,0.736003073
1497535093170150000,104580,1.532449721,0.104842558,1.048583813,-0.597077377,0.253980635,-0.182561741,0.738690499
1497535093180150000,104581,1.533532348,0.114575095,1.047504439,-0.594435586,0.253761437,-0.183589744,0.740639098
1497535093190150000,104582,1.534712026,0.124846677,1.046162643,-0.590662299,0.254092029,-0.184342459,0.743352639
1497535093200160000,104583,1.535463557,0.135462907,1.044120789,-0.587898998,0.253875026,-0.184019947,0.745693569
1497535093210140000,104584,1.536632018,0.146339538,1.043108954,-0.584664353,0.253310191,-0.183905828,0.748451861
1497535093220130000,104585,1.538124076,0.15729618,1.042810377,-0.581904882,0.251958668,-0.182803942,0.751323004
1497535093230080000,104586,1.539820728,0.168388632,1.043473696,-0.581179086,0.250046443,-0.181482699,0.752842398
1497535093240140000,104587,1.541114964,0.179710481,1.043942862,-0.580606367,0.24961947,-0.180563343,0.753646632
1497535093250160000,104588,1.542936348,0.190641632,1.045816316,-0.582424476,0.248783205,-0.18074196,0.752476572
1497535093260140000,104589,1.544729856,0.201384722,1.047885532,-0.584970034,0.248873666,-0.181597911,0.750262725
1497535093270160000,104590,1.546416548,0.211970173,1.049392848,-0.587524775,0.249763579,-0.183111654,0.747598098
1497535093280130000,104591,1.548850527,0.222098344,1.05154366,-0.589783057,0.251573042,-0.184931479,0.744759893
1497535093290110000,104592,1.551614514,0.231754508,1.053980083,-0.591346787,0.251202188,-0.187940536,0.742889489
1497535093300170000,104593,1.554402472,0.241378472,1.056036549,-0.591364021,0.252137215,-0.191560125,0.741633426
1497535093310140000,104594,1.557494905,0.250820202,1.058115453,-0.590361083,0.25589235,-0.194775668,0.740307596
1497535093320090000,104595,1.560595911,0.259937216,1.060180067,-0.589830099,0.260523705,-0.198441278,0.738138817
1497535093330160000,104596,1.563892706,0.269030902,1.062418331,-0.588985574,0.265546095,-0.201632371,0.736155997
1497535093340040000,104597,1.567239266,0.278059648,1.064424342,-0.588665184,0.272238237,-0.204519952,0.733165215
1497535093350130000,104598,1.570393496,0.287046785,1.066214221,-0.58986825,0.277203429,-0.207219077,0.72957108
1497535093360090000,104599,1.57306333,0.295876561,1.067824203,-0.591770062,0.280216672,-0.210516528,0.72592672
1497535093370130000,104600,1.57553427,0.304400532,1.068855031,-0.59351847,0.28388277,-0.212241811,0.722564747
1497535093380140000,104601,1.57750934,0.313027816,1.069792752,-0.598175724,0.283544875,-0.21351839,0.718469209
1497535093390040000,104602,1.579308685,0.32150324,1.07069032,-0.602121799,0.283262162,-0.216282196,0.714446568
1497535093400060000,104603,1.581050601,0.329794034,1.07129185,-0.606991951,0.28324352,-0.215804078,0.710466382
1497535093410130000,104604,1.581864201,0.338428319,1.070818313,-0.609797053,0.28576866,-0.214333156,0.707492138
1497535093420140000,104605,1.584133094,0.346169299,1.07138882,-0.616707496,0.285781395,-0.211124728,0.702443739
1497535093430150000,104606,1.585599125,0.353878469,1.07176579,-0.619617815,0.287096534,-0.209847054,0.699723915
1497535093440110000,104607,1.587072366,0.361186204,1.072370467,-0.62157708,0.286252501,-0.210105098,0.698253025
1497535093450140000,104608,1.588659889,0.368325372,1.072730493,-0.624923688,0.286042846,-0.208819155,0.69573302
1497535093460130000,104609,1.590097295,0.375151501,1.073229007,-0.625514431,0.28519453,-0.209433209,0.695365737
1497535093470140000,104610,1.591539426,0.382106017,1.073101972,-0.627628267,0.28713161,-0.207121204,0.693353448
1497535093480140000,104611,1.59305194,0.388667631,1.073288035,-0.628387027,0.288509446,-0.207230768,0.692060296
1497535093490150000,104612,1.594312248,0.395594485,1.073235126,-0.630292943,0.288502968,-0.207661029,0.690198334
1497535093500120000,104613,1.595773826,0.402212027,1.073268302,-0.631493776,0.289955008,-0.207771066,0.68845689
1497535093510080000,104614,1.597430528,0.408635648,1.073326101,-0.633207463,0.291885765,-0.206931066,0.686316649
1497535093520130000,104615,1.598806916,0.414909458,1.073300244,-0.633403973,0.294984783,-0.206758045,0.684860931
1497535093530170000,104616,1.600027175,0.421498156,1.07330473,-0.633035893,0.296352065,-0.208210362,0.684170634
1497535093540210000,104617,1.60143061,0.427806261,1.073523542,-0.634620173,0.298228019,-0.207648748,0.68205519
1497535093550210000,104618,1.602826368,0.43440851,1.073661094,-0.636693567,0.299748172,-0.207140834,0.679606511
1497535093560170000,104619,1.603952995,0.441221008,1.073737945,-0.638404322,0.301964667,-0.20770856,0.676841499
1497535093570140000,104620,1.604506376,0.447437421,1.073299437,-0.639058979,0.300269885,-0.20891674,0.676605804
1497535093580150000,104621,1.60519546,0.453735092,1.072765395,-0.640616437,0.299614493,-0.208637565,0.675508773
1497535093590150000,104622,1.606567817,0.460508393,1.072235297,-0.643173295,0.301997363,-0.208935383,0.671916446
1497535093600170000,104623,1.607517445,0.467403492,1.071858369,-0.644074269,0.30346861,-0.210114885,0.670020055
1497535093610140000,104624,1.608576774,0.474259529,1.071116485,-0.64701759,0.303448459,-0.210848239,0.666955989
1497535093620000000,104625,1.609503882,0.481274825,1.070260022,-0.648806095,0.304827694,-0.210894491,0.66457072
1497535093630140000,104626,1.610762048,0.488401538,1.069471728,-0.65160214,0.305505989,-0.211843959,0.661213187
1497535093640170000,104627,1.612424035,0.495803823,1.06922941,-0.659720964,0.303405594,-0.212921436,0.653741354
1497535093650170000,104628,1.61315816,0.503251218,1.067611038,-0.656563219,0.309047303,-0.212799433,0.654317129
1497535093660150000,104629,1.614045894,0.51092097,1.06658533,-0.658575281,0.309425052,-0.214111164,0.651683317
1497535093670140000,104630,1.61493009,0.518372468,1.065464793,-0.66272598,0.309583111,-0.2129167,0.647780096
1497535093680160000,104631,1.615671346,0.525962462,1.064467738,-0.665160472,0.309113114,-0.213511136,0.645308937
1497535093690160000,104632,1.616543774,0.534185055,1.063590806,-0.667645298,0.310415046,-0.21341773,0.64214105
1497535093700180000,104633,1.617328567,0.541903625,1.062309275,-0.670829091,0.310940943,-0.212979106,0.638704909
1497535093710150000,104634,1.617930236,0.550050567,1.061278388,-0.672906133,0.311491297,-0.213162237,0.636185798
1497535093720170000,104635,1.618451156,0.558314117,1.060343605,-0.675257605,0.311069801,-0.213037831,0.633938189
1497535093730160000,104636,1.619051932,0.5666419,1.059301242,-0.677308582,0.311228508,-0.213312393,0.631575589
1497535093740050000,104637,1.619619445,0.575195145,1.058152263,-0.679173464,0.311873497,-0.213907428,0.62904844
1497535093750120000,104638,1.620051401,0.583778685,1.057035396,-0.680764416,0.311966853,-0.213545762,0.62740314
1497535093760150000,104639,1.620296866,0.592143415,1.055896743,-0.681764983,0.311663235,-0.213848803,0.626363493
1497535093770150000,104640,1.620726304,0.600711695,1.05458484,-0.682564678,0.312476934,-0.215006332,0.624688644
1497535093780160000,104641,1.621005522,0.609234118,1.05340043,-0.683585732,0.312763398,-0.21519075,0.623363895
1497535093790150000,104642,1.621190007,0.617842404,1.052217885,-0.684177168,0.31359598,-0.215418039,0.622217191
1497535093800170000,104643,1.621396614,0.626481711,1.050783577,-0.684586078,0.314380295,-0.216945415,0.620839447
1497535093810150000,104644,1.621270797,0.635039913,1.049378333,-0.685601891,0.314357772,-0.215529648,0.620222709
1497535093820150000,104645,1.62127479,0.643968034,1.048103358,-0.685492038,0.315638264,-0.216768969,0.619261146
1497535093830170000,104646,1.621082885,0.652850152,1.046792372,-0.686338654,0.316082747,-0.215447153,0.618557575
1497535093840140000,104647,1.620797874,0.661957799,1.045382071,-0.687447607,0.31604922,-0.21496097,0.617511506
1497535093850170000,104648,1.620244592,0.671097604,1.044085695,-0.687551139,0.315718423,-0.214512898,0.617721236
1497535093860140000,104649,1.619565908,0.680345538,1.042691706,-0.688853725,0.315407884,-0.213969101,0.61661628
1497535093870130000,104650,1.618916733,0.689982678,1.041564911,-0.687840792,0.31621064,-0.214700787,0.617081395
1497535093880160000,104651,1.617942152,0.699492737,1.040488908,-0.688596454,0.315537336,-0.214299388,0.616722697
1497535093890100000,104652,1.617188942,0.709361411,1.039778272,-0.68928981,0.315282863,-0.213879597,0.616223816
1497535093900170000,104653,1.616352382,0.71936056,1.039295473,-0.688954356,0.315700485,-0.213721003,0.616440128
1497535093910140000,104654,1.615337916,0.729306874,1.038989735,-0.68873941,0.315598393,-0.214100053,0.616601044
1497535093920160000,104655,1.614339415,0.739374312,1.039164854,-0.687605994,0.315672087,-0.214742071,0.617604221
1497535093930170000,104656,1.61306361,0.749408346,1.039421638,-0.686669537,0.315577766,-0.214601717,0.618742049
1497535093940120000,104657,1.611641376,0.759656659,1.03982053,-0.685562032,0.314791036,-0.214120845,0.620534904
1497535093950180000,104658,1.610156363,0.77013258,1.040429198,-0.684739565,0.314309351,-0.212952369,0.622087331
1497535093960150000,104659,1.608343663,0.780633432,1.041105758,-0.685025533,0.31239704,-0.210081012,0.62370993
1497535093970080000,104660,1.606458824,0.79124747,1.041963353,-0.684156683,0.310832413,-0.207960796,0.626151061
1497535093980150000,104661,1.604533999,0.801901623,1.04322496,-0.683863502,0.308348732,-0.204790973,0.628738759
1497535093990120000,104662,1.602493313,0.812424038,1.044639494,-0.683056274,0.306090958,-0.202552269,0.631438858
1497535094000170000,104663,1.600233764,0.822480527,1.046099717,-0.68197578,0.302921359,-0.200162329,0.634887965
1497535094010140000,104664,1.598147802,0.832306511,1.047779937,-0.679863577,0.300557302,-0.199053378,0.638614577
1497535094020160000,104665,1.596032834,0.841822679,1.04953919,-0.676613887,0.297656963,-0.199153783,0.643375281
1497535094030160000,104666,1.593993964,0.850830163,1.051229929,-0.673437068,0.294195491,-0.199596926,0.648145505
1497535094040100000,104667,1.592339731,0.859706084,1.052921153,-0.670160449,0.291510803,-0.200757711,0.652382377
1497535094050150000,104668,1.590892846,0.868102224,1.054729622,-0.665969604,0.289109265,-0.201835577,0.657390842
1497535094060140000,104669,1.589685571,0.876246815,1.056043251,-0.661817041,0.287425199,-0.203749305,0.661718353
1497535094070130000,104670,1.588673688,0.88390409,1.057378924,-0.656540843,0.286325082,-0.205543207,0.666876345
1497535094080160000,104671,1.58797995,0.891454196,1.058361174,-0.651293384,0.286663819,-0.207470649,0.67126501
1497535094090160000,104672,1.58750074,0.898894705,1.059579525,-0.645365354,0.288218722,-0.209198039,0.675773415
1497535094100170000,104673,1.587100535,0.906084478,1.060613855,-0.640572961,0.290017567,-0.210111926,0.679270984
1497535094110150000,104674,1.58686711,0.913173329,1.061875484,-0.6348413,0.291997268,-0.210877984,0.68355292
1497535094120130000,104675,1.586439835,0.920040289,1.062989096,-0.629633897,0.293064211,-0.210546013,0.688000654
1497535094130150000,104676,1.586035857,0.926918546,1.064076959,-0.62400677,0.294379693,-0.211645758,0.692215444
1497535094140160000,104677,1.585622666,0.933767633,1.065274534,-0.619509816,0.295159791,-0.211286415,0.696021793
1497535094150110000,104678,1.585259577,0.94067526,1.066571675,-0.614957005,0.295414579,-0.211568161,0.699855001
1497535094160140000,104679,1.584991713,0.947667992,1.06813751,-0.611214198,0.295749083,-0.211892419,0.70288782
1497535094170190000,104680,1.584744684,0.954625746,1.069581876,-0.60827664,0.295121902,-0.21219353,0.70560364
1497535094180140000,104681,1.58447641,0.961376316,1.071146855,-0.604701318,0.294092132,-0.212766044,0.708926473
1497535094190170000,104682,1.584111539,0.968005905,1.072797625,-0.601560166,0.292507864,-0.212968901,0.712185905
1497535094200160000,104683,1.583922751,0.9746972,1.074468076,-0.598357225,0.291936166,-0.213966455,0.714814845
1497535094210140000,104684,1.583661064,0.981257296,1.076111672,-0.59484312,0.290563883,-0.214810818,0.718046381
1497535094220160000,104685,1.583466937,0.987862045,1.077462054,-0.591753388,0.289098452,-0.215194988,0.721069435
1497535094230150000,104686,1.583365892,0.994535438,1.078904518,-0.589384077,0.28843291,-0.215644041,0.723139346
1497535094240130000,104687,1.583398545,1.001287697,1.079974789,-0.587490321,0.287598687,-0.215777184,0.724970568
1497535094250110000,104688,1.583363702,1.008015926,1.080909063,-0.585053151,0.286677418,-0.216493945,0.727089569
1497535094260060000,104689,1.583504356,1.014989689,1.081749661,-0.583436223,0.285758314,-0.21645735,0.728759614
1497535094270230000,104690,1.583804969,1.022195431,1.082666556,-0.582697725,0.284625382,-0.216586761,0.729754704
1497535094280200000,104691,1.584025394,1.029430465,1.083279319,-0.581924659,0.283458216,-0.216486703,0.730854731
1497535094290180000,104692,1.584296871,1.036841703,1.083636855,-0.581977558,0.281427485,-0.216530373,0.731584096
1497535094300190000,104693,1.584668702,1.044421294,1.083997572,-0.582890516,0.279333813,-0.216610079,0.731636071
1497535094310150000,104694,1.58508476,1.052128,1.084083653,-0.583456039,0.277826597,-0.216755033,0.731716262
1497535094320170000,104695,1.585492154,1.059834943,1.084108547,-0.584907985,0.275370937,-0.216407722,0.731588132
1497535094330170000,104696,1.58589303,1.067725931,1.083887251,-0.585819651,0.27334096,-0.216121617,0.731704518
1497535094340170000,104697,1.586531197,1.075890913,1.083332925,-0.586687701,0.27214545,-0.216434023,0.731362228
1497535094350180000,104698,1.587261681,1.084072771,1.082632015,-0.589336763,0.270807393,-0.214932316,0.730170963
1497535094360140000,104699,1.587971774,1.09245788,1.08153995,-0.591303076,0.269329807,-0.213187559,0.729639084
1497535094370170000,104700,1.588881341,1.101195987,1.080282676,-0.594696001,0.268485901,-0.211261889,0.727750233
1497535094380170000,104701,1.589836952,1.10993474,1.078651164,-0.597184413,0.267879725,-0.209199754,0.726530586
1497535094390160000,104702,1.590881046,1.119053175,1.076789583,-0.600665251,0.267853676,-0.207761416,0.724079318
1497535094400190000,104703,1.591984687,1.128332138,1.074775334,-0.604515712,0.26643946,-0.205269955,0.722104572
1497535094410140000,104704,1.593089139,1.137637369,1.072475287,-0.607885078,0.266159001,-0.203324787,0.719926488
1497535094420130000,104705,1.594400894,1.147125809,1.070290823,-0.611670223,0.264576058,-0.200860894,0.717993
1497535094430150000,104706,1.595602606,1.156605583,1.06788992,-0.615187531,0.2632808,-0.197650708,0.716353069
1497535094440200000,104707,1.596785943,1.166122009,1.065736993,-0.617418781,0.261028671,-0.195385814,0.715878806
1497535094450160000,104708,1.597918825,1.175593411,1.063597458,-0.620020216,0.259219463,-0.193141127,0.714896291
1497535094460130000,104709,1.598783502,1.184666453,1.061403867,-0.620793005,0.256527474,-0.191152198,0.715730772
1497535094470160000,104710,1.599634599,1.193614443,1.059542756,-0.621420348,0.253325527,-0.18906423,0.716880496
1497535094480180000,104711,1.600457379,1.202093733,1.057625457,-0.62120632,0.250483148,-0.186657559,0.718693158
1497535094490110000,104712,1.601549565,1.210534418,1.056124932,-0.620201378,0.248230104,-0.185126383,0.720735936
1497535094500180000,104713,1.602666203,1.218914452,1.054848922,-0.617941021,0.246027945,-0.184853723,0.723497233
1497535094510170000,104714,1.604061037,1.227592856,1.053626255,-0.615304188,0.24450667,-0.185163123,0.726176192
1497535094520170000,104715,1.605781195,1.236510007,1.05264735,-0.612231094,0.243049726,-0.185808892,0.729091883
1497535094530170000,104716,1.607764825,1.245835976,1.051485724,-0.609326102,0.243255335,-0.185993612,0.731406125
1497535094540180000,104717,1.609937177,1.25545623,1.05057067,-0.606533832,0.243360088,-0.185734201,0.733754308
1497535094550180000,104718,1.612201251,1.265283923,1.049674172,-0.603350824,0.243618401,-0.184789183,0.736526181
1497535094560100000,104719,1.614359455,1.275281659,1.048948821,-0.599719524,0.24366544,-0.183822973,0.739711268
1497535094570120000,104720,1.616447884,1.285350721,1.048733413,-0.597372056,0.243403365,-0.18204473,0.742132835
1497535094580180000,104721,1.618642758,1.29561267,1.049132905,-0.595405679,0.243185227,-0.18092839,0.744055065
1497535094590170000,104722,1.620695133,1.305703859,1.050187613,-0.595100828,0.241127508,-0.179718909,0.745260789
1497535094600180000,104723,1.623017716,1.315843285,1.05178473,-0.596675533,0.23954207,-0.178946917,0.744698533
1497535094610160000,104724,1.625502326,1.325936924,1.05377411,-0.599115644,0.238019861,-0.178584017,0.743313353
1497535094620120000,104725,1.628148032,1.33584551,1.055869925,-0.601848138,0.236052213,-0.178069789,0.741855324
1497535094630170000,104726,1.631013537,1.34556768,1.058058407,-0.604261772,0.234848267,-0.179030118,0.740042039
1497535094640170000,104727,1.633989558,1.3549794,1.06021443,-0.605082523,0.233070507,-0.180216678,0.739645339
1497535094650180000,104728,1.637041331,1.364135665,1.062277849,-0.604316779,0.233215355,-0.18232253,0.739709621
1497535094660160000,104729,1.64020318,1.373078625,1.063938197,-0.60323764,0.235205668,-0.184461038,0.73943003
1497535094670190000,104730,1.643440182,1.381886641,1.065594808,-0.602587116,0.2378677,-0.185582903,0.738827931
1497535094680180000,104731,1.646702918,1.390618937,1.066998268,-0.602704053,0.241802511,-0.187057868,0.73708122
1497535094690240000,104732,1.649769096,1.399239303,1.068237663,-0.602998227,0.244467017,-0.188163074,0.735679056
1497535094700180000,104733,1.652543931,1.407777862,1.069539738,-0.60471304,0.245946666,-0.189817862,0.733349546
1497535094710160000,104734,1.654942398,1.416104763,1.070707675,-0.607495141,0.245844638,-0.191273023,0.730701511
1497535094720190000,104735,1.657013637,1.424254001,1.071622721,-0.610238656,0.244644938,-0.192184421,0.728575861
1497535094730170000,104736,1.658933618,1.432163746,1.07243326,-0.614575867,0.243215477,-0.192643018,0.725280224
1497535094740180000,104737,1.660762322,1.439784159,1.073097545,-0.618524204,0.241358918,-0.193028301,0.722435988
1497535094750180000,104738,1.662439315,1.447082555,1.073641356,-0.621561562,0.239764773,-0.192504423,0.720497138
1497535094760190000,104739,1.664133661,1.454102519,1.074206984,-0.624738468,0.23887186,-0.191970517,0.718184797
1497535094770160000,104740,1.665738382,1.460732131,1.074591691,-0.627338275,0.238606242,-0.192179603,0.71594745
1497535094780180000,104741,1.667328447,1.467144967,1.074991552,-0.628390783,0.238378173,-0.191561934,0.715265612
1497535094790200000,104742,1.668810825,1.47319773,1.075241761,-0.629652985,0.239012762,-0.191219555,0.714034383
1497535094800190000,104743,1.670342717,1.479172336,1.075477863,-0.630633737,0.239771174,-0.190972759,0.712979859
1497535094810160000,104744,1.671724534,1.485027457,1.075700229,-0.631346403,0.241220263,-0.190126284,0.71208602
1497535094820160000,104745,1.673319534,1.491007401,1.075782793,-0.631747809,0.243172005,-0.189767627,0.711161255
1497535094830170000,104746,1.674800622,1.496779296,1.075896056,-0.633452105,0.24524001,-0.188487233,0.709273101
1497535094840180000,104747,1.676327315,1.50263886,1.07602167,-0.634937377,0.247516076,-0.188092358,0.707256378
1497535094850180000,104748,1.677720468,1.508461417,1.076160059,-0.635496996,0.250325281,-0.187961593,0.705798314
1497535094860170000,104749,1.679040992,1.514214345,1.076005239,-0.637222719,0.252948692,-0.187572957,0.703406392
1497535094870180000,104750,1.680306327,1.520070542,1.07607442,-0.638609245,0.255461237,-0.187153462,0.701349678
1497535094880180000,104751,1.681346089,1.525861918,1.076019571,-0.639922309,0.257198102,-0.187062419,0.69954001
1497535094890180000,104752,1.682351254,1.531670466,1.076036734,-0.640902641,0.258513732,-0.186912236,0.698196442
1497535094900190000,104753,1.683212775,1.537571549,1.075979532,-0.642050708,0.259953846,-0.187524111,0.696440661
1497535094910150000,104754,1.683958958,1.543433019,1.075853281,-0.644533079,0.261012455,-0.187299226,0.693807328
1497535094920150000,104755,1.684588715,1.549533901,1.075651613,-0.646387635,0.261951656,-0.187378815,0.691703358
1497535094930170000,104756,1.685132483,1.555724672,1.075424338,-0.648808747,0.261314089,-0.187275779,0.68970279
1497535094940170000,104757,1.685456196,1.561770846,1.075007346,-0.651385441,0.261017792,-0.187620043,0.687288469
1497535094950170000,104758,1.685662417,1.568035794,1.07458811,-0.653716422,0.260477847,-0.186914567,0.685469967
1497535094960150000,104759,1.685798935,1.574255674,1.074067777,-0.656692505,0.260040609,-0.186454317,0.682911871
1497535094970120000,104760,1.685923272,1.580544415,1.073561924,-0.658874531,0.259377635,-0.186809689,0.680962359
1497535094980130000,104761,1.685979089,1.586756962,1.072885,-0.661471145,0.258916624,-0.187051753,0.678549739
1497535094990080000,104762,1.686114698,1.593043457,1.072295827,-0.664053262,0.258758361,-0.186772401,0.676160814
1497535095000180000,104763,1.68614297,1.599299188,1.071666744,-0.666603279,0.259020773,-0.186483911,0.673626053
1497535095010160000,104764,1.686127222,1.605465712,1.071070062,-0.66854764,0.259048204,-0.18733279,0.671449557
1497535095020180000,104765,1.686368093,1.611821829,1.070375375,-0.6704945,0.25957493,-0.187904015,0.669141288
1497535095030140000,104766,1.686257911,1.618139831,1.069855175,-0.672310896,0.259691329,-0.189667252,0.66677193
1497535095040180000,104767,1.686259946,1.624399934,1.069244246,-0.673953184,0.260451757,-0.190807069,0.664488262
1497535095050190000,104768,1.686309932,1.630978118,1.068557215,-0.675861372,0.260601103,-0.19111591,0.662399562
1497535095060170000,104769,1.686328827,1.637374766,1.067638227,-0.677940694,0.261900274,-0.191659773,0.659599267
1497535095070120000,104770,1.686261159,1.64407087,1.066876864,-0.680400288,0.262562544,-0.191768826,0.656765617
1497535095080150000,104771,1.686169502,1.650954564,1.066005391,-0.682451178,0.262350025,-0.192078114,0.654628789
1497535095090170000,104772,1.686032255,1.657715525,1.065269135,-0.685031506,0.262357344,-0.192104388,0.651917452
1497535095100190000,104773,1.685842233,1.664445078,1.064278751,-0.685638857,0.26276389,-0.193411921,0.650727535
1497535095110170000,104774,1.685741225,1.671388068,1.063438294,-0.688034851,0.262282424,-0.193979893,0.648218925
1497535095120210000,104775,1.6854189,1.678189351,1.062552895,-0.689406501,0.262493066,-0.195076829,0.646344411
1497535095130120000,104776,1.685088061,1.684891957,1.061517911,-0.690393416,0.263622387,-0.196043729,0.644536286
1497535095140190000,104777,1.684716003,1.691697906,1.060602643,-0.690690416,0.263457871,-0.19723999,0.643920093
1497535095150190000,104778,1.684199159,1.698420125,1.059729404,-0.691115573,0.263446584,-0.198024507,0.643227376
1497535095160160000,104779,1.683763833,1.705197422,1.058760247,-0.691599323,0.263683216,-0.199776833,0.642067563
1497535095170180000,104780,1.683310885,1.71202888,1.057786445,-0.693540778,0.263870362,-0.199793225,0.639887716
1497535095180180000,104781,1.682788318,1.718966577,1.056885663,-0.693959845,0.263138184,-0.201285701,0.639266843
1497535095190190000,104782,1.68226353,1.725896204,1.05586306,-0.695268624,0.264058393,-0.201455652,0.637409073
1497535095200180000,104783,1.681475897,1.732837986,1.0548943,-0.694683574,0.263759097,-0.203067886,0.637659238
1497535095210150000,104784,1.680634045,1.739845468,1.05389385,-0.694349922,0.264303711,-0.204184818,0.637440424
1497535095220190000,104785,1.679844292,1.747081849,1.052776721,-0.694627887,0.265277014,-0.20434217,0.636682403
1497535095230090000,104786,1.678832417,1.754475852,1.051808582,-0.694190379,0.265596285,-0.205776029,0.636564652
1497535095240160000,104787,1.677758495,1.761918026,1.0505837,-0.694399931,0.266784841,-0.205777709,0.635838124
1497535095250200000,104788,1.676537962,1.769565686,1.049390332,-0.695295567,0.268437218,-0.206218536,0.634018493
1497535095260170000,104789,1.675184818,1.77755074,1.048338496,-0.693974799,0.268802636,-0.207471048,0.634901477
1497535095270180000,104790,1.67361478,1.785602606,1.04725616,-0.695072001,0.269053181,-0.207162822,0.633694615
1497535095280180000,104791,1.671834618,1.793854533,1.046063685,-0.694306676,0.271068134,-0.208145653,0.63335274
1497535095290190000,104792,1.669905691,1.802332169,1.045113032,-0.694234928,0.271171545,-0.208578013,0.633244874
1497535095300190000,104793,1.667794975,1.811044303,1.04429153,-0.694274003,0.271818148,-0.208626666,0.632908696
1497535095310170000,104794,1.66551548,1.819971536,1.043558816,-0.69410362,0.272052717,-0.208429565,0.633059713
1497535095320180000,104795,1.662954097,1.829039226,1.04316792,-0.692824598,0.271213918,-0.207882642,0.634997555
1497535095330170000,104796,1.660191371,1.838306132,1.042988265,-0.694442181,0.270374859,-0.205157948,0.634474357
1497535095340190000,104797,1.657266201,1.847537636,1.0431046,-0.693971862,0.269531936,-0.20333881,0.635931536
1497535095350190000,104798,1.654103249,1.856818487,1.043472464,-0.692055492,0.268090442,-0.202137719,0.639004736
1497535095360170000,104799,1.650788387,1.86606152,1.044106353,-0.692897142,0.266753304,-0.197212226,0.640190256
1497535095370170000,104800,1.647129903,1.875342594,1.045014093,-0.6922043,0.264265299,-0.194875539,0.642682334
1497535095380100000,104801,1.643088974,1.884391667,1.046204772,-0.691957007,0.261065794,-0.190635523,0.645521687
1497535095390200000,104802,1.638831978,1.893165978,1.047648131,-0.690350616,0.25749369,-0.187996166,0.649438579
1497535095400190000,104803,1.634446899,1.901934593,1.049284966,-0.690003693,0.253563632,-0.184451679,0.65236337
1497535095410170000,104804,1.629746221,1.910094686,1.051108322,-0.687072425,0.248643698,-0.182688731,0.657824157
1497535095420130000,104805,1.625062249,1.918372275,1.053155222,-0.685299884,0.242633121,-0.181002387,0.662368005
1497535095430200000,104806,1.620157362,1.92591464,1.054947056,-0.682377706,0.237773311,-0.180083819,0.667378706
1497535095440190000,104807,1.61543928,1.93351653,1.057171111,-0.681041075,0.230751512,-0.179811229,0.67127097
1497535095450210000,104808,1.611102354,1.940553526,1.058736143,-0.677366896,0.226486008,-0.178350548,0.67680814
1497535095460180000,104809,1.60688337,1.947196451,1.060387372,-0.671920373,0.222676554,-0.179159004,0.683257065
1497535095470130000,104810,1.602931946,1.953700986,1.061842559,-0.667053218,0.21974257,-0.180036112,0.688723606
1497535095480160000,104811,1.599280756,1.960155474,1.062941694,-0.662816587,0.218705143,-0.180387296,0.693038711
1497535095490200000,104812,1.595882158,1.966735123,1.064090438,-0.65986223,0.216324866,-0.178690594,0.697033042
1497535095500190000,104813,1.592415433,1.972979586,1.065165069,-0.655077757,0.215716607,-0.178363902,0.701801821
1497535095510170000,104814,1.588868,1.979118702,1.066226273,-0.650015842,0.214991655,-0.177247573,0.706994548
1497535095520160000,104815,1.585523452,1.985634238,1.067093178,-0.647705223,0.214546342,-0.174328248,0.709970051
1497535095530190000,104816,1.581994651,1.992029267,1.068099616,-0.644979956,0.214420467,-0.170411964,0.713431484
1497535095540190000,104817,1.578370908,1.998599278,1.069061037,-0.642361313,0.211887956,-0.16664344,0.717429719
1497535095550200000,104818,1.574462196,2.005273497,1.069941215,-0.642057666,0.211176655,-0.161215799,0.719149386
1497535095560170000,104819,1.570531369,2.012012947,1.071010846,-0.640740148,0.207174606,-0.155852411,0.722662281
1497535095570130000,104820,1.566246698,2.018809695,1.072271719,-0.64045281,0.203001764,-0.150655618,0.725198847
1497535095580190000,104821,1.561704488,2.025432086,1.073500683,-0.639202292,0.197717433,-0.14568675,0.728768562
1497535095590180000,104822,1.557025319,2.032244965,1.07470732,-0.638790758,0.190944672,-0.139889667,0.732063782
1497535095600190000,104823,1.552288617,2.039092582,1.07587206,-0.639345477,0.184675236,-0.133921824,0.734300594
1497535095610170000,104824,1.547492364,2.045848809,1.076961199,-0.639889673,0.178392852,-0.12729753,0.736554503
1497535095620190000,104825,1.542593148,2.052492493,1.077871338,-0.639356194,0.172344535,-0.120703443,0.739561828
1497535095630220000,104826,1.537796784,2.059361356,1.078919495,-0.640467299,0.165223386,-0.11514578,0.741110195
1497535095640180000,104827,1.532883227,2.065798583,1.079642023,-0.640273196,0.159473738,-0.107938629,0.743617922
1497535095650180000,104828,1.528073382,2.072452547,1.080258129,-0.640609084,0.153124776,-0.100914146,0.745646793
1497535095660170000,104829,1.523230385,2.079017662,1.080924436,-0.641586392,0.146365229,-0.094181159,0.747043527
1497535095670140000,104830,1.518311645,2.085672002,1.081268803,-0.642850373,0.140566293,-0.086380084,0.748012698
1497535095680180000,104831,1.513309713,2.092128442,1.081634464,-0.643941565,0.134751453,-0.079086308,0.748950374
1497535095690100000,104832,1.508299559,2.098865377,1.081897124,-0.64613138,0.128765351,-0.072141031,0.748818666
1497535095700070000,104833,1.503129925,2.104851926,1.081815397,-0.644505103,0.121569056,-0.063390197,0.752207298
1497535095710170000,104834,1.497911894,2.111394375,1.081645904,-0.646737037,0.115084154,-0.055152587,0.751960793
1497535095720250000,104835,1.492584174,2.118146613,1.081645584,-0.650327535,0.108273757,-0.046688297,0.750447262
1497535095730250000,104836,1.487109902,2.124756869,1.081444215,-0.652933135,0.101117886,-0.038237953,0.749660826
1497535095740230000,104837,1.481506648,2.131109625,1.081233835,-0.655134524,0.093630035,-0.029351359,0.749113256
1497535095750210000,104838,1.475734994,2.137392663,1.081022646,-0.658142612,0.085577968,-0.020176313,0.747741687
1497535095760180000,104839,1.469789693,2.14331219,1.080875551,-0.659257485,0.076796875,-0.011279433,0.747900115
1497535095770160000,104840,1.463808523,2.149295056,1.080767417,-0.659763247,0.069081099,-0.003784802,0.748281989
1497535095780190000,104841,1.457586992,2.154523687,1.080761829,-0.661856664,0.05830239,0.007040402,0.747326582
1497535095790110000,104842,1.451291223,2.15993911,1.080828139,-0.662137871,0.049682242,0.014121952,0.74759995
1497535095800190000,104843,1.445146885,2.164872486,1.080649785,-0.662209619,0.040184925,0.023386788,0.747874756
1497535095810150000,104844,1.438905373,2.169989098,1.080691967,-0.662902331,0.030601697,0.030669437,0.747451284
1497535095820190000,104845,1.43284515,2.174641324,1.080619473,-0.663324433,0.020947166,0.038941199,0.747024428
1497535095830200000,104846,1.426924202,2.179193819,1.080290889,-0.663116314,0.01112127,0.046567639,0.746983619
1497535095840180000,104847,1.420829454,2.183674935,1.080242684,-0.66239166,0.003232997,0.053314134,0.747251256
1497535095850190000,104848,1.415427684,2.188724912,1.07983128,-0.665805136,-0.006058326,0.062612729,0.743469208
1497535095860180000,104849,1.409319726,2.193030434,1.080080472,-0.664523003,-0.014175703,0.06810127,0.744023148
1497535095870150000,104850,1.403479454,2.197071206,1.079956288,-0.661817196,-0.02016873,0.073119577,0.745818174
1497535095880210000,104851,1.397847594,2.20148168,1.079782029,-0.662098283,-0.027323957,0.079876459,0.744646907
1497535095890210000,104852,1.392266867,2.205942884,1.079701338,-0.662703685,-0.033849132,0.086623896,0.743084358
1497535095900200000,104853,1.386812375,2.210336368,1.079104667,-0.662107052,-0.039956203,0.092130907,0.742650422
1497535095910160000,104854,1.381279383,2.21468891,1.078831697,-0.66196973,-0.046064581,0.09851906,0.741598358
1497535095920110000,104855,1.375700913,2.219363799,1.078381332,-0.662520469,-0.052166663,0.104096457,0.739938643
1497535095930120000,104856,1.370058629,2.223721181,1.077987783,-0.662529653,-0.058321452,0.110443457,0.738549464
1497535095940130000,104857,1.36447947,2.228175004,1.077305887,-0.66236884,-0.064969999,0.116221474,0.737250967
1497535095950200000,104858,1.358824513,2.232646771,1.076793619,-0.66257218,-0.070885904,0.122026697,0.735583292
1497535095960210000,104859,1.353184199,2.236887814,1.075954465,-0.661165117,-0.076502422,0.127956989,0.735278911
1497535095970250000,104860,1.347449722,2.241405472,1.075017803,-0.66067389,-0.081487899,0.133681934,0.734165427
1497535095980200000,104861,1.341569558,2.245902096,1.074335119,-0.660748263,-0.085943454,0.139337587,0.732537025
1497535095990210000,104862,1.335656762,2.250748758,1.073448743,-0.6617281,-0.091326804,0.145095238,0.729878557
1497535096000190000,104863,1.329757295,2.255286293,1.072583523,-0.660253815,-0.095564294,0.15153042,0.729363351
1497535096010160000,104864,1.32372374,2.259796593,1.071425637,-0.659334386,-0.09955501,0.157354848,0.72842736
1497535096020250000,104865,1.317707144,2.264251718,1.070334849,-0.657393946,-0.102880832,0.162284333,0.728637447
1497535096030190000,104866,1.311517233,2.269173821,1.069206087,-0.657913756,-0.106934028,0.167976466,0.726290927
1497535096040170000,104867,1.305194328,2.274103459,1.068291719,-0.657419013,-0.109240191,0.172487823,0.725337696
1497535096050190000,104868,1.298861136,2.27891983,1.066997115,-0.656682746,-0.112860505,0.178041608,0.724107356
1497535096060180000,104869,1.292573763,2.283564268,1.065653099,-0.654047131,-0.116092056,0.183196739,0.724695757
1497535096070190000,104870,1.286052274,2.288817277,1.064959843,-0.65484176,-0.11856969,0.188382649,0.722243363
1497535096080200000,104871,1.279469096,2.293823899,1.063475171,-0.654132354,-0.121470188,0.194065245,0.720898424
1497535096090170000,104872,1.272711507,2.299084977,1.062482577,-0.653236698,-0.12343591,0.197705963,0.720387218
1497535096100170000,104873,1.265851349,2.304411437,1.061576081,-0.652648888,-0.12478681,0.203322214,0.719122909
1497535096110170000,104874,1.258932844,2.309766654,1.060291512,-0.651985242,-0.127052716,0.207850235,0.718032821
1497535096120210000,104875,1.251929747,2.315177493,1.059213685,-0.650997785,-0.128636403,0.212767898,0.717205954
1497535096130190000,104876,1.244803434,2.320507724,1.057784495,-0.649532049,-0.128989819,0.217602732,0.717020777
1497535096140140000,104877,1.237546775,2.326031626,1.056703871,-0.648685976,-0.130829473,0.222584283,0.715923453
1497535096150210000,104878,1.230052498,2.331705238,1.055669005,-0.646944884,-0.130390938,0.228103447,0.715841698
1497535096160180000,104879,1.222474394,2.337390818,1.054522757,-0.646936636,-0.13208686,0.232627726,0.714080102
1497535096170200000,104880,1.21486009,2.343152502,1.053818875,-0.646392976,-0.133988869,0.237043478,0.712764683
1497535096180210000,104881,1.207184455,2.34878598,1.053093386,-0.645399499,-0.134852307,0.241491719,0.712008491
1497535096190210000,104882,1.199574534,2.354508525,1.05305581,-0.646107615,-0.135592906,0.244417396,0.71022507
1497535096200170000,104883,1.192053922,2.359896951,1.053378408,-0.646433475,-0.136616571,0.247617475,0.708622086
1497535096210140000,104884,1.184548626,2.364901298,1.054140064,-0.646450569,-0.136226533,0.249162326,0.708139908
1497535096220200000,104885,1.177243701,2.37001852,1.055376612,-0.647113221,-0.139636192,0.250368307,0.70644315
1497535096230200000,104886,1.170212651,2.374687405,1.056573325,-0.648568141,-0.140688338,0.249804584,0.705098452
1497535096240170000,104887,1.163454486,2.379870425,1.058537152,-0.646041878,-0.146626683,0.251420127,0.705633352
1497535096250210000,104888,1.156486472,2.384788699,1.060220632,-0.646847694,-0.146291486,0.251651412,0.704881855
1497535096260180000,104889,1.14984258,2.389857394,1.061872294,-0.645993241,-0.148263597,0.251188834,0.70541818
1497535096270160000,104890,1.143072554,2.394945766,1.063177102,-0.645734622,-0.146370111,0.25036552,0.706342477
1497535096280200000,104891,1.136597591,2.399967156,1.06401173,-0.643928058,-0.146152091,0.250115772,0.708123099
1497535096290210000,104892,1.130108919,2.405241799,1.06493348,-0.644565629,-0.14477971,0.249223952,0.708139398
1497535096300170000,104893,1.123645918,2.410074407,1.065245285,-0.643373711,-0.142385886,0.247276241,0.710387914
1497535096310120000,104894,1.117248561,2.415194936,1.065816644,-0.64340264,-0.142078774,0.246690374,0.710626852
1497535096320170000,104895,1.110791788,2.420134211,1.066180857,-0.644774466,-0.144098228,0.244779368,0.709636985
1497535096330180000,104896,1.104164175,2.424802884,1.066320849,-0.646528253,-0.146076426,0.243074116,0.708221625
1497535096340250000,104897,1.097631697,2.42959548,1.066535934,-0.650172376,-0.15028038,0.242025477,0.704354568
1497535096350200000,104898,1.091038705,2.433752396,1.066518873,-0.654751914,-0.153063716,0.241762994,0.699587082
1497535096360170000,104899,1.084549677,2.438191067,1.066513446,-0.658363591,-0.157541839,0.242692131,0.6948658
1497535096370150000,104900,1.078134577,2.442271661,1.066525079,-0.661701649,-0.160802005,0.244669042,0.690239598
1497535096380170000,104901,1.071933446,2.445912762,1.066503554,-0.665031579,-0.165399256,0.246550939,0.685265437
1497535096390160000,104902,1.065647087,2.44922135,1.066432123,-0.666103246,-0.169533208,0.249431679,0.682164786
1497535096400180000,104903,1.059662353,2.452135343,1.066588092,-0.666647304,-0.17373907,0.252569932,0.679414849
1497535096410120000,104904,1.053741364,2.454650077,1.066552307,-0.66671238,-0.178191543,0.255304582,0.677172022
1497535096420190000,104905,1.047838202,2.457181105,1.066368258,-0.665108838,-0.182104591,0.257944062,0.676707479
1497535096430180000,104906,1.042118278,2.459582353,1.066342217,-0.663776339,-0.185682927,0.261151228,0.675812739
1497535096440210000,104907,1.036548752,2.461959633,1.066321419,-0.665134017,-0.188824355,0.26237248,0.6731291
1497535096450180000,104908,1.031051346,2.46459462,1.066153324,-0.664956639,-0.190656537,0.264048472,0.6721318
1497535096460170000,104909,1.025711186,2.467286647,1.066029436,-0.666888577,-0.192160486,0.265355313,0.669268655
1497535096470210000,104910,1.020415898,2.470092459,1.0656788,-0.669429556,-0.19275489,0.265670756,0.666429795
1497535096480190000,104911,1.015254563,2.473093842,1.065584683,-0.67169554,-0.192734085,0.26669396,0.663741671
1497535096490180000,104912,1.010185475,2.475925251,1.065378928,-0.674563422,-0.192045135,0.267444144,0.660724213
1497535096500150000,104913,1.005187398,2.478753961,1.065171977,-0.677166661,-0.19180844,0.268034949,0.657884565
1497535096510080000,104914,1.000100148,2.481372271,1.064828035,-0.678647606,-0.192116551,0.26899161,0.655875119
1497535096520190000,104915,0.995061135,2.48347049,1.064354674,-0.680280955,-0.192322639,0.269526242,0.653900168
1497535096530160000,104916,0.989824204,2.485765152,1.06394426,-0.681354659,-0.19335253,0.269530925,0.652475063
1497535096540140000,104917,0.984449158,2.487915017,1.06349612,-0.682820857,-0.19484496,0.269948967,0.650321977
1497535096550140000,104918,0.978929259,2.489773581,1.062832571,-0.683086026,-0.197415496,0.270549042,0.64901758
1497535096560140000,104919,0.97330325,2.491696362,1.062120736,-0.684569665,-0.199844691,0.27084176,0.646584267
1497535096570190000,104920,0.967618306,2.493479403,1.06149646,-0.68521313,-0.202495273,0.271240287,0.644908782
1497535096580200000,104921,0.961829375,2.495236198,1.060724124,-0.686655734,-0.205729145,0.270995556,0.642449088
1497535096590170000,104922,0.956035152,2.49706184,1.060115071,-0.688328555,-0.208490808,0.270737084,0.639872498
1497535096600200000,104923,0.950329121,2.498729301,1.059428302,-0.689685076,-0.211292471,0.271386369,0.63721223
1497535096610160000,104924,0.944581652,2.500462859,1.058599315,-0.690911508,-0.214177016,0.27095913,0.635098924
1497535096620210000,104925,0.938934959,2.502057264,1.057863847,-0.69223256,-0.215880554,0.270695113,0.633193356
1497535096630180000,104926,0.933280728,2.503693769,1.057054423,-0.693719832,-0.217999917,0.270551525,0.630896745
1497535096640210000,104927,0.927603217,2.505173097,1.055998243,-0.694954434,-0.220325841,0.270152088,0.62889801
1497535096650210000,104928,0.921925459,2.506677714,1.055251553,-0.696694229,-0.221482134,0.269830814,0.626701003
1497535096660180000,104929,0.916138405,2.508202953,1.054363454,-0.698084853,-0.223479368,0.268573003,0.624982441
1497535096670190000,104930,0.910398452,2.509754158,1.053427718,-0.699793154,-0.224932117,0.268290372,0.622667938
1497535096680200000,104931,0.904599339,2.511030795,1.052512626,-0.701223522,-0.226953534,0.267545842,0.620642319
1497535096690210000,104932,0.89870619,2.512597608,1.051603545,-0.703001212,-0.229060586,0.267018459,0.618079029
1497535096700200000,104933,0.892730207,2.514101298,1.050761833,-0.704668659,-0.229848715,0.265432565,0.616568896
1497535096710190000,104934,0.886851559,2.515553991,1.049788201,-0.706064046,-0.230997004,0.26481648,0.614805806
1497535096720130000,104935,0.880700631,2.517011088,1.048867917,-0.707915789,-0.23212465,0.262819555,0.613106243
1497535096730160000,104936,0.874915684,2.518269614,1.047890495,-0.708598288,-0.23167666,0.261469542,0.613064491
1497535096740210000,104937,0.868877083,2.519573929,1.046793297,-0.709745725,-0.232330569,0.26009167,0.612075025
1497535096750220000,104938,0.862881189,2.520834821,1.045800981,-0.711065663,-0.232338093,0.258327972,0.611286588
1497535096760190000,104939,0.856656139,2.522279436,1.04489562,-0.712086023,-0.232613163,0.256497489,0.610764808
1497535096770220000,104940,0.850557666,2.523506297,1.043551383,-0.713710221,-0.233086239,0.254768603,0.609410769
1497535096780210000,104941,0.844048163,2.525036963,1.042603244,-0.716984177,-0.234570821,0.253060391,0.605698488
1497535096790210000,104942,0.837816114,2.526107783,1.041611421,-0.716247057,-0.23381082,0.251618675,0.607462506
1497535096800210000,104943,0.831404185,2.527123147,1.040263951,-0.718111231,-0.234825544,0.249314435,0.605818072
1497535096810180000,104944,0.824984338,2.527966698,1.038967721,-0.718755609,-0.234578793,0.247941171,0.605713085
1497535096820220000,104945,0.818217489,2.529087088,1.03813927,-0.720295604,-0.236508189,0.246543428,0.603700636
1497535096830160000,104946,0.811730916,2.529467927,1.036502499,-0.720950585,-0.236682247,0.245129346,0.60342636
1497535096840170000,104947,0.80506902,2.530137854,1.03543903,-0.72170997,-0.237578446,0.243943737,0.602646376
1497535096850220000,104948,0.79817836,2.530600405,1.034302424,-0.721974329,-0.239252571,0.242802768,0.60212797
1497535096860200000,104949,0.791295245,2.530949866,1.033051981,-0.72308731,-0.240511205,0.240859038,0.601070733
1497535096870110000,104950,0.784495217,2.531235806,1.031811373,-0.723570842,-0.240490927,0.239620017,0.600992177
1497535096880210000,104951,0.777547989,2.531310652,1.030291776,-0.724499712,-0.240490005,0.237490824,0.600718597
1497535096890230000,104952,0.770322593,2.531853481,1.029336205,-0.726111792,-0.240228442,0.235643952,0.59960311
1497535096900230000,104953,0.763248543,2.531912381,1.028080042,-0.725910283,-0.238774375,0.234168837,0.601004173
1497535096910210000,104954,0.75591801,2.532095968,1.026937931,-0.727433892,-0.238242689,0.231631125,0.600356041
1497535096920220000,104955,0.7485933,2.532248104,1.02582471,-0.728142359,-0.235626727,0.229885454,0.601199991
1497535096930200000,104956,0.740896304,2.532120918,1.024560663,-0.728924622,-0.234021151,0.227036655,0.601961256
1497535096940230000,104957,0.733046792,2.532235125,1.023881478,-0.730035337,-0.232267755,0.225081757,0.602028488
1497535096950220000,104958,0.724862595,2.532199651,1.023147866,-0.730236904,-0.231021676,0.222805827,0.603109121
1497535096960200000,104959,0.716578435,2.531938775,1.022681519,-0.730370735,-0.229569171,0.221666991,0.603920798
1497535096970220000,104960,0.708027901,2.531782333,1.022327282,-0.731131849,-0.228912975,0.220855099,0.603546265
1497535096980180000,104961,0.699384512,2.531232029,1.022049509,-0.730660455,-0.22743507,0.219304967,0.605238729
1497535096990230000,104962,0.690603547,2.530828823,1.022026624,-0.730513481,-0.226669126,0.219001539,0.60581308
1497535097000230000,104963,0.681583272,2.530542585,1.022172993,-0.730831073,-0.226296728,0.219532261,0.605377007
1497535097010200000,104964,0.672718689,2.52979285,1.022386399,-0.729873031,-0.224702052,0.220771615,0.606674741
1497535097020210000,104965,0.66374304,2.528871727,1.022945573,-0.728728007,-0.224367841,0.222612575,0.607501609
1497535097030120000,104966,0.654818467,2.527771445,1.023555946,-0.727038425,-0.223525827,0.226064579,0.608560711
1497535097040240000,104967,0.645868159,2.526462095,1.024431475,-0.72630986,-0.223593185,0.229352461,0.608175569
1497535097050210000,104968,0.636957829,2.525064819,1.025715399,-0.724161408,-0.223704803,0.232440897,0.609522474
1497535097060200000,104969,0.628293051,2.523398622,1.027075873,-0.722449252,-0.223118135,0.236066088,0.610375441
1497535097070230000,104970,0.619671149,2.521652279,1.028705509,-0.719153247,-0.22285335,0.239276796,0.613108153
1497535097080210000,104971,0.611358382,2.519761109,1.03033458,-0.716551743,-0.2216515,0.243240745,0.615026952
1497535097090190000,104972,0.603039938,2.517916991,1.032038305,-0.713418366,-0.221382548,0.246567046,0.617437198
1497535097100220000,104973,0.594950872,2.515808383,1.033590558,-0.708703608,-0.221678857,0.250959032,0.620980873
1497535097110180000,104974,0.58700951,2.513761548,1.034876832,-0.7052301,-0.222599796,0.255436643,0.622777616
1497535097120200000,104975,0.579175274,2.512056105,1.036138479,-0.700770285,-0.224058284,0.259288547,0.625690293
1497535097130200000,104976,0.571624273,2.510397455,1.037067894,-0.69633166,-0.225221848,0.262940822,0.628696637
1497535097140190000,104977,0.564316847,2.508862037,1.037832756,-0.693170948,-0.225260641,0.266116174,0.630835844
1497535097150210000,104978,0.557296796,2.507619398,1.03847118,-0.689855503,-0.224918825,0.26942185,0.633184628
1497535097160110000,104979,0.550605895,2.506545201,1.039156863,-0.686518056,-0.223742657,0.272795278,0.635778986
1497535097170200000,104980,0.544065033,2.505782781,1.039842496,-0.683320735,-0.220874216,0.276252245,0.638726898
1497535097180220000,104981,0.537786309,2.505055622,1.040420804,-0.680650668,-0.217964633,0.278968599,0.64139115
1497535097190290000,104982,0.531831006,2.504485293,1.041206319,-0.678410158,-0.214798419,0.282681808,0.643204705
1497535097200210000,104983,0.525863337,2.503961049,1.041956515,-0.676703908,-0.212003017,0.285222598,0.644805871
1497535097210210000,104984,0.519982999,2.503442609,1.042775344,-0.674195991,-0.208382602,0.288739098,0.647044195
1497535097220230000,104985,0.514075598,2.502933495,1.043743699,-0.67318542,-0.205748073,0.291520878,0.647691823
1497535097230200000,104986,0.508109397,2.502557763,1.04477691,-0.670925084,-0.2042715,0.294287,0.64925176
1497535097240230000,104987,0.502123971,2.501983508,1.045863745,-0.669304376,-0.203470385,0.297230513,0.649834961
1497535097250220000,104988,0.49610646,2.501398066,1.047001096,-0.666996207,-0.203565723,0.300577646,0.650638252
1497535097260190000,104989,0.490081879,2.500734422,1.048057732,-0.664882148,-0.203483641,0.303601396,0.651423311
1497535097270230000,104990,0.483983571,2.500135475,1.049219928,-0.662347272,-0.203983524,0.30636085,0.652556391
1497535097280230000,104991,0.477911201,2.499816703,1.050508132,-0.659557244,-0.204906305,0.309426842,0.653645682
1497535097290230000,104992,0.471802443,2.499424708,1.051540775,-0.65719313,-0.205407017,0.31187347,0.654706107
1497535097300230000,104993,0.465835029,2.499198193,1.052715284,-0.65591365,-0.206549838,0.314906737,0.654177495
1497535097310200000,104994,0.459960655,2.498836521,1.053583413,-0.653520964,-0.206325934,0.317834863,0.655225883
1497535097320240000,104995,0.454176596,2.498853577,1.054643159,-0.65148246,-0.206628582,0.32048268,0.655870478
1497535097330180000,104996,0.448375433,2.498628582,1.055313811,-0.649629985,-0.206683981,0.323281444,0.656316785
1497535097340250000,104997,0.442781396,2.498611583,1.056139696,-0.647861308,-0.206840659,0.326740703,0.656302659
1497535097350220000,104998,0.437101255,2.498544255,1.056761216,-0.64550803,-0.207167785,0.329516794,0.6571298
1497535097360200000,104999,0.4314849,2.498504055,1.057275976,-0.644220668,-0.207625821,0.331802986,0.657098187
1497535097370230000,105000,0.425805226,2.498575023,1.057669039,-0.642724463,-0.208529378,0.334702824,0.656806503
1497535097380220000,105001,0.420041657,2.49853734,1.057861053,-0.641654932,-0.209733075,0.33693453,0.656327745
1497535097390240000,105002,0.414250106,2.498589158,1.058032683,-0.640317098,-0.211496585,0.339137513,0.655933652
1497535097400250000,105003,0.408363236,2.498623604,1.05809542,-0.638929301,-0.212996013,0.341154258,0.655755914
1497535097410210000,105004,0.402403882,2.49859426,1.05810419,-0.637594381,-0.215879599,0.343055382,0.655120148
1497535097420230000,105005,0.396466578,2.49865209,1.058098067,-0.635980872,-0.217713737,0.345444086,0.654826269
1497535097430190000,105006,0.390452434,2.49865118,1.058006678,-0.634816494,-0.219410795,0.347029005,0.654551596
1497535097440240000,105007,0.384314434,2.498652439,1.057758455,-0.633835234,-0.221271511,0.348284647,0.654209156
1497535097450220000,105008,0.378181817,2.498893649,1.057566828,-0.633134719,-0.223151378,0.349526016,0.653586608
1497535097460200000,105009,0.371761269,2.499042154,1.057110325,-0.632479462,-0.224620176,0.350971487,0.65294297
1497535097470230000,105010,0.365411116,2.499204983,1.05676629,-0.632403286,-0.226311998,0.351853208,0.651957271
1497535097480230000,105011,0.358886716,2.49938866,1.05616908,-0.632195703,-0.228247981,0.352922093,0.6509051
1497535097490230000,105012,0.352230379,2.499672155,1.055436751,-0.63216046,-0.23037201,0.353577763,0.649834329
1497535097500210000,105013,0.345366804,2.49997324,1.054582324,-0.632141971,-0.232660631,0.354786873,0.648376306
1497535097510200000,105014,0.338387238,2.500437504,1.0538014,-0.632593759,-0.234777404,0.355052879,0.647025626
1497535097520240000,105015,0.331088948,2.500872017,1.05259291,-0.633198864,-0.236492747,0.355828627,0.645380793
1497535097530250000,105016,0.323758598,2.501287715,1.051495816,-0.634099468,-0.23901412,0.356309313,0.643299144
1497535097540250000,105017,0.316219443,2.501776151,1.050191966,-0.634208839,-0.241608124,0.357052327,0.641808615
1497535097550140000,105018,0.308445612,2.502228198,1.048768812,-0.635006257,-0.243734412,0.357796196,0.639798775
1497535097560190000,105019,0.300483379,2.502600321,1.047321619,-0.634995997,-0.245483592,0.358888191,0.638527334
1497535097570210000,105020,0.292353912,2.502941306,1.045904491,-0.634909846,-0.248013611,0.359726427,0.637162173
1497535097580240000,105021,0.284164828,2.503191528,1.044550397,-0.634921629,-0.250225066,0.36110003,0.635506656
1497535097590220000,105022,0.275881653,2.503387426,1.043024404,-0.634432835,-0.252163516,0.363194055,0.634033609
1497535097600200000,105023,0.267731489,2.503665787,1.04157148,-0.633847296,-0.253934459,0.365950036,0.632325444
1497535097610210000,105024,0.259588444,2.503879462,1.040064696,-0.632944347,-0.254894671,0.368758048,0.631211266
1497535097620250000,105025,0.251686882,2.504065788,1.038515312,-0.631467975,-0.255531214,0.371459119,0.630848728
1497535097630240000,105026,0.243519198,2.504578148,1.036954558,-0.632580031,-0.255869258,0.373927989,0.628133176
1497535097640250000,105027,0.235454944,2.504825157,1.035716384,-0.629392588,-0.255390367,0.376209483,0.630164388
1497535097650190000,105028,0.227142008,2.505153839,1.034229885,-0.627513873,-0.253686664,0.378240303,0.631509057
1497535097660240000,105029,0.218560857,2.505864463,1.032975195,-0.626287444,-0.252739215,0.380132446,0.631970134
1497535097670230000,105030,0.20980952,2.506706457,1.031948729,-0.625003227,-0.252749991,0.382596416,0.63175026
1497535097680240000,105031,0.20087677,2.507663983,1.031087069,-0.623551666,-0.250748062,0.384106422,0.633064756
1497535097690230000,105032,0.191709013,2.508796755,1.03032871,-0.622158215,-0.24851078,0.385185944,0.634660017
1497535097700230000,105033,0.182601271,2.509773547,1.029702369,-0.619529002,-0.247921565,0.387520362,0.636039844
1497535097710220000,105034,0.173336044,2.510836449,1.02928596,-0.617068729,-0.247700759,0.38930412,0.637426718
1497535097720250000,105035,0.164096784,2.511795339,1.029190372,-0.614539661,-0.248582277,0.391450629,0.638211769
1497535097730220000,105036,0.154718616,2.512959667,1.029354021,-0.612344973,-0.248176233,0.391566407,0.640404513
1497535097740240000,105037,0.145499145,2.514140164,1.029932708,-0.610710752,-0.249548194,0.392742725,0.640711502
1497535097750270000,105038,0.136470672,2.515528799,1.030857768,-0.609521802,-0.251136135,0.391790411,0.641805335
1497535097760240000,105039,0.127507384,2.517152794,1.031819113,-0.610329798,-0.251752911,0.390343841,0.641677251
1497535097770260000,105040,0.118734124,2.519031078,1.033032881,-0.611380806,-0.253658705,0.387859014,0.641432893
1497535097780230000,105041,0.110077153,2.52113705,1.034152458,-0.612390484,-0.254397814,0.385819813,0.641406829
1497535097790240000,105042,0.101635345,2.523618063,1.035317268,-0.613274664,-0.254079763,0.383788705,0.64190645
1497535097800200000,105043,0.093448174,2.526167786,1.036395017,-0.614287072,-0.252605908,0.381368116,0.642961903
1497535097810160000,105044,0.085387462,2.528853588,1.03738647,-0.616148244,-0.249400441,0.378651594,0.644037058
1497535097820220000,105045,0.077445305,2.531695075,1.038376959,-0.618224843,-0.245794261,0.376476354,0.644708291
1497535097830210000,105046,0.069463302,2.534669973,1.039208831,-0.621048055,-0.241478879,0.373361368,0.645436715
1497535097840230000,105047,0.061539676,2.537536411,1.040051976,-0.624554096,-0.237846728,0.36990582,0.645391974
1497535097850230000,105048,0.053600135,2.540345464,1.040865348,-0.627658187,-0.235316641,0.365647909,0.645734377
1497535097860200000,105049,0.045600589,2.542872931,1.041479285,-0.630388678,-0.233661229,0.361621717,0.645942938
1497535097870210000,105050,0.03778459,2.545049105,1.042122099,-0.632907072,-0.234401221,0.35822054,0.645106775
1497535097880210000,105051,0.030022355,2.547022259,1.042756734,-0.634992164,-0.234798917,0.355064783,0.644657599
1497535097890140000,105052,0.022349184,2.548541269,1.043091964,-0.636698543,-0.237140479,0.353131229,0.643177809
1497535097900240000,105053,0.014928117,2.549805575,1.043549414,-0.637833536,-0.239667186,0.352452367,0.641486827
1497535097910250000,105054,0.00737844,2.550899775,1.043761334,-0.638707332,-0.243477133,0.3523844,0.639215976
1497535097920290000,105055,-0.000146263,2.552129895,1.044170218,-0.639751426,-0.246713769,0.352084521,0.637092552
1497535097930070000,105056,-0.007535463,2.553206361,1.044366752,-0.640954828,-0.250229617,0.352263124,0.634407392
1497535097940010000,105057,-0.014847742,2.554455495,1.044682382,-0.642160977,-0.253853981,0.352665562,0.631517566
1497535097950240000,105058,-0.021836973,2.555386259,1.044654197,-0.643488662,-0.256304961,0.352224072,0.629419028
1497535097960210000,105059,-0.028752441,2.556576994,1.044832326,-0.645454604,-0.257911946,0.351779263,0.626993726
1497535097970230000,105060,-0.035346946,2.557759108,1.044789808,-0.646337137,-0.258915372,0.351614437,0.625762274
1497535097980240000,105061,-0.041811138,2.55892361,1.044525248,-0.64768659,-0.259890403,0.3512241,0.624180015
1497535097990250000,105062,-0.047998026,2.560162251,1.04439812,-0.648356166,-0.261011909,0.351014872,0.623133713
1497535098000250000,105063,-0.053981422,2.561174326,1.044311555,-0.651766886,-0.260109408,0.349655439,0.620712571
1497535098010200000,105064,-0.059871486,2.562176407,1.044027315,-0.653837797,-0.260691238,0.349135745,0.618579377
1497535098020220000,105065,-0.065703045,2.563254833,1.044035618,-0.656230509,-0.260017767,0.347671623,0.617152107
1497535098030250000,105066,-0.071514007,2.564305862,1.044061742,-0.658676286,-0.258803002,0.346873602,0.615504071
1497535098040220000,105067,-0.077440913,2.565339833,1.043879126,-0.660272247,-0.258258074,0.346508275,0.614227435
1497535098050250000,105068,-0.083286352,2.566069771,1.043615122,-0.662877588,-0.257705021,0.345103016,0.612442106
1497535098060230000,105069,-0.089192626,2.566851971,1.043505613,-0.665485049,-0.256533281,0.344786741,0.610280615
1497535098070240000,105070,-0.095187211,2.567613783,1.043218756,-0.667062905,-0.25704066,0.343300606,0.609181315
1497535098080230000,105071,-0.101047957,2.568007142,1.042787725,-0.668974133,-0.257478317,0.342608288,0.607287483
1497535098090250000,105072,-0.107156272,2.568680739,1.042479635,-0.670688119,-0.257777559,0.340683234,0.6063523
1497535098100260000,105073,-0.113033757,2.568723062,1.041879944,-0.672061573,-0.259128268,0.339026974,0.605183025
1497535098110200000,105074,-0.119172384,2.569225231,1.041280116,-0.67347844,-0.260069589,0.337710908,0.603938691
1497535098120240000,105075,-0.125257501,2.569494072,1.040698058,-0.67560641,-0.261226062,0.33604832,0.601987084
1497535098130230000,105076,-0.131424684,2.569750333,1.040074762,-0.67780683,-0.262041552,0.333832484,0.600389873
1497535098140230000,105077,-0.137429303,2.569890865,1.039354005,-0.678940836,-0.262890566,0.332443536,0.599507453
1497535098150240000,105078,-0.143528965,2.569974259,1.038582137,-0.679624182,-0.264079793,0.33073263,0.59915671
1497535098160220000,105079,-0.14951191,2.570010316,1.037575043,-0.681187668,-0.264880566,0.328832857,0.598072403
1497535098170270000,105080,-0.155574737,2.570323549,1.037188216,-0.682808943,-0.264781089,0.32688031,0.597337581
1497535098180240000,105081,-0.161545472,2.570448802,1.036317464,-0.683469091,-0.265030368,0.32547536,0.597239228
1497535098190250000,105082,-0.167525895,2.570454389,1.035349557,-0.684603892,-0.266256764,0.323600152,0.596412431
1497535098200260000,105083,-0.173572841,2.570737296,1.034629124,-0.686013517,-0.264995778,0.321535843,0.596470782
1497535098210220000,105084,-0.17960777,2.570909281,1.033756047,-0.686818478,-0.265289253,0.320303333,0.59607698
1497535098220270000,105085,-0.185754276,2.571254333,1.032853206,-0.689118293,-0.264511235,0.318019849,0.594990052
1497535098230220000,105086,-0.191883115,2.571464149,1.032188241,-0.69020225,-0.264473834,0.316596211,0.59450928
1497535098240240000,105087,-0.19823605,2.571696071,1.031172355,-0.691966486,-0.264513454,0.314177398,0.593723485
1497535098250240000,105088,-0.20448736,2.571966331,1.030253963,-0.693761922,-0.263760575,0.312013838,0.593103801
1497535098260230000,105089,-0.210983418,2.572154561,1.029370523,-0.695383809,-0.264674422,0.30951016,0.592108326
1497535098270240000,105090,-0.217317214,2.572298325,1.028438989,-0.696442951,-0.263335209,0.306939989,0.592798134
1497535098280250000,105091,-0.223829656,2.572431213,1.027330128,-0.69768726,-0.263606225,0.304390837,0.592528872
1497535098290250000,105092,-0.230167904,2.572552703,1.026341438,-0.699481473,-0.262654668,0.301646802,0.592239312
1497535098300220000,105093,-0.236707765,2.572790779,1.025206838,-0.700853338,-0.262282296,0.298560344,0.59234645
1497535098310220000,105094,-0.243235081,2.573150743,1.024396373,-0.702607719,-0.261545325,0.295760901,0.591998249
1497535098320250000,105095,-0.249735913,2.573183838,1.023194189,-0.704343748,-0.260568164,0.291706537,0.592377762
1497535098330250000,105096,-0.256233672,2.573300815,1.02216673,-0.705661879,-0.259427648,0.288478182,0.592890333
1497535098340260000,105097,-0.262688147,2.573269614,1.021028865,-0.706326736,-0.259008537,0.285319831,0.593809493
1497535098350250000,105098,-0.269262384,2.573220731,1.019841083,-0.708803799,-0.257602576,0.281692182,0.593201148
1497535098360220000,105099,-0.275714057,2.57304991,1.018744624,-0.709456625,-0.255685412,0.278481948,0.59476388
1497535098370240000,105100,-0.282387422,2.572570755,1.017173907,-0.710777456,-0.255991629,0.276116793,0.594157564
1497535098380240000,105101,-0.288960957,2.572313996,1.016041493,-0.711140056,-0.25417522,0.273147602,0.595873447
1497535098390240000,105102,-0.295683596,2.571773143,1.01457099,-0.712384063,-0.253058094,0.270388175,0.59612145
1497535098400250000,105103,-0.302801816,2.57118781,1.01320722,-0.71284906,-0.252732619,0.26756735,0.596975841
1497535098410220000,105104,-0.309871913,2.570441679,1.01208756,-0.714269908,-0.251577639,0.2636356,0.597514402
1497535098420200000,105105,-0.317289242,2.569742067,1.011032889,-0.714448432,-0.250621116,0.261004052,0.598856726
1497535098430240000,105106,-0.324746409,2.56882784,1.009803004,-0.716276663,-0.249160196,0.257135344,0.598956053
1497535098440250000,105107,-0.332423063,2.567889416,1.00894122,-0.71758197,-0.247599442,0.254265831,0.599265817
1497535098450220000,105108,-0.340233621,2.566886871,1.008001441,-0.718124746,-0.245497757,0.252225276,0.600341662
1497535098460220000,105109,-0.348320022,2.566042844,1.007572597,-0.719001203,-0.243564543,0.249544891,0.601199577
1497535098470240000,105110,-0.356443859,2.564802517,1.007030832,-0.719818127,-0.241944058,0.247421229,0.601753831
1497535098480240000,105111,-0.364579412,2.563280274,1.00647415,-0.720188041,-0.240861683,0.246386331,0.602169919
1497535098490260000,105112,-0.372830661,2.562004339,1.006551028,-0.720207732,-0.238191278,0.246252768,0.603262225
1497535098500250000,105113,-0.381252704,2.560549181,1.006714347,-0.720527017,-0.235859895,0.24568726,0.604027067
1497535098510230000,105114,-0.389906742,2.558753932,1.006870035,-0.721129613,-0.235125646,0.246543365,0.603244876
1497535098520250000,105115,-0.398427395,2.556972427,1.007428516,-0.721007489,-0.233439646,0.248610941,0.603197093
1497535098530240000,105116,-0.407196042,2.554791855,1.008101457,-0.720195173,-0.233794916,0.249053616,0.603846956
1497535098540250000,105117,-0.415696646,2.552677006,1.009035501,-0.718957784,-0.232489218,0.251632632,0.604755724
1497535098550240000,105118,-0.423930868,2.550503745,1.010559834,-0.717372889,-0.230855981,0.253331126,0.606551724
1497535098560220000,105119,-0.432092396,2.547992533,1.011983915,-0.715568583,-0.229443297,0.254440386,0.608750742
1497535098570240000,105120,-0.439987101,2.545211078,1.013376332,-0.71371117,-0.226923286,0.255161027,0.61156769
1497535098580250000,105121,-0.447639827,2.542335037,1.015109518,-0.71150777,-0.223582914,0.256134126,0.614949333
1497535098590240000,105122,-0.455138226,2.539601318,1.017106876,-0.707811956,-0.220056152,0.25739693,0.619938985
1497535098600250000,105123,-0.462599279,2.536675003,1.018572598,-0.704454691,-0.218062023,0.259296756,0.623664761
1497535098610160000,105124,-0.469978867,2.533994693,1.02015979,-0.701804736,-0.216376156,0.261392457,0.626358887
1497535098620280000,105125,-0.477283497,2.531545443,1.02170212,-0.697927707,-0.215459576,0.263679048,0.630037655
1497535098630190000,105126,-0.484461352,2.528883797,1.022741468,-0.694406824,-0.21474417,0.26549773,0.633399605
1497535098640220000,105127,-0.491547216,2.526570617,1.023708733,-0.691439425,-0.213312262,0.267411077,0.636318094
1497535098650150000,105128,-0.498381447,2.524579369,1.024791517,-0.68741181,-0.211755439,0.269670493,0.640236255
1497535098660250000,105129,-0.504806673,2.522633797,1.025695881,-0.685076626,-0.209241482,0.270849947,0.64306168
1497535098670280000,105130,-0.511046428,2.521167181,1.026568975,-0.682400267,-0.205912527,0.272896308,0.64610952
1497535098680280000,105131,-0.517035074,2.519648201,1.027555646,-0.68011356,-0.201109586,0.274598194,0.649304484
1497535098690250000,105132,-0.522731519,2.518347978,1.02847332,-0.678473573,-0.196719324,0.276103387,0.651722363
1497535098700240000,105133,-0.528277964,2.517121392,1.029562015,-0.677010419,-0.192051133,0.277939777,0.653852228
1497535098710230000,105134,-0.533819336,2.515908108,1.030478409,-0.674771099,-0.188313437,0.280575886,0.656124368
1497535098720250000,105135,-0.539317385,2.51468815,1.031646202,-0.67303052,-0.183914656,0.281827832,0.658618548
1497535098730250000,105136,-0.544852419,2.513411393,1.032756154,-0.671773119,-0.180353048,0.283757861,0.660056915
1497535098740250000,105137,-0.550482563,2.51246496,1.034061959,-0.670255182,-0.177875273,0.285641434,0.661458502
1497535098750190000,105138,-0.55602748,2.511329321,1.035316033,-0.667380275,-0.176533298,0.288627298,0.66342584
1497535098760210000,105139,-0.561664024,2.509956385,1.036399416,-0.665657185,-0.175006992,0.290838093,0.664594815
1497535098770140000,105140,-0.567331456,2.508829193,1.037890211,-0.663323079,-0.175621549,0.292913709,0.66585368
1497535098780070000,105141,-0.573080848,2.507640481,1.039196977,-0.660229028,-0.176245653,0.295352138,0.667684218
1497535098790000000,105142,-0.578856169,2.506341397,1.040192585,-0.658091046,-0.176629549,0.297115185,0.668910117
1497535098800390000,105143,-0.5846495,2.505323045,1.041311468,-0.655408332,-0.17809978,0.299089821,0.670272829
1497535098810200000,105144,-0.590597575,2.504162174,1.041933548,-0.653428279,-0.178821411,0.300466305,0.671397339
1497535098820240000,105145,-0.596328948,2.503567644,1.043105156,-0.651738193,-0.179953153,0.302275499,0.671925378
1497535098830190000,105146,-0.602101198,2.502715614,1.043784594,-0.650022,-0.180419207,0.304119006,0.672630611
1497535098840250000,105147,-0.607791194,2.502027759,1.044311957,-0.64863147,-0.18127471,0.306250492,0.672775841
1497535098850240000,105148,-0.613283855,2.501548425,1.044908384,-0.64779283,-0.180989148,0.308763474,0.672512077
1497535098860240000,105149,-0.618768529,2.500901756,1.045361107,-0.646234929,-0.180923628,0.311476249,0.672777529
1497535098870270000,105150,-0.624334647,2.500369033,1.045771623,-0.645337903,-0.180879222,0.31372226,0.6726069
1497535098880210000,105151,-0.629995097,2.499805658,1.046060514,-0.644221772,-0.18214282,0.315606428,0.672454374
1497535098890260000,105152,-0.635737544,2.499094659,1.04615576,-0.642028177,-0.18297392,0.318413499,0.673003127
1497535098900220000,105153,-0.641557734,2.49847228,1.046359161,-0.640977103,-0.184525715,0.320244419,0.672712514
1497535098910230000,105154,-0.647677194,2.497774413,1.046495252,-0.639185623,-0.187231644,0.322397399,0.672641039
1497535098920260000,105155,-0.653799906,2.497115643,1.046591886,-0.63762549,-0.190342043,0.324072533,0.672443778
1497535098930260000,105156,-0.660035026,2.496436329,1.046660613,-0.635751098,-0.193292156,0.326331571,0.672284455
1497535098940260000,105157,-0.666271228,2.495641268,1.046645788,-0.634904399,-0.196471874,0.327791106,0.671452305
1497535098950260000,105158,-0.672680805,2.494852496,1.046491132,-0.633199481,-0.199821785,0.329503355,0.671235585
1497535098960220000,105159,-0.679124725,2.494191689,1.046325025,-0.632607631,-0.202589445,0.330918493,0.670267151
1497535098970300000,105160,-0.68550544,2.493840108,1.046393842,-0.631640944,-0.205190224,0.332959874,0.669376137
1497535098980210000,105161,-0.692047408,2.493108582,1.045948655,-0.630728752,-0.208407962,0.33501441,0.668216064
1497535098990240000,105162,-0.698642285,2.49253953,1.045672387,-0.630838472,-0.211168525,0.336000686,0.666748989
1497535099000230000,105163,-0.705379739,2.491821141,1.044998087,-0.630009714,-0.214556996,0.337647385,0.665617983
1497535099010200000,105164,-0.712229346,2.491567058,1.044698157,-0.629470489,-0.217359572,0.339121512,0.664468449
1497535099020240000,105165,-0.719095122,2.491116732,1.043991586,-0.629768931,-0.219700206,0.340519206,0.662698712
1497535099030240000,105166,-0.726124796,2.490664115,1.043155484,-0.629533099,-0.222693432,0.341583495,0.661374651
1497535099040230000,105167,-0.733200808,2.490257952,1.042139093,-0.629494686,-0.225459991,0.343481784,0.659488056
1497535099050170000,105168,-0.740521085,2.48985318,1.041095471,-0.629263284,-0.228253947,0.345095134,0.657903643
1497535099060250000,105169,-0.747832428,2.48945022,1.039959053,-0.628680354,-0.230813151,0.347417636,0.656343879
1497535099070220000,105170,-0.755395567,2.48898581,1.038721476,-0.628073706,-0.233804231,0.34958148,0.654715045
1497535099080220000,105171,-0.762851677,2.48862743,1.03766143,-0.627096172,-0.236698364,0.352532844,0.653027465
1497535099090270000,105172,-0.770534953,2.487967647,1.036353207,-0.626807855,-0.240271918,0.355680601,0.650286575
1497535099100220000,105173,-0.778161384,2.487213167,1.034826264,-0.625403036,-0.242791116,0.359273095,0.648726722
1497535099110210000,105174,-0.785760052,2.486833795,1.033678666,-0.623631805,-0.245591018,0.363727565,0.646893099
1497535099120260000,105175,-0.793226233,2.485932176,1.032055153,-0.621776327,-0.246905679,0.367813215,0.645867807
1497535099130250000,105176,-0.800115121,2.482877623,1.02932581,-0.620710807,-0.255086707,0.378504543,0.637481903
1497535099140260000,105177,-0.807723632,2.482497935,1.02796744,-0.611045435,-0.255153438,0.385022696,0.642866801
1497535099150270000,105178,-0.813430943,2.481311972,1.026508289,-0.610937066,-0.271406148,0.392927344,0.631429098
1497535099160240000,105179,-0.821381476,2.48095667,1.025271745,-0.608044167,-0.272625154,0.397315262,0.630950393
1497535099170270000,105180,-0.829431887,2.480413379,1.02395507,-0.606055939,-0.273279503,0.401341063,0.630031636
1497535099180200000,105181,-0.837544512,2.480008024,1.022668713,-0.603529609,-0.274870837,0.406047064,0.628747816
1497535099190260000,105182,-0.845963228,2.4797515,1.021771,-0.600617178,-0.275353767,0.409945353,0.628795767
1497535099200220000,105183,-0.854706802,2.479454575,1.020672368,-0.598490495,-0.274491428,0.414345692,0.628316187
1497535099210240000,105184,-0.86359726,2.479219219,1.019766671,-0.596381152,-0.275563672,0.41832694,0.627213485
1497535099220260000,105185,-0.872724087,2.479006797,1.018752542,-0.594113176,-0.276279675,0.423011668,0.625907504
1497535099230250000,105186,-0.882071397,2.478787674,1.017852987,-0.59199701,-0.277922215,0.427293231,0.624275001
1497535099240190000,105187,-0.891754975,2.478671311,1.017069521,-0.589542913,-0.278684998,0.431545416,0.623331677
1497535099250260000,105188,-0.901313269,2.478529299,1.016228767,-0.587457178,-0.279656511,0.43555702,0.622074258
1497535099260240000,105189,-0.911258236,2.478474333,1.015728117,-0.586421054,-0.281430572,0.439194832,0.619689503
1497535099270270000,105190,-0.921056684,2.478367793,1.015298034,-0.584932928,-0.282865621,0.442433061,0.618137118
1497535099280120000,105191,-0.931004951,2.478351539,1.015273774,-0.5852298,-0.285560572,0.445341097,0.614518142
1497535099290260000,105192,-0.940631335,2.478354458,1.0155805,-0.584481129,-0.287881241,0.448052467,0.612172515
1497535099300250000,105193,-0.950479511,2.478452829,1.016275898,-0.585173774,-0.29259836,0.449424367,0.608256189
1497535099310190000,105194,-0.960267431,2.478482567,1.017413975,-0.58611138,-0.295166986,0.451486727,0.604573929
1497535099320260000,105195,-0.969758213,2.478591942,1.018892456,-0.586067749,-0.298125946,0.452778459,0.602193641
1497535099330230000,105196,-0.976916574,2.476477802,1.022099557,-0.594425654,-0.274889331,0.436287934,0.617046866
1497535099340260000,105197,-0.985929391,2.476578963,1.024002226,-0.591919517,-0.278522023,0.43860683,0.616182455
1497535099350270000,105198,-0.994108513,2.47647086,1.025655076,-0.585329017,-0.280325263,0.444729086,0.617271195
1497535099360230000,105199,-1.006827171,2.479456905,1.026005651,-0.578249895,-0.295275063,0.455064388,0.60938994
1497535099370210000,105200,-1.015574718,2.479689879,1.027004057,-0.576455049,-0.296134013,0.456137105,0.609871433
1497535099380260000,105201,-1.024915424,2.482501481,1.029692706,-0.580902691,-0.294634309,0.448641864,0.611933955
1497535099390200000,105202,-1.033544777,2.482963438,1.030265972,-0.580731907,-0.296100439,0.448384269,0.611577084
1497535099400220000,105203,-1.041940914,2.483694944,1.031059217,-0.580849938,-0.298503711,0.447832641,0.610700262
1497535099410260000,105204,-1.050195056,2.484395629,1.031696885,-0.581837767,-0.301461164,0.447034296,0.608889413
1497535099420280000,105205,-1.058385747,2.484717148,1.031831466,-0.583906739,-0.304311986,0.44641642,0.605936891
1497535099430260000,105206,-1.06640858,2.485056982,1.032044244,-0.585640425,-0.307467213,0.445743938,0.603159637
1497535099440260000,105207,-1.074113167,2.483471601,1.030918699,-0.586483472,-0.312296959,0.44940294,0.597113678
1497535099450260000,105208,-1.081478781,2.48352327,1.031066421,-0.587727416,-0.315972449,0.449950038,0.59353421
1497535099460250000,105209,-1.088702177,2.483352119,1.031259606,-0.588328583,-0.320580506,0.450085701,0.590356231
1497535099470270000,105210,-1.095686636,2.482930144,1.031357789,-0.589405673,-0.325244321,0.450233647,0.586606127
1497535099480270000,105211,-1.102600822,2.482120487,1.031307599,-0.588740155,-0.330340319,0.451250509,0.583637971
1497535099490300000,105212,-1.108567295,2.480875131,1.031292587,-0.585353597,-0.33772769,0.454528584,0.580262819
1497535099500270000,105213,-1.114471636,2.479247036,1.031319616,-0.585474231,-0.34513256,0.457873119,0.573110503
1497535099510240000,105214,-1.12038946,2.478263216,1.031599138,-0.583865353,-0.349695533,0.45806038,0.571834742
1497535099520270000,105215,-1.125933369,2.477060929,1.031692384,-0.581966452,-0.353327634,0.459858019,0.570092303
1497535099530260000,105216,-1.131034139,2.475967291,1.031789497,-0.580313336,-0.356061587,0.461540881,0.568714861
1497535099540270000,105217,-1.133201784,2.474031704,1.03218533,-0.570185241,-0.344769077,0.463873198,0.583819091
1497535099550250000,105218,-1.138038321,2.473484712,1.031978636,-0.570896073,-0.345132727,0.465386043,0.581701733
1497535099560250000,105219,-1.143161777,2.473033696,1.032231166,-0.57217464,-0.346207102,0.464703304,0.580351327
1497535099570250000,105220,-1.147724997,2.472285486,1.032230981,-0.574652637,-0.348538551,0.46549484,0.575855693
1497535099580250000,105221,-1.152718127,2.472124621,1.031206763,-0.573222047,-0.343166596,0.465885476,0.580175745
1497535099590250000,105222,-1.157311106,2.471211348,1.031541168,-0.573902561,-0.346491454,0.465928282,0.577486242
1497535099600260000,105223,-1.161813964,2.47007113,1.031539267,-0.574973669,-0.349059562,0.46549268,0.575221059
1497535099610220000,105224,-1.166320011,2.468863518,1.031521665,-0.574866737,-0.352887004,0.465934006,0.572629461
1497535099620280000,105225,-1.170880958,2.467492814,1.031397369,-0.574900073,-0.355992448,0.466060443,0.570567215
1497535099630280000,105226,-1.174965081,2.465984015,1.031603291,-0.574658319,-0.368509705,0.463742224,0.564722554
1497535099640260000,105227,-1.179461146,2.464302964,1.03150712,-0.574164148,-0.372959817,0.464938513,0.561309795
1497535099650170000,105228,-1.18382681,2.462518841,1.031248842,-0.573103923,-0.377427997,0.465725991,0.558747977
1497535099660220000,105229,-1.188193992,2.460481006,1.031105507,-0.572665656,-0.381995764,0.466903163,0.555098836
1497535099670250000,105230,-1.192464869,2.458415006,1.030873128,-0.571057485,-0.387036707,0.46881145,0.551644596
1497535099680190000,105231,-1.196684133,2.456169803,1.030726907,-0.570249913,-0.392279041,0.470034748,0.547722125
1497535099690280000,105232,-1.200999408,2.453909175,1.030257644,-0.568896758,-0.395937831,0.472311363,0.544528869
1497535099700250000,105233,-1.205379129,2.451681449,1.030082742,-0.567622222,-0.401916674,0.473006283,0.540863251
1497535099710240000,105234,-1.220473777,2.443922751,1.051092081,-0.581738098,-0.425325274,0.453632458,0.524306008
1497535099720270000,105235,-1.225612375,2.441440497,1.051597719,-0.584142064,-0.423757254,0.457027164,0.519936545
1497535099730270000,105236,-1.230064957,2.438806978,1.051292959,-0.580618884,-0.429568274,0.45913127,0.517253599
1497535099740260000,105237,-1.234130723,2.436036317,1.050500042,-0.57824188,-0.435187689,0.460510751,0.513982345
1497535099750260000,105238,-1.238914727,2.432878685,1.050405852,-0.576080072,-0.439790769,0.463438525,0.509843666
1497535099760250000,105239,-1.24376994,2.429577766,1.050264607,-0.571000442,-0.446783348,0.466981268,0.506232782
1497535099770260000,105240,-1.234724677,2.429557451,1.028415816,-0.571478034,-0.441121408,0.476020469,0.502224326
1497535099780230000,105241,-1.238641548,2.426117964,1.026889019,0.568616603,0.44706828,-0.478806276,-0.497543628
1497535099790280000,105242,-1.242574655,2.422529827,1.025626967,0.565113713,0.45317834,-0.481857575,-0.493040729
1497535099800280000,105243,-1.247373918,2.418538916,1.025791374,0.562153746,0.459946501,-0.483998775,-0.488034392
1497535099810250000,105244,-1.251566071,2.414676316,1.025224565,0.559278003,0.465284321,-0.487030481,-0.483238996
1497535099820280000,105245,-1.254623723,2.411144931,1.022641476,0.556429181,0.471120754,-0.48972631,-0.478121264
1497535099830270000,105246,-1.259147758,2.407031009,1.022685082,0.554589888,0.476018915,-0.491970358,-0.473076331
1497535099840190000,105247,-1.263485965,2.40287886,1.022479942,0.552711982,0.480103556,-0.49402669,-0.468985789
1497535099850250000,105248,-1.266993702,2.398871277,1.020847344,0.550942411,0.486092344,-0.495428758,-0.463386489
1497535099860240000,105249,-1.270689676,2.394627989,1.019615844,0.549442079,0.491818854,-0.496773675,-0.457650011
1497535099870270000,105250,-1.27484462,2.390098966,1.019176389,0.548174635,0.496842142,-0.498096069,-0.452275094
1497535099880180000,105251,-1.278561829,2.385505387,1.018026162,0.546634123,0.501722278,-0.499563259,-0.447104509
1497535099890260000,105252,-1.28215266,2.380736821,1.016775607,0.54494385,0.507107557,-0.500508965,-0.442005546
1497535099900250000,105253,-1.285453397,2.375818662,1.015313714,0.542674936,0.512388202,-0.50173072,-0.437296843
1497535099910240000,105254,-1.289256455,2.370437482,1.014762395,0.540268569,0.518565759,-0.502887026,-0.431629548
1497535099920250000,105255,-1.291977775,2.365089446,1.012900823,0.536912753,0.52416677,-0.50449011,-0.427157607
1497535099930260000,105256,-1.296451024,2.359072437,1.014006087,0.534001628,0.529396567,-0.505910084,-0.422654142
1497535099940240000,105257,-1.299060111,2.353417163,1.012345552,0.530800576,0.535950975,-0.507094772,-0.416967856
1497535099950220000,105258,-1.301572994,2.347525603,1.01082215,0.526541525,0.540944565,-0.509234843,-0.413295142
1497535099960250000,105259,-1.304012654,2.341496755,1.009526674,0.523116076,0.54598429,-0.510765823,-0.409107566
1497535099970280000,105260,-1.306438713,2.335260288,1.00827493,0.518710612,0.551448421,-0.512923631,-0.404664414
1497535099980290000,105261,-1.309073069,2.328751109,1.007924411,0.514361504,0.556392743,-0.515117623,-0.400640977
1497535099990230000,105262,-1.31119075,2.322204391,1.007032733,0.51001386,0.56119307,-0.517514227,-0.396392767
1497535100000270000,105263,-1.31353524,2.315407045,1.006590353,0.505440752,0.566161212,-0.519933624,-0.391995096
1497535100010310000,105264,-1.315053584,2.308563501,1.005041822,0.500094589,0.570743815,-0.522538581,-0.388729123
1497535100020260000,105265,-1.316885221,2.301601261,1.004523671,0.494989067,0.574612689,-0.525664631,-0.385334631
1497535100030260000,105266,-1.318637398,2.294437005,1.004127111,0.490498465,0.578378818,-0.528362869,-0.38173535
1497535100040260000,105267,-1.319997088,2.287120873,1.002836603,0.485251098,0.583026701,-0.530420081,-0.378504657
1497535100050200000,105268,-1.322392998,2.279706356,1.003551328,0.481574803,0.586693608,-0.532535202,-0.37454316
1497535100060180000,105269,-1.323432529,2.272141442,1.00202928,0.476391034,0.591514822,-0.534501669,-0.370769152
1497535100070260000,105270,-1.324345187,2.264132014,0.999289771,0.472176249,0.60242143,-0.532271198,-0.361697916
1497535100080220000,105271,-1.326176508,2.256212671,0.999855357,0.467607711,0.605930946,-0.534677433,-0.358204913
1497535100090230000,105272,-1.327406274,2.247848271,0.999728208,0.461981482,0.610345314,-0.536841255,-0.354757911
1497535100100180000,105273,-1.328378148,2.239264966,0.999255461,0.456807967,0.614834851,-0.538661574,-0.350924915
1497535100110210000,105274,-1.328110578,2.230360411,0.997035613,0.450548631,0.619185049,-0.540833786,-0.34801526
1497535100120300000,105275,-1.329457749,2.221153719,0.997683709,0.445682476,0.623087992,-0.543354948,-0.343356789
1497535100130360000,105276,-1.330048893,2.211586214,0.997058766,0.439388159,0.628777837,-0.545332458,-0.337918612
1497535100140270000,105277,-1.332619033,2.20182904,1.000424632,0.436097178,0.632763248,-0.547395785,-0.331342388
1497535100150210000,105278,-1.333364801,2.191759067,1.001229858,0.429318099,0.637404947,-0.550056169,-0.326862532
1497535100160240000,105279,-1.33233375,2.181326759,0.99962057,0.422206522,0.642575298,-0.552432808,-0.321957499
1497535100170270000,105280,-1.331870972,2.170805468,0.999754902,0.416133856,0.646388982,-0.555607436,-0.316724288
1497535100180280000,105281,-1.327971891,2.161018693,1.004805847,0.389028326,0.632230352,-0.580752466,-0.334168096
1497535100190280000,105282,-1.327015931,2.150043408,1.005027943,0.381986908,0.636954003,-0.583828325,-0.327902557
1497535100200290000,105283,-1.326019988,2.13877659,1.005795797,0.373817363,0.642047163,-0.586710846,-0.322190011
1497535100210260000,105284,-1.324732701,2.127459627,1.006445809,0.366657409,0.646819097,-0.589864394,-0.315035549
1497535100220280000,105285,-1.323247155,2.115855121,1.007184255,0.358493472,0.652225415,-0.592768143,-0.307750494
1497535100230290000,105286,-1.321120998,2.104191965,1.007172903,0.350630656,0.657647733,-0.595317181,-0.300258315
1497535100240260000,105287,-1.319650586,2.092881858,1.008931543,0.343008176,0.661117994,-0.5995958,-0.292836585
1497535100250210000,105288,-1.317386804,2.081234495,1.009933252,0.334032647,0.665605311,-0.602920695,-0.286144014
1497535100260260000,105289,-1.314793274,2.070265991,1.010500586,0.326749907,0.667297819,-0.608146232,-0.279475005
1497535100270290000,105290,-1.312508845,2.059543378,1.011645802,0.319142879,0.668829447,-0.613595585,-0.272608607
1497535100280280000,105291,-1.308512183,2.05012591,1.01016543,0.315492593,0.662343035,-0.625125084,-0.266429647
1497535100290280000,105292,-1.305689788,2.040042397,1.010540073,0.307390298,0.660769574,-0.633153549,-0.260789873
1497535100300280000,105293,-1.305986338,2.026869688,1.00883681,0.308429515,0.684942538,-0.615427751,-0.238691509
1497535100310260000,105294,-1.303582426,2.0171438,1.009741771,0.300868094,0.684217066,-0.622265144,-0.232618758
1497535100320250000,105295,-1.301255669,2.007724494,1.010446045,0.293839721,0.681992686,-0.629947947,-0.227397843
1497535100330280000,105296,-1.298613157,1.998210264,1.010779001,0.286404459,0.681386098,-0.636125841,-0.221425804
1497535100340210000,105297,-1.295990392,1.988789078,1.01074663,0.280912212,0.680186269,-0.64244504,-0.213774037
1497535100350260000,105298,-1.293575392,1.979411465,1.011170747,0.274798935,0.678643245,-0.649225771,-0.205997062
1497535100360260000,105299,-1.290972464,1.970085733,1.011512984,0.26939439,0.676903401,-0.655994952,-0.197228476
1497535100370280000,105300,-1.288512553,1.960838288,1.012669832,0.263386865,0.675705095,-0.662288695,-0.188211765
1497535100380270000,105301,-1.28591917,1.951524019,1.013796288,0.257182837,0.675330006,-0.667735508,-0.178649551
1497535100390280000,105302,-1.283248653,1.942344253,1.015175762,0.250779669,0.674648648,-0.67318798,-0.169636977
1497535100400270000,105303,-1.280262569,1.933418509,1.016392981,-0.244062723,-0.672859425,0.679499423,0.161164873
1497535100410250000,105304,-1.27749193,1.924394266,1.017887303,-0.238176703,-0.673301403,0.683245855,0.152026909
1497535100420280000,105305,-1.274916639,1.915498236,1.01978005,-0.231824481,-0.672513198,0.688021254,0.143562396
1497535100430280000,105306,-1.272657374,1.906131523,1.022306437,-0.223876157,-0.673191594,0.69102492,0.13848142
1497535100440270000,105307,-1.270429545,1.895542655,1.025013609,-0.211520172,-0.682669055,0.686350866,0.13470214
1497535100450220000,105308,-1.264744852,1.892926605,1.025577822,-0.197331058,-0.66426593,0.711288775,0.117811314
1497535100460260000,105309,-1.262077191,1.883883191,1.027359222,-0.189880006,-0.665065108,0.713833141,0.109891913
1497535100470280000,105310,-1.259278402,1.875408125,1.029262001,-0.182762742,-0.66239558,0.719071734,0.103757977
1497535100480280000,105311,-1.250761168,1.865342697,1.03265839,-0.17616939,-0.673167744,0.712825027,0.087692733
1497535100490290000,105312,-1.249376106,1.858364973,1.032826033,-0.17434772,-0.671298926,0.71564955,0.082500585
1497535100500290000,105313,-1.244686328,1.848536649,1.035434424,-0.161591841,-0.672380058,0.718683645,0.07271144
1497535100510250000,105314,-1.242827909,1.841674428,1.035515594,-0.160754445,-0.669680535,0.721766953,0.068836432
1497535100520290000,105315,-1.243969783,1.83328437,1.035052644,-0.148815582,-0.657228378,0.735996215,0.064918052
1497535100530280000,105316,-1.241517515,1.824531083,1.036514927,-0.138148298,-0.666331397,0.730643414,0.055477195
1497535100540280000,105317,-1.238161037,1.81675826,1.037057933,-0.133879169,-0.660955764,0.73665308,0.050557745
1497535100550270000,105318,-1.235424518,1.808464908,1.037923969,-0.125805943,-0.662568196,0.737009622,0.04464379
1497535100560260000,105319,-1.227721162,1.800922773,1.04021103,-0.124937855,-0.668908352,0.731608158,0.041251094
1497535100570270000,105320,-1.224585938,1.792796108,1.040691767,-0.118222534,-0.665925429,0.735720469,0.035807078
1497535100580280000,105321,-1.22148134,1.784442896,1.041191645,-0.1117868,-0.666153721,0.736778352,0.030009856
1497535100590300000,105322,-1.218800449,1.77618252,1.041383051,-0.106440953,-0.667960814,0.736124315,0.024893098
1497535100600290000,105323,-1.216025011,1.768074119,1.04152664,-0.101494146,-0.666108775,0.738619521,0.020958065
1497535100610250000,105324,-1.212819402,1.759476225,1.041936813,-0.095713544,-0.666516764,0.739162438,0.015271242
1497535100620290000,105325,-1.210158748,1.750743567,1.042093781,-0.089816697,-0.670210039,0.736652707,0.00970843
1497535100630190000,105326,-1.214389569,1.746043771,1.038876726,-0.098651344,-0.665987569,0.739184123,0.018311268
1497535100640230000,105327,-1.210581474,1.733758133,1.041525246,-0.069150115,-0.663667995,0.744794489,0.006650112
1497535100650330000,105328,-1.208166371,1.72489606,1.041410903,-0.066157259,-0.665003613,0.743894484,0.003795902
1497535100660260000,105329,-1.205210167,1.716241891,1.041121201,-0.061025487,-0.666342769,0.743142576,0.001521755
1497535100670290000,105330,-1.202927112,1.707072801,1.040466544,-0.057471643,-0.668882379,0.741142177,-0.001283394
1497535100680300000,105331,-1.199737729,1.69824197,1.039858227,-0.052138034,-0.668963312,0.741461064,-0.002280987
1497535100690280000,105332,-1.197808382,1.692828063,1.035079289,-0.076473969,-0.665174896,0.742761119,0.000100113
1497535100700260000,105333,-1.194587394,1.683566897,1.034171145,-0.07276214,-0.666185305,0.7422275,-0.001071603
1497535100710250000,105334,-1.191337768,1.673981149,1.033303964,-0.068794178,-0.66731251,0.74158629,-0.003339108
1497535100720260000,105335,-1.186931471,1.660540184,1.036030256,-0.037332624,-0.671517691,0.740003113,-0.008103001
1497535100730270000,105336,-1.184139152,1.649706325,1.035202357,-0.03858129,-0.674283106,0.737351173,-0.012923815
1497535100740260000,105337,-1.180926803,1.639502811,1.034221048,-0.035100028,-0.676144732,0.735779068,-0.015015097
1497535100750310000,105338,-1.177543732,1.635309858,1.028884217,-0.058227722,-0.66513637,0.744354005,-0.011843045
1497535100760260000,105339,-1.174257384,1.621406074,1.031348026,-0.034069339,-0.671540744,0.739938765,-0.019050808
1497535100770270000,105340,-1.170616276,1.611818688,1.030613844,-0.031151784,-0.671982711,0.739604212,-0.021316951
1497535100780260000,105341,-1.168884473,1.604250247,1.028790508,-0.04045146,-0.653884268,0.755261738,-0.019461526
1497535100790280000,105342,-1.165036037,1.594920308,1.028339635,-0.037589794,-0.651070759,0.757787127,-0.021273091
1497535100800290000,105343,-1.162084461,1.582722165,1.028728002,-0.028373167,-0.667904678,0.743332111,-0.023572819
1497535100810230000,105344,-1.158901842,1.572965182,1.028353912,-0.029226418,-0.665245804,0.745658881,-0.024221289
1497535100820270000,105345,-1.156136732,1.563135672,1.027551304,-0.030177731,-0.662791798,0.747780541,-0.024911823
1497535100830270000,105346,-1.15310733,1.553058218,1.02693061,-0.031165468,-0.661090707,0.749214467,-0.025796768
1497535100840280000,105347,-1.149192056,1.544618674,1.02585845,-0.030268833,-0.653312857,0.756123245,-0.02331838
1497535100850240000,105348,-1.146108194,1.534891684,1.025164765,-0.033441639,-0.650631942,0.758244749,-0.024992652
1497535100860160000,105349,-1.143522578,1.524843621,1.025170871,-0.038229178,-0.650712913,0.757886528,-0.026818733
1497535100870220000,105350,-1.14166872,1.518757185,1.022178063,-0.069012147,-0.64497059,0.760679716,-0.024832061
1497535100880280000,105351,-1.139340286,1.509161545,1.023590081,-0.07277132,-0.647167797,0.758458556,-0.024875622
1497535100890340000,105352,-1.137719289,1.49435524,1.029303004,-0.054930697,-0.660573997,0.748094505,-0.031292556
1497535100900310000,105353,-1.13519394,1.489509601,1.027452459,-0.07956488,-0.652643939,0.753060839,-0.024993847
1497535100910260000,105354,-1.133202748,1.47970211,1.029268345,-0.082273139,-0.653542999,0.751995397,-0.024811341
1497535100920280000,105355,-1.131098396,1.470024729,1.030662052,-0.086981835,-0.654350928,0.750794089,-0.023817189
1497535100930270000,105356,-1.128899725,1.460372295,1.031714464,-0.091797463,-0.655698041,0.749058062,-0.023352206
1497535100940240000,105357,-1.126545225,1.450695927,1.032308617,-0.097215874,-0.657924542,0.746438667,-0.022664666
1497535100950300000,105358,-1.123896776,1.441255866,1.032611723,-0.101777779,-0.659779538,0.744201683,-0.022273291
1497535100960260000,105359,-1.120907082,1.431993242,1.032738782,-0.10436509,-0.661504808,0.742327635,-0.02165638
1497535100970290000,105360,-1.119647511,1.418329308,1.038271596,-0.088793607,-0.665711857,0.740578295,-0.022072784
1497535100980290000,105361,-1.115157625,1.409555592,1.038052264,-0.082964709,-0.671692745,0.73582582,-0.022496127
1497535100990290000,105362,-1.110870962,1.40164749,1.037748496,-0.077654826,-0.674058903,0.734257219,-0.021923969
1497535101000300000,105363,-1.106026699,1.397398842,1.034309068,-0.090526074,-0.669525449,0.737042388,-0.017584708
1497535101010230000,105364,-1.104108938,1.384846518,1.039733729,-0.073910505,-0.676138473,0.732820967,-0.018639548
1497535101020280000,105365,-1.10033283,1.376773348,1.040134431,-0.070398226,-0.679211263,0.730320426,-0.018660787
1497535101030290000,105366,-1.094328559,1.373431368,1.035566859,-0.080057436,-0.678209897,0.730307319,-0.016533678
1497535101040300000,105367,-1.090606169,1.365763783,1.03592206,-0.077057017,-0.680706615,0.728281796,-0.017502758
1497535101050200000,105368,-1.086796394,1.358498352,1.036042991,-0.074895731,-0.682020207,0.727242379,-0.018910014
1497535101060250000,105369,-1.083110217,1.351064031,1.036111728,-0.07364641,-0.683599633,0.725849027,-0.020271599
1497535101070300000,105370,-1.079390406,1.343894546,1.035990791,-0.073169019,-0.685384795,0.724164587,-0.021900405
1497535101080300000,105371,-1.075766845,1.336460936,1.035837355,-0.073609075,-0.68774038,0.721817977,-0.023951678
1497535101090300000,105372,-1.072219535,1.328915935,1.035514939,-0.074546972,-0.690475939,0.719032157,-0.026047732
1497535101100300000,105373,-1.068569913,1.321483619,1.035038823,-0.075609646,-0.693498226,0.715918316,-0.028361184
1497535101110220000,105374,-1.06485074,1.313958237,1.034486391,-0.076655366,-0.696492337,0.712821218,-0.030137861
1497535101120290000,105375,-1.060946229,1.306666223,1.033918095,-0.077283411,-0.699453174,0.709777211,-0.03176228
1497535101130300000,105376,-1.056965495,1.299406989,1.033407264,-0.076951443,-0.70227108,0.706961474,-0.03315538
1497535101140300000,105377,-1.052981961,1.292047878,1.033050516,0.076750406,0.704979471,-0.704231404,0.034226452
1497535101150300000,105378,-1.048624708,1.285093028,1.032421056,0.076005309,0.707061522,-0.702183051,0.035016557
1497535101160220000,105379,-1.044238384,1.277960197,1.031925197,0.074752301,0.710092206,-0.699225078,0.035573062
1497535101170300000,105380,-1.039627387,1.271160309,1.031196295,0.073338319,0.71172631,-0.697699153,0.03581957
1497535101180270000,105381,-1.034888863,1.264297398,1.030352464,0.07118458,0.714632251,-0.694928094,0.036172448
1497535101190300000,105382,-1.030086152,1.257336542,1.02964731,0.068741208,0.716682642,-0.693052307,0.036319912
1497535101200300000,105383,-1.025113679,1.250457494,1.028603066,0.065714955,0.719702058,-0.690177672,0.036949609
1497535101210300000,105384,-1.01987814,1.243682393,1.027314849,0.062940363,0.722479086,-0.687522455,0.037085778
1497535101220310000,105385,-1.014677368,1.236787953,1.026110736,0.059809242,0.725404681,-0.684709585,0.037197961
1497535101230290000,105386,-1.009435054,1.229755606,1.024820934,0.05710884,0.728585816,-0.68154649,0.037358673
1497535101240270000,105387,-1.004189103,1.222697362,1.023594843,0.054008574,0.731910221,-0.678248481,0.037006756
1497535101250290000,105388,-0.998815537,1.215676808,1.022237082,0.051916315,0.734825586,-0.675273229,0.036634973
1497535101260170000,105389,-0.993409147,1.208827339,1.020823761,0.049321582,0.737845614,-0.672196091,0.036106058
1497535101270310000,105390,-0.987977409,1.201882306,1.019547789,0.046783339,0.74050951,-0.669453866,0.03589578
1497535101280300000,105391,-0.98229571,1.195084393,1.017983817,0.045657068,0.74317227,-0.666635762,0.034744358
1497535101290290000,105392,-0.976610488,1.188303562,1.016446269,0.043750208,0.745128591,-0.664638442,0.033541658
1497535101300310000,105393,-0.970792764,1.181449898,1.014889462,0.041479489,0.747585211,-0.662086155,0.032213777
1497535101310340000,105394,-0.964632413,1.174717321,1.013036207,0.039313022,0.749561659,-0.660036919,0.031033372
1497535101320320000,105395,-0.958629252,1.167836864,1.01140236,0.037277629,0.751371698,-0.658163407,0.029527587
1497535101330300000,105396,-0.952354231,1.161015638,1.009565638,0.034839697,0.753799413,-0.655550742,0.028737863
1497535101340310000,105397,-0.946179531,1.154041023,1.007759215,0.032924358,0.75551111,-0.653750204,0.027011468
1497535101350290000,105398,-0.940021186,1.147145295,1.006073634,0.030907034,0.757645823,-0.651411769,0.026081985
1497535101360200000,105399,-0.933931042,1.140326781,1.00433701,0.030456884,0.758874602,-0.65010479,0.02335549
1497535101370300000,105400,-0.92787309,1.133679958,1.002636851,0.030447478,0.759768056,-0.649133976,0.0212258
1497535101380290000,105401,-0.921839746,1.127002562,1.001058398,0.031553088,0.760775015,-0.647990376,0.018282584
1497535101390310000,105402,-0.915631376,1.120474257,0.999514581,0.032792087,0.761494078,-0.647136948,0.016285503
1497535101400300000,105403,-0.90934291,1.113869067,0.998174674,0.034700263,0.761886395,-0.646610486,0.014828785
1497535101410260000,105404,-0.902802777,1.10714274,0.996909941,0.036494146,0.762769165,-0.645476732,0.014531577
1497535101420310000,105405,-0.895813574,1.100329748,0.995829795,0.037321698,0.76346728,-0.644588451,0.015183279
1497535101430300000,105406,-0.888405838,1.093523268,0.994944163,0.037797509,0.764145332,-0.643731313,0.016225216
1497535101440310000,105407,-0.880863093,1.086469561,0.994639974,0.037295642,0.76411133,-0.6437656,0.01757162
1497535101450300000,105408,-0.872763274,1.079615535,0.994413034,0.036420844,0.765028881,-0.642663406,0.019699749
1497535101460270000,105409,-0.864489353,1.072829844,0.99461439,0.035072412,0.765054713,-0.642612436,0.022593565
1497535101470290000,105410,-0.856018035,1.066073928,0.995222623,0.033009788,0.765437691,-0.642157486,0.025480564
1497535101480290000,105411,-0.84740309,1.059392377,0.996101748,0.031555883,0.7651779,-0.642394962,0.028908829
1497535101490300000,105412,-0.838751662,1.052948259,0.997445845,0.029917086,0.764545966,-0.643024929,0.03306622
1497535101500300000,105413,-0.829999822,1.046710426,0.999090506,0.028834337,0.763589762,-0.643984467,0.037192237
1497535101510240000,105414,-0.821174046,1.0408603,1.001043896,0.027629552,0.761638479,-0.646123952,0.040832265
1497535101520290000,105415,-0.812441109,1.035193925,1.003356593,0.026774847,0.759317573,-0.648678861,0.043996221
1497535101530240000,105416,-0.803752668,1.029870909,1.005871941,0.025613233,0.75582215,-0.652581209,0.047059605
1497535101540290000,105417,-0.795140875,1.02455776,1.008370626,0.023536838,0.752329153,-0.656504723,0.049481424
1497535101550250000,105418,-0.786673882,1.019473838,1.010758838,0.021749966,0.748491583,-0.660790684,0.051409738
1497535101560310000,105419,-0.778321959,1.014497951,1.012948213,0.019505353,0.743809478,-0.666030895,0.052629357
1497535101570340000,105420,-0.770303884,1.00942892,1.01496016,0.016541584,0.739762538,-0.670503458,0.053878354
1497535101580290000,105421,-0.762646224,1.004227562,1.016690549,0.01422856,0.736235241,-0.674331225,0.055069203
1497535101590260000,105422,-0.75536781,0.998984697,1.018045802,0.013286944,0.732785238,-0.678036772,0.05581566
1497535101600270000,105423,-0.748492562,0.993788709,1.019245247,0.013319422,0.728802017,-0.682274253,0.056321015
1497535101610240000,105424,-0.741986558,0.988619167,1.020270319,0.01496191,0.724936243,-0.686303864,0.056838279
1497535101620120000,105425,-0.735537824,0.983736597,1.021075024,0.01807168,0.720446983,-0.690879489,0.057576829
1497535101630220000,105426,-0.72955921,0.978669405,1.02208871,0.021017674,0.716725348,-0.69455287,0.058816188
1497535101640340000,105427,-0.723662312,0.973761118,1.022966287,0.024686004,0.712618934,-0.69852137,0.060272319
1497535101650320000,105428,-0.717838732,0.968901581,1.023863067,0.028620744,0.709197462,-0.701680282,0.062165872
1497535101660340000,105429,-0.712485343,0.963788801,1.025094007,0.031323355,0.705343706,-0.705244332,0.064339226
1497535101670290000,105430,-0.706979809,0.958871946,1.026302254,-0.034728972,-0.702269618,0.707950659,-0.066461612
1497535101680300000,105431,-0.701512272,0.953988633,1.027584546,-0.037836331,-0.698937509,0.710865404,-0.068739709
1497535101690310000,105432,-0.69627019,0.949099643,1.029084109,-0.040043314,-0.695699531,0.713726159,-0.070665877
1497535101700300000,105433,-0.691014466,0.944389837,1.030675118,-0.041564916,-0.691923447,0.717124655,-0.072432938
1497535101710270000,105434,-0.685691301,0.939669342,1.032258648,-0.042837344,-0.688622097,0.720051351,-0.074098724
1497535101720310000,105435,-0.680390897,0.934947343,1.033928861,-0.042793988,-0.685769456,0.722610719,-0.075648368
1497535101730300000,105436,-0.675165314,0.930229953,1.03573201,-0.04295837,-0.68241247,0.725641021,-0.076895431
1497535101740310000,105437,-0.669760801,0.925511125,1.037371608,-0.043149876,-0.679248261,0.728485985,-0.077897741
1497535101750270000,105438,-0.664412615,0.920818507,1.039002364,-0.042560499,-0.676237466,0.731137698,-0.079556018
1497535101760260000,105439,-0.659067718,0.916097298,1.040564052,-0.041951851,-0.67354569,0.733470698,-0.081221798
1497535101770240000,105440,-0.653783193,0.911297546,1.042070865,-0.041808175,-0.670727532,0.735883707,-0.082775749
1497535101780230000,105441,-0.64852524,0.906510446,1.04341507,-0.041056588,-0.668206487,0.738006533,-0.084621538
1497535101790270000,105442,-0.643210619,0.90164139,1.044647704,-0.040272223,-0.666246878,0.739623768,-0.086312968
1497535101800310000,105443,-0.638009663,0.896686013,1.045877605,-0.039653947,-0.66401058,0.741494379,-0.087770152
1497535101810280000,105444,-0.63271783,0.8917545,1.046872179,-0.038572116,-0.662068857,0.743164253,-0.088791403
1497535101820310000,105445,-0.627520402,0.886630603,1.047750883,-0.037757041,-0.660998774,0.744082055,-0.089425509
1497535101830310000,105446,-0.622296938,0.881471023,1.048543585,-0.036617373,-0.660500947,0.744509973,-0.09001426
1497535101840310000,105447,-0.616976888,0.876346668,1.049006601,-0.035054754,-0.659893267,0.745095012,-0.090252223
1497535101850190000,105448,-0.611727987,0.871167716,1.049306932,-0.033108566,-0.659219533,0.74576739,-0.09035724
1497535101860290000,105449,-0.606444902,0.865890773,1.049394992,-0.031614419,-0.658382384,0.746551501,-0.090520833
1497535101870280000,105450,-0.600966722,0.860527247,1.049147582,-0.030699289,-0.658480989,0.746504197,-0.090508706
1497535101880310000,105451,-0.595717728,0.85507253,1.048724735,-0.029116163,-0.658615649,0.74644871,-0.090509658
1497535101890310000,105452,-0.590395687,0.849431898,1.047983372,-0.028112317,-0.658895975,0.746199386,-0.090841996
1497535101900310000,105453,-0.585183644,0.8435475,1.04701962,-0.027329909,-0.660654943,0.744646179,-0.091050483
1497535101910290000,105454,-0.579604258,0.837759681,1.045583251,-0.027565205,-0.661078905,0.744296535,-0.09076072
1497535101920310000,105455,-0.574482247,0.831595238,1.044225181,-0.026444741,-0.662760712,0.742851861,-0.090664367
1497535101930280000,105456,-0.568996133,0.825480928,1.042402207,-0.026363262,-0.664871678,0.741010935,-0.090296311
1497535101940280000,105457,-0.563420577,0.819214626,1.040381639,-0.026364968,-0.666437729,0.739622985,-0.090130359
1497535101950260000,105458,-0.558048452,0.812723334,1.038325428,-0.024994037,-0.668467619,0.737847717,-0.090039365
1497535101960300000,105459,-0.552326614,0.806254494,1.035983122,-0.024361732,-0.670189161,0.73625977,-0.090413191
1497535101970240000,105460,-0.546771094,0.799606128,1.033679688,-0.022978301,-0.672116855,0.73452831,-0.090548844
1497535101980310000,105461,-0.540910976,0.792922927,1.031316295,-0.021756155,-0.673009879,0.733732645,-0.090668508
1497535101990320000,105462,-0.535044877,0.786061045,1.029030647,-0.020844424,-0.673823767,0.73300396,-0.09073167
1497535102000320000,105463,-0.529075101,0.779423909,1.026820993,-0.019530316,-0.674183839,0.73265436,-0.091171853
1497535102010280000,105464,-0.523302584,0.772737033,1.024771334,-0.018473625,-0.674340608,0.732431431,-0.092019932
1497535102020320000,105465,-0.517541741,0.76609057,1.022789425,-0.018288036,-0.67409364,0.732443371,-0.093755108
1497535102030310000,105466,-0.51202798,0.759499874,1.020988997,-0.018720116,-0.672628655,0.733612254,-0.095043731
1497535102040270000,105467,-0.506438429,0.753061457,1.019269335,-0.019483613,-0.671345623,0.734574859,-0.096515389
1497535102050320000,105468,-0.501038438,0.746410805,1.017821377,-0.020813443,-0.66831703,0.737258776,-0.096791764
1497535102060290000,105469,-0.495515956,0.739839632,1.016453933,-0.022014295,-0.665941977,0.739281638,-0.097464428
1497535102070270000,105470,-0.489830279,0.732731185,1.01508889,-0.023674591,-0.663330473,0.74156365,-0.097547684
1497535102080320000,105471,-0.484057546,0.725393504,1.013784006,-0.026226343,-0.660793883,0.7437044,-0.097813027
1497535102090310000,105472,-0.478260543,0.717560947,1.012589255,-0.02892726,-0.657561146,0.746442423,-0.097980926
1497535102100270000,105473,-0.472093237,0.709297741,1.011479202,-0.030996683,-0.655993017,0.7474995,-0.099784087
1497535102110280000,105474,-0.465612809,0.700750413,1.010483462,-0.031708338,-0.653600632,0.749326885,-0.101538242
1497535102120310000,105475,-0.459025428,0.691656485,1.009996421,-0.031962966,-0.651856951,0.750502056,-0.103959364
1497535102130310000,105476,-0.452158878,0.682488607,1.009777508,-0.032054453,-0.648858757,0.752824112,-0.105880509
1497535102140280000,105477,-0.445285215,0.673296077,1.010205027,-0.03103896,-0.647293176,0.753986181,-0.107484728
1497535102150300000,105478,-0.438274033,0.664063758,1.01114109,-0.03002323,-0.645721436,0.755202062,-0.108684307
1497535102160260000,105479,-0.431756411,0.654978435,1.012800645,-0.028930133,-0.644899581,0.755965495,-0.108552973
1497535102170280000,105480,-0.425483552,0.645876148,1.014963224,-0.028195819,-0.644993687,0.755954167,-0.108265589
1497535102180240000,105481,-0.419483785,0.636800874,1.017384798,-0.028097292,-0.646383266,0.754935933,-0.107102532
1497535102190340000,105482,-0.413892764,0.627566888,1.019968521,-0.028322617,-0.648092866,0.753633829,-0.105875013
1497535102200310000,105483,-0.408673193,0.617893233,1.022739544,-0.02803402,-0.65118053,0.751166213,-0.104533871
1497535102210320000,105484,-0.403728875,0.608265525,1.025484906,-0.02818305,-0.653596834,0.749286771,-0.102889404
1497535102220320000,105485,-0.399028652,0.598699887,1.028051974,-0.029290393,-0.654844689,0.748585079,-0.099703995
1497535102230310000,105486,-0.394478032,0.589314156,1.030449892,-0.032063643,-0.656450576,0.747582419,-0.095734478
1497535102240360000,105487,-0.389936211,0.580225275,1.032463112,-0.035957835,-0.657090567,0.747392218,-0.091344912
1497535102250320000,105488,-0.385528001,0.571347644,1.034216871,-0.039808524,-0.657428519,0.747524746,-0.086080068
1497535102260300000,105489,-0.381067521,0.562831365,1.035557203,-0.043519845,-0.657819209,0.747558533,-0.080846462
1497535102270320000,105490,-0.376685046,0.554477561,1.036835915,-0.045825015,-0.659248207,0.74671525,-0.075552663
1497535102280300000,105491,-0.372091062,0.546550886,1.037806905,-0.047096109,-0.660984495,0.745595486,-0.07048989
1497535102290320000,105492,-0.367643632,0.53883978,1.038686737,-0.046824129,-0.663333267,0.743860111,-0.06684769
1497535102300320000,105493,-0.362952342,0.53146562,1.039401469,-0.045663092,-0.666460653,0.741380533,-0.064031131
1497535102310350000,105494,-0.358517964,0.524054089,1.040204163,-0.044304176,-0.669858623,0.738582154,-0.061830144
1497535102320290000,105495,-0.354209372,0.516992283,1.041013112,-0.043163271,-0.673971846,0.734953431,-0.061174648
1497535102330300000,105496,-0.350118157,0.509865483,1.041877032,-0.042674167,-0.677831913,0.73149707,-0.060289712
1497535102340280000,105497,-0.34592381,0.503168504,1.042589403,-0.042971018,-0.680675909,0.728798364,-0.060718559
1497535102350260000,105498,-0.341902505,0.49668986,1.043251598,-0.043763524,-0.683917846,0.725633075,-0.06162609
1497535102360280000,105499,-0.338124973,0.490358959,1.043887531,-0.044276024,-0.685251855,0.724307429,-0.062034478
1497535102370320000,105500,-0.334440679,0.484123896,1.044489215,-0.045024872,-0.687479217,0.72207024,-0.062925796
1497535102380330000,105501,-0.330631832,0.478145314,1.0447874,-0.046375741,-0.688287233,0.721131055,-0.063874699
1497535102390330000,105502,-0.32711873,0.472101569,1.045132416,-0.047925157,-0.689565846,0.719756541,-0.064441026
1497535102400340000,105503,-0.323728172,0.4661832,1.045306205,-0.050063688,-0.690903272,0.71835486,-0.064129488
1497535102410300000,105504,-0.320429494,0.460359951,1.045508735,-0.052117441,-0.692553238,0.716599076,-0.064339334
1497535102420320000,105505,-0.317160479,0.454416217,1.045631564,-0.054313771,-0.694165196,0.714947658,-0.063518038
1497535102430330000,105506,-0.314049127,0.448554225,1.045687027,-0.056003431,-0.696244443,0.712809714,-0.063321432
1497535102440360000,105507,-0.310778697,0.442663421,1.045595931,-0.058366047,-0.698871152,0.710142605,-0.062209313
1497535102450290000,105508,-0.307520491,0.436833505,1.045523223,-0.059775503,-0.701015488,0.708037963,-0.060715874
1497535102460300000,105509,-0.304130225,0.4311772,1.045444107,-0.061391339,-0.70294178,0.706090494,-0.059499339
1497535102470330000,105510,-0.300707125,0.42553073,1.04532647,0.06299433,0.705098758,-0.703894286,0.058312005
1497535102480320000,105511,-0.297111546,0.419699241,1.045194297,0.064144791,0.706688138,-0.702330899,0.056644773
1497535102490330000,105512,-0.293508504,0.41400565,1.044975387,0.064837767,0.708206073,-0.700854052,0.055170825
1497535102500330000,105513,-0.289593629,0.408377478,1.044670442,0.06513653,0.71056737,-0.698513222,0.054134318
1497535102510290000,105514,-0.285685148,0.402536895,1.044328523,0.065464787,0.712318084,-0.696764097,0.053264454
1497535102520320000,105515,-0.281662914,0.396730694,1.043809074,0.066275963,0.713923133,-0.69516015,0.051707093
1497535102530320000,105516,-0.277487108,0.390755914,1.043245756,0.065654426,0.716756715,-0.69236075,0.050851743
1497535102540340000,105517,-0.273161369,0.38479922,1.042474426,0.065292907,0.719373173,-0.689763835,0.049648027
1497535102550320000,105518,-0.268800079,0.378738994,1.04176873,0.065020774,0.721490223,-0.687662559,0.048418615
1497535102560300000,105519,-0.264241366,0.372669945,1.040829032,0.064482803,0.724814599,-0.68426817,0.047569285
1497535102570310000,105520,-0.259644887,0.366626002,1.039962608,0.063230888,0.72653317,-0.682656201,0.04617271
1497535102580320000,105521,-0.254950869,0.359823452,1.039118328,0.061739246,0.73028368,-0.678913174,0.044169163
1497535102590330000,105522,-0.250082189,0.354167396,1.03819175,0.06254603,0.730111141,-0.679075912,0.043377666
1497535102600320000,105523,-0.245087592,0.347262516,1.037109912,0.061129152,0.734843364,-0.674129715,0.042633147
1497535102610190000,105524,-0.240145118,0.340812146,1.036091523,0.060373039,0.737396752,-0.671461777,0.041715808
1497535102620320000,105525,-0.235086411,0.334254888,1.034963267,0.060086656,0.739780693,-0.668908459,0.040934009
1497535102630320000,105526,-0.229985952,0.327481825,1.033739162,0.058772434,0.743175278,-0.665304837,0.040072202
1497535102640380000,105527,-0.224685601,0.320896029,1.032471271,0.058263503,0.744860751,-0.663549447,0.038599953
1497535102650320000,105528,-0.219198031,0.314092585,1.031132948,0.056385886,0.748022247,-0.66021144,0.037472707
1497535102660300000,105529,-0.213644855,0.307213084,1.029701435,0.057152337,0.750925939,-0.656855035,0.037219713
1497535102670330000,105530,-0.208213024,0.300343448,1.028287216,0.056954867,0.753261644,-0.654277653,0.035690204
1497535102680320000,105531,-0.20280991,0.293718651,1.026798734,0.057951313,0.754232939,-0.653126006,0.034651692
1497535102690310000,105532,-0.197486735,0.287149604,1.02534022,0.060139901,0.756420501,-0.65057408,0.031057763
1497535102700310000,105533,-0.192132825,0.280361606,1.023863909,0.06118844,0.757673618,-0.649065543,0.030009732
1497535102710310000,105534,-0.186589381,0.274147474,1.02244996,0.0612424,0.760622652,-0.645509021,0.031947672
1497535102720310000,105535,-0.181118967,0.267879167,1.0209719,0.06231426,0.761841684,-0.643909864,0.03307972
1497535102730320000,105536,-0.17568385,0.261014006,1.019372438,0.064542607,0.761093558,-0.644681951,0.030919739
1497535102740330000,105537,-0.170165725,0.254523021,1.017921161,0.066361335,0.760370567,-0.645417497,0.029479281
1497535102750330000,105538,-0.164346639,0.248064253,1.016338076,0.06759938,0.760744839,-0.644879336,0.028779444
1497535102760300000,105539,-0.158424509,0.241025122,1.014671441,0.070954471,0.75693589,-0.649141552,0.025075227
1497535102770320000,105540,-0.152066825,0.235530615,1.013434857,0.072271782,0.763769221,-0.640926506,0.025427948
1497535102780320000,105541,-0.145720014,0.228603557,1.012333558,0.076650288,0.757323603,-0.648309706,0.016739729
1497535102790320000,105542,-0.139185941,0.221982287,1.011003561,0.077000723,0.7633167,-0.641116806,0.01969126
1497535102800280000,105543,-0.132764112,0.21440858,1.009949621,0.08127533,0.760211857,-0.644429575,0.013519514
1497535102810300000,105544,-0.125822006,0.207568043,1.009416339,0.082326951,0.764273349,-0.639452777,0.01444535
1497535102820310000,105545,-0.119094841,0.199872815,1.008922097,0.086593508,0.760585133,-0.643372987,0.009111491
1497535102830280000,105546,-0.11198604,0.192458667,1.008971984,0.088309759,0.760236628,-0.64356273,0.008286613
1497535102840250000,105547,-0.104441299,0.185023879,1.009134973,0.090214298,0.759494059,-0.644172785,0.00846043
1497535102850340000,105548,-0.09669365,0.177397941,1.009739412,0.090552137,0.758780978,-0.64496092,0.00878349
1497535102860250000,105549,-0.088555396,0.169734932,1.010608923,0.09131311,0.758042877,-0.645693009,0.010651301
1497535102870350000,105550,-0.079778406,0.162541446,1.011553176,0.089707232,0.761182515,-0.642082779,0.016837355
1497535102880320000,105551,-0.071172642,0.155293248,1.012772941,0.088564785,0.760259558,-0.643226022,0.020541857
1497535102890330000,105552,-0.062604137,0.147804274,1.014308069,0.08632423,0.757602212,-0.646559566,0.023403896
1497535102900330000,105553,-0.054040084,0.14064758,1.016120857,0.085195429,0.755752677,-0.648754684,0.026400566
1497535102910310000,105554,-0.046215083,0.133584166,1.018066789,0.082399907,0.752543211,-0.652770402,0.027924429
1497535102920310000,105555,-0.037896237,0.126979482,1.020098808,0.082631142,0.750118992,-0.655233482,0.034098032
1497535102930330000,105556,-0.030116839,0.120386517,1.022169614,0.081608386,0.746918971,-0.658884707,0.036373948
1497535102940330000,105557,-0.022661406,0.113696923,1.024204043,0.07890436,0.74306132,-0.663491418,0.037591434
1497535102950330000,105558,-0.015846135,0.106762986,1.026046117,0.074123013,0.737635589,-0.67021644,0.034777007
1497535102960310000,105559,-0.008040415,0.100323387,1.027945486,0.072409426,0.733212014,-0.674754457,0.043167579
1497535102970330000,105560,-0.001284002,0.094206106,1.029586293,0.071328347,0.730924846,-0.677284377,0.044124927
1497535102980320000,105561,0.004963865,0.087932478,1.030902895,0.069938292,0.727613035,-0.680969947,0.044360329
1497535102990340000,105562,0.010871148,0.082157879,1.032294447,0.069685862,0.724106047,-0.684654409,0.045416437
1497535103000330000,105563,0.016183194,0.076022073,1.033606177,0.06847941,0.720540031,-0.688603447,0.044248461
1497535103010310000,105564,0.021607162,0.070449972,1.035128592,0.067808322,0.716601476,-0.692763924,0.044300126
1497535103020320000,105565,0.026392621,0.064932419,1.036835798,0.070265467,0.713805318,-0.695355243,0.045009082
1497535103030320000,105566,0.030948923,0.059498487,1.038529799,0.070369707,0.708258039,-0.700945832,0.045755816
1497535103040320000,105567,0.035348514,0.054169092,1.040191649,0.071641558,0.70507406,-0.703962901,0.046629304
1497535103050320000,105568,0.039783217,0.048720907,1.04192999,-0.073415279,-0.700809476,0.707877208,-0.048848074
1497535103060300000,105569,0.043919327,0.043539143,1.043625438,-0.073649454,-0.696826954,0.711660724,-0.05046749
1497535103070320000,105570,0.047570253,0.038504927,1.045680268,-0.075175637,-0.693622636,0.714713308,-0.049205184
1497535103080290000,105571,0.051743119,0.033529511,1.047443742,-0.076938086,-0.687575064,0.720142786,-0.052109783
1497535103090290000,105572,0.055550543,0.028986545,1.049562576,-0.077901077,-0.680679812,0.726675785,-0.050484852
1497535103100300000,105573,0.059253448,0.024426918,1.051380757,-0.078087191,-0.676327642,0.730681042,-0.050877562
1497535103110300000,105574,0.062995945,0.019720755,1.0532368,-0.078455967,-0.672169682,0.73448598,-0.050625338
1497535103120330000,105575,0.066432844,0.014896256,1.055001106,-0.07842464,-0.668073882,0.738234118,-0.050371133
1497535103130370000,105576,0.070295087,0.010115903,1.056445649,-0.07881099,-0.664895,0.740975763,-0.051559534
1497535103140330000,105577,0.073990243,0.005290238,1.057636135,-0.078578841,-0.661914081,0.743607467,-0.052374141
1497535103150340000,105578,0.077767335,0.000584922,1.058779018,-0.079598423,-0.658538621,0.746373475,-0.054014916
1497535103160320000,105579,0.081012077,-0.004399551,1.059843413,-0.079263133,-0.656348265,0.748306357,-0.054423404
1497535103170340000,105580,0.08431433,-0.00919341,1.060521284,-0.081422659,-0.651538032,0.752142896,-0.056121361
1497535103180320000,105581,0.088019388,-0.014214106,1.061082498,-0.079381895,-0.649567716,0.753946218,-0.057666253
1497535103190340000,105582,0.091884395,-0.019382588,1.061752406,-0.080110523,-0.645797984,0.757086372,-0.057857524
1497535103200340000,105583,0.095480219,-0.024558869,1.062253834,-0.078370666,-0.643869476,0.758828291,-0.058904677
1497535103210310000,105584,0.099568867,-0.029935713,1.062503075,-0.076923195,-0.642198595,0.760353845,-0.059378584
1497535103220330000,105585,0.103498709,-0.035567026,1.062746574,-0.075781781,-0.641782528,0.760689698,-0.061020419
1497535103230330000,105586,0.107549839,-0.041306749,1.062637368,-0.074476447,-0.642159224,0.760485323,-0.061211626
1497535103240350000,105587,0.111463714,-0.04741217,1.06236076,-0.07354495,-0.640988034,0.761598285,-0.060774439
1497535103250280000,105588,0.115354568,-0.053239153,1.061752843,-0.072342096,-0.641452469,0.761318502,-0.060823431
1497535103260320000,105589,0.119230177,-0.059431445,1.060844066,-0.072210102,-0.642643756,0.760250091,-0.061761661
1497535103270310000,105590,0.123224877,-0.065919924,1.059762504,-0.071527204,-0.643883497,0.759246041,-0.061994771
1497535103280310000,105591,0.127237054,-0.072502024,1.058439269,-0.07111668,-0.645549339,0.757846838,-0.062262658
1497535103290340000,105592,0.13127125,-0.07928318,1.056754683,-0.070440714,-0.648553478,0.755225437,-0.063647706
1497535103300350000,105593,0.135389746,-0.086235562,1.054922232,-0.069925942,-0.650922311,0.753234854,-0.063622034
1497535103310320000,105594,0.139628379,-0.093414153,1.053073437,-0.070491333,-0.653693547,0.750804952,-0.063305942
1497535103320280000,105595,0.143566643,-0.100725142,1.050827388,-0.07042525,-0.656661971,0.748132297,-0.064291566
1497535103330340000,105596,0.147556746,-0.108012914,1.048646694,-0.068059133,-0.658991712,0.746266157,-0.064689264
1497535103340340000,105597,0.151458869,-0.115652532,1.04642132,-0.067891908,-0.661685778,0.743890123,-0.064731027
1497535103350280000,105598,0.155466869,-0.123324649,1.044287322,-0.066264413,-0.664294895,0.741755399,-0.06418916
1497535103360320000,105599,0.159644591,-0.130689287,1.042106841,-0.064857527,-0.66731719,0.739252877,-0.063138371
1497535103370320000,105600,0.163828604,-0.138061513,1.039937261,-0.06424753,-0.667796708,0.738781228,-0.06420365
1497535103380300000,105601,0.168142331,-0.145249489,1.038141896,-0.063196536,-0.66722937,0.739309751,-0.065055802
1497535103390340000,105602,0.171777731,-0.151924505,1.036217057,-0.061449939,-0.66359275,0.742559595,-0.066886581
1497535103400310000,105603,0.175885065,-0.158482451,1.034577498,-0.061249118,-0.661133329,0.744747489,-0.067100259
1497535103410310000,105604,0.180015656,-0.165268017,1.033775106,-0.05722974,-0.660680741,0.745596257,-0.065665333
1497535103420270000,105605,0.184435772,-0.171789116,1.032856306,-0.060246834,-0.657521014,0.747870043,-0.068751973
1497535103430320000,105606,0.187651346,-0.178956459,1.031433904,-0.058208367,-0.655889619,0.749859724,-0.064272764
1497535103440330000,105607,0.191342357,-0.186399053,1.030091026,-0.058086142,-0.653968612,0.75152736,-0.064480089
1497535103450410000,105608,0.195099952,-0.194055057,1.028937714,-0.058362197,-0.651203923,0.753971608,-0.063671972
1497535103460280000,105609,0.198532241,-0.202191068,1.027871911,-0.060613408,-0.648441069,0.756159631,-0.063818545
1497535103470370000,105610,0.202927361,-0.210655593,1.027008014,-0.063414579,-0.647402923,0.756540998,-0.067035554
1497535103480350000,105611,0.206926761,-0.218849772,1.025412358,-0.071164134,-0.642811521,0.759135044,-0.073776695
1497535103490350000,105612,0.210579505,-0.228865533,1.024451544,-0.068503071,-0.641297957,0.761279331,-0.067067424
1497535103500340000,105613,0.214687341,-0.238634561,1.023883189,-0.064071068,-0.638351785,0.764159249,-0.066802246
1497535103510310000,105614,0.219053133,-0.248756541,1.023591918,-0.063069245,-0.637793379,0.764606361,-0.067963144
1497535103520330000,105615,0.22278565,-0.258691735,1.022921091,-0.06437672,-0.633418148,0.767973158,-0.069672924
1497535103530340000,105616,0.227821326,-0.26966436,1.024393896,-0.060263367,-0.640751131,0.762184611,-0.069863678
1497535103540350000,105617,0.231328306,-0.279506686,1.025026474,-0.059759521,-0.638366996,0.764153803,-0.070606958
1497535103550330000,105618,0.23518684,-0.289440899,1.025847169,-0.063741809,-0.637722369,0.764271636,-0.07166609
1497535103560320000,105619,0.237455738,-0.299648664,1.026877436,-0.062849413,-0.63970302,0.763206279,-0.065925516
1497535103570330000,105620,0.240418462,-0.309747807,1.028499789,-0.064635103,-0.643287172,0.760221743,-0.063771616
1497535103580340000,105621,0.244048761,-0.319941633,1.0305488,-0.069818714,-0.645020334,0.758120761,-0.065780149
1497535103590350000,105622,0.245604932,-0.329919643,1.032320864,-0.067168737,-0.64816254,0.756159247,-0.059973964
1497535103600340000,105623,0.248069073,-0.339714718,1.034440681,-0.068451672,-0.649106003,0.755411571,-0.057698562
1497535103610310000,105624,0.250468204,-0.349402795,1.036610523,-0.070486231,-0.649203476,0.755389894,-0.054338263
1497535103620310000,105625,0.252860396,-0.359013547,1.038777946,-0.073123941,-0.650269286,0.754524313,-0.049958055
1497535103630350000,105626,0.255082146,-0.368399823,1.040491497,-0.07676746,-0.649450868,0.75505236,-0.047077181
1497535103640360000,105627,0.257395339,-0.377928766,1.042514832,-0.079965158,-0.650161567,0.754363391,-0.042794667
1497535103650310000,105628,0.259485618,-0.387165864,1.04408535,-0.081326414,-0.651998736,0.752879864,-0.03815196
1497535103660310000,105629,0.261541985,-0.395920527,1.045590373,-0.083172723,-0.652719552,0.752306643,-0.032774984
1497535103670350000,105630,0.263605813,-0.403968325,1.046502361,-0.085401062,-0.651434396,0.753398296,-0.027035056
1497535103680280000,105631,0.265498778,-0.412565084,1.047343263,-0.086710372,-0.656029166,0.749332784,-0.024645972
1497535103690330000,105632,0.267500468,-0.420687728,1.048166348,-0.087678814,-0.658512945,0.747178699,-0.01992784
1497535103700360000,105633,0.269220703,-0.42888097,1.048793062,-0.087875101,-0.664253332,0.742061312,-0.019760722
1497535103710310000,105634,0.270964817,-0.436870821,1.04939807,-0.089719877,-0.669306472,0.73730476,-0.018996858
1497535103720340000,105635,0.272794645,-0.444526761,1.049982782,-0.090889507,-0.67346681,0.733395852,-0.017665723
1497535103730340000,105636,0.274369302,-0.451944994,1.05043192,-0.093003749,-0.677434634,0.729451835,-0.018238395
1497535103740340000,105637,0.275978782,-0.459019392,1.050867959,-0.094971499,-0.680862606,0.725977099,-0.019072958
1497535103750310000,105638,0.277560305,-0.465761573,1.050871183,-0.096393857,-0.681775643,0.724913047,-0.019780576
1497535103760310000,105639,0.27919498,-0.472256661,1.051130265,-0.097377272,-0.68529917,0.721436781,-0.020290042
1497535103770290000,105640,0.280726121,-0.478514937,1.051307099,-0.0981999,-0.686609096,0.720102337,-0.01942559
1497535103780280000,105641,0.281944322,-0.484450553,1.051257193,-0.100086885,-0.687564891,0.718977144,-0.017578466
1497535103790340000,105642,0.283393388,-0.490522876,1.051285002,-0.102779286,-0.689059867,0.717214906,-0.01535243
1497535103800290000,105643,0.284533638,-0.49645914,1.051306989,-0.105475497,-0.690549708,0.715427663,-0.013389533
1497535103810320000,105644,0.285440858,-0.502316839,1.051141936,-0.107504364,-0.692525361,0.713257574,-0.010727049
1497535103820360000,105645,0.286463114,-0.508036591,1.051091256,-0.109319972,-0.694615052,0.710986729,-0.007546165
1497535103830380000,105646,0.287495949,-0.513868871,1.05085838,-0.113619401,-0.696379215,0.708603496,-0.005263697
1497535103840350000,105647,0.288364334,-0.519690328,1.050728552,-0.117318325,-0.699123972,0.705303231,-0.003071502
1497535103850330000,105648,0.289383731,-0.525234232,1.050689725,-0.120181693,-0.700488435,0.703471369,0.000588088
1497535103860300000,105649,0.290414557,-0.530906075,1.050614469,0.123949216,0.701880901,-0.70141594,-0.003933462
1497535103870320000,105650,0.291426362,-0.536396109,1.050416012,0.12848602,0.702109878,-0.700344313,-0.007134713
1497535103880320000,105651,0.292629036,-0.541777912,1.050228353,0.131035854,0.703905879,-0.698020698,-0.010640641
1497535103890310000,105652,0.293835065,-0.54750911,1.049782687,0.135282103,0.705889519,-0.695140943,-0.014064475
1497535103900330000,105653,0.295188733,-0.553212948,1.049432249,0.139178569,0.706403569,-0.69379634,-0.016430516
1497535103910220000,105654,0.296504225,-0.558977474,1.048966095,0.141764271,0.708309913,-0.691233123,-0.019918024
1497535103920340000,105655,0.298049052,-0.56497238,1.048529749,0.14521493,0.710943804,-0.687689224,-0.023559786
1497535103930320000,105656,0.299525927,-0.570909939,1.047971666,0.147978388,0.713552594,-0.684292416,-0.02624846
1497535103940350000,105657,0.301081182,-0.576824048,1.047418237,0.150028511,0.714911674,-0.682311262,-0.029053159
1497535103950360000,105658,0.302736899,-0.582899885,1.046847173,0.15286339,0.717616425,-0.678694773,-0.032138066
1497535103960300000,105659,0.304397269,-0.588906599,1.045991175,0.155584028,0.718647059,-0.676791488,-0.035962434
1497535103970350000,105660,0.306125659,-0.594719757,1.045418764,0.159397872,0.718507258,-0.675901622,-0.038686377
1497535103980350000,105661,0.307717164,-0.600828484,1.044679656,0.161099314,0.721163677,-0.672450294,-0.042196732
1497535103990380000,105662,0.309484365,-0.607061854,1.043842432,0.164315164,0.721729027,-0.670894149,-0.044819402
1497535104000360000,105663,0.311329383,-0.613057152,1.043199825,0.166885746,0.721297752,-0.670510223,-0.047903457
1497535104010330000,105664,0.313039422,-0.619269814,1.042226428,0.169665641,0.723330794,-0.66737749,-0.051121608
1497535104020350000,105665,0.314567838,-0.625455192,1.041452002,0.173473005,0.723360447,-0.666282502,-0.05219587
1497535104030340000,105666,0.316375942,-0.631588112,1.040710762,0.176656995,0.723598416,-0.664968629,-0.054903204
1497535104040330000,105667,0.318230281,-0.638108248,1.039741514,0.179909687,0.723693175,-0.663916857,-0.055813078
1497535104050340000,105668,0.320176404,-0.644226927,1.038741232,0.182802089,0.723503045,-0.66308519,-0.058692172
1497535104060320000,105669,0.322202315,-0.650921889,1.037524593,0.185303627,0.724555305,-0.661045461,-0.060836459
1497535104070340000,105670,0.324375687,-0.657552414,1.036421102,0.186147655,0.725329184,-0.65964159,-0.064184098
1497535104080320000,105671,0.326704489,-0.664285228,1.035607309,0.187459759,0.725407106,-0.659014085,-0.065907544
1497535104090320000,105672,0.329167645,-0.670822012,1.034518586,0.190148651,0.725676335,-0.657681185,-0.068504061
1497535104100290000,105673,0.331684429,-0.677945475,1.03351724,0.191351529,0.726908583,-0.655934948,-0.068832033
1497535104110350000,105674,0.334406329,-0.685034742,1.032401291,0.192065185,0.727559264,-0.654699576,-0.071672508
1497535104120350000,105675,0.337299914,-0.692157341,1.031451974,0.193087137,0.727993501,-0.653749299,-0.073175637
1497535104130310000,105676,0.340320816,-0.699487817,1.030333252,0.19209683,0.730191723,-0.651327895,-0.075437581
1497535104140390000,105677,0.343121435,-0.707034062,1.028966608,0.192772196,0.732921192,-0.64810258,-0.075023012
1497535104150340000,105678,0.346474823,-0.714363194,1.027502656,0.191577478,0.730843428,-0.650452857,-0.077955333
1497535104160330000,105679,0.349616929,-0.721894524,1.026272221,0.192909479,0.733320125,-0.647122819,-0.07911753
1497535104170330000,105680,0.352840629,-0.729282609,1.025204308,0.19372358,0.734681085,-0.64488829,-0.082667841
1497535104180360000,105681,0.35610596,-0.737014147,1.023543027,0.194382625,0.735086119,-0.644127562,-0.083447445
1497535104190340000,105682,0.359682523,-0.7450437,1.022197233,0.195749106,0.739975663,-0.637627881,-0.086884936
1497535104200360000,105683,0.363040567,-0.752840651,1.020896322,0.197138131,0.740173591,-0.636454117,-0.090585703
1497535104210330000,105684,0.366737893,-0.761182083,1.019619405,0.198135778,0.740368892,-0.635541629,-0.093182375
1497535104220360000,105685,0.370585054,-0.769873366,1.018132871,0.199380241,0.742632736,-0.632246552,-0.094912779
1497535104230350000,105686,0.374502402,-0.778282306,1.016948842,0.198241399,0.744314981,-0.630102672,-0.098316726
1497535104240360000,105687,0.378885556,-0.787383551,1.015766635,0.199910082,0.74533637,-0.628144239,-0.099721961
1497535104250370000,105688,0.383612609,-0.796601471,1.014627791,0.199590622,0.745838717,-0.627343344,-0.101629326
1497535104260340000,105689,0.388659932,-0.805988657,1.013795309,0.199040837,0.745831145,-0.627368988,-0.102600201
1497535104270330000,105690,0.393791655,-0.815565437,1.013114857,0.198649994,0.745674032,-0.62732703,-0.104734025
1497535104280360000,105691,0.399248144,-0.825671115,1.012626988,0.198101137,0.747366442,-0.625526814,-0.104477493
1497535104290320000,105692,0.40465041,-0.835723837,1.01251988,0.197851334,0.747209565,-0.62582734,-0.104272994
1497535104300380000,105693,0.410050633,-0.845697576,1.012410449,0.196683176,0.746966518,-0.62636462,-0.104995775
1497535104310340000,105694,0.415585833,-0.855589659,1.012457626,0.197030258,0.746348647,-0.627164029,-0.103961796
1497535104320350000,105695,0.421040545,-0.865586797,1.012793574,0.196839099,0.745387171,-0.628563511,-0.102763064
1497535104330350000,105696,0.426260249,-0.875488096,1.013374459,0.19620582,0.744943016,-0.629534644,-0.101238884
1497535104340350000,105697,0.431771559,-0.88527677,1.014158515,0.196368713,0.744562096,-0.630600667,-0.097002134
1497535104350370000,105698,0.43745735,-0.894855384,1.01504539,0.196288688,0.743748927,-0.632394665,-0.091571129
1497535104360360000,105699,0.443206193,-0.90421795,1.016118931,0.193943147,0.742653251,-0.635044519,-0.087009557
1497535104370350000,105700,0.449094183,-0.913187147,1.017439574,0.191682503,0.740418451,-0.638918541,-0.082591961
1497535104380300000,105701,0.45487521,-0.921913204,1.018841465,0.188910123,0.737316273,-0.644033007,-0.076806017
1497535104390380000,105702,0.460530702,-0.930656825,1.020520568,0.183300854,0.731505633,-0.652824775,-0.071555
1497535104400340000,105703,0.466046312,-0.938370428,1.022103182,0.180905888,0.728899018,-0.656579611,-0.069874858
1497535104410330000,105704,0.471523468,-0.946541714,1.023889037,0.176332062,0.724525791,-0.662930049,-0.067030825
1497535104420330000,105705,0.476748718,-0.953889801,1.025571782,0.17439257,0.718961651,-0.669576347,-0.065946118
1497535104430350000,105706,0.481607928,-0.960682375,1.027317498,0.173362992,0.714402974,-0.674676676,-0.066219675
1497535104440350000,105707,0.486318813,-0.967757659,1.029158282,0.172697297,0.709204338,-0.680353778,-0.065753999
1497535104450350000,105708,0.490566956,-0.974549809,1.031004335,0.173338704,0.70379438,-0.685775516,-0.065871892
1497535104460320000,105709,0.494745813,-0.981117546,1.033059148,0.174069148,0.69980204,-0.689683559,-0.065678195
1497535104470380000,105710,0.49865483,-0.987765681,1.034851387,-0.17623462,-0.693100197,0.696056468,0.063709256
1497535104480340000,105711,0.502382785,-0.993904954,1.036806349,-0.178686753,-0.688565415,0.699857594,0.064405449
1497535104490380000,105712,0.506083414,-1.000364269,1.038889488,-0.180613193,-0.683528236,0.704383415,0.06334059
1497535104500330000,105713,0.509502801,-1.006611838,1.040850394,-0.18226315,-0.679057137,0.708385095,0.062065333
1497535104510300000,105714,0.513080021,-1.012876515,1.042995726,-0.183521614,-0.674134313,0.712759192,0.061944163
1497535104520230000,105715,0.516418098,-1.019032425,1.045113181,-0.185550476,-0.669009794,0.717152781,0.060735545
1497535104530390000,105716,0.519681293,-1.025170281,1.047179943,-0.186807163,-0.664323134,0.721173033,0.060723248
1497535104540400000,105717,0.523237765,-1.03156585,1.049456971,-0.186363012,-0.660888355,0.724488828,0.060094496
1497535104550380000,105718,0.526512856,-1.037507993,1.051506998,-0.186093766,-0.656815275,0.728349651,0.05890323
1497535104560330000,105719,0.530099229,-1.04359567,1.05383658,-0.184933316,-0.654083411,0.731076933,0.059169914
1497535104570340000,105720,0.533723618,-1.049949935,1.055683683,-0.18407373,-0.647502298,0.737299532,0.056982766
1497535104580340000,105721,0.537276854,-1.056001728,1.057777763,-0.181808841,-0.644918579,0.740262396,0.055110403
1497535104590420000,105722,0.54101328,-1.062603297,1.05977775,-0.179035116,-0.641565366,0.744009683,0.0528195
1497535104600360000,105723,0.544705511,-1.06902842,1.061595137,-0.177125633,-0.64065505,0.745351691,0.051366072
1497535104610270000,105724,0.548416806,-1.075518929,1.063158963,-0.175251182,-0.636884485,0.749223492,0.048263186
1497535104620190000,105725,0.551901921,-1.081940775,1.06444348,-0.173273051,-0.634344167,0.752030514,0.045100258
1497535104630350000,105726,0.555619254,-1.088554116,1.065707945,-0.171376297,-0.632135455,0.75447836,0.042395002
1497535104640360000,105727,0.559449068,-1.095211578,1.06693384,-0.168968802,-0.631164082,0.755971366,0.039858993
1497535104650370000,105728,0.562732546,-1.101755413,1.067600145,-0.166841782,-0.62991614,0.757627591,0.037012278
1497535104660330000,105729,0.566358109,-1.108252121,1.06815487,-0.164380232,-0.628697696,0.759320614,0.033919769
1497535104670340000,105730,0.570059878,-1.114932237,1.068544262,-0.161685486,-0.628850554,0.759891159,0.031148222
1497535104680330000,105731,0.573761004,-1.121586041,1.06871001,-0.158692199,-0.628346977,0.761053149,0.02819515
1497535104690400000,105732,0.577573663,-1.128695601,1.06863861,-0.155707262,-0.628116876,0.761944016,0.025802216
1497535104700350000,105733,0.581295075,-1.135651525,1.068353688,-0.152660699,-0.628663982,0.762191864,0.023235118
1497535104710320000,105734,0.585211228,-1.142751205,1.068042073,-0.148181204,-0.630343967,0.761799793,0.019232501
1497535104720340000,105735,0.589033683,-1.149982611,1.067319546,-0.14490006,-0.63149169,0.761539068,0.016747128
1497535104730340000,105736,0.592942635,-1.157284084,1.066544112,-0.141361127,-0.633386771,0.760683605,0.014095505
1497535104740320000,105737,0.596779501,-1.1645226,1.065651018,-0.137644254,-0.634576032,0.760435099,0.010284881
1497535104750310000,105738,0.600731145,-1.172042121,1.064640976,-0.134117478,-0.636359716,0.759603904,0.007792491
1497535104760280000,105739,0.604535544,-1.179619287,1.063550829,-0.130795146,-0.638667931,0.758263231,0.005725071
1497535104770320000,105740,0.608458136,-1.187413287,1.062319151,-0.127366906,-0.640122539,0.757633476,0.003510433
1497535104780360000,105741,0.612322549,-1.195322749,1.060997359,-0.124178546,-0.643264344,0.755503558,0.002246397
1497535104790390000,105742,0.616165047,-1.203163343,1.059654714,-0.120858401,-0.645372589,0.754246032,-0.000624928
1497535104800360000,105743,0.620233911,-1.211386524,1.058171947,-0.118056678,-0.647681533,0.752706466,-0.002056422
1497535104810300000,105744,0.624294669,-1.219386266,1.056655042,-0.114809063,-0.650186364,0.751035936,-0.004646989
1497535104820360000,105745,0.628588752,-1.227414205,1.055170199,-0.111408212,-0.651875823,0.750067106,-0.006742286
1497535104830350000,105746,0.632939592,-1.235569824,1.053562138,-0.108568136,-0.653116654,0.74938825,-0.008297418
1497535104840360000,105747,0.637323464,-1.243478601,1.052212164,-0.105358141,-0.653293227,0.749645563,-0.011796252
1497535104850370000,105748,0.641722605,-1.251070163,1.050830147,-0.102168703,-0.653428222,0.749912971,-0.014954953
1497535104860340000,105749,0.645998699,-1.258798441,1.049452663,-0.100342497,-0.653100036,0.750393966,-0.017338484
1497535104870330000,105750,0.650192377,-1.266270096,1.04823503,-0.098725611,-0.650973853,0.752359251,-0.021020341
1497535104880360000,105751,0.654346497,-1.273762087,1.047084085,-0.096561359,-0.649196992,0.754073929,-0.024324451
1497535104890370000,105752,0.65857531,-1.281391643,1.045822409,-0.095334137,-0.646973617,0.756089058,-0.025804605
1497535104900370000,105753,0.662811726,-1.28909169,1.04462947,-0.093897768,-0.645365182,0.757530516,-0.028887853
1497535104910350000,105754,0.667071162,-1.297309786,1.043510496,-0.093493316,-0.64319112,0.759330538,-0.03132598
1497535104920320000,105755,0.671480856,-1.30609191,1.042397678,-0.09222411,-0.641889962,0.760483633,-0.033714002
1497535104930340000,105756,0.67587064,-1.314875816,1.041203713,-0.089958776,-0.64186268,0.760646465,-0.036560554
1497535104940340000,105757,0.680386616,-1.324316566,1.040140069,-0.08809117,-0.641094099,0.761306498,-0.040629026
1497535104950370000,105758,0.685146954,-1.33388777,1.039078737,-0.086220083,-0.639744061,0.762538587,-0.042761398
1497535104960340000,105759,0.689933727,-1.343837187,1.038076469,-0.083526463,-0.639839722,0.762568816,-0.046013703
1497535104970300000,105760,0.694814069,-1.353705165,1.03721912,-0.080905481,-0.637600343,0.764523367,-0.049235424
1497535104980360000,105761,0.699687881,-1.363668173,1.036524452,-0.078733687,-0.637301648,0.764892367,-0.050865335
1497535104990360000,105762,0.704505616,-1.37343845,1.036250063,-0.076706418,-0.634977691,0.766866762,-0.053243093
1497535105000370000,105763,0.70926005,-1.383330832,1.036295457,-0.073292436,-0.635480186,0.766671197,-0.054849137
1497535105010330000,105764,0.713990302,-1.392839333,1.036792421,-0.071199403,-0.634121006,0.76791428,-0.055936153
1497535105020340000,105765,0.718461646,-1.402232847,1.037695717,-0.068958865,-0.634791398,0.767512773,-0.056645373
1497535105030360000,105766,0.722500801,-1.411608782,1.039111973,-0.067956976,-0.636162589,0.76647526,-0.056521548
1497535105040370000,105767,0.726419356,-1.420704896,1.040973288,-0.068935206,-0.63750856,0.765403436,-0.05466583
1497535105050370000,105768,0.72968916,-1.429769241,1.042979253,-0.066640036,-0.642157469,0.761740816,-0.054256975
1497535105060350000,105769,0.732863234,-1.438860446,1.045587576,-0.065362512,-0.64475906,0.759768456,-0.052586968
1497535105070270000,105770,0.735825653,-1.447775676,1.048125491,-0.064012782,-0.645919496,0.75902649,-0.050686848
1497535105080320000,105771,0.73865758,-1.456768893,1.050749249,-0.064326584,-0.646275964,0.75885487,-0.048257178
1497535105090360000,105772,0.741265843,-1.465732609,1.05306115,-0.066715256,-0.645891115,0.759173763,-0.045043749
1497535105100370000,105773,0.743930076,-1.474641749,1.0552263,-0.069563876,-0.6453074,0.75958911,-0.04199537
1497535105110270000,105774,0.746291359,-1.483522094,1.056949802,-0.072647115,-0.644830436,0.759912818,-0.038060678
1497535105120360000,105775,0.748835355,-1.492288851,1.058716177,-0.075440852,-0.644246858,0.760348694,-0.033533988
1497535105130360000,105776,0.751270003,-1.500881189,1.060033122,-0.077550702,-0.64442036,0.760212498,-0.028022258
1497535105140360000,105777,0.753838813,-1.509399715,1.061366991,-0.078556894,-0.646691854,0.758328678,-0.023581275
1497535105150370000,105778,0.756635205,-1.517609338,1.062390165,-0.078865304,-0.649292305,0.756186097,-0.019553855
1497535105160330000,105779,0.759369611,-1.525573671,1.063287873,-0.07869906,-0.652435481,0.753576406,-0.016031266
1497535105170300000,105780,0.762360437,-1.533292514,1.064136408,-0.078158363,-0.656922834,0.749740142,-0.015276798
1497535105180360000,105781,0.765332948,-1.540932504,1.065000075,-0.076954945,-0.66053883,0.74667755,-0.015460484
1497535105190350000,105782,0.768614198,-1.548429026,1.065759557,-0.07537121,-0.664486896,0.7432951,-0.016992342
1497535105200340000,105783,0.771880611,-1.555838936,1.066641064,-0.072299671,-0.66849199,0.739960472,-0.018700699
1497535105210320000,105784,0.77534114,-1.562965328,1.067335688,-0.06879895,-0.671809517,0.737197674,-0.021869289
1497535105220320000,105785,0.778725713,-1.569935891,1.06788616,-0.065773904,-0.674455591,0.734965667,-0.024676264
1497535105230310000,105786,0.782025261,-1.576642663,1.06845031,-0.06253132,-0.676827176,0.732968927,-0.02741093
1497535105240310000,105787,0.785186406,-1.58304003,1.068778865,-0.060269381,-0.678615133,0.731416201,-0.029655422
1497535105250380000,105788,0.788360867,-1.589283365,1.069019907,-0.058481259,-0.680545961,0.72965798,-0.032192691
1497535105260350000,105789,0.791242242,-1.595515803,1.069007356,-0.057293461,-0.682333317,0.727986979,-0.034258753
1497535105270370000,105790,0.79405241,-1.601528646,1.069256574,-0.056202024,-0.683275576,0.727131833,-0.035427633
1497535105280340000,105791,0.796791391,-1.607360129,1.069411196,-0.05505268,-0.685655519,0.724920257,-0.036555883
1497535105290370000,105792,0.799491269,-1.613106957,1.069529279,-0.054458193,-0.687482308,0.723166437,-0.037850825
1497535105300370000,105793,0.802038871,-1.618871582,1.069596279,-0.054876446,-0.689856474,0.720859608,-0.038053192
1497535105310340000,105794,0.804719133,-1.624490868,1.069787794,-0.054518384,-0.692298513,0.718510691,-0.03863809
1497535105320350000,105795,0.807413133,-1.630032259,1.069833231,-0.054939808,-0.693914452,0.716863491,-0.039636918
1497535105330400000,105796,0.810273788,-1.635473887,1.070047766,-0.054860028,-0.696347196,0.714459338,-0.040482278
1497535105340370000,105797,0.81318687,-1.640914085,1.070143493,-0.054672086,-0.6976247,0.713184825,-0.041208573
1497535105350370000,105798,0.816148742,-1.646219086,1.07016257,-0.05391477,-0.699001612,0.711866331,-0.041668578
1497535105360320000,105799,0.819264347,-1.651645592,1.070109161,-0.053211971,-0.700158217,0.710745289,-0.042285817
1497535105370360000,105800,0.822495355,-1.657080232,1.070047953,-0.052769454,-0.701156852,0.709770431,-0.042666001
1497535105380340000,105801,0.825860345,-1.662578516,1.069799393,-0.051655097,-0.70313598,0.707886826,-0.042752615
1497535105390350000,105802,0.829223884,-1.668137792,1.069468043,-0.051411209,-0.704698966,0.706307707,-0.043424396
1497535105400340000,105803,0.832769814,-1.673711013,1.069196259,0.050183447,0.70623322,-0.704827186,0.04398749
1497535105410330000,105804,0.836494546,-1.679363736,1.068659189,0.049715094,0.708415401,-0.702660618,0.044091775
1497535105420320000,105805,0.840203685,-1.685133921,1.068084474,0.048365865,0.710340855,-0.700800015,0.044226147
1497535105430360000,105806,0.84413842,-1.690826302,1.067545298,0.04696884,0.712873901,-0.698221086,0.045738872
1497535105440370000,105807,0.848175841,-1.696652862,1.066964227,0.044927538,0.715049122,-0.696117863,0.045893256
1497535105450300000,105808,0.852288073,-1.702466066,1.066303551,0.043354737,0.717532721,-0.693606931,0.046653903
1497535105460350000,105809,0.856567758,-1.708293817,1.065584126,0.040881906,0.719909753,-0.691218872,0.047697885
1497535105470370000,105810,0.860961726,-1.71420119,1.064892281,0.039629231,0.721585463,-0.689531194,0.047861018
1497535105480360000,105811,0.865540712,-1.720213854,1.064221093,0.038010424,0.723638294,-0.687432141,0.048372282
1497535105490300000,105812,0.87004555,-1.726322852,1.063452755,0.036496813,0.72515517,-0.685899544,0.048577541
1497535105500370000,105813,0.874780469,-1.732281825,1.062545205,0.034529349,0.727425597,-0.683560415,0.04903962
1497535105510340000,105814,0.87960183,-1.738530063,1.061790502,0.032788703,0.728754306,-0.682150786,0.050123523
1497535105520380000,105815,0.884565605,-1.744745835,1.060870745,0.030556694,0.731189803,-0.679639137,0.050183694
1497535105530360000,105816,0.889617079,-1.750945052,1.059867904,0.029271786,0.733114086,-0.677601869,0.050424276
1497535105540350000,105817,0.894781301,-1.757203281,1.058826542,0.027441938,0.734644663,-0.675998997,0.050690384
1497535105550380000,105818,0.900003532,-1.763563025,1.057820009,0.025430143,0.736518588,-0.674062308,0.050335698
1497535105560340000,105819,0.905234215,-1.76972504,1.056659778,0.023890876,0.738764953,-0.671624645,0.050753392
1497535105570360000,105820,0.910408706,-1.776082247,1.055650706,0.022462824,0.740617148,-0.669632329,0.050736628
1497535105580360000,105821,0.915458927,-1.782584666,1.054530708,0.021214214,0.742648731,-0.667460504,0.050192586
1497535105590350000,105822,0.920375704,-1.788890939,1.053332688,0.021084402,0.744390739,-0.665641667,0.048570023
1497535105600370000,105823,0.925140055,-1.795026181,1.052206592,0.021176859,0.745570703,-0.664395426,0.047482475
1497535105610330000,105824,0.929959972,-1.800983529,1.051140574,0.020382365,0.746972231,-0.662938628,0.046145644
1497535105620370000,105825,0.934711676,-1.806810564,1.049928237,0.020276286,0.747996172,-0.661841151,0.04535294
1497535105630350000,105826,0.939488338,-1.812602752,1.048880711,0.019817975,0.747790923,-0.662129315,0.044729787
1497535105640370000,105827,0.9444167,-1.818304907,1.047570736,0.019666346,0.748323931,-0.661532173,0.044718153
1497535105650390000,105828,0.949490871,-1.824018379,1.04651315,0.018889731,0.749068694,-0.660734601,0.044374054
1497535105660350000,105829,0.954609898,-1.829858362,1.045270539,0.018715877,0.748850303,-0.660982144,0.044447096
1497535105670370000,105830,0.959876982,-1.835697064,1.044096218,0.018257916,0.749622968,-0.660116458,0.044478256
1497535105680360000,105831,0.965194501,-1.841738182,1.042788342,0.018521399,0.749926387,-0.659760423,0.044537131
1497535105690380000,105832,0.970599754,-1.847743891,1.041419202,0.018253636,0.750528319,-0.659061946,0.044848621
1497535105700370000,105833,0.976414107,-1.8538572,1.040322464,0.018548886,0.751508434,-0.657922127,0.04504984
1497535105710340000,105834,0.98216172,-1.859999124,1.038974705,0.018928178,0.75255817,-0.656699589,0.04520591
1497535105720380000,105835,0.988300084,-1.866333886,1.037933478,0.019313293,0.753074151,-0.656085285,0.045369792
1497535105730310000,105836,0.994542527,-1.872641787,1.036943953,0.019047285,0.753879704,-0.655203735,0.044840356
1497535105740370000,105837,1.001080718,-1.878991704,1.036347098,0.019896309,0.754549321,-0.654423786,0.044597847
1497535105750350000,105838,1.007672742,-1.885321768,1.035712237,0.019828306,0.755011423,-0.65389116,0.04461995
1497535105760350000,105839,1.014602983,-1.89158379,1.035494398,0.019057159,0.755382657,-0.653492306,0.044515985
1497535105770360000,105840,1.021728094,-1.897754415,1.035547967,0.017901551,0.755872364,-0.652937058,0.044829715
1497535105780370000,105841,1.028728975,-1.903896029,1.035762051,0.016913823,0.755706663,-0.653092015,0.045740375
1497535105790380000,105842,1.035998877,-1.910062403,1.036307403,0.016167897,0.755622803,-0.65308593,0.047450471
1497535105800380000,105843,1.0433237,-1.916141264,1.037043413,0.015926277,0.755794589,-0.652725176,0.049706517
1497535105810340000,105844,1.050908489,-1.92188619,1.038017693,0.014707195,0.755756536,-0.652535221,0.053042824
1497535105820360000,105845,1.058745121,-1.927291852,1.039407231,0.012952979,0.754715795,-0.653515972,0.056153042
1497535105830310000,105846,1.066538678,-1.932414215,1.041019316,0.009948867,0.753275019,-0.654887845,0.059997302
1497535105840370000,105847,1.074414774,-1.937054858,1.042899783,0.006564026,0.750868772,-0.657386411,0.063214771
1497535105850380000,105848,1.082385801,-1.941421266,1.045126399,0.002685397,0.74859633,-0.659759381,0.06568015
1497535105860350000,105849,1.09020832,-1.945476211,1.047441158,-0.000879142,0.745278857,-0.663342605,0.067344204
1497535105870370000,105850,1.097609095,-1.949225584,1.049830979,-0.005195588,0.74087416,-0.668124466,0.06847031
1497535105880340000,105851,1.104785381,-1.952689281,1.052133978,-0.008725483,0.736272576,-0.673187052,0.068159756
1497535105890370000,105852,1.111118882,-1.956005597,1.05435804,-0.010507052,0.730482479,-0.679443708,0.068126332
1497535105900400000,105853,1.1169972,-1.959340203,1.056312755,-0.011663771,0.726483462,-0.683789902,0.067209418
1497535105910340000,105854,1.122311944,-1.96254475,1.058287942,-0.010301087,0.720271134,-0.690482139,0.065861949
1497535105920380000,105855,1.127185273,-1.965882369,1.059769529,-0.007995345,0.715582667,-0.69549475,0.064533507
1497535105930340000,105856,1.131695719,-1.969295422,1.061296128,-0.003698579,0.710437308,-0.700922371,0.063031593
1497535105940350000,105857,1.136144358,-1.972676245,1.06269951,0.001480197,0.705903937,-0.705583178,0.062046913
1497535105950320000,105858,1.140543192,-1.976056372,1.064045043,-0.006980503,-0.701629228,0.709781217,-0.062276186
1497535105960260000,105859,1.144809384,-1.979366638,1.065371769,-0.01209929,-0.69769791,0.713535507,-0.062755982
1497535105970270000,105860,1.149087846,-1.98282196,1.066597968,-0.017199011,-0.693974385,0.716918095,-0.064282132
1497535105980340000,105861,1.15360496,-1.986226636,1.067999528,-0.021631804,-0.691023345,0.719450812,-0.066402786
1497535105990350000,105862,1.158196189,-1.98978735,1.069295694,-0.025679253,-0.687831999,0.722179478,-0.068443535
1497535106000410000,105863,1.162945431,-1.993365942,1.070584982,-0.028526151,-0.685209963,0.724293696,-0.071219437
1497535106010350000,105864,1.168113614,-1.996760803,1.072142091,-0.029689027,-0.68324073,0.725739424,-0.074852887
1497535106020370000,105865,1.173307147,-2.000206312,1.073733434,-0.030705562,-0.680012919,0.728398704,-0.077941809
1497535106030350000,105866,1.178873827,-2.003583484,1.075186087,-0.029629915,-0.678084329,0.729834846,-0.08163828
1497535106040310000,105867,1.184364779,-2.007025153,1.076656005,-0.027820358,-0.67521417,0.732169234,-0.085088574
1497535106050330000,105868,1.190311543,-2.010360508,1.078252329,-0.025044933,-0.673285331,0.733518203,-0.089502291
1497535106060350000,105869,1.196040136,-2.01379125,1.079730632,-0.022067825,-0.670834663,0.73545916,-0.092702161
1497535106070380000,105870,1.201817535,-2.017147826,1.080986545,-0.019284373,-0.668264882,0.737410181,-0.096313993
1497535106080380000,105871,1.207743775,-2.020627132,1.082202332,-0.015718039,-0.666884504,0.738154284,-0.10072862
1497535106090380000,105872,1.213754289,-2.024096408,1.083184315,-0.012186575,-0.665619354,0.73880206,-0.104756283
1497535106100390000,105873,1.219599333,-2.027493194,1.084075311,-0.008981653,-0.663588867,0.740041214,-0.109124462
1497535106110350000,105874,1.225437831,-2.030936081,1.084944145,-0.005180004,-0.662434671,0.740498562,-0.113204921
1497535106120380000,105875,1.231218524,-2.034339963,1.085627083,-0.001692641,-0.660561692,0.741563368,-0.117214154
1497535106130370000,105876,1.236980756,-2.037706622,1.086129919,0.002082562,-0.659628936,0.741765149,-0.121118921
1497535106140360000,105877,1.242768074,-2.041119094,1.086488653,0.004794354,-0.658124641,0.742311631,-0.125787175
1497535106150390000,105878,1.248370873,-2.044500344,1.086720191,0.008244186,-0.657174727,0.742405268,-0.129953181
1497535106160350000,105879,1.254068169,-2.047921359,1.086649752,0.011653544,-0.656829961,0.74179778,-0.134813394
1497535106170370000,105880,1.259730199,-2.05133208,1.086718754,0.015709385,-0.656332333,0.741349694,-0.139218227
1497535106180370000,105881,1.265545077,-2.054729663,1.086472844,0.019616438,-0.656107058,0.740538771,-0.144017541
1497535106190370000,105882,1.271248949,-2.058017965,1.086241958,0.024791939,-0.65555026,0.739979401,-0.148558754
1497535106200390000,105883,1.277138623,-2.061311938,1.085978431,0.029846596,-0.655685579,0.738644513,-0.15358999
1497535106210360000,105884,1.283053419,-2.064528695,1.085702351,0.035137872,-0.654794428,0.738159748,-0.158523732
1497535106220360000,105885,1.288965051,-2.067679348,1.085290378,0.040601824,-0.655036644,0.736618936,-0.163312672
1497535106230380000,105886,1.29497215,-2.070755822,1.084957382,0.045982679,-0.65391633,0.736023199,-0.168964128
1497535106240390000,105887,1.301132359,-2.073930258,1.08454705,0.051996666,-0.654572707,0.733930875,-0.173713527
1497535106250390000,105888,1.307309718,-2.07707046,1.084111077,0.058223891,-0.654329669,0.732487174,-0.178676249
1497535106260360000,105889,1.313611084,-2.080103244,1.083837904,0.064210283,-0.654997775,0.730105431,-0.18385052
1497535106270390000,105890,1.319931469,-2.083182843,1.083539497,0.07086247,-0.654826854,0.728165663,-0.189618218
1497535106280350000,105891,1.326400547,-2.086186004,1.083362223,0.077006749,-0.654894087,0.72594433,-0.195418844
1497535106290380000,105892,1.332970687,-2.089191551,1.083179031,0.084413061,-0.654778644,0.723861133,-0.200410636
1497535106300380000,105893,1.339570455,-2.091967167,1.083094989,0.091150233,-0.654103542,0.722029951,-0.206186666
1497535106310340000,105894,1.346397582,-2.094852005,1.083207629,0.098483359,-0.652452116,0.72071973,-0.212533137
1497535106320330000,105895,1.353323239,-2.097569779,1.083157691,0.10598502,-0.651751972,0.718696207,-0.217858451
1497535106330380000,105896,1.360395872,-2.10039723,1.083189602,0.113695307,-0.650606602,0.71676453,-0.223680653
1497535106340390000,105897,1.367551345,-2.103138574,1.083270152,0.121682707,-0.649683519,0.714422864,-0.229574857
1497535106350390000,105898,1.374675382,-2.10595041,1.083344327,0.12868121,-0.647683984,0.713169553,-0.235235608
1497535106360350000,105899,1.381766335,-2.108697938,1.083070772,0.136019632,-0.646266085,0.710853122,-0.241922811
1497535106370360000,105900,1.38896654,-2.11150129,1.082751589,0.142647995,-0.645249139,0.708238711,-0.248400939
1497535106380340000,105901,1.396226277,-2.114403469,1.082285447,0.150284275,-0.643932375,0.70550492,-0.255006944
1497535106390390000,105902,1.403668903,-2.11726552,1.081866207,0.158037082,-0.643176143,0.701993928,-0.261826764
1497535106400390000,105903,1.411043143,-2.120377452,1.080997672,0.16563807,-0.641614331,0.699212393,-0.268322771
1497535106410370000,105904,1.418740039,-2.123293803,1.080613503,0.173629524,-0.64120682,0.695027117,-0.275034379
1497535106420390000,105905,1.426106803,-2.126275208,1.079509163,0.1813899,-0.639557619,0.69176545,-0.282000563
1497535106430390000,105906,1.433817398,-2.12932266,1.078816994,0.188583268,-0.638639708,0.687951198,-0.288615355
1497535106440380000,105907,1.441203679,-2.132395199,1.077588487,0.194714424,-0.636883669,0.684865441,-0.295676873
1497535106450400000,105908,1.448883883,-2.13551863,1.076837739,0.200693987,-0.635722132,0.681125133,-0.302733954
1497535106460330000,105909,1.456459467,-2.138722513,1.075498063,0.206657845,-0.634971926,0.677090447,-0.309276116
1497535106470390000,105910,1.464072175,-2.141839621,1.074689097,0.211235364,-0.633481008,0.673600608,-0.316770664
1497535106480300000,105911,1.471686345,-2.145050678,1.073462239,0.216858172,-0.632433319,0.669580839,-0.32351527
1497535106490320000,105912,1.479533776,-2.148188411,1.072720814,0.220403881,-0.630984619,0.666534598,-0.330169909
1497535106500390000,105913,1.487303428,-2.151418602,1.072093089,0.224594167,-0.629516684,0.662571704,-0.338030978
1497535106510370000,105914,1.495067895,-2.154691104,1.070991714,0.228712967,-0.628258604,0.658813559,-0.344885778
1497535106520350000,105915,1.502845409,-2.15785321,1.070610288,0.231291142,-0.626326217,0.655717749,-0.352496967
1497535106530390000,105916,1.511583449,-2.161151131,1.071523595,0.234800165,-0.625593382,0.651419636,-0.359380384
1497535106540390000,105917,1.519850967,-2.164333307,1.071884205,0.238560295,-0.624203183,0.646748298,-0.367662903
1497535106550380000,105918,1.527551386,-2.167480131,1.071085044,0.244501856,-0.623115047,0.641345399,-0.374996746
1497535106560330000,105919,1.53638266,-2.170309316,1.072830939,0.249268348,-0.622591128,0.635634408,-0.382380017
1497535106570370000,105920,1.547114118,-2.172664403,1.078212919,0.254844967,-0.623127135,0.629108105,-0.388573813
1497535106580390000,105921,1.554547325,-2.175102622,1.078061751,0.263392948,-0.621609352,0.623403799,-0.394453637
1497535106590390000,105922,1.563087185,-2.177125865,1.080097558,-0.273489526,0.619597204,-0.618264085,0.398813622
1497535106600390000,105923,1.57105101,-2.178892416,1.081516014,-0.284299102,0.616216867,-0.614531789,0.40224554
1497535106610360000,105924,1.57837148,-2.180523438,1.082038957,-0.29510326,0.612323093,-0.611312306,0.405304528
1497535106620340000,105925,1.58638289,-2.181996115,1.08396529,0.306319156,-0.608163959,0.608280977,-0.407798267
1497535106630390000,105926,1.59302554,-2.183372529,1.083782247,0.317563076,-0.603155206,0.605645764,-0.410549265
1497535106640380000,105927,1.600084939,-2.184528187,1.084858063,0.327945903,-0.597526262,0.603840344,-0.413268303
1497535106650400000,105928,1.606576742,-2.185715557,1.085222389,0.337227607,-0.591783273,0.602227833,-0.416403333
1497535106660300000,105929,1.61309194,-2.186896404,1.086182554,0.346362603,-0.587301009,0.599198635,-0.419608707
1497535106670390000,105930,1.619433603,-2.188271157,1.08681397,0.354172951,-0.583127193,0.596534711,-0.422694377
1497535106680350000,105931,1.625369902,-2.189678803,1.086971675,0.362829727,-0.580232011,0.591497141,-0.426399502
1497535106690360000,105932,1.63123417,-2.191055751,1.087124606,0.371431728,-0.57879404,0.585194725,-0.429631313
1497535106700280000,105933,1.637350539,-2.192236127,1.08768066,0.379662946,-0.577470242,0.57852569,-0.433234571
1497535106710370000,105934,1.643219796,-2.193208624,1.087589531,-0.387997545,0.575874129,-0.571766782,0.436932077
1497535106720440000,105935,1.649065592,-2.193836143,1.087697581,-0.395874541,0.574171114,-0.564121748,0.442015308
1497535106730470000,105936,1.654879244,-2.194107396,1.087574568,-0.404070253,0.572003235,-0.556550257,0.446980247
1497535106740420000,105937,1.660380993,-2.194031564,1.087105835,-0.413590311,0.569563507,-0.54759995,0.452409948
1497535106750400000,105938,1.666018635,-2.193580395,1.086662393,-0.422694712,0.566944502,-0.538397111,0.458292115
1497535106760360000,105939,1.671636872,-2.192692139,1.086425749,-0.432134587,0.563644839,-0.529441549,0.463956723
1497535106770350000,105940,1.676794144,-2.191523049,1.085258109,-0.442363026,0.560562991,-0.519617894,0.469128266
1497535106780390000,105941,1.681669455,-2.190000793,1.084168081,-0.45275235,0.556546462,-0.510225347,0.474279918
1497535106790390000,105942,1.686698917,-2.188173333,1.08384633,-0.462621247,0.552650473,-0.501127125,0.478989187
1497535106800410000,105943,1.691170254,-2.186189091,1.082697081,-0.472656104,0.548705223,-0.491923837,0.483249133
1497535106810360000,105944,1.695737986,-2.184067697,1.081737898,-0.481147208,0.544101257,-0.484049129,0.488003717
1497535106820380000,105945,1.700091885,-2.181799151,1.081308309,-0.489880696,0.539884425,-0.475926976,0.491970756
1497535106830400000,105946,1.704167104,-2.179460336,1.080353304,-0.497976833,0.535142493,-0.468197027,0.496420316
1497535106840390000,105947,1.70798929,-2.177025086,1.07940522,-0.505020713,0.530597805,-0.461642975,0.500305719
1497535106850400000,105948,1.711929196,-2.174500898,1.07912408,-0.511866825,0.526454417,-0.454610651,0.504150033
1497535106860330000,105949,1.715611364,-2.171892804,1.078495553,-0.517780048,0.521877742,-0.448197318,0.508592773
1497535106870400000,105950,1.719281155,-2.169158958,1.077749793,-0.524978712,0.517552161,-0.440870697,0.512025527
1497535106880390000,105951,1.722574458,-2.166336706,1.076760581,-0.531570527,0.512809518,-0.434486406,0.515442273
1497535106890400000,105952,1.72627743,-2.163300628,1.076095509,-0.538312922,0.509088137,-0.427015303,0.518368979
1497535106900390000,105953,1.730198565,-2.159930394,1.074402329,-0.553141928,0.506241576,-0.4128327,0.51703253
1497535106910410000,105954,1.733443281,-2.15662929,1.073795389,-0.559459462,0.501759945,-0.406280101,0.519787021
1497535106920400000,105955,1.736181103,-2.153163149,1.072286777,-0.565517757,0.496746737,-0.400521389,0.522508337
1497535106930390000,105956,1.73953567,-2.149516419,1.072187598,-0.571782428,0.492677013,-0.393544706,0.524839766
1497535106940400000,105957,1.742338207,-2.145805112,1.07137145,-0.577380365,0.488219291,-0.387878265,0.5270904
1497535106950410000,105958,1.745225991,-2.141825418,1.070723628,-0.583131162,0.484373352,-0.381425266,0.529013488
1497535106960360000,105959,1.747813412,-2.137736156,1.069291392,-0.589598019,0.480075695,-0.374623356,0.530621187
1497535106970390000,105960,1.749919062,-2.133332707,1.06696199,-0.596392705,0.475010703,-0.368639363,0.531775887
1497535106980400000,105961,1.752313847,-2.128873971,1.065514508,-0.602528246,0.470876794,-0.362099742,0.533027706
1497535106990400000,105962,1.754219595,-2.124043559,1.062908415,-0.610306584,0.465593837,-0.355456658,0.533290556
1497535107000370000,105963,1.756838551,-2.119307547,1.06235005,-0.616530088,0.461658452,-0.348965661,0.533839949
1497535107010380000,105964,1.759182168,-2.114311021,1.061123523,-0.623150848,0.457627343,-0.342259691,0.533964924
1497535107020380000,105965,1.761250666,-2.109209828,1.059460719,-0.629721473,0.453142292,-0.33581651,0.534172445
1497535107030380000,105966,1.763621895,-2.104082116,1.059063311,-0.635935929,0.449193669,-0.32942254,0.5341267
1497535107040410000,105967,1.764910442,-2.098847253,1.056401465,-0.641823772,0.444819157,-0.323209547,0.534540693
1497535107050400000,105968,1.766954666,-2.093447508,1.056631384,-0.647138278,0.439806459,-0.317565003,0.535662951
1497535107060370000,105969,1.768752178,-2.088010699,1.056672523,-0.651775857,0.435061342,-0.311899554,0.537241592
1497535107070410000,105970,1.769807215,-2.082632775,1.054272871,-0.655715613,0.431679952,-0.306332765,0.538376904
1497535107080390000,105971,1.771058872,-2.077053989,1.053369008,-0.659437692,0.427370933,-0.301474725,0.540008339
1497535107090410000,105972,1.772317069,-2.071780186,1.054223368,-0.659952857,0.423295924,-0.299323581,0.543772177
1497535107100470000,105973,1.773308641,-2.065984837,1.053384444,-0.662798108,0.418295273,-0.295802635,0.546103044
1497535107110370000,105974,1.774742539,-2.059848966,1.052808901,-0.667540194,0.413116608,-0.290307694,0.547216776
1497535107120370000,105975,1.775238191,-2.054218397,1.05205003,-0.667774532,0.408556864,-0.289247201,0.550903368
1497535107130390000,105976,1.775886764,-2.048137386,1.051171878,-0.66924666,0.403956213,-0.287788563,0.553268496
1497535107140390000,105977,1.776515601,-2.042043533,1.050310731,-0.67096436,0.399379457,-0.285744617,0.555565379
1497535107150390000,105978,1.777427309,-2.035800311,1.050047542,-0.672824902,0.395164275,-0.283531891,0.557459876
1497535107160410000,105979,1.778328311,-2.029339041,1.049345362,-0.675843509,0.391415029,-0.280274049,0.558100604
1497535107170390000,105980,1.77876404,-2.022864668,1.048377757,-0.67689324,0.387172698,-0.279047834,0.560397315
1497535107180450000,105981,1.779510614,-2.016195982,1.04779162,-0.680066197,0.383048501,-0.276639789,0.56058384
1497535107190400000,105982,1.780968428,-2.009787133,1.048625803,-0.681490173,0.380634041,-0.272650878,0.562450326
1497535107200400000,105983,1.78105204,-2.003075098,1.047116196,-0.682744249,0.377285041,-0.270738304,0.564107312
1497535107210380000,105984,1.781475775,-1.996400283,1.047352142,-0.68398328,0.373858956,-0.268522608,0.565943427
1497535107220410000,105985,1.781194096,-1.989382834,1.046310376,-0.685869978,0.369494557,-0.268075443,0.566737773
1497535107230420000,105986,1.781573812,-1.982649888,1.047007452,-0.685437108,0.367741063,-0.265822368,0.569456715
1497535107240420000,105987,1.781006007,-1.975572499,1.045928072,-0.686151185,0.364564377,-0.263930537,0.571515562
1497535107250430000,105988,1.780968987,-1.968307305,1.04660927,-0.687107373,0.362226377,-0.262131278,0.57268028
1497535107260350000,105989,1.780418954,-1.96074044,1.046135265,-0.687307615,0.359736529,-0.260402669,0.574794156
1497535107270420000,105990,1.779318467,-1.952768425,1.044655276,-0.688629398,0.357309075,-0.257714821,0.575936497
1497535107280450000,105991,1.7786026,-1.944670311,1.045002599,-0.689972294,0.355000008,-0.255151225,0.576897807
1497535107290410000,105992,1.777800862,-1.936273388,1.045605238,-0.69152924,0.352023671,-0.252507327,0.578019633
1497535107300430000,105993,1.776799804,-1.927783973,1.04661582,-0.692484889,0.34937331,-0.249879076,0.579623513
1497535107310360000,105994,1.775292373,-1.919146035,1.04680333,-0.693932127,0.346833076,-0.247080974,0.580616924
1497535107320420000,105995,1.773724371,-1.91046946,1.047311272,-0.69496177,0.34374424,-0.244805541,0.582184063
1497535107330430000,105996,1.772393153,-1.901873168,1.04871831,-0.694742112,0.342106518,-0.242815481,0.584240678
1497535107340430000,105997,1.770566591,-1.893106538,1.049473612,-0.696382466,0.338930505,-0.240870242,0.584943672
1497535107350430000,105998,1.769050825,-1.884632915,1.050824505,-0.695165186,0.337877473,-0.239351126,0.587618257
1497535107360390000,105999,1.767496861,-1.876025234,1.052495826,-0.696098716,0.335487404,-0.23766299,0.588566974
1497535107370420000,106000,1.765729475,-1.867597803,1.053673383,-0.694997285,0.333821394,-0.236713976,0.591192477
1497535107380420000,106001,1.7641617,-1.859078188,1.055329619,-0.695149443,0.331479799,-0.235754082,0.592712754
1497535107390340000,106002,1.762375504,-1.850846594,1.05680338,-0.693609419,0.329413956,-0.235371446,0.59581264
1497535107400420000,106003,1.760413187,-1.842690708,1.057754298,-0.692068324,0.326748705,-0.235163872,0.599144951
1497535107410370000,106004,1.758569088,-1.834641977,1.059160035,-0.691118763,0.323560596,-0.234892489,0.602070524
1497535107420400000,106005,1.756630479,-1.826943872,1.060269131,-0.688855254,0.320395494,-0.235022709,0.60629159
1497535107430410000,106006,1.754760442,-1.819495983,1.060992795,-0.686313117,0.317657423,-0.234300883,0.610877371
1497535107440400000,106007,1.752961403,-1.811909373,1.062163866,-0.685234306,0.313017812,-0.234034312,0.614574435
1497535107450420000,106008,1.751377328,-1.805059124,1.063185227,-0.682066938,0.31047531,-0.232956246,0.61977509
1497535107460390000,106009,1.749889467,-1.798218884,1.064292296,-0.679404229,0.306776537,-0.232516599,0.624687186
1497535107470390000,106010,1.748530036,-1.791608889,1.064922923,-0.676064238,0.3052516,-0.230741482,0.629695939
1497535107480390000,106011,1.747006013,-1.785263976,1.065260379,-0.671921847,0.303955007,-0.229785145,0.635083595
1497535107490390000,106012,1.74588713,-1.77899785,1.06624242,-0.668672899,0.30256772,-0.228920547,0.639472214
1497535107500320000,106013,1.74496493,-1.773184869,1.067230735,-0.663612923,0.303465977,-0.227101401,0.644942821
1497535107510420000,106014,1.74380212,-1.767137741,1.067906844,-0.659618516,0.302999315,-0.225846886,0.64968301
1497535107520500000,106015,1.743223512,-1.761542515,1.06930194,-0.65516894,0.30381408,-0.223440827,0.654618104
1497535107530450000,106016,1.742632932,-1.7560192,1.070450174,-0.64982745,0.305579915,-0.220178412,0.66020199
1497535107540390000,106017,1.741906699,-1.750325003,1.071718849,-0.646325462,0.305464186,-0.217340182,0.664618894
1497535107550430000,106018,1.741208034,-1.7447619,1.073330245,-0.642712409,0.304162528,-0.215505244,0.669300684
1497535107560300000,106019,1.740543219,-1.739264599,1.074691753,-0.639221643,0.303351785,-0.212499115,0.673956609
1497535107570420000,106020,1.740038013,-1.733926747,1.07661571,-0.635436996,0.302803175,-0.209773454,0.67862004
1497535107580420000,106021,1.739510535,-1.728494164,1.078129658,-0.632834162,0.301166401,-0.207689547,0.682411002
1497535107590440000,106022,1.739092394,-1.723035521,1.07990099,-0.630163658,0.300345995,-0.205171227,0.685996221
1497535107600430000,106023,1.738552625,-1.717502457,1.081542922,-0.627962318,0.297545218,-0.204650058,0.689382712
1497535107610400000,106024,1.738050579,-1.711977581,1.082803656,-0.62591151,0.295486996,-0.20302859,0.692604944
1497535107620450000,106025,1.737824757,-1.706667354,1.084648894,-0.623539994,0.293861004,-0.201463113,0.695885192
1497535107630420000,106026,1.73756299,-1.701274596,1.086058525,-0.621206545,0.292541818,-0.199414612,0.699110524
1497535107640430000,106027,1.737003748,-1.695641329,1.086990989,-0.619674803,0.289636772,-0.198840351,0.701837725
1497535107650410000,106028,1.736635816,-1.690078265,1.088005704,-0.618028992,0.287115824,-0.198083874,0.704533497
1497535107660380000,106029,1.736403831,-1.684543168,1.089154131,-0.616830558,0.284638163,-0.196996672,0.706890012
1497535107670430000,106030,1.736140942,-1.6789964,1.090066013,-0.615648681,0.281867589,-0.196390579,0.709195392
1497535107680420000,106031,1.736037484,-1.673556999,1.091253789,-0.613344043,0.279382837,-0.197224988,0.711938635
1497535107690420000,106032,1.735975258,-1.667488813,1.091711199,-0.612450941,0.277709169,-0.198493601,0.713008943
1497535107700430000,106033,1.736179142,-1.661598887,1.092451585,-0.610308127,0.27707159,-0.199424574,0.714832263
1497535107710420000,106034,1.736110647,-1.655602145,1.09227655,-0.607354174,0.276808232,-0.201001855,0.717005136
1497535107720420000,106035,1.733297766,-1.651885015,1.094248548,-0.592135639,0.260396551,-0.218010284,0.730780773
1497535107730410000,106036,1.733256673,-1.646141288,1.096197415,-0.610856179,0.247779361,-0.207507416,0.722772986
1497535107740430000,106037,1.727603945,-1.638629534,1.096550018,-0.59855551,0.262331581,-0.203015938,0.729176228
1497535107750430000,106038,1.727786303,-1.632564128,1.096462602,-0.598928517,0.257759992,-0.204047325,0.730211687
1497535107760310000,106039,1.727723836,-1.626180745,1.096080451,-0.598627273,0.255437791,-0.204784697,0.731067816
1497535107770420000,106040,1.727826792,-1.62017679,1.095744798,-0.60521463,0.25433932,-0.206002279,0.72566509
1497535107780420000,106041,1.727628509,-1.612933201,1.095142395,-0.599624427,0.252517415,-0.1996005,0.73269717
1497535107790440000,106042,1.727793145,-1.606224736,1.094388343,-0.601370664,0.250648728,-0.199944437,0.731813338
1497535107800430000,106043,1.727979938,-1.599313667,1.093179249,-0.605788072,0.249267034,-0.198393075,0.729058945
1497535107810360000,106044,1.728127792,-1.592196377,1.09224951,-0.608003772,0.246970822,-0.196833133,0.728418523
1497535107820420000,106045,1.728392568,-1.584780162,1.091248036,-0.610271943,0.244691871,-0.193328965,0.728229329
1497535107830410000,106046,1.728882399,-1.577129556,1.089972821,-0.612767469,0.242689028,-0.191258301,0.727350209
1497535107840420000,106047,1.728977215,-1.569009636,1.088517382,-0.613511127,0.241132049,-0.187137873,0.728312329
1497535107850420000,106048,1.729383595,-1.560795303,1.086881268,-0.616438824,0.240028911,-0.182957093,0.727266114
1497535107860370000,106049,1.729890957,-1.552447309,1.085132744,-0.620033756,0.238274184,-0.181223663,0.725218269
1497535107870420000,106050,1.73016228,-1.54412767,1.083527929,-0.626664904,0.238881694,-0.180014097,0.719598193
1497535107880410000,106051,1.730528784,-1.53545193,1.081685727,-0.624920186,0.232646568,-0.177191805,0.723846254
1497535107890420000,106052,1.730526151,-1.526798838,1.079708507,-0.627935618,0.232591992,-0.172819412,0.722309681
1497535107900410000,106053,1.732839407,-1.520186295,1.078248631,-0.636171449,0.22507844,-0.181407726,0.715343848
1497535107910380000,106054,1.733039783,-1.512031425,1.076562693,-0.637061049,0.222009964,-0.178551778,0.716229054
1497535107920410000,106055,1.733086293,-1.503734964,1.075376431,-0.638996386,0.218922768,-0.17670195,0.715914004
1497535107930380000,106056,1.733454817,-1.495527791,1.07431849,-0.638207952,0.215839964,-0.174944114,0.717982087
1497535107940430000,106057,1.734542673,-1.489545115,1.069459407,-0.62965885,0.229454387,-0.165295977,0.723572841
1497535107950420000,106058,1.734708717,-1.479896416,1.070056294,-0.638506101,0.217519239,-0.166918416,0.719120005
1497535107960400000,106059,1.735330959,-1.473226355,1.066933331,-0.636563677,0.226863886,-0.164914898,0.718416689
1497535107970420000,106060,1.736370627,-1.464423828,1.065937361,-0.633874457,0.224311114,-0.162867822,0.722053855
1497535107980420000,106061,1.737037792,-1.456268595,1.065180544,-0.630993909,0.226466425,-0.164612352,0.723507027
1497535107990430000,106062,1.739193519,-1.446063512,1.061880502,-0.633457489,0.210574168,-0.148309567,0.729653618
1497535108000430000,106063,1.740174607,-1.437095859,1.060987658,-0.630601816,0.210174377,-0.146974897,0.73250697
1497535108010400000,106064,1.73973492,-1.429846808,1.062958961,-0.621562187,0.230950568,-0.164847826,0.730169485
1497535108020430000,106065,1.741746734,-1.419133149,1.063099568,-0.621252948,0.225211297,-0.159244085,0.733461634
1497535108030440000,106066,1.744016032,-1.40792771,1.061971851,-0.626024304,0.209227572,-0.145707991,0.736944079
1497535108040400000,106067,1.745138164,-1.398285365,1.062793845,-0.624003685,0.207967143,-0.145410472,0.73907027
1497535108050400000,106068,1.746080919,-1.389075599,1.064205268,-0.620577848,0.205492915,-0.1480678,0.742113012
1497535108060410000,106069,1.747430996,-1.379699773,1.065034262,-0.619042396,0.206306707,-0.146259111,0.743526951
1497535108070400000,106070,1.748950187,-1.370337635,1.066571735,-0.619731398,0.206213914,-0.146349758,0.742960675
1497535108080400000,106071,1.750533924,-1.360278987,1.068573014,-0.618431567,0.212228653,-0.145097151,0.742595591
1497535108090390000,106072,1.752968183,-1.350799123,1.070443639,-0.619302768,0.214097762,-0.145270969,0.741297899
1497535108100410000,106073,1.755393342,-1.341389352,1.072545813,-0.618445716,0.21723249,-0.147143205,0.740731948
1497535108110400000,106074,1.757896224,-1.332042223,1.074445927,-0.617095235,0.22126748,-0.149950715,0.740100639
1497535108120420000,106075,1.760406328,-1.322891277,1.075565308,-0.619939271,0.221865484,-0.150731184,0.737381256
1497535108130430000,106076,1.763782197,-1.313160775,1.076827795,-0.624964182,0.22786041,-0.149306932,0.731578325
1497535108140430000,106077,1.766720022,-1.303855348,1.078483975,-0.624875181,0.234608496,-0.151711412,0.729022297
1497535108150480000,106078,1.766820299,-1.296707672,1.078383383,-0.616401944,0.230888051,-0.159801148,0.735664967
1497535108160410000,106079,1.769590689,-1.287162365,1.080131417,-0.620633798,0.235394468,-0.16143269,0.730303102
1497535108170420000,106080,1.771581422,-1.278380919,1.081257321,-0.624302701,0.235968902,-0.16338624,0.726546455
1497535108180420000,106081,1.773198238,-1.27013511,1.082064191,-0.624821877,0.236921205,-0.165712672,0.725262212
1497535108190410000,106082,1.774504521,-1.261811093,1.083082515,-0.626835906,0.237154315,-0.167268618,0.723087676
1497535108200420000,106083,1.776657155,-1.253352939,1.08418316,-0.630133778,0.24001835,-0.1664131,0.719464588
1497535108210390000,106084,1.77722078,-1.245539478,1.084739097,-0.634781475,0.236587547,-0.166288928,0.716538068
1497535108220410000,106085,1.778340786,-1.237987507,1.085219261,-0.637496781,0.235178576,-0.165893019,0.714680626
1497535108230420000,106086,1.779605138,-1.230285388,1.086115137,-0.640306987,0.235659746,-0.165170555,0.712172826
1497535108240420000,106087,1.780483607,-1.223194669,1.086525202,-0.642975517,0.233606934,-0.1644485,0.710610284
1497535108250370000,106088,1.78176905,-1.216191728,1.087010426,-0.645435243,0.23324714,-0.16346304,0.708723467
1497535108260410000,106089,1.782944571,-1.209465261,1.087327156,-0.646480663,0.234423673,-0.162847108,0.707523225
1497535108270440000,106090,1.785090176,-1.202415617,1.087441785,-0.650273312,0.238390665,-0.1586238,0.703671089
1497535108280490000,106091,1.786472085,-1.19592806,1.08774354,-0.651107113,0.240618081,-0.157776269,0.702331201
1497535108290490000,106092,1.787910253,-1.189607867,1.087937647,-0.651060192,0.243717262,-0.157592808,0.701346583
1497535108300430000,106093,1.789208843,-1.183230524,1.0877296,-0.653916496,0.244675618,-0.156345019,0.698629582
1497535108310400000,106094,1.790622335,-1.176901804,1.087834184,-0.654028559,0.248532353,-0.156575619,0.697110026
1497535108320420000,106095,1.791891472,-1.170915244,1.087386138,-0.655321488,0.249984696,-0.15612015,0.695476742
1497535108330420000,106096,1.792985223,-1.164569008,1.087598013,-0.656267176,0.253384532,-0.156483538,0.693269482
1497535108340430000,106097,1.793378322,-1.158579236,1.087675911,-0.655399082,0.254134802,-0.159036628,0.693235095
1497535108350420000,106098,1.794318448,-1.152303658,1.087589461,-0.657201035,0.256146335,-0.15832072,0.690948916
1497535108360380000,106099,1.794702758,-1.146157023,1.08729345,-0.658404002,0.255803757,-0.158576439,0.68987109
1497535108370420000,106100,1.795187186,-1.139808865,1.087063846,-0.659554319,0.257348824,-0.159058255,0.688084409
1497535108380400000,106101,1.795675704,-1.133035316,1.086931152,-0.661216506,0.259238584,-0.159183569,0.685746805
1497535108390420000,106102,1.794754454,-1.127383764,1.085938512,-0.657820164,0.256121799,-0.164282373,0.68897428
1497535108400420000,106103,1.795050125,-1.120564003,1.085555147,-0.660552088,0.256685395,-0.163626679,0.686301578
1497535108410410000,106104,1.795058292,-1.113892761,1.085012231,-0.662638344,0.257256839,-0.16363605,0.684070601
1497535108420440000,106105,1.795165792,-1.107309453,1.084189264,-0.665681182,0.255224375,-0.163071683,0.682009317
1497535108430400000,106106,1.795114243,-1.100387622,1.083647531,-0.667596615,0.256745476,-0.163030314,0.679571657
1497535108440430000,106107,1.795054087,-1.093589149,1.082726677,-0.669822929,0.256059627,-0.163161062,0.677605474
1497535108450420000,106108,1.795000823,-1.086640226,1.081980667,-0.672562613,0.256979409,-0.162314599,0.674740755
1497535108460390000,106109,1.794874145,-1.079893796,1.081002593,-0.674201404,0.256796714,-0.162972067,0.673014131
1497535108470430000,106110,1.794708136,-1.072932858,1.080290157,-0.676433416,0.257781448,-0.162714948,0.67045537
1497535108480390000,106111,1.794568793,-1.06600805,1.079530469,-0.678461605,0.259097574,-0.162700199,0.667897405
1497535108490430000,106112,1.794357262,-1.059134362,1.078382893,-0.679269237,0.258714995,-0.163667871,0.666987768
1497535108500380000,106113,1.794179865,-1.052018193,1.077608001,-0.681189402,0.260216416,-0.163955577,0.664369614
1497535108510400000,106114,1.79395249,-1.04486988,1.076633282,-0.682815009,0.260804383,-0.163946021,0.662469954
1497535108520320000,106115,1.793701797,-1.037463672,1.075635561,-0.684366934,0.261860388,-0.164737739,0.660251857
1497535108530450000,106116,1.793393045,-1.030118565,1.074333833,-0.685971925,0.261391199,-0.16569675,0.658529989
1497535108540430000,106117,1.793061808,-1.022390119,1.073351088,-0.687923249,0.262262685,-0.166194493,0.656017742
1497535108550400000,106118,1.792557284,-1.014635479,1.072216576,-0.689152823,0.26340159,-0.167673811,0.653891032
1497535108560410000,106119,1.79204497,-1.006884504,1.070917345,-0.691858857,0.262290059,-0.167877389,0.651423387
1497535108570410000,106120,1.791530296,-0.99895071,1.069823331,-0.693156299,0.26316202,-0.169627973,0.649235278
1497535108580430000,106121,1.791076105,-0.990875492,1.068636511,-0.6948347,0.264335082,-0.170809687,0.646649638
1497535108590440000,106122,1.790603052,-0.982878933,1.067438572,-0.696136835,0.265028879,-0.17266624,0.64446844
1497535108600410000,106123,1.790158244,-0.974976559,1.066074528,-0.697288123,0.266026672,-0.173942519,0.642466406
1497535108610400000,106124,1.789930047,-0.966952678,1.064879948,-0.698946424,0.268827025,-0.173709228,0.639555339
1497535108620440000,106125,1.789407078,-0.958955596,1.063681669,-0.698929042,0.271536071,-0.175907614,0.637826675
1497535108630420000,106126,1.788892952,-0.951147516,1.062231265,-0.699503754,0.273057663,-0.176129452,0.636484428
1497535108640440000,106127,1.788220831,-0.94315814,1.060952808,-0.699179232,0.27494063,-0.176930607,0.635807842
1497535108650430000,106128,1.787443099,-0.935162162,1.059617441,-0.69924589,0.276697612,-0.177062996,0.634934889
1497535108660410000,106129,1.786451657,-0.927010047,1.05824262,-0.699217146,0.278012567,-0.177070318,0.634389863
1497535108670440000,106130,1.785240047,-0.918796825,1.056829668,-0.699817782,0.278595679,-0.1768008,0.633546365
1497535108680420000,106131,1.783860836,-0.910417617,1.055691829,-0.69940969,0.279309655,-0.17743203,0.633506177
1497535108690440000,106132,1.782288217,-0.901849055,1.054403172,-0.699694695,0.279797932,-0.178198534,0.632760407
1497535108700450000,106133,1.780675041,-0.893152706,1.053325807,-0.699532745,0.280488324,-0.17940268,0.632293379
1497535108710420000,106134,1.778970393,-0.884430006,1.052501442,-0.698904877,0.280849081,-0.180985389,0.632376514
1497535108720450000,106135,1.777161912,-0.87559505,1.05177376,-0.698634789,0.281862775,-0.182604647,0.631758143
1497535108730440000,106136,1.775362985,-0.866786357,1.051219544,-0.697970694,0.282502152,-0.183882634,0.631835913
1497535108740440000,106137,1.773569599,-0.857885466,1.05093223,-0.697111798,0.28436444,-0.185077185,0.631599907
1497535108750440000,106138,1.77161044,-0.84898237,1.050682625,-0.696036957,0.285782336,-0.184797098,0.632227051
1497535108760420000,106139,1.769542305,-0.83982011,1.050866864,-0.69448853,0.286913416,-0.185291487,0.633272009
1497535108770440000,106140,1.767490858,-0.830517582,1.050860931,-0.69312345,0.287470476,-0.184561636,0.634726406
1497535108780350000,106141,1.765007902,-0.821053117,1.051450421,-0.69228396,0.288457492,-0.182303988,0.635846247
1497535108790420000,106142,1.762491819,-0.811419829,1.051885523,-0.691142334,0.288348302,-0.18032143,0.637700332
1497535108800460000,106143,1.75964776,-0.801896202,1.052772483,-0.689668987,0.28742002,-0.177884966,0.640393129
1497535108810420000,106144,1.756455814,-0.792386251,1.053839964,-0.688204885,0.285679876,-0.175105928,0.643505212
1497535108820450000,106145,1.753110275,-0.783071537,1.0549393,-0.68630467,0.283175306,-0.172836979,0.647244178
1497535108830450000,106146,1.749593717,-0.77400596,1.056413022,-0.683774633,0.280612961,-0.17038571,0.651672715
1497535108840450000,106147,1.74602281,-0.765122994,1.057670052,-0.68148978,0.277784056,-0.168236473,0.65582329
1497535108850420000,106148,1.742450037,-0.756495451,1.059004661,-0.678520479,0.273930187,-0.166163912,0.661030836
1497535108860430000,106149,1.738968101,-0.748210543,1.060483507,-0.674885351,0.27108389,-0.16461217,0.666292819
1497535108870420000,106150,1.735582547,-0.740270703,1.061739408,-0.670805782,0.267024606,-0.164082058,0.672156634
1497535108880340000,106151,1.732564215,-0.732546996,1.062792868,-0.66684081,0.264910093,-0.164457418,0.676830654
1497535108890420000,106152,1.729821868,-0.725190845,1.063849493,-0.6613903,0.262884639,-0.165368181,0.682720955
1497535108900430000,106153,1.727401727,-0.718024666,1.064956009,-0.655889882,0.262009729,-0.166529069,0.688060632
1497535108910400000,106154,1.725137301,-0.711147823,1.066030915,-0.649490937,0.262194973,-0.168467875,0.693566071
1497535108920430000,106155,1.723397779,-0.704320078,1.066915098,-0.643832828,0.262759955,-0.168605924,0.698576079
1497535108930420000,106156,1.721714914,-0.697782002,1.067863805,-0.638886226,0.264098939,-0.167186117,0.702940213
1497535108940370000,106157,1.720458387,-0.691195111,1.069201245,-0.63369529,0.267203271,-0.166361946,0.706651536
1497535108950390000,106158,1.719311387,-0.684761708,1.070683986,-0.629108416,0.270036785,-0.164211728,0.710167054
1497535108960370000,106159,1.718282348,-0.678519097,1.071690917,-0.625008399,0.272860826,-0.161376711,0.713350565
1497535108970410000,106160,1.717079611,-0.672369128,1.073010811,-0.62013849,0.275268857,-0.159199923,0.717154582
1497535108980370000,106161,1.715841467,-0.66635423,1.074433868,-0.615539348,0.277131986,-0.158022873,0.720651056
1497535108990360000,106162,1.714578469,-0.660424688,1.075769417,-0.611322007,0.27741277,-0.156365417,0.724484241
1497535109000390000,106163,1.713294614,-0.654452725,1.077338614,-0.607277123,0.278076606,-0.155916326,0.727721098
1497535109010420000,106164,1.711996217,-0.648526313,1.078802161,-0.603866247,0.277946395,-0.154829598,0.730834559
1497535109020490000,106165,1.710715032,-0.6425933,1.080275152,-0.601019632,0.276464971,-0.154756129,0.733752726
1497535109030440000,106166,1.709388157,-0.636467568,1.081788558,-0.598714243,0.276182328,-0.155628977,0.735557067
1497535109040450000,106167,1.708116656,-0.630313606,1.083185964,-0.596480612,0.274361964,-0.156392226,0.737887433
1497535109050340000,106168,1.706955358,-0.624084821,1.084384659,-0.594590955,0.272174157,-0.156551801,0.740185354
1497535109060420000,106169,1.70587797,-0.617568411,1.085493315,-0.593534093,0.270991449,-0.156208427,0.741538834
1497535109070450000,106170,1.704763784,-0.611079137,1.086472666,-0.592734425,0.268497184,-0.155589466,0.743214021
1497535109080370000,106171,1.703706199,-0.604293671,1.087265005,-0.59287526,0.266145175,-0.154972618,0.744076044
1497535109090790000,106172,1.702624168,-0.597561253,1.087954713,-0.592792248,0.263562096,-0.154064949,0.745249196
1497535109100210000,106173,1.70141678,-0.590807954,1.088589769,-0.593131901,0.261661599,-0.152609675,0.745947748
1497535109110110000,106174,1.700109001,-0.584067651,1.089041623,-0.592338137,0.257315782,-0.153052627,0.747996667
1497535109121340000,106175,1.69878627,-0.577491018,1.089054661,-0.592226594,0.253297229,-0.151245565,0.749821948
1497535109130110000,106176,1.697693449,-0.570618111,1.089250545,-0.592282226,0.250594368,-0.150591167,0.75081724
1497535109140090000,106177,1.696553179,-0.563874661,1.089222573,-0.592071328,0.247673556,-0.149673953,0.752135001
1497535109150130000,106178,1.695432858,-0.557024322,1.089234903,-0.592799911,0.246271707,-0.148292948,0.752294965
1497535109160260000,106179,1.694446716,-0.55013284,1.088527697,-0.59262978,0.243275629,-0.147780156,0.753503774
1497535109170290000,106180,1.69361283,-0.542972605,1.088300388,-0.594399507,0.242358374,-0.146338433,0.752686328
1497535109180270000,106181,1.69266067,-0.535861735,1.087394276,-0.595875797,0.2409658,-0.145167421,0.752192753
1497535109190290000,106182,1.691853788,-0.528591077,1.086385453,-0.597209203,0.238948091,-0.144424178,0.75192196
1497535109200280000,106183,1.69112439,-0.521019301,1.085429522,-0.599976838,0.238711568,-0.143649234,0.74993965
1497535109210200000,106184,1.690363245,-0.513462678,1.083780048,-0.60211503,0.23642228,-0.143137158,0.749048564
1497535109220450000,106185,1.68975237,-0.505574258,1.082380015,-0.604583503,0.235835198,-0.143094813,0.747251244
1497535109230450000,106186,1.689141473,-0.497531952,1.080766636,-0.607917324,0.234007934,-0.142369583,0.745256812
1497535109240440000,106187,1.688640084,-0.489204168,1.079229099,-0.612291406,0.23282384,-0.141396518,0.742225921
1497535109250470000,106188,1.688152263,-0.480705664,1.077522983,-0.615004957,0.231156504,-0.141374677,0.740505756
1497535109260380000,106189,1.68678902,-0.472521928,1.074044536,-0.619225872,0.23156382,-0.14033726,0.737050182
1497535109270450000,106190,1.686348016,-0.463661727,1.072459812,-0.622253879,0.22945358,-0.139981224,0.735225422
1497535109280450000,106191,1.685701129,-0.454803361,1.070753259,-0.625356101,0.227597746,-0.138604356,0.733428828
1497535109290450000,106192,1.685053805,-0.445987032,1.069348814,-0.626508404,0.226594179,-0.137992937,0.732871235
1497535109300440000,106193,1.684381288,-0.437202737,1.068077808,-0.627263618,0.225146727,-0.136633037,0.732926134
1497535109310410000,106194,1.683562078,-0.428600224,1.066799379,-0.626994145,0.224242661,-0.135070103,0.733723135
1497535109320460000,106195,1.682712349,-0.420115361,1.065792013,-0.626014319,0.223085177,-0.133199624,0.735252975
1497535109330440000,106196,1.681842869,-0.41166395,1.06468916,-0.624156139,0.221950374,-0.131893561,0.737408458
1497535109340450000,106197,1.681081529,-0.403275652,1.063960859,-0.622112985,0.21977394,-0.130463853,0.740036507
1497535109350420000,106198,1.680439934,-0.394719781,1.063157481,-0.620215486,0.218366916,-0.129227543,0.74225931
1497535109360400000,106199,1.679833276,-0.386164836,1.062270819,-0.616813823,0.217150309,-0.128937861,0.745494117
1497535109370460000,106200,1.679388838,-0.377407698,1.061387307,-0.613816147,0.216336045,-0.128989795,0.74819121
1497535109380460000,106201,1.678982234,-0.368491047,1.06047619,-0.610438216,0.21588293,-0.129188338,0.751046016
1497535109390460000,106202,1.678737666,-0.359251321,1.059617419,-0.606567754,0.215249079,-0.129666518,0.754274478
1497535109400420000,106203,1.6787984,-0.349520637,1.059015507,-0.6037425,0.214338128,-0.129643963,0.75680024
1497535109410430000,106204,1.678746411,-0.339587512,1.058034462,-0.601351548,0.213255291,-0.1295305,0.75902592
1497535109420410000,106205,1.678929864,-0.329517581,1.057652665,-0.599698379,0.211223381,-0.128579046,0.761061079
1497535109430450000,106206,1.679214071,-0.319228379,1.057280174,-0.598558125,0.209688509,-0.127916659,0.762493429
1497535109440450000,106207,1.679667033,-0.308877607,1.057088313,-0.597086301,0.208821317,-0.127517045,0.763950921
1497535109450450000,106208,1.680284879,-0.298652038,1.057339963,-0.596300434,0.208156518,-0.126966053,0.764837419
1497535109460430000,106209,1.68111219,-0.28863194,1.057820082,-0.595371452,0.208749951,-0.126916716,0.765407369
1497535109470460000,106210,1.682443644,-0.27860532,1.059024476,-0.596328383,0.211057389,-0.12698821,0.764016513
1497535109480440000,106211,1.683900042,-0.268667494,1.060167567,-0.598422798,0.213736171,-0.126997106,0.761629003
1497535109490460000,106212,1.685522245,-0.258712022,1.061374727,-0.60029707,0.216899506,-0.12749721,0.759172242
1497535109500400000,106213,1.687274883,-0.248838187,1.06307768,-0.602836375,0.218469654,-0.12778298,0.756657667
1497535109510420000,106214,1.688951751,-0.239207558,1.064506447,-0.603974485,0.21979816,-0.129533051,0.755066076
1497535109520440000,106215,1.690717779,-0.229701395,1.066069641,-0.604118935,0.222308782,-0.132312879,0.753732326
1497535109530450000,106216,1.692452401,-0.220362403,1.067200879,-0.603682572,0.225540761,-0.135570786,0.752541879
1497535109540460000,106217,1.694390533,-0.211243299,1.068508479,-0.603209055,0.228745996,-0.139418203,0.751250072
1497535109550460000,106218,1.696454674,-0.202232542,1.069926842,-0.603142077,0.231448393,-0.143093671,0.749783621
1497535109560420000,106219,1.698359227,-0.193441086,1.071003358,-0.602863511,0.2342595,-0.147572661,0.748264916
1497535109570450000,106220,1.700193873,-0.184841661,1.072029426,-0.603931987,0.236382256,-0.151941966,0.745857375
1497535109580450000,106221,1.701919943,-0.176394857,1.073010749,-0.605269852,0.23841135,-0.156039426,0.743276618
1497535109590450000,106222,1.703580821,-0.168134513,1.073816244,-0.608178269,0.239142435,-0.15921009,0.739987997
1497535109600420000,106223,1.704990151,-0.159922945,1.073954738,-0.611168062,0.240678662,-0.161707485,0.736476796
1497535109610410000,106224,1.706546499,-0.151883333,1.074576507,-0.615270563,0.241834543,-0.16266988,0.732459349
1497535109620450000,106225,1.70805965,-0.143962352,1.075252221,-0.618710735,0.243583073,-0.163167441,0.728862607
1497535109630430000,106226,1.709320025,-0.136234745,1.075641586,-0.622109283,0.245276923,-0.163028266,0.725424741
1497535109640440000,106227,1.710585948,-0.128806005,1.076212336,-0.625276012,0.246484283,-0.161675814,0.722590021
1497535109650450000,106228,1.711690164,-0.121449816,1.076561474,-0.627365942,0.247932067,-0.160445775,0.720554522
1497535109660360000,106229,1.712664727,-0.114248772,1.076916104,-0.630292979,0.24907791,-0.158185304,0.718100526
1497535109670430000,106230,1.713513839,-0.107187953,1.077304554,-0.631230909,0.250055331,-0.15738602,0.717111924
1497535109680430000,106231,1.71449838,-0.099869376,1.077673471,-0.633778258,0.251389892,-0.15540987,0.714825862
1497535109690410000,106232,1.716080699,-0.092129438,1.077676524,-0.641399348,0.255010146,-0.148350073,0.708215333
1497535109700400000,106233,1.716993197,-0.084901798,1.077686862,-0.643769459,0.256819499,-0.146767421,0.705736461
1497535109710450000,106234,1.717896713,-0.077651154,1.077832642,-0.646345689,0.258204041,-0.145714467,0.703089765
1497535109720500000,106235,1.71883139,-0.070356621,1.077663986,-0.649612077,0.2599996,-0.143450562,0.699875913
1497535109730490000,106236,1.71961189,-0.063173809,1.077462155,-0.652372948,0.261422027,-0.142025889,0.697062915
1497535109740530000,106237,1.720259542,-0.05611115,1.077421041,-0.654183876,0.262449517,-0.142053735,0.694970822
1497535109750460000,106238,1.720842543,-0.049065681,1.077172902,-0.656454371,0.263423826,-0.141661153,0.692537121
1497535109760390000,106239,1.721408845,-0.041997905,1.076876244,-0.658763835,0.264772343,-0.141052207,0.68994934
1497535109770450000,106240,1.721806501,-0.034938088,1.076609084,-0.660823089,0.265621379,-0.141409472,0.687576533
1497535109780450000,106241,1.722190463,-0.027892456,1.07608147,-0.663105416,0.266639931,-0.141101607,0.685043568
1497535109790450000,106242,1.722470323,-0.020830789,1.075731876,-0.664935875,0.266981628,-0.141648005,0.68302045
1497535109800510000,106243,1.722706492,-0.01369511,1.07522042,-0.666724629,0.267272737,-0.14205515,0.681075537
1497535109810410000,106244,1.722858347,-0.006559981,1.074491454,-0.668509115,0.267616898,-0.14227364,0.679142821
1497535109820480000,106245,1.723008275,0.000616379,1.073692074,-0.67036367,0.268161643,-0.142110406,0.677131092
1497535109830440000,106246,1.723137828,0.007853699,1.072909864,-0.672268585,0.268606641,-0.142361223,0.675010151
1497535109840450000,106247,1.723193066,0.015062038,1.071975773,-0.674050894,0.268953526,-0.142448124,0.673073491
1497535109850460000,106248,1.72311935,0.022336781,1.070793418,-0.675795636,0.269414268,-0.142990905,0.671021468
1497535109860420000,106249,1.723251479,0.029665261,1.07000385,-0.67754324,0.270376316,-0.143095507,0.668846381
1497535109870450000,106250,1.723138472,0.036948245,1.069066939,-0.678956025,0.270674545,-0.143692006,0.667163109
1497535109880440000,106251,1.723075261,0.044318238,1.068057934,-0.680616163,0.271434911,-0.143928105,0.665108584
1497535109890420000,106252,1.722996143,0.051738875,1.067305583,-0.682296189,0.271514313,-0.144528837,0.663221911
1497535109900460000,106253,1.722770016,0.059309236,1.066111917,-0.684137798,0.271858841,-0.144662373,0.6611513
1497535109910440000,106254,1.72245944,0.067011384,1.064879769,-0.685565082,0.272162788,-0.145584059,0.659343019
1497535109920460000,106255,1.722289867,0.074781671,1.063763446,-0.686297318,0.273026015,-0.145741248,0.658188631
1497535109930440000,106256,1.721956147,0.082734074,1.06233735,-0.68752573,0.273331297,-0.146196512,0.656677206
1497535109940440000,106257,1.721532491,0.090730584,1.06110412,-0.689361856,0.273049557,-0.147296117,0.654620519
1497535109950460000,106258,1.721171321,0.098800318,1.059947287,-0.691068932,0.273122076,-0.14838769,0.65254054
1497535109960450000,106259,1.720694612,0.107044471,1.058542671,-0.692501132,0.273359405,-0.149334797,0.650704186
1497535109970460000,106260,1.720151938,0.115199967,1.057000615,-0.694117586,0.273261041,-0.150328633,0.648791556
1497535109980450000,106261,1.719760939,0.123228587,1.055694176,-0.694401566,0.274375639,-0.152168511,0.647587228
1497535109990400000,106262,1.719417783,0.131234051,1.054288332,-0.694344472,0.275873806,-0.153467466,0.646704827
1497535110000440000,106263,1.718974015,0.139534011,1.052698137,-0.696118563,0.276248618,-0.155105652,0.644242101
1497535110010440000,106264,1.718496633,0.147610141,1.050983738,-0.695238846,0.278364659,-0.156802487,0.643870363
1497535110020460000,106265,1.717964816,0.155655597,1.049180826,-0.695818864,0.280400142,-0.157704442,0.642137974
1497535110030570000,106266,1.71743424,0.16398991,1.047533704,-0.695887913,0.282843065,-0.158832661,0.640712103
1497535110040460000,106267,1.71671077,0.172572489,1.045837291,-0.697375448,0.283413034,-0.159432798,0.63869063
1497535110050470000,106268,1.715950541,0.18109801,1.044430086,-0.696782697,0.285337315,-0.160734158,0.638154386
1497535110060440000,106269,1.7149467,0.189969843,1.04285232,-0.69819917,0.285991722,-0.161099992,0.636218081
1497535110070450000,106270,1.713758784,0.199074047,1.041549894,-0.698746961,0.286603373,-0.162480294,0.634989248
1497535110080440000,106271,1.712232482,0.208139705,1.039953304,-0.699080547,0.287079797,-0.16359357,0.634120432
1497535110090500000,106272,1.71066756,0.217574697,1.039023968,-0.699921041,0.286232938,-0.166197802,0.632897727
1497535110100470000,106273,1.708972958,0.227173347,1.037906401,-0.70068185,0.28658834,-0.16828716,0.631341033
1497535110110430000,106274,1.706082568,0.237903824,1.035474167,-0.704284146,0.283471579,-0.172732402,0.627527867
1497535110120460000,106275,1.704577225,0.247516782,1.035142494,-0.703807035,0.28447177,-0.175614986,0.626810056
1497535110130320000,106276,1.702992848,0.257227087,1.034705588,-0.703548529,0.285488915,-0.177691249,0.626052208
1497535110140430000,106277,1.701125579,0.267420229,1.034995483,-0.705507686,0.283050607,-0.182048806,0.623698237
1497535110150440000,106278,1.699668073,0.277141021,1.034930057,-0.704461344,0.284989429,-0.182856849,0.623761664
1497535110160440000,106279,1.698071488,0.287082039,1.035019838,-0.702965974,0.287280224,-0.182160538,0.624601033
1497535110170420000,106280,1.69608562,0.29720721,1.035030478,-0.701851144,0.288699751,-0.181222093,0.625472604
1497535110180420000,106281,1.694023374,0.307396048,1.035921368,-0.701025616,0.289004978,-0.18091266,0.626346404
1497535110190470000,106282,1.691635089,0.317597274,1.036801884,-0.699748055,0.2887957,-0.179153674,0.628373825
1497535110200420000,106283,1.688973839,0.32769479,1.037627181,-0.698481839,0.288544289,-0.176398637,0.630673318
1497535110210440000,106284,1.686109691,0.33777968,1.038779473,-0.697046988,0.287124446,-0.173804527,0.633622155
1497535110220480000,106285,1.68311594,0.347468135,1.040354219,-0.693733197,0.284950909,-0.173534199,0.638297041
1497535110230410000,106286,1.68021322,0.356958998,1.04186525,-0.690390046,0.282618315,-0.172543028,0.643208657
1497535110240450000,106287,1.677109579,0.36623696,1.043313174,-0.687639611,0.280097126,-0.170590567,0.647762474
1497535110250470000,106288,1.674143769,0.375425675,1.044617819,-0.688497544,0.276441352,-0.166118825,0.649581285
1497535110260440000,106289,1.671201504,0.38409592,1.0462979,-0.684484058,0.27334092,-0.1668752,0.654919067
1497535110270400000,106290,1.668517956,0.392577387,1.047592129,-0.680498836,0.271091237,-0.167122769,0.659924886
1497535110280450000,106291,1.666094792,0.400823388,1.048964332,-0.677092101,0.269599819,-0.166733481,0.664125116
1497535110290470000,106292,1.664076541,0.408951856,1.050948226,-0.671471345,0.269270574,-0.169988279,0.669121496
1497535110300480000,106293,1.661645503,0.417378576,1.05136136,-0.672790695,0.267333376,-0.165749249,0.669636269
1497535110310450000,106294,1.659721099,0.422979438,1.053960096,-0.662819013,0.27620663,-0.174430651,0.67376168
1497535110320450000,106295,1.65856697,0.431054106,1.053685414,-0.661036997,0.269642057,-0.166051432,0.680257431
1497535110330450000,106296,1.657052838,0.437816689,1.054324029,-0.649542906,0.278153534,-0.164956465,0.688123527
1497535110340470000,106297,1.65611162,0.444592773,1.056119849,-0.643942952,0.2813135,-0.165547929,0.691949473
1497535110350480000,106298,1.655322743,0.450974294,1.05741626,-0.638638488,0.28352581,-0.166291437,0.695773781
1497535110360430000,106299,1.653964312,0.457380663,1.05885925,-0.633374884,0.283322692,-0.168635411,0.700090427
1497535110370480000,106300,1.653205538,0.463814311,1.060620776,-0.629649925,0.285281806,-0.168614638,0.702655227
1497535110380450000,106301,1.652563696,0.470038988,1.062438235,-0.624923328,0.287263918,-0.17026767,0.705662239
1497535110390460000,106302,1.6515261,0.476245318,1.064262707,-0.620721305,0.287809114,-0.170425174,0.709102415
1497535110400450000,106303,1.650718818,0.482354788,1.066069078,-0.616121265,0.288175103,-0.172083468,0.712556648
1497535110410430000,106304,1.649694173,0.488667102,1.067919925,-0.612901307,0.286389497,-0.17340449,0.715726154
1497535110420450000,106305,1.64873139,0.495049306,1.069686473,-0.609488944,0.285076421,-0.174962201,0.718778749
1497535110430430000,106306,1.64796281,0.501387107,1.071345156,-0.60661603,0.284662526,-0.175271281,0.721293434
1497535110440440000,106307,1.647017836,0.507734146,1.072811842,-0.604183136,0.281856036,-0.176377646,0.724162164
1497535110450420000,106308,1.646190264,0.514251349,1.073911161,-0.601553407,0.280400007,-0.177261386,0.726696454
1497535110460320000,106309,1.645581363,0.520663366,1.074822099,-0.600474625,0.278479124,-0.177485673,0.728270855
1497535110470480000,106310,1.644777646,0.527552217,1.076120327,-0.599727381,0.276610161,-0.17786722,0.729504721
1497535110480430000,106311,1.644052666,0.534096206,1.076640689,-0.597505019,0.275031146,-0.178746743,0.731707061
1497535110490520000,106312,1.643471533,0.5408331,1.077388328,-0.596594722,0.273573281,-0.179531226,0.732803477
1497535110500500000,106313,1.642997538,0.547598919,1.07779594,-0.59643676,0.271965216,-0.180277706,0.733347163
1497535110510440000,106314,1.6422822,0.554219724,1.077833711,-0.594995616,0.269647865,-0.181187618,0.735147124
1497535110520460000,106315,1.641872197,0.561328646,1.078342311,-0.59556969,0.268718424,-0.180925896,0.735087052
1497535110530430000,106316,1.641297393,0.568170882,1.078074196,-0.59468595,0.267021304,-0.181614792,0.736250169
1497535110540460000,106317,1.640922772,0.57551591,1.078376087,-0.595319256,0.265898919,-0.181227172,0.736240083
1497535110550470000,106318,1.6407593,0.58287257,1.07831918,-0.596768197,0.264200421,-0.181246135,0.735673633
1497535110560450000,106319,1.640530056,0.590394386,1.07793262,-0.596731046,0.263578124,-0.181427803,0.735882181
1497535110570420000,106320,1.640344816,0.598149701,1.077381132,-0.596994343,0.263347764,-0.181477646,0.735738794
1497535110580410000,106321,1.640298688,0.605876291,1.076713219,-0.59798035,0.263395402,-0.18049013,0.735163707
1497535110590430000,106322,1.640305092,0.613988057,1.075899755,-0.599566048,0.26358188,-0.18018949,0.733877983
1497535110600460000,106323,1.640283162,0.621880014,1.07479118,-0.601242343,0.262588668,-0.178821852,0.733196823
1497535110610430000,106324,1.640514597,0.630045668,1.073343707,-0.60370649,0.262527712,-0.177625693,0.731482595
1497535110620470000,106325,1.640638302,0.638280251,1.071839718,-0.604828868,0.261949767,-0.177024854,0.730908038
1497535110630350000,106326,1.640767958,0.646558526,1.069938729,-0.6059165,0.261434089,-0.176726903,0.73026366
1497535110640450000,106327,1.641402314,0.655470765,1.068303501,-0.609642607,0.260916596,-0.175547396,0.727627331
1497535110650470000,106328,1.642002632,0.664339211,1.066453071,-0.610972628,0.260792989,-0.175348346,0.726603346
1497535110660420000,106329,1.642433875,0.673100226,1.064393969,-0.613813356,0.258887238,-0.173103283,0.725428022
1497535110670440000,106330,1.642912237,0.682275453,1.062569192,-0.616125548,0.257341709,-0.172015529,0.724275646
1497535110680450000,106331,1.643127005,0.69119942,1.06058407,-0.617984437,0.25495043,-0.171139373,0.723745002
1497535110690470000,106332,1.643477311,0.700236435,1.058643485,-0.618488687,0.253869789,-0.170028569,0.72395591
1497535110700470000,106333,1.643768576,0.709354071,1.057207947,-0.619638016,0.252407851,-0.167151576,0.724154235
1497535110710440000,106334,1.643930038,0.717937325,1.055269491,-0.619138644,0.251151991,-0.16605564,0.725269289
1497535110720470000,106335,1.644160942,0.726475983,1.05378673,-0.618381036,0.249642181,-0.163837923,0.726939345
1497535110730400000,106336,1.644448579,0.734959135,1.052489159,-0.616759495,0.248806231,-0.163279755,0.728726908
1497535110740410000,106337,1.644944716,0.743514733,1.051334773,-0.614700558,0.248110115,-0.16311069,0.730739008
1497535110750480000,106338,1.645403643,0.752155019,1.04987116,-0.612111819,0.247906456,-0.163567284,0.732876016
1497535110760440000,106339,1.646187153,0.761218473,1.048691476,-0.609788851,0.247917357,-0.163825701,0.734748719
1497535110770490000,106340,1.647316933,0.770836307,1.047860056,-0.607715057,0.248690018,-0.163708623,0.736230379
1497535110780460000,106341,1.648412919,0.780626289,1.046851844,-0.605762148,0.248620429,-0.163000558,0.738018238
1497535110790460000,106342,1.649541738,0.790724807,1.045730256,-0.604067746,0.248159765,-0.161728843,0.739839625
1497535110800460000,106343,1.650931893,0.801566574,1.04529315,-0.602186093,0.248196888,-0.160455894,0.74163611
1497535110810440000,106344,1.652114682,0.812339982,1.044623736,-0.600488825,0.247174051,-0.15868077,0.743732864
1497535110820470000,106345,1.65345314,0.823579897,1.04449537,-0.599871475,0.245295069,-0.157516089,0.745099473
1497535110830430000,106346,1.654779903,0.834684063,1.044742843,-0.601334952,0.242312614,-0.155680054,0.745281553
1497535110840440000,106347,1.65614554,0.845524001,1.045435271,-0.599680249,0.240431965,-0.156447645,0.747061044
1497535110850470000,106348,1.657691087,0.856005804,1.046751625,-0.60018522,0.238359615,-0.156659765,0.747275126
1497535110860420000,106349,1.659673763,0.866639909,1.048898911,-0.603428963,0.237650147,-0.158091528,0.744582409
1497535110870470000,106350,1.661810918,0.876527871,1.051202504,-0.606394699,0.237838126,-0.160115242,0.741674864
1497535110880440000,106351,1.66413976,0.886064581,1.053667355,-0.606523233,0.23820199,-0.163312,0.740755405
1497535110890430000,106352,1.666454538,0.895124019,1.056014751,-0.606355762,0.237068146,-0.166100241,0.740636276
1497535110900470000,106353,1.66911832,0.90419387,1.058601837,-0.605908829,0.237742435,-0.168486676,0.74024676
1497535110910440000,106354,1.671843185,0.913192948,1.060902965,-0.604710205,0.240262113,-0.171829586,0.739644698
1497535110920450000,106355,1.67471427,0.922193648,1.062981278,-0.604269947,0.243237398,-0.173801753,0.738570477
1497535110930460000,106356,1.677494476,0.93110251,1.064547363,-0.603405032,0.247147887,-0.176551034,0.737326265
1497535110940500000,106357,1.680245674,0.939979796,1.06611508,-0.603313742,0.250387355,-0.178694875,0.735789945
1497535110950480000,106358,1.682762558,0.948765346,1.067467392,-0.60390491,0.253167107,-0.181355433,0.733699859
1497535110960440000,106359,1.68497889,0.957204121,1.068496906,-0.604241587,0.254687533,-0.183597815,0.732337495
1497535110970510000,106360,1.686968987,0.96561996,1.069242743,-0.607168608,0.253957918,-0.184810761,0.729860699
1497535110980400000,106361,1.688828774,0.973943505,1.070035054,-0.610606613,0.253350852,-0.185699044,0.726972334
1497535110990450000,106362,1.690600896,0.98205053,1.070578382,-0.614159134,0.253021433,-0.186063878,0.723995128
1497535111000450000,106363,1.692218261,0.98992733,1.071244546,-0.618051722,0.252578235,-0.185196175,0.721053868
1497535111010440000,106364,1.69386194,0.997584176,1.071735138,-0.621795951,0.253109378,-0.184491811,0.717821851
1497535111020470000,106365,1.695461012,1.004851154,1.072337062,-0.624927054,0.253787496,-0.182854647,0.715277752
1497535111030400000,106366,1.697007337,1.011912334,1.073170043,-0.627261175,0.25430514,-0.181054947,0.713506427
1497535111040450000,106367,1.698476308,1.018859521,1.073701261,-0.629621299,0.254984052,-0.180005372,0.711447974
1497535111050480000,106368,1.699798176,1.025330342,1.074298982,-0.630554271,0.2553828,-0.178512608,0.710854546
1497535111060450000,106369,1.70097449,1.031623545,1.074582425,-0.630788745,0.256336275,-0.178337921,0.710346999
1497535111070470000,106370,1.702478695,1.037924942,1.075013671,-0.632122186,0.258082293,-0.177674986,0.708693637
1497535111080370000,106371,1.703932722,1.044029833,1.07523647,-0.632783622,0.260133405,-0.177102954,0.707495614
1497535111090450000,106372,1.705405101,1.050040761,1.075431409,-0.633803226,0.262134096,-0.176968231,0.705876357
1497535111100470000,106373,1.707151243,1.055993787,1.075654289,-0.634977612,0.265057213,-0.177182791,0.703672057
1497535111110370000,106374,1.708849124,1.061741668,1.075608555,-0.636063149,0.268893737,-0.177720464,0.70109576
1497535111120450000,106375,1.710784296,1.067702846,1.075793287,-0.637030092,0.272400976,-0.178195083,0.698739495
1497535111130370000,106376,1.712540029,1.073367845,1.075854304,-0.638447658,0.276457084,-0.178595913,0.695743895
1497535111140460000,106377,1.714303663,1.079060106,1.075553572,-0.640155416,0.280334334,-0.17874559,0.69257759
1497535111150470000,106378,1.716039642,1.08480313,1.075350218,-0.641209925,0.283748336,-0.179697295,0.689960575
1497535111160390000,106379,1.717655831,1.090608705,1.074952499,-0.643092309,0.286798553,-0.180199698,0.686809247
1497535111170400000,106380,1.719100235,1.096458805,1.074516676,-0.644318213,0.28931079,-0.181434483,0.684276871
1497535111180490000,106381,1.720414258,1.10239778,1.074063725,-0.646185143,0.291124504,-0.18211972,0.681559749
1497535111190390000,106382,1.721512909,1.108297372,1.073370312,-0.648266617,0.292570857,-0.182918852,0.678743973
1497535111200440000,106383,1.722798867,1.114533203,1.072849136,-0.651210616,0.293834691,-0.183769064,0.675140607
1497535111210410000,106384,1.723824021,1.120614719,1.072002564,-0.654006733,0.295066598,-0.184060412,0.671812965
1497535111220480000,106385,1.725024024,1.126923599,1.071418041,-0.656899482,0.296567167,-0.184900073,0.668089028
1497535111230500000,106386,1.725985914,1.132993789,1.070456603,-0.660201448,0.297844016,-0.185044302,0.664215023
1497535111240470000,106387,1.727198234,1.139273321,1.069677177,-0.662935198,0.299076743,-0.185765122,0.66072789
1497535111250480000,106388,1.728328629,1.145452344,1.068906029,-0.665448667,0.300457967,-0.186507339,0.6573569
1497535111260430000,106389,1.729487055,1.151657886,1.067983098,-0.668286528,0.302218764,-0.186932859,0.65353886
1497535111270470000,106390,1.730655679,1.157823847,1.067244273,-0.669930211,0.30350844,-0.187875793,0.650982969
1497535111280450000,106391,1.731714747,1.163913238,1.066387395,-0.671314546,0.305384863,-0.188747988,0.64842198
1497535111290500000,106392,1.732837698,1.17004032,1.06543889,-0.673106469,0.306793567,-0.18972115,0.645609227
1497535111300470000,106393,1.73389221,1.176032266,1.064455833,-0.674473232,0.308310193,-0.190649132,0.643182395
1497535111310450000,106394,1.735050495,1.182207898,1.063512352,-0.67501975,0.309620101,-0.191768174,0.641645306
1497535111320460000,106395,1.736125259,1.188332051,1.062492817,-0.676588285,0.311715997,-0.192551696,0.63873725
1497535111330460000,106396,1.737283444,1.194597755,1.061450903,-0.677623308,0.31381185,-0.19330433,0.636382127
1497535111340480000,106397,1.738365403,1.200918865,1.060306933,-0.678913282,0.314838101,-0.193999161,0.634285465
1497535111350490000,106398,1.739355451,1.207249069,1.059236272,-0.680482522,0.316139193,-0.194690336,0.631739836
1497535111360350000,106399,1.740299731,1.213727114,1.058290031,-0.680918973,0.318071059,-0.196548199,0.629721335
1497535111370470000,106400,1.74110935,1.220165331,1.057182595,-0.682456009,0.318180844,-0.196738107,0.627940175
1497535111380460000,106401,1.741824483,1.226636705,1.056276499,-0.682958993,0.32012836,-0.198369686,0.625886822
1497535111390480000,106402,1.742563621,1.233203477,1.055452928,-0.683985059,0.320072069,-0.199553336,0.624417149
1497535111400460000,106403,1.743217002,1.239700185,1.054622555,-0.684691479,0.321374609,-0.201063163,0.622486581
1497535111410450000,106404,1.743940284,1.246339114,1.053794345,-0.684437462,0.32168526,-0.202350766,0.622188172
1497535111420470000,106405,1.744513358,1.252946838,1.052951048,-0.684911619,0.323166202,-0.203260562,0.620600374
1497535111430480000,106406,1.745141895,1.259582371,1.051917417,-0.68486484,0.323946547,-0.204565792,0.619815797
1497535111440470000,106407,1.745765888,1.266302395,1.050995666,-0.684702513,0.325373818,-0.205958171,0.618785568
1497535111450430000,106408,1.746338745,1.272994566,1.050040707,-0.684517658,0.3262698,-0.206371929,0.61838032
1497535111460450000,106409,1.746891873,1.27969773,1.048948119,-0.684544098,0.327456438,-0.207641031,0.617298033
1497535111470490000,106410,1.747490559,1.286616272,1.047977609,-0.684047978,0.329110072,-0.208787438,0.616581487
1497535111480420000,106411,1.748050812,1.293540575,1.046822242,-0.683892319,0.330738152,-0.210321485,0.615360417
1497535111490480000,106412,1.748543542,1.300594805,1.045814617,-0.683292968,0.3318429,-0.211790646,0.61492742
1497535111500480000,106413,1.749054335,1.307785804,1.044822691,-0.683095089,0.33313251,-0.213295154,0.613929155
1497535111510460000,106414,1.74942984,1.31509261,1.043558791,-0.683141861,0.33448334,-0.214808134,0.61261371
1497535111520470000,106415,1.749929238,1.322655803,1.042215794,-0.68284942,0.335644156,-0.216456441,0.611724022
1497535111530400000,106416,1.750410745,1.330546174,1.040873699,-0.683346739,0.337296072,-0.217900206,0.609744286
1497535111540500000,106417,1.750920711,1.338723442,1.03965711,-0.684389172,0.338464793,-0.219693256,0.607279111
1497535111550490000,106418,1.751178207,1.347030138,1.038479943,-0.683924145,0.339624956,-0.22198043,0.606322804
1497535111560470000,106419,1.751559943,1.355642648,1.037068934,-0.685530778,0.340257732,-0.223216277,0.603694228
1497535111570420000,106420,1.751659351,1.364443916,1.035875494,-0.6856464,0.341423971,-0.226704308,0.601601066
1497535111580490000,106421,1.751741078,1.373520817,1.034396488,-0.687024901,0.341674666,-0.229183246,0.598940938
1497535111590500000,106422,1.751593018,1.382666804,1.033646694,-0.68695989,0.342040738,-0.232458251,0.597542805
1497535111600360000,106423,1.751543872,1.392071212,1.032553166,-0.688009791,0.342770835,-0.235156706,0.594854609
1497535111610400000,106424,1.751547164,1.401644733,1.031956207,-0.688025065,0.342878038,-0.238136276,0.593588473
1497535111620460000,106425,1.751574376,1.411513754,1.031237231,-0.689938464,0.34285851,-0.239514421,0.590817908
1497535111630510000,106426,1.751693438,1.421336824,1.030641192,-0.689897664,0.344554706,-0.241127411,0.589220536
1497535111640470000,106427,1.751609669,1.431191501,1.030252185,-0.689317176,0.345586384,-0.242902203,0.588566395
1497535111650490000,106428,1.751577747,1.441172608,1.030148546,-0.689539416,0.346691961,-0.243408208,0.587445761
1497535111660470000,106429,1.751352631,1.451286547,1.030218843,-0.688081588,0.3476131,-0.245162154,0.587881263
1497535111670490000,106430,1.751092012,1.461484693,1.030490224,-0.688046937,0.348127359,-0.244745387,0.587791161
1497535111680470000,106431,1.750469457,1.471586479,1.030869077,-0.686741633,0.348765691,-0.244318328,0.589115419
1497535111690440000,106432,1.749860871,1.482109285,1.03154373,-0.686587468,0.348201822,-0.242066028,0.590556668
1497535111700520000,106433,1.74911813,1.492291884,1.032265867,-0.68630132,0.347878986,-0.238805896,0.592403961
1497535111710470000,106434,1.748111952,1.502484874,1.033616121,-0.685787456,0.346328815,-0.235545607,0.595206001
1497535111720480000,106435,1.747195548,1.512259176,1.034874378,-0.684301807,0.345922564,-0.232933276,0.598172806
1497535111730480000,106436,1.746067913,1.521842321,1.036462361,-0.683575566,0.344680378,-0.229696547,0.600965373
1497535111740490000,106437,1.744614839,1.531081774,1.038483486,-0.680533988,0.342596452,-0.228938581,0.605878114
1497535111750490000,106438,1.743120532,1.540073085,1.040428225,-0.677229521,0.340302277,-0.228841678,0.610889533
1497535111760460000,106439,1.741617259,1.548830654,1.042387562,-0.67421952,0.337249793,-0.228282288,0.616098866
1497535111770490000,106440,1.740188707,1.557428531,1.044352927,-0.671734243,0.333188858,-0.228766366,0.620825451
1497535111780480000,106441,1.738869766,1.56558127,1.04618304,-0.667832822,0.329461938,-0.230208838,0.626464719
1497535111790500000,106442,1.737842482,1.573584844,1.047746742,-0.664996092,0.326753517,-0.231163187,0.630536214
1497535111800500000,106443,1.736945771,1.581262905,1.049378567,-0.660950524,0.323481853,-0.233397314,0.635633219
1497535111810450000,106444,1.736358623,1.588579993,1.050594635,-0.656309949,0.323015188,-0.23507076,0.640047012
1497535111820490000,106445,1.736025966,1.595704856,1.051639059,-0.651251284,0.323495298,-0.235249146,0.644887895
1497535111830470000,106446,1.735591939,1.602660319,1.052825899,-0.646506059,0.323866548,-0.236355883,0.649057988
1497535111840470000,106447,1.735174638,1.609369054,1.053860766,-0.640701967,0.32522403,-0.237301266,0.65377246
1497535111850460000,106448,1.73480206,1.615914526,1.054905631,-0.635190208,0.32642073,-0.237842211,0.658341848
1497535111860450000,106449,1.734651837,1.622515331,1.05585548,-0.629977242,0.327984923,-0.237818331,0.662568492
1497535111870490000,106450,1.734550304,1.629109768,1.056907323,-0.625174425,0.329334247,-0.237515413,0.666545063
1497535111880460000,106451,1.734637308,1.635909259,1.058087826,-0.620355859,0.329703169,-0.236868987,0.671079363
1497535111890460000,106452,1.73460974,1.642610279,1.059286738,-0.616778341,0.33043961,-0.235417636,0.674516626
1497535111900460000,106453,1.734596647,1.64930311,1.06070559,-0.613685287,0.330273917,-0.233912157,0.677934076
1497535111910450000,106454,1.734421032,1.655875911,1.062222305,-0.610859743,0.328494375,-0.232544947,0.681809848
1497535111920500000,106455,1.734143401,1.662495176,1.063808948,-0.607999644,0.325837116,-0.231255333,0.686066745
1497535111930470000,106456,1.733690514,1.669187982,1.065373633,-0.604560223,0.322349681,-0.23025914,0.691070437
1497535111940540000,106457,1.733326934,1.676098406,1.067074107,-0.601851189,0.318624866,-0.229336126,0.69545545
1497535111950520000,106458,1.732967276,1.683056294,1.068701099,-0.599941269,0.314927347,-0.228349936,0.699104818
1497535111960460000,106459,1.732631514,1.690027471,1.070176916,-0.599062291,0.311133693,-0.227421199,0.70185454
1497535111970470000,106460,1.732419769,1.697243934,1.071629667,-0.59736952,0.30704683,-0.225774819,0.705618617
1497535111980380000,106461,1.732251158,1.704394185,1.072982418,-0.596531392,0.303061339,-0.224212151,0.708542895
1497535111990510000,106462,1.731958162,1.711571689,1.074047316,-0.59601506,0.299604509,-0.221986476,0.71114358
1497535112000490000,106463,1.731723684,1.718782985,1.075170393,-0.595233606,0.295852269,-0.220289996,0.713891243
1497535112010470000,106464,1.731529489,1.726105038,1.076084562,-0.595845339,0.291756522,-0.217557165,0.71590177
1497535112020510000,106465,1.731446545,1.733552438,1.076799385,-0.595262118,0.28884931,-0.216249527,0.717959072
1497535112030420000,106466,1.731363688,1.741170109,1.077430321,-0.595867295,0.285263695,-0.213572571,0.719689897
1497535112040480000,106467,1.731301838,1.74877208,1.077771266,-0.597181621,0.281910564,-0.211235358,0.72061097
1497535112050500000,106468,1.731303432,1.756551664,1.078065757,-0.597786433,0.278327302,-0.208258964,0.722366595
1497535112060470000,106469,1.731261333,1.76439708,1.078102252,-0.59869537,0.275497048,-0.205867303,0.723383636
1497535112070500000,106470,1.731201092,1.772317786,1.0780314,-0.601141701,0.272083593,-0.202385538,0.723629234
1497535112080440000,106471,1.731254053,1.780508934,1.07768626,-0.602379593,0.268464226,-0.199672108,0.724704654
1497535112090490000,106472,1.731108255,1.788726959,1.07723856,-0.605661988,0.264879852,-0.195299169,0.724479437
1497535112100500000,106473,1.731170649,1.797272571,1.076629613,-0.607833391,0.260963946,-0.19204985,0.724950511
1497535112110440000,106474,1.73117767,1.805839228,1.075825678,-0.609591489,0.257022346,-0.188126366,0.7259106
1497535112120350000,106475,1.731186683,1.814703029,1.075075209,-0.613514915,0.253141628,-0.183455661,0.725163971
1497535112130350000,106476,1.731182427,1.823647666,1.074085793,-0.615881399,0.249577582,-0.179069158,0.725489744
1497535112140370000,106477,1.731177516,1.832956011,1.073098714,-0.619469111,0.245435385,-0.174714475,0.724909887
1497535112150380000,106478,1.731000035,1.842299448,1.072101111,-0.621949665,0.241971289,-0.170846022,0.724872504
1497535112160350000,106479,1.730660754,1.852022922,1.071269159,-0.624426946,0.236050522,-0.168150235,0.725325195
1497535112170380000,106480,1.730296888,1.86153549,1.070128607,-0.626329454,0.231394931,-0.163871238,0.726163906
1497535112180360000,106481,1.730018278,1.871501394,1.06901284,-0.629412989,0.225925404,-0.159101112,0.726280825
1497535112190390000,106482,1.729537161,1.88143315,1.067948726,-0.631027486,0.220247112,-0.154747546,0.72756355
1497535112200350000,106483,1.729077483,1.89134908,1.066779176,-0.63388056,0.214745259,-0.15069642,0.727578517
1497535112210370000,106484,1.728587804,1.901059826,1.065595874,-0.635292736,0.210133931,-0.146609464,0.728527649
1497535112220340000,106485,1.728281113,1.911014746,1.064535068,-0.637340577,0.205072982,-0.142093942,0.729075698
1497535112230290000,106486,1.728120713,1.920778438,1.063617138,-0.639117161,0.199971703,-0.137026215,0.72990711
1497535112240360000,106487,1.72825038,1.930725608,1.062906698,-0.641739976,0.195293776,-0.131301791,0.729924642
1497535112250380000,106488,1.728437725,1.940636812,1.062468514,-0.643345051,0.191008037,-0.126276928,0.730532143
1497535112260360000,106489,1.728704265,1.950410295,1.06242054,-0.643937494,0.185601773,-0.121667764,0.732184021
1497535112270390000,106490,1.728707882,1.959747828,1.062742284,-0.644376359,0.181941265,-0.117235787,0.73343865
1497535112280340000,106491,1.728443857,1.968873379,1.063862587,-0.645701507,0.178050807,-0.113281947,0.733849218
1497535112290370000,106492,1.728044276,1.977839625,1.06532956,-0.64654528,0.174809443,-0.111580783,0.734146163
1497535112300380000,106493,1.727145772,1.985891318,1.067272133,-0.645761699,0.169439733,-0.10794479,0.736634188
1497535112310470000,106494,1.726826475,1.994356751,1.068945193,-0.646581207,0.166341234,-0.105229631,0.737014289
1497535112320460000,106495,1.726732837,2.003305268,1.070322698,-0.648799362,0.164201799,-0.103119927,0.735841992
1497535112330460000,106496,1.726478698,2.011912052,1.071379275,-0.655299793,0.158851084,-0.095609257,0.732261828
1497535112340500000,106497,1.726051085,2.020550208,1.072151407,-0.656728304,0.152733495,-0.092957405,0.732624962
1497535112350500000,106498,1.725435225,2.02907335,1.07274488,-0.659036212,0.146154492,-0.088913542,0.732396421
1497535112360480000,106499,1.724656299,2.037698777,1.073136496,-0.660687298,0.139830708,-0.085772216,0.732518118
1497535112370500000,106500,1.723278751,2.04633853,1.07408722,-0.658351589,0.134928953,-0.086966564,0.735393894
1497535112380430000,106501,1.722763918,2.054353851,1.073865348,-0.659651504,0.130806904,-0.081809834,0.735565495
1497535112390440000,106502,1.72189472,2.062782573,1.074315101,-0.662460842,0.127405346,-0.077284119,0.73412579
1497535112400480000,106503,1.721018316,2.071274671,1.074689181,-0.665439146,0.123555207,-0.072335064,0.732592993
1497535112410470000,106504,1.719704551,2.079491427,1.075007797,-0.669200663,0.117954102,-0.066530836,0.730637359
1497535112420510000,106505,1.71811401,2.087486571,1.075516846,-0.675509473,0.110028661,-0.060234059,0.726603402
1497535112430500000,106506,1.716430189,2.095172402,1.075631946,-0.678824518,0.102856881,-0.05533424,0.724952314
1497535112440480000,106507,1.714378295,2.102975226,1.075774577,-0.685301195,0.09463147,-0.049812759,0.720365079
1497535112450510000,106508,1.7122319,2.110297247,1.075696673,-0.690435237,0.086623086,-0.043675067,0.716859898
1497535112460480000,106509,1.710017075,2.117186896,1.075339135,-0.696286953,0.077900105,-0.036535676,0.712587676
1497535112470460000,106510,1.707673237,2.124349336,1.074922569,-0.701234085,0.070323474,-0.030875053,0.708782124
1497535112480490000,106511,1.705447322,2.130849489,1.07428323,-0.704191115,0.063262315,-0.024423492,0.706764633
1497535112490490000,106512,1.702798728,2.137485698,1.07410475,-0.70896348,0.056878916,-0.017171838,0.702738003
1497535112500500000,106513,1.7001924,2.143716143,1.073712662,-0.711367598,0.050939942,-0.010929209,0.700886449
1497535112510460000,106514,1.697431133,2.150102804,1.073513991,-0.714502308,0.046336533,-0.004914131,0.698079672
1497535112520490000,106515,1.694767592,2.155947208,1.073108719,-0.716912724,0.041146031,0.001855373,0.69594519
1497535112530490000,106516,1.692247616,2.161737873,1.07252152,-0.720026045,0.034625226,0.009452659,0.693018207
1497535112540500000,106517,1.689551759,2.167595888,1.072120057,-0.722629642,0.03019974,0.015064534,0.690411063
1497535112550510000,106518,1.686825876,2.173397575,1.071733606,-0.724811887,0.027147315,0.02031086,0.68811207
1497535112560470000,106519,1.683807926,2.179108264,1.071495927,-0.727890248,0.022859397,0.026141766,0.684813729
1497535112570490000,106520,1.680903454,2.18472122,1.070956223,-0.730654033,0.017073528,0.031306136,0.681816035
1497535112580500000,106521,1.677814715,2.19001901,1.070322269,-0.732930598,0.012165674,0.036364008,0.679221903
1497535112590480000,106522,1.674474347,2.195378726,1.069903964,-0.733666786,0.007963822,0.0409552,0.678227319
1497535112600470000,106523,1.671237997,2.200730375,1.069148418,-0.735859557,0.002403603,0.045422887,0.67560469
1497535112610430000,106524,1.667678913,2.206026153,1.068577398,-0.738135698,-0.003665582,0.050321688,0.672762947
1497535112620470000,106525,1.664628459,2.210625162,1.067155606,-0.738142381,-0.012073728,0.055511887,0.672248824
1497535112630470000,106526,1.660554686,2.215838062,1.066618998,-0.741398151,-0.01710274,0.060353009,0.668127078
1497535112640440000,106527,1.65599292,2.221303801,1.066422714,-0.744520706,-0.017925739,0.063423206,0.664338078
1497535112650420000,106528,1.651846899,2.226311517,1.065680575,-0.746781807,-0.023739368,0.067894179,0.661168478
1497535112660470000,106529,1.647590962,2.231266712,1.064986975,-0.748083451,-0.030076115,0.072543592,0.658941579
1497535112670560000,106530,1.6435013,2.235806657,1.063755806,-0.750332048,-0.03504663,0.076890009,0.655638222
1497535112680470000,106531,1.639280548,2.240316198,1.062783415,-0.751090081,-0.040181528,0.081627113,0.653900718
1497535112690500000,106532,1.634694945,2.245250065,1.062121834,-0.753254237,-0.045213733,0.08529693,0.65060603
1497535112700460000,106533,1.630148322,2.249825647,1.061426026,-0.753977758,-0.050327909,0.089804877,0.648783266
1497535112710380000,106534,1.625906822,2.253995824,1.060100221,-0.756555198,-0.055844325,0.09380651,0.644752652
1497535112720490000,106535,1.621238987,2.258438675,1.059418535,-0.756786441,-0.060957079,0.097585625,0.643455953
1497535112730440000,106536,1.616660741,2.262707826,1.058475165,-0.758869803,-0.065670598,0.101353672,0.639946425
1497535112740510000,106537,1.612280163,2.266477562,1.057256304,-0.760439717,-0.070404937,0.104548636,0.637058996
1497535112750510000,106538,1.607649318,2.270581181,1.056357035,-0.761202954,-0.075412306,0.108549287,0.634901646
1497535112760490000,106539,1.60308896,2.274475249,1.055253573,-0.762688977,-0.078221145,0.111393995,0.632280282
1497535112770500000,106540,1.598455299,2.278231704,1.054001364,-0.763426594,-0.081340545,0.114094496,0.630512488
1497535112780460000,106541,1.593775914,2.282100494,1.052721464,-0.765332275,-0.084493547,0.116515733,0.627336778
1497535112790430000,106542,1.588902324,2.28571987,1.051528477,-0.765225803,-0.087596723,0.119812291,0.626419428
1497535112800430000,106543,1.583901184,2.289422422,1.050461587,-0.765996175,-0.091271665,0.121637431,0.624598814
1497535112810450000,106544,1.578815364,2.293054752,1.049235162,-0.767413183,-0.094338715,0.123699375,0.62199331
1497535112820510000,106545,1.57375827,2.296521326,1.047961593,-0.767778884,-0.097997736,0.125315759,0.620651263
1497535112830520000,106546,1.568575047,2.300154842,1.046967345,-0.767241269,-0.100749496,0.12715584,0.620501222
1497535112840500000,106547,1.563360696,2.303781137,1.046021242,-0.76750705,-0.104312215,0.127770814,0.619456623
1497535112850520000,106548,1.558240138,2.307167185,1.044752825,-0.767512544,-0.105201935,0.128528289,0.619142574
1497535112860450000,106549,1.55324358,2.310361115,1.043442437,-0.76832371,-0.107600825,0.1279035,0.617852275
1497535112870500000,106550,1.548001979,2.313536854,1.04221579,-0.767878506,-0.108711145,0.128156341,0.61815891
1497535112880500000,106551,1.542817386,2.31682862,1.041252207,-0.768486476,-0.111488336,0.127669387,0.617008439
1497535112890540000,106552,1.53762923,2.319810317,1.039920964,-0.76892102,-0.113093278,0.127575682,0.616193818
1497535112900530000,106553,1.532258607,2.323005821,1.039113895,-0.768704613,-0.11527344,0.127304772,0.616115855
1497535112910510000,106554,1.526922972,2.32596709,1.037871373,-0.768466799,-0.115812372,0.125833385,0.616613519
1497535112920500000,106555,1.521631591,2.328682226,1.036667424,-0.769237679,-0.116511762,0.124208083,0.61584962
1497535112930520000,106556,1.516134816,2.331590136,1.035692967,-0.769325908,-0.116991942,0.122487381,0.615992999
1497535112940520000,106557,1.510417179,2.334687051,1.035052989,-0.769012778,-0.117140213,0.120902024,0.616668646
1497535112950520000,106558,1.504647288,2.337720966,1.034618313,-0.768919964,-0.117238124,0.119160621,0.617104576
1497535112960500000,106559,1.498758061,2.340829777,1.034130208,-0.76992577,-0.1167948,0.117041911,0.616339577
1497535112970460000,106560,1.492760978,2.343655013,1.033611007,-0.771006134,-0.116031233,0.115136476,0.615491581
1497535112980510000,106561,1.486473043,2.346583843,1.033486239,-0.771099471,-0.114381484,0.112893063,0.616098724
1497535112990510000,106562,1.479824677,2.349671121,1.033757449,-0.770974516,-0.11427706,0.112744426,0.616301666
1497535113000500000,106563,1.473246607,2.352103973,1.033554592,-0.771622532,-0.112984385,0.111221063,0.61600574
1497535113010520000,106564,1.466142007,2.355257731,1.03415378,-0.770425444,-0.113006234,0.110796005,0.617574669
1497535113020520000,106565,1.458962756,2.357658837,1.034550747,-0.770623285,-0.112708799,0.111328735,0.617286313
1497535113030510000,106566,1.451451,2.359940335,1.035283439,-0.769943398,-0.111715578,0.111779417,0.618233091
1497535113040330000,106567,1.443730769,2.362284183,1.035905646,-0.769030003,-0.111136281,0.112437528,0.619354005
1497535113050280000,106568,1.436194007,2.364296234,1.036633459,-0.766333391,-0.115145438,0.115169753,0.621458437
1497535113060480000,106569,1.427890963,2.366316445,1.038096017,-0.766499735,-0.113284395,0.117603297,0.62113949
1497535113070510000,106570,1.420012515,2.368202323,1.039264904,-0.76423125,-0.113757798,0.119709257,0.623441621
1497535113080480000,106571,1.411857873,2.369979342,1.040894441,-0.763838535,-0.112711017,0.121031781,0.623857537
1497535113090520000,106572,1.403914637,2.371413484,1.042198735,-0.761267245,-0.111166496,0.122661812,0.62695157
1497535113100530000,106573,1.396109934,2.372844836,1.043361223,-0.758382142,-0.111056699,0.12406033,0.630184077
1497535113110480000,106574,1.388110062,2.374229462,1.04482553,-0.756493679,-0.109105879,0.124911507,0.632621795
1497535113120480000,106575,1.380244951,2.375424539,1.045962941,-0.752687343,-0.107316302,0.127143406,0.637008264
1497535113130520000,106576,1.37253236,2.376764644,1.046973517,-0.748844108,-0.107082711,0.128689584,0.641252514
1497535113140520000,106577,1.364746333,2.378087909,1.048119536,-0.747181233,-0.106754825,0.130646803,0.642849146
1497535113150520000,106578,1.357281398,2.379307236,1.048893779,-0.743083249,-0.106524655,0.133655818,0.647005336
1497535113160490000,106579,1.349925119,2.38082506,1.049905096,-0.741083906,-0.106410935,0.135382336,0.648955299
1497535113170460000,106580,1.343131935,2.381876434,1.050232503,-0.736031842,-0.1069937,0.13841343,0.653950456
1497535113180490000,106581,1.336544571,2.383043236,1.050885173,-0.733282192,-0.106650071,0.140930674,0.656552766
1497535113190520000,106582,1.330218425,2.384263205,1.051349826,-0.728418352,-0.104506996,0.143852627,0.661658079
1497535113200500000,106583,1.324244424,2.385261051,1.051539795,-0.72442244,-0.102160924,0.144952518,0.666156169
1497535113210480000,106584,1.318539639,2.386460404,1.051662345,-0.720366559,-0.099801216,0.146822879,0.670488464
1497535113220520000,106585,1.312920525,2.387584992,1.051986185,-0.7169613,-0.096118208,0.149637155,0.674044885
1497535113230540000,106586,1.307320112,2.389057604,1.05233976,-0.713352479,-0.090962588,0.152585656,0.677917153
1497535113240500000,106587,1.301845535,2.390114718,1.052703897,-0.709565667,-0.086142762,0.154878772,0.681988676
1497535113250480000,106588,1.296268322,2.391601283,1.053330956,-0.705449119,-0.082545692,0.158895821,0.685769544
1497535113260590000,106589,1.290533574,2.393369069,1.054521128,-0.70440166,-0.07871065,0.161690937,0.686643267
1497535113270460000,106590,1.284879159,2.394636207,1.055479398,-0.700314537,-0.075276084,0.165529636,0.690284724
1497535113280510000,106591,1.279153184,2.396200421,1.05690496,-0.697537197,-0.073977041,0.167843585,0.692674373
1497535113290450000,106592,1.273413259,2.397177076,1.057877764,-0.692722486,-0.072058206,0.17125781,0.696860054
1497535113300540000,106593,1.267634433,2.398700992,1.059432919,-0.691613356,-0.072660802,0.175090998,0.696946566
1497535113310490000,106594,1.261843051,2.399870055,1.060829406,-0.68840685,-0.071846314,0.177132148,0.699684442
1497535113320330000,106595,1.256028734,2.401459101,1.062210385,-0.68395764,-0.07217241,0.181143147,0.702979552
1497535113330510000,106596,1.250180707,2.403033096,1.063696805,-0.682110343,-0.072409584,0.18349358,0.704139502
1497535113340520000,106597,1.244350924,2.404620266,1.065088017,-0.679691334,-0.073231496,0.186926726,0.70548936
1497535113350500000,106598,1.238495119,2.406368204,1.066146688,-0.676558926,-0.074551097,0.190248415,0.707471338
1497535113360490000,106599,1.2325241,2.407823842,1.067253862,-0.673716986,-0.075173913,0.192155979,0.709598749
1497535113370550000,106600,1.226404956,2.409719016,1.068417668,-0.67098252,-0.077491658,0.195715213,0.710966283
1497535113380460000,106601,1.22026439,2.411550155,1.069367618,-0.669790431,-0.080799449,0.198043604,0.711077323
1497535113390510000,106602,1.214082155,2.413223654,1.070292824,-0.666531561,-0.083504203,0.201712306,0.712793709
1497535113400460000,106603,1.207890522,2.414965068,1.071120116,-0.664264642,-0.087542922,0.20416952,0.713725108
1497535113410440000,106604,1.201751402,2.416559395,1.071513924,-0.661909315,-0.090353165,0.206644704,0.714849866
1497535113420560000,106605,1.19563162,2.41818234,1.072105062,-0.659111486,-0.093758553,0.209194243,0.716253553
1497535113430550000,106606,1.189401701,2.419944457,1.072505465,-0.65681579,-0.096827707,0.211058691,0.71740619
1497535113440500000,106607,1.183119509,2.421833034,1.072672363,-0.655202038,-0.09909405,0.213147468,0.717954606
1497535113450570000,106608,1.176885692,2.423754309,1.072885615,-0.652728039,-0.102808172,0.21477378,0.719200119
1497535113460620000,106609,1.170605158,2.425876646,1.072814808,-0.652668741,-0.105567054,0.21661054,0.71830285
1497535113470520000,106610,1.164254382,2.427891979,1.072706043,-0.649854291,-0.107954351,0.218824164,0.719827232
1497535113480480000,106611,1.157990423,2.430194506,1.072485968,-0.649888798,-0.110690578,0.220903394,0.718744626
1497535113490520000,106612,1.151645778,2.432347112,1.072255918,-0.648348989,-0.113939047,0.222854831,0.719025177
1497535113500520000,106613,1.145223252,2.434399381,1.071535103,-0.647977273,-0.116646176,0.224449272,0.718429988
1497535113510490000,106614,1.138650524,2.436902832,1.070907099,-0.646953287,-0.118555597,0.226870826,0.718279641
1497535113520500000,106615,1.132043098,2.439496919,1.070253334,-0.646858983,-0.122060453,0.229907908,0.716810334
1497535113530520000,106616,1.12521058,2.441938653,1.069175852,-0.646494674,-0.124802269,0.231154231,0.716265839
1497535113540510000,106617,1.118191469,2.444600501,1.068160109,-0.6468915,-0.129004286,0.233554187,0.714382057
1497535113550530000,106618,1.110923798,2.447435969,1.067084169,-0.647019526,-0.13153687,0.235377154,0.713205006
1497535113560510000,106619,1.103485693,2.450474314,1.06615369,-0.648484592,-0.135087014,0.237613175,0.710464082
1497535113570510000,106620,1.095840635,2.45358664,1.065006878,-0.649537179,-0.140203993,0.240174312,0.707644398
1497535113580440000,106621,1.087878024,2.456580007,1.063456921,-0.649633652,-0.14456781,0.242570068,0.705858363
1497535113590530000,106622,1.07974904,2.459608914,1.061886227,-0.649150161,-0.149388812,0.245909339,0.704141782
1497535113600500000,106623,1.071363492,2.462850858,1.060368836,-0.649928252,-0.15437652,0.249363754,0.701126861
1497535113610500000,106624,1.062833382,2.465953626,1.058818657,-0.650935649,-0.159369432,0.252368356,0.697993107
1497535113620500000,106625,1.054228801,2.468733988,1.057138307,-0.650458293,-0.163408304,0.256156541,0.6961218
1497535113630520000,106626,1.045555938,2.471403172,1.055148802,-0.649562294,-0.167349307,0.260150264,0.694539326
1497535113640480000,106627,1.036869853,2.474189108,1.053619995,-0.648085161,-0.172794003,0.265034957,0.692736839
1497535113650540000,106628,1.028162663,2.476825615,1.051592725,-0.647718192,-0.175704411,0.268967799,0.690829521
1497535113660520000,106629,1.019552041,2.479430089,1.049757591,-0.645807593,-0.180012631,0.274311703,0.689406335
1497535113670530000,106630,1.010871673,2.482273125,1.0479533,-0.644463597,-0.183482456,0.277872832,0.688322272
1497535113680440000,106631,1.002171288,2.485506712,1.046615291,-0.643313385,-0.187627513,0.282367445,0.686449147
1497535113690490000,106632,0.993559061,2.488573265,1.044891578,-0.642551113,-0.189812894,0.286014383,0.685051024
1497535113700510000,106633,0.984960255,2.4921251,1.043678196,-0.640874779,-0.190812462,0.289721707,0.6847857
1497535113710510000,106634,0.976342462,2.495862016,1.042455631,-0.640206502,-0.191315986,0.293500442,0.683660236
1497535113720510000,106635,0.967660407,2.499790224,1.041265817,-0.63864533,-0.191417775,0.297426477,0.683395104
1497535113730570000,106636,0.958824747,2.503730549,1.04039506,-0.637549371,-0.190602259,0.300718337,0.683205723
1497535113740520000,106637,0.949820658,2.507993576,1.039867889,-0.636415477,-0.189787,0.304699972,0.68272554
1497535113750530000,106638,0.940820222,2.511930955,1.03947686,-0.634966567,-0.189975565,0.307740669,0.68265835
1497535113760530000,106639,0.931826794,2.515838079,1.039501756,-0.63352943,-0.191297667,0.310539876,0.682356688
1497535113770530000,106640,0.922708923,2.519677947,1.039925529,-0.631693457,-0.192346082,0.313148246,0.682572002
1497535113780520000,106641,0.91367394,2.523514037,1.041170607,-0.630317132,-0.195242437,0.31554829,0.681916403
1497535113790530000,106642,0.904593788,2.527228616,1.042632928,-0.62970221,-0.198132943,0.31586406,0.681504482
1497535113800520000,106643,0.895618286,2.530960416,1.044554334,-0.629200693,-0.202254257,0.31606417,0.680663752
1497535113810520000,106644,0.88680648,2.53473248,1.046613808,-0.629336312,-0.206751691,0.315694529,0.679357424
1497535113820540000,106645,0.878107184,2.538553622,1.048746457,-0.629681649,-0.21058244,0.315037248,0.678164869
1497535113830520000,106646,0.869521788,2.542202705,1.050759801,-0.628115194,-0.214090856,0.315596761,0.678258869
1497535113840520000,106647,0.861023239,2.546012468,1.052524136,-0.626853706,-0.216397173,0.315477131,0.678749493
1497535113850550000,106648,0.852607359,2.549861133,1.054243914,-0.62619331,-0.217491186,0.315295996,0.679093482
1497535113860510000,106649,0.844281418,2.553670672,1.055649266,-0.626399633,-0.217230033,0.315313871,0.67897848
1497535113870550000,106650,0.836071845,2.557438194,1.056859773,-0.62659062,-0.21707216,0.315482379,0.67877444
1497535113880490000,106651,0.828049835,2.560851703,1.057670973,-0.627024728,-0.217585998,0.315588734,0.678159328
1497535113890540000,106652,0.819896852,2.564196769,1.058453299,-0.627499307,-0.21970783,0.315053447,0.677284589
1497535113900540000,106653,0.811842333,2.567371219,1.059149755,-0.628321528,-0.223591789,0.314950828,0.675296043
1497535113910520000,106654,0.803861541,2.570151045,1.059923407,-0.628565336,-0.228437596,0.315709953,0.673089228
1497535113920510000,106655,0.79575088,2.572846632,1.060162344,-0.629453837,-0.234471505,0.315952876,0.670063251
1497535113930530000,106656,0.787850245,2.575310315,1.060435199,-0.631148282,-0.240846236,0.316541516,0.665917717
1497535113940550000,106657,0.780009326,2.577727262,1.060649455,-0.632272291,-0.246391084,0.317705908,0.662258364
1497535113950550000,106658,0.772296873,2.579865209,1.060603848,-0.633516844,-0.251838743,0.319245136,0.658267574
1497535113960520000,106659,0.764779336,2.581867886,1.060797407,-0.634681879,-0.257113033,0.321518115,0.653986164
1497535113970540000,106660,0.757253366,2.583693685,1.06075743,-0.635538589,-0.262498871,0.323705191,0.649923067
1497535113980460000,106661,0.749987082,2.585254616,1.0609967,-0.635465799,-0.267191004,0.327324722,0.646259013
1497535113990380000,106662,0.742801519,2.586703571,1.061157696,-0.63568377,-0.271057402,0.330451316,0.642834316
1497535114000480000,106663,0.735743259,2.587840621,1.06088593,-0.636029538,-0.275231771,0.332862984,0.639465506
1497535114010490000,106664,0.728815817,2.589198311,1.061087367,-0.636737188,-0.278393109,0.336233607,0.635617804
1497535114020510000,106665,0.721962348,2.590477999,1.060962845,-0.63757132,-0.281316667,0.338865193,0.632087119
1497535114030470000,106666,0.715185299,2.591556056,1.060762831,-0.638779593,-0.284481813,0.341253813,0.628153296
1497535114040480000,106667,0.708398694,2.592634969,1.060645048,-0.639527965,-0.28726759,0.343306129,0.624997773
1497535114050510000,106668,0.701716483,2.593538159,1.060474186,-0.639648488,-0.290407597,0.345538928,0.622186538
1497535114060590000,106669,0.695053354,2.594349107,1.060245917,-0.640486659,-0.293725633,0.347383219,0.618730144
1497535114070470000,106670,0.688371142,2.594981239,1.060147025,-0.640964896,-0.29710863,0.349084062,0.615654758
1497535114080490000,106671,0.681639182,2.5954935,1.05974737,-0.641804872,-0.300712914,0.350816525,0.612034325
1497535114090470000,106672,0.674819388,2.59581766,1.059450302,-0.642271106,-0.304223254,0.351842038,0.609215248
1497535114100470000,106673,0.667306104,2.596803299,1.059834959,-0.642723471,-0.30270288,0.352126387,0.609331202
1497535114110450000,106674,0.661632882,2.595755593,1.05836053,-0.640483016,-0.31608113,0.356675622,0.602209869
1497535114120460000,106675,0.655053989,2.595519657,1.05780207,-0.640381376,-0.3218554,0.358713729,0.598034494
1497535114130500000,106676,0.648443457,2.5953177,1.057197628,-0.639695938,-0.326320039,0.360902713,0.595024009
1497535114140480000,106677,0.641844482,2.594779858,1.056498471,-0.639667256,-0.332033831,0.362059641,0.591178613
1497535114150530000,106678,0.635390061,2.594290495,1.055758356,-0.638724989,-0.336806888,0.364161581,0.58819882
1497535114160490000,106679,0.628831149,2.593755076,1.054890716,-0.638727343,-0.341009117,0.365884272,0.584695531
1497535114170580000,106680,0.622556223,2.593052465,1.054254986,-0.637936225,-0.345329295,0.367781255,0.581826434
1497535114180490000,106681,0.616175405,2.592349295,1.053449056,-0.637665202,-0.34928982,0.36955261,0.578628188
1497535114190540000,106682,0.609780242,2.591735397,1.05294591,-0.637420947,-0.353117962,0.370946823,0.575674123
1497535114200430000,106683,0.603290708,2.590873428,1.052151329,-0.636674104,-0.356093464,0.372018032,0.573973967
1497535114210510000,106684,0.596594651,2.590245264,1.051676566,-0.636545668,-0.358642901,0.372763845,0.572041955
1497535114220540000,106685,0.590187524,2.589186519,1.050959388,-0.635869133,-0.361519933,0.373917537,0.570227551
1497535114230550000,106686,0.583627558,2.587891313,1.050201944,-0.635207668,-0.365828989,0.375293179,0.567305385
1497535114240500000,106687,0.577081413,2.586529806,1.049467197,-0.634526586,-0.369902512,0.376491629,0.564625713
1497535114250540000,106688,0.570622604,2.585018571,1.04861688,-0.633326302,-0.375098622,0.378138918,0.561435462
1497535114260520000,106689,0.563896237,2.583475642,1.047910924,-0.632795788,-0.37874712,0.378829258,0.559114034
1497535114270530000,106690,0.557148363,2.581826573,1.047015287,-0.631375677,-0.382464195,0.380103952,0.557321164
1497535114280510000,106691,0.550345443,2.580129327,1.046007755,-0.631247425,-0.386674893,0.380474463,0.554299918
1497535114290540000,106692,0.543567352,2.578396363,1.044961874,-0.630511667,-0.391025634,0.381012787,0.551709387
1497535114300550000,106693,0.536803613,2.576669769,1.04399985,-0.630643326,-0.394914867,0.380912319,0.548850661
1497535114310500000,106694,0.529973937,2.574929719,1.042994269,-0.630333716,-0.399074193,0.380624803,0.546391758
1497535114320400000,106695,0.523211401,2.573328712,1.042156752,-0.630322328,-0.402943491,0.379932269,0.544042073
1497535114330540000,106696,0.516724919,2.571416483,1.041069822,-0.630294539,-0.406367534,0.379311407,0.541956713
1497535114340470000,106697,0.510393166,2.569561974,1.040136994,-0.629570895,-0.409548264,0.37889557,0.54069294
1497535114350520000,106698,0.504003857,2.567824591,1.03937736,-0.629433023,-0.411848355,0.378444374,0.539420854
1497535114360510000,106699,0.497691456,2.566162667,1.038703381,-0.628939751,-0.413762288,0.378049858,0.538807817
1497535114370460000,106700,0.49171943,2.564163266,1.037698449,-0.627990968,-0.415768212,0.378551454,0.538017597
1497535114380520000,106701,0.485822712,2.561979209,1.036586816,-0.627023207,-0.417870406,0.378911764,0.537263526
1497535114390550000,106702,0.47988931,2.559687682,1.035711539,-0.625813868,-0.419871909,0.380066336,0.536296712
1497535114400530000,106703,0.473697754,2.557165925,1.034634985,-0.624800157,-0.422069647,0.380298587,0.535588426
1497535114410510000,106704,0.467287931,2.554791486,1.033923172,-0.623797724,-0.424058944,0.380954431,0.534718742
1497535114420490000,106705,0.460842385,2.552108019,1.033039707,-0.623741902,-0.426749074,0.380969176,0.532629097
1497535114430540000,106706,0.454370867,2.549323965,1.03225206,-0.622995933,-0.429535609,0.380823684,0.531364799
1497535114440510000,106707,0.447694227,2.546401481,1.031281929,-0.621724498,-0.430904428,0.381953503,0.530934594
1497535114450540000,106708,0.441116079,2.543431559,1.030752953,-0.622074121,-0.432113509,0.382572982,0.529093202
1497535114460520000,106709,0.434401899,2.540400807,1.030517088,-0.621621453,-0.432383436,0.382684481,0.529324023
1497535114470480000,106710,0.427917626,2.536825338,1.030000555,-0.621401118,-0.431964943,0.383834083,0.529091992
1497535114480530000,106711,0.421225577,2.533207028,1.030161742,-0.620779146,-0.433073211,0.385265965,0.527874022
1497535114490550000,106712,0.414714869,2.529170111,1.030229355,-0.619869991,-0.433608125,0.386602729,0.527525846
1497535114500550000,106713,0.407735789,2.524967707,1.030681418,-0.619280662,-0.434681611,0.388233169,0.526135311
1497535114510510000,106714,0.400791912,2.520413086,1.03126051,-0.617854413,-0.435680255,0.390546117,0.525273614
1497535114520520000,106715,0.394027219,2.515483449,1.031862617,-0.616361989,-0.437961256,0.392470352,0.523693479
1497535114530540000,106716,0.387435627,2.510127592,1.032696551,-0.614588865,-0.440338505,0.395690758,0.521355303
1497535114540540000,106717,0.381104252,2.504352157,1.03357355,-0.611165033,-0.442244609,0.399443539,0.520904855
1497535114550550000,106718,0.374803441,2.498425226,1.034727828,-0.607395792,-0.444535563,0.40374002,0.520050459
1497535114560580000,106719,0.368480224,2.492472504,1.036199052,-0.603796098,-0.446246483,0.40772009,0.519671701
1497535114570480000,106720,0.362653481,2.485868699,1.037251331,-0.597972787,-0.448680672,0.412591586,0.520463624
1497535114580550000,106721,0.356752892,2.479556898,1.038899295,-0.592878131,-0.451475857,0.417181435,0.520216034
1497535114590550000,106722,0.351236352,2.473002127,1.040113658,-0.587377997,-0.453455068,0.422207807,0.520678555
1497535114600530000,106723,0.345928075,2.466784967,1.041473217,-0.580991987,-0.456278925,0.427141782,0.52135185
1497535114610470000,106724,0.340719374,2.460844455,1.042528012,-0.573735065,-0.458025696,0.432467334,0.523462074
1497535114620530000,106725,0.335871279,2.455176902,1.043312679,-0.568197925,-0.458821,0.436990642,0.525046271
1497535114630550000,106726,0.331267838,2.449912076,1.043758567,-0.562928101,-0.458152952,0.441659664,0.527394129
1497535114640510000,106727,0.326547532,2.44509857,1.0441738,-0.5591071,-0.456021225,0.446065196,0.529593933
1497535114650550000,106728,0.321968986,2.440458685,1.044296747,-0.557239806,-0.452547646,0.450600025,0.530701463
1497535114660520000,106729,0.317158414,2.436285928,1.044835769,-0.555736367,-0.448204252,0.455590505,0.531702295
1497535114670490000,106730,0.312457314,2.431779915,1.0451428,-0.55551875,-0.444816172,0.460350421,0.530674082
1497535114680550000,106731,0.307485084,2.427457356,1.045769546,-0.553690624,-0.442028759,0.466611891,0.529443682
1497535114690550000,106732,0.302697077,2.422547148,1.046332564,-0.553037949,-0.440197563,0.472677469,0.526261478
1497535114700520000,106733,0.297596018,2.417577677,1.047109272,-0.551874691,-0.439447446,0.478651952,0.522697404
1497535114710510000,106734,0.292120167,2.412481977,1.048406098,-0.5516023,-0.439891406,0.484406303,0.517282308
1497535114720520000,106735,0.286817921,2.406772901,1.049327793,-0.548399122,-0.440474765,0.491308649,0.513669346
1497535114730560000,106736,0.28156989,2.400831772,1.050278019,-0.545395264,-0.443551272,0.497525287,0.5082075
1497535114740540000,106737,0.276281745,2.394461338,1.051269798,-0.541751222,-0.446453677,0.503680154,0.503478927
1497535114750540000,106738,0.2710027,2.388039461,1.052532615,0.537044732,0.450090508,-0.510394008,-0.498497188
1497535114760590000,106739,0.26588727,2.381416166,1.053585774,0.531923392,0.454426807,-0.517289505,-0.492915155
1497535114770510000,106740,0.260696343,2.374748155,1.054759008,0.526639957,0.458476744,-0.52386332,-0.487869504
1497535114780490000,106741,0.255806463,2.36780841,1.055710022,-0.521324389,-0.462375224,0.530332508,0.482884525
1497535114790490000,106742,0.251130423,2.360872793,1.056455792,-0.514264716,-0.466763577,0.537481558,0.478306534
1497535114800530000,106743,0.246298832,2.353519412,1.056892709,-0.508645545,-0.470662154,0.543826759,0.473296211
1497535114810460000,106744,0.242112987,2.345905146,1.056783812,-0.501617085,-0.475163126,0.5508277,0.468176407
1497535114820570000,106745,0.23710211,2.338852409,1.057351421,-0.495822658,-0.479371083,0.556546012,0.463270757
1497535114830590000,106746,0.232491476,2.331629543,1.057608987,-0.491063327,-0.48458882,0.562246631,0.455970624
1497535114840490000,106747,0.22759967,2.324499953,1.057803646,-0.486864616,-0.489097176,0.567183784,0.449499002
1497535114850520000,106748,0.222942182,2.317570578,1.058324457,-0.48084836,-0.493817951,0.573007543,0.443385883
1497535114860510000,106749,0.218467196,2.310279814,1.058446382,-0.47625895,-0.498050943,0.577928185,0.437174661
1497535114870580000,106750,0.214000647,2.30325664,1.058847973,-0.470656205,-0.502580699,0.583255035,0.430939604
1497535114880480000,106751,0.209925451,2.296212847,1.059374178,-0.464860979,-0.507351251,0.589273963,0.423385374
1497535114890430000,106752,0.206187558,2.288802716,1.059465856,-0.459012508,-0.510690222,0.594782671,0.418015058
1497535114900480000,106753,0.202468168,2.28166916,1.060007542,-0.45233802,-0.514886146,0.600532524,0.411877725
1497535114910510000,106754,0.19901553,2.274425468,1.06031636,-0.446378836,-0.518809762,0.606481159,0.404676376
1497535114920580000,106755,0.195583032,2.267242289,1.060848476,-0.439851495,-0.522420664,0.612184682,0.398543883
1497535114930490000,106756,0.19238067,2.260265817,1.061520504,-0.433055659,-0.526321739,0.617988499,0.391839813
1497535114940550000,106757,0.18924197,2.253050536,1.061816487,-0.426919093,-0.529852716,0.623065916,0.385726654
1497535114950550000,106758,0.186331152,2.246136046,1.062233386,-0.420086489,-0.532829781,0.628972316,0.379491226
1497535114960540000,106759,0.18347561,2.239020155,1.062436679,-0.41377239,-0.536336764,0.633706056,0.373566484
1497535114970570000,106760,0.180856409,2.231793495,1.062453551,-0.40810762,-0.539126013,0.638434444,0.3676857
1497535114980560000,106761,0.17796497,2.225170006,1.062981594,-0.400596984,-0.542371249,0.643619956,0.362089543
1497535114990570000,106762,0.175270943,2.218098678,1.062957183,-0.394341032,-0.545358408,0.64792682,0.356749483
1497535115000540000,106763,0.172782322,2.211260863,1.063155323,-0.387750934,-0.547939587,0.652660882,0.351347683
1497535115010600000,106764,0.170067582,2.204389025,1.063403029,-0.380584181,-0.55140837,0.656646569,0.346294346
1497535115020490000,106765,0.167602744,2.197407128,1.063153203,-0.375493075,-0.554359538,0.660286823,0.34016432
1497535115030550000,106766,0.164376579,2.19008942,1.063283542,-0.367996773,-0.558935604,0.662103659,0.337324933
1497535115040470000,106767,0.161887407,2.183007248,1.063079306,-0.364708141,-0.562157593,0.664720826,0.330322623
1497535115050550000,106768,0.158902967,2.17620951,1.063419424,-0.35763603,-0.568791773,0.665820496,0.324430972
1497535115060630000,106769,0.156272567,2.169112785,1.063303344,-0.351592549,-0.572122936,0.668062427,0.320547374
1497535115070560000,106770,0.154261286,2.162586533,1.062686084,-0.344285307,-0.57869872,0.669096757,0.314459772
1497535115080540000,106771,0.151257146,2.155993398,1.062688132,-0.338352047,-0.577488222,0.673534914,0.313649432
1497535115090560000,106772,0.148363207,2.148622053,1.061921973,-0.335481094,-0.576434374,0.676792318,0.311653663
1497535115100550000,106773,0.145387666,2.141187284,1.061295045,-0.332002843,-0.575669316,0.679920001,0.309980229
1497535115110530000,106774,0.143490623,2.133709037,1.060160493,-0.328969275,-0.580929366,0.680928459,0.301059333
1497535115120520000,106775,0.140657015,2.126650159,1.059347849,-0.325684841,-0.584018478,0.681805964,0.296635178
1497535115130550000,106776,0.137516868,2.11933665,1.058318476,-0.322327214,-0.587598969,0.68210358,0.29251893
1497535115140450000,106777,0.137580502,2.10709046,1.05619958,-0.322432617,-0.588041646,0.683708675,0.287726742
1497535115150560000,106778,0.134811807,2.099415679,1.05603229,-0.324352189,-0.588977787,0.685204151,0.279993028
1497535115160530000,106779,0.131430085,2.092362855,1.055009307,-0.322123153,-0.590858104,0.685965507,0.276721338
1497535115170560000,106780,0.128577157,2.085164192,1.053809186,-0.32007398,-0.592513775,0.687314727,0.272173731
1497535115180560000,106781,0.125596108,2.07811062,1.052380789,-0.316874463,-0.594997446,0.688382383,0.267765398
1497535115190560000,106782,0.12230031,2.071227864,1.050892786,-0.31366039,-0.596905197,0.689226989,0.265117904
1497535115200530000,106783,0.118917853,2.064233627,1.049423311,-0.31450282,-0.596538017,0.690516203,0.261567856
1497535115210530000,106784,0.115813212,2.057305969,1.048143264,-0.312394187,-0.597088355,0.69186498,0.259264763
1497535115220560000,106785,0.112630918,2.050440817,1.046790431,-0.312004283,-0.596703699,0.693450111,0.25636881
1497535115230560000,106786,0.109139259,2.043687009,1.045397145,-0.310694921,-0.596492292,0.694951074,0.254378884
1497535115240540000,106787,0.105536444,2.036868658,1.044189741,-0.310441968,-0.595353287,0.696554293,0.252967121
1497535115250550000,106788,0.101855145,2.029856323,1.042993965,-0.311172076,-0.593752752,0.698134208,0.251472137
1497535115260530000,106789,0.098031917,2.022775339,1.041812873,-0.311763563,-0.592614954,0.699641367,0.249224708
1497535115270560000,106790,0.094326551,2.015222757,1.040844627,-0.311902272,-0.591119365,0.701211669,0.248187559
1497535115280530000,106791,0.090345002,2.007800618,1.039955914,-0.311567753,-0.589462905,0.703409295,0.246321705
1497535115290560000,106792,0.08646136,2.000094376,1.039248664,-0.31292504,-0.587687746,0.705128152,0.243916627
1497535115300550000,106793,0.082046468,1.992548559,1.03908082,-0.313416146,-0.584974204,0.707222133,0.243746497
1497535115310540000,106794,0.078117458,1.984634545,1.039593099,-0.314305541,-0.583035806,0.708736288,0.242845938
1497535115320540000,106795,0.074306748,1.976872201,1.040671559,-0.314246973,-0.583144026,0.709222726,0.241236419
1497535115330560000,106796,0.070336925,1.969351989,1.041939933,-0.316522329,-0.580574537,0.71042097,0.240933327
1497535115340570000,106797,0.06605079,1.961801091,1.04403529,-0.3183148,-0.580568274,0.70971792,0.240658766
1497535115350530000,106798,0.06165921,1.953822306,1.045909553,-0.319713272,-0.581420072,0.708105255,0.241497559
1497535115360560000,106799,0.057117224,1.945851304,1.047518806,-0.320983115,-0.582379152,0.706632576,0.241815563
1497535115370520000,106800,0.053008216,1.937560606,1.048968724,-0.320834426,-0.584531646,0.704755379,0.242297093
1497535115380620000,106801,0.048377163,1.929649894,1.050141219,-0.322636903,-0.584668061,0.703658132,0.242763096
1497535115390510000,106802,0.044119892,1.92148354,1.050793059,-0.323522542,-0.58547394,0.702102313,0.244142936
1497535115400440000,106803,0.039904459,1.913348856,1.051456919,-0.324401556,-0.586727046,0.700370964,0.244939821
1497535115410560000,106804,0.035349416,1.905815149,1.051682806,-0.326433729,-0.586707912,0.699640099,0.24437385
1497535115420550000,106805,0.031576161,1.897849911,1.051961804,-0.325950901,-0.588804093,0.698060505,0.24449393
1497535115430510000,106806,0.027566507,1.88999624,1.052446238,-0.32557069,-0.591063016,0.696080794,0.245193324
1497535115440470000,106807,0.023697828,1.882423788,1.052570034,-0.324302633,-0.594032909,0.694626305,0.243817558
1497535115450550000,106808,0.020237865,1.874798502,1.052937098,-0.322983283,-0.597786725,0.692204196,0.243282101
1497535115460540000,106809,0.017091115,1.867362169,1.053033611,-0.318911162,-0.602794333,0.68986068,0.242954534
1497535115470580000,106810,0.014111819,1.859965156,1.053473685,-0.316719919,-0.606959759,0.687474893,0.242211921
1497535115480540000,106811,0.011273356,1.852853035,1.053639029,-0.315431443,-0.610435798,0.685869693,0.239695445
1497535115490570000,106812,0.008069994,1.846156332,1.053638537,-0.313973578,-0.613925217,0.68412913,0.237663109
1497535115500530000,106813,0.00595064,1.839114633,1.054162673,-0.311237798,-0.61860586,0.681752668,0.235947289
1497535115510510000,106814,0.00309569,1.832779207,1.054156475,-0.311837637,-0.621127738,0.680379781,0.232467149
1497535115520540000,106815,0.001255754,1.826590261,1.053997213,-0.310717293,-0.622328866,0.680609426,0.230070329
1497535115530560000,106816,-0.000915182,1.820488876,1.054524819,-0.307442683,-0.625250272,0.679648646,0.229387907
1497535115540560000,106817,-0.002977206,1.814535511,1.054197386,-0.307815877,-0.625620921,0.679912515,0.227083291
1497535115550520000,106818,-0.004856639,1.808566097,1.054138596,-0.307369984,-0.627583808,0.679096352,0.224700693
1497535115560530000,106819,-0.00731573,1.803014314,1.054198538,-0.309491696,-0.628238732,0.677764289,0.223978917
1497535115570560000,106820,-0.009955536,1.797478103,1.053923985,-0.311584962,-0.629547914,0.676391692,0.22153671
1497535115580550000,106821,-0.009961766,1.791125842,1.053218723,-0.313177077,-0.632812986,0.673169655,0.219796403
1497535115590460000,106822,-0.012804199,1.785761254,1.053024383,-0.316675825,-0.633275956,0.671463925,0.218664542
1497535115600480000,106823,-0.015500381,1.780463507,1.052951576,-0.318997979,-0.633439135,0.67055922,0.217590174
1497535115610460000,106824,-0.0173476,1.774767965,1.052297684,-0.322336859,-0.635256122,0.667925686,0.21546203
1497535115620550000,106825,-0.019544785,1.769452677,1.052100503,-0.323624867,-0.637127214,0.665511853,0.215475828
1497535115630560000,106826,-0.021821231,1.764037036,1.052078397,-0.323995177,-0.637320426,0.664952578,0.216073756
1497535115640570000,106827,-0.023615616,1.758609434,1.051306444,-0.327362014,-0.63911462,0.662053657,0.214596295
1497535115650570000,106828,-0.02535657,1.753144657,1.050956723,-0.327867854,-0.63970466,0.661174306,0.214776991
1497535115660540000,106829,-0.026952778,1.747695163,1.0503894,-0.328327683,-0.641504265,0.659165452,0.214881637
1497535115670800000,106830,-0.028527391,1.741992608,1.04963861,-0.328085803,-0.64312368,0.657440958,0.215691969
1497535115680540000,106831,-0.029941549,1.736435818,1.048870961,-0.329076909,-0.64579905,0.654790375,0.214246446
1497535115690380000,106832,-0.03163069,1.730810007,1.048127698,-0.329528912,-0.64752135,0.652830812,0.21433322
1497535115700580000,106833,-0.033110239,1.725054797,1.047306697,-0.329152608,-0.649800004,0.650633208,0.214697331
1497535115710570000,106834,-0.034606694,1.719411531,1.046369822,0.330709136,0.651711408,-0.648200845,-0.213867651
1497535115720550000,106835,-0.035660852,1.713511756,1.045497072,0.331427981,0.654579763,-0.645062173,-0.213484473
1497535115730570000,106836,-0.036940554,1.707672858,1.044623071,0.332326787,0.656501059,-0.642705487,-0.213295389
1497535115740580000,106837,-0.038216205,1.701990512,1.043695277,0.333920322,0.658271506,-0.640454584,-0.212117347
1497535115750580000,106838,-0.039439569,1.696068356,1.042941461,0.33502099,0.659721547,-0.638580793,-0.211525381
1497535115760560000,106839,-0.040664074,1.689984057,1.042159488,0.337065572,0.661779736,-0.635522691,-0.211057554
1497535115770570000,106840,-0.041138752,1.683324634,1.041341548,0.333847271,0.665141815,-0.63333902,-0.212165153
1497535115780560000,106841,-0.042158432,1.676898619,1.040634146,0.332564512,0.667075575,-0.631663511,-0.213101455
1497535115790580000,106842,-0.043098598,1.670270783,1.039443635,0.332905812,0.669994173,-0.628722753,-0.212106645
1497535115800560000,106843,-0.043827997,1.663261446,1.038243027,0.333701328,0.673048725,-0.625744235,-0.209983307
1497535115810550000,106844,-0.044729793,1.656428002,1.037142308,0.333914114,0.675135404,-0.623617834,-0.20927099
1497535115820580000,106845,-0.045828658,1.649428526,1.036299069,0.332342454,0.677034837,-0.621677018,-0.211400115
1497535115830570000,106846,-0.046063889,1.642096061,1.034939596,0.330209178,0.680453061,-0.619105427,-0.211314933
1497535115840520000,106847,-0.046615526,1.634943276,1.03384767,0.328968985,0.682504839,-0.617176722,-0.212272102
1497535115850580000,106848,-0.047356321,1.627845377,1.032308699,0.331782031,0.684756252,-0.613672892,-0.210796442
1497535115860520000,106849,-0.047525447,1.620390452,1.030994004,0.330597261,0.687422402,-0.611161654,-0.211275473
1497535115870570000,106850,-0.046588717,1.612547172,1.029458726,0.325044052,0.689442014,-0.610156895,-0.216158821
1497535115880540000,106851,-0.04732079,1.605371388,1.028378472,0.32476726,0.690446098,-0.608611796,-0.217720221
1497535115890570000,106852,-0.04784543,1.598069774,1.027094601,0.324257478,0.692428644,-0.606388456,-0.218386586
1497535115900580000,106853,-0.048214676,1.590876581,1.025794031,0.324681508,0.693504549,-0.604508954,-0.219550184
1497535115910520000,106854,-0.048580135,1.583801824,1.024666716,0.325314768,0.694304692,-0.602927032,-0.220432056
1497535115920550000,106855,-0.048659301,1.576644053,1.023360846,0.325783348,0.694530057,-0.601940384,-0.221722765
1497535115930570000,106856,-0.048869088,1.569218262,1.022077708,0.326548872,0.695229466,-0.600404717,-0.222566841
1497535115940520000,106857,-0.049092733,1.561828297,1.020962644,0.327130947,0.695827934,-0.599319128,-0.222767622
1497535115950590000,106858,-0.048976266,1.554181344,1.019790769,0.327514317,0.696541826,-0.598354272,-0.222566892
1497535115960520000,106859,-0.049037714,1.54640478,1.018725451,0.327433337,0.697032019,-0.597574989,-0.223244053
1497535115970580000,106860,-0.048635045,1.538474307,1.017575508,0.327561781,0.697417258,-0.596810669,-0.22389612
1497535115980540000,106861,-0.048185958,1.530367924,1.016488251,0.327816182,0.697952854,-0.595886378,-0.224316268
1497535115990580000,106862,-0.047773958,1.522202947,1.01559962,0.328156852,0.697881413,-0.595312524,-0.225560661
1497535116000550000,106863,-0.047085877,1.51373586,1.014626852,0.328263084,0.69820497,-0.594557405,-0.226394921
1497535116010440000,106864,-0.046668175,1.505149762,1.014021702,0.328115654,0.698348332,-0.594318093,-0.226794466
1497535116020570000,106865,-0.046070296,1.496453815,1.013430279,0.328966973,0.69762669,-0.594200653,-0.228086205
1497535116030550000,106866,-0.045417847,1.487594497,1.013053011,0.33001553,0.697198912,-0.593551793,-0.229564143
1497535116040540000,106867,-0.044998791,1.478583643,1.01295851,0.329954307,0.696955203,-0.593307138,-0.231019999
1497535116050560000,106868,-0.044187003,1.469371757,1.012926199,0.330663261,0.695351824,-0.594106689,-0.232776482
1497535116060500000,106869,-0.043444849,1.459963169,1.012968742,0.33061358,0.694535536,-0.594588763,-0.234049679
1497535116070470000,106870,-0.042982464,1.450544575,1.01340963,0.330775746,0.693780041,-0.595437474,-0.23390356
1497535116080490000,106871,-0.042067741,1.441039784,1.01375416,0.330812317,0.693131318,-0.596190674,-0.23385651
1497535116090600000,106872,-0.041196268,1.431573636,1.014440541,0.330860963,0.691230931,-0.598333826,-0.233939001
1497535116100550000,106873,-0.040134545,1.421877438,1.015283064,0.330667448,0.689724101,-0.600687404,-0.232624903
1497535116110490000,106874,-0.039267378,1.41238481,1.016238676,0.330428509,0.688161003,-0.603024377,-0.231544888
1497535116120550000,106875,-0.037959735,1.402986424,1.017599887,0.329402502,0.686048116,-0.606410729,-0.230430035
1497535116130560000,106876,-0.03681285,1.393425189,1.018922655,0.328110185,0.684022315,-0.609911721,-0.229052114
1497535116140570000,106877,-0.035100127,1.384276959,1.020326231,0.326680863,0.680677815,-0.614707163,-0.22823766
1497535116150560000,106878,-0.033712015,1.375139361,1.021846024,0.324351923,0.679971924,-0.617708909,-0.225543159
1497535116160490000,106879,-0.032342679,1.366204985,1.023412343,0.320772892,0.676911245,-0.623499624,-0.223928866
1497535116170580000,106880,-0.030871744,1.357554119,1.024808397,0.318103498,0.674669105,-0.627856832,-0.222323104
1497535116180570000,106881,-0.02956443,1.3492178,1.026394125,0.315718189,0.671177908,-0.633011437,-0.221672646
1497535116190570000,106882,-0.028484747,1.341160173,1.027882455,0.313314506,0.668968838,-0.636923508,-0.220551942
1497535116200550000,106883,-0.027326739,1.333302815,1.029393394,0.31162889,0.665467613,-0.641607483,-0.219954832
1497535116210550000,106884,-0.026557792,1.325791273,1.03097466,0.311008281,0.661259662,-0.646143095,-0.220246699
1497535116220570000,106885,-0.025762008,1.318607732,1.03256669,0.31168133,0.655736968,-0.651398308,-0.22032708
1497535116230550000,106886,-0.035300971,1.310628004,1.03502042,-0.337466296,-0.62588465,0.654925782,0.2558459
1497535116240550000,106887,-0.034917621,1.303555931,1.03664477,-0.341436176,-0.61918178,0.658625174,0.257387144
1497535116250560000,106888,-0.034322289,1.296618937,1.038777379,-0.348066934,-0.612303031,0.662124273,0.255980184
1497535116260460000,106889,-0.034319795,1.290342323,1.040532468,-0.349870018,-0.60616289,0.666527168,0.256708113
1497535116270570000,106890,-0.034219664,1.284013667,1.041990085,-0.352746577,-0.600618838,0.669630694,0.257723876
1497535116280540000,106891,-0.032906448,1.279119167,1.044285403,-0.34727196,-0.60483959,0.673660024,0.244445144
1497535116290560000,106892,-0.033146536,1.272511739,1.045193636,-0.352570194,-0.598964861,0.67404084,0.250208512
1497535116300570000,106893,-0.033424583,1.265926271,1.046649979,-0.358521769,-0.590186722,0.677202587,0.254044153
1497535116310560000,106894,-0.033398357,1.25981694,1.048815131,-0.358644485,-0.586970422,0.680680166,0.252020571
1497535116320550000,106895,-0.032469722,1.254165177,1.050308403,-0.35806642,-0.586896448,0.682948372,0.246824877
1497535116330530000,106896,-0.031581739,1.248601407,1.052008517,-0.350736322,-0.588292515,0.687084708,0.242508871
1497535116340590000,106897,-0.03167158,1.242150015,1.053266963,-0.351204436,-0.581475873,0.691191001,0.246568964
1497535116350520000,106898,-0.030889543,1.236472429,1.055878256,-0.344299937,-0.582336564,0.69688965,0.238089259
1497535116360490000,106899,-0.029758475,1.23363062,1.058347726,-0.321430549,-0.603937739,0.698214251,0.210804341
1497535116370550000,106900,-0.030998724,1.22283488,1.0584814,-0.348698499,-0.570363484,0.702323066,0.244616362
1497535116380610000,106901,-0.031212148,1.215677424,1.058780594,-0.353873372,-0.566649353,0.699991262,0.252377456
1497535116390560000,106902,-0.029497101,1.210698817,1.059960834,-0.342460523,-0.573032584,0.704937165,0.239620618
1497535116400530000,106903,-0.028399204,1.204759657,1.060631142,-0.336136395,-0.57755137,0.705892633,0.234866619
1497535116410540000,106904,-0.029549008,1.197392296,1.061127357,-0.345069125,-0.567675629,0.70652931,0.243901648
1497535116420540000,106905,-0.027651061,1.19218355,1.062219708,-0.332407884,-0.571848511,0.7132518,0.231875285
1497535116430570000,106906,-0.027003548,1.185860195,1.062919242,-0.332499772,-0.574482862,0.712578213,0.227256756
1497535116440540000,106907,-0.027413255,1.179248099,1.06300689,-0.329917424,-0.571449558,0.714731002,0.231860933
1497535116450560000,106908,-0.028055055,1.171932249,1.063365273,-0.335368659,-0.563565861,0.716250173,0.238552034
1497535116460570000,106909,-0.027934436,1.165193628,1.063567254,-0.335907562,-0.564130602,0.715365715,0.239112249
1497535116470580000,106910,-0.0277376,1.159033998,1.064270765,-0.330827585,-0.56599957,0.71794441,0.233994489
1497535116480560000,106911,-0.026864711,1.152899566,1.063734716,-0.327197756,-0.568675736,0.718251761,0.231654794
1497535116490570000,106912,-0.02598995,1.146972157,1.063387673,-0.320133057,-0.574216375,0.718986025,0.225498284
1497535116500490000,106913,-0.025679294,1.140834597,1.063663669,-0.315696574,-0.577021148,0.720462289,0.219809825
1497535116510560000,106914,-0.025409417,1.133709099,1.062331624,-0.318785768,-0.576571314,0.7183706,0.223349134
1497535116520530000,106915,-0.026603552,1.126078086,1.06230923,-0.319717719,-0.573074009,0.718757143,0.229684414
1497535116530580000,106916,-0.025906216,1.119430715,1.062467262,-0.316627401,-0.578532244,0.71823575,0.221776776
1497535116540580000,106917,-0.025182403,1.112447798,1.061058548,-0.315191818,-0.577481116,0.719278356,0.223177787
1497535116550580000,106918,-0.024803515,1.109788483,1.061523228,-0.281906102,-0.604036844,0.719508599,0.19487385
1497535116560550000,106919,-0.025434129,1.097667952,1.059662755,-0.315242114,-0.57995481,0.716452019,0.225768316
1497535116570570000,106920,-0.023939237,1.092160164,1.058132401,-0.303711435,-0.589121453,0.717379215,0.214621384
1497535116580580000,106921,-0.025526839,1.086109471,1.059164308,-0.293814119,-0.5980516,0.717243113,0.20388689
1497535116590580000,106922,-0.023680668,1.078171256,1.055978957,-0.300726216,-0.595078614,0.715466496,0.208693265
1497535116600590000,106923,-0.025027285,1.069681371,1.05462671,-0.306152896,-0.588297706,0.716153505,0.217486482
1497535116610580000,106924,-0.024349991,1.064111869,1.052324037,-0.295734343,-0.595214667,0.7171119,0.209788517
1497535116620540000,106925,-0.025182896,1.056000883,1.051151922,-0.302581132,-0.591783221,0.715969515,0.213599933
1497535116630580000,106926,-0.025102099,1.049646413,1.050210624,-0.300702901,-0.593528515,0.717740714,0.205304493
1497535116640550000,106927,-0.026881139,1.041667383,1.048490603,-0.305430007,-0.588149549,0.717458095,0.214584483
1497535116650520000,106928,-0.026231264,1.039785888,1.048177251,-0.274747373,-0.61350822,0.717908242,0.180912413
1497535116660570000,106929,-0.027508205,1.028442078,1.046093367,-0.307056924,-0.589834259,0.717548123,0.207210724
1497535116670580000,106930,-0.026537309,1.027186233,1.045578305,-0.271961737,-0.615518287,0.719246068,0.172797988
1497535116680550000,106931,-0.029321216,1.01423752,1.043571502,-0.313908287,-0.580967993,0.720084689,0.213109877
1497535116690580000,106932,-0.028750374,1.009490306,1.042271715,-0.300705965,-0.588462137,0.723010265,0.201356382
1497535116700610000,106933,-0.030947402,1.002550986,1.042955701,-0.308151967,-0.588458829,0.72062063,0.198656685
1497535116710560000,106934,-0.03011203,0.99575029,1.039944646,-0.304446306,-0.582125464,0.725636846,0.204679161
1497535116720550000,106935,-0.032137837,0.989229349,1.040880665,-0.308444091,-0.585204374,0.723727585,0.196510727
1497535116730560000,106936,-0.032336982,0.980930524,1.037674724,-0.309634052,-0.573894043,0.72807864,0.211361955
1497535116740540000,106937,-0.034173804,0.974778957,1.038838723,-0.309673852,-0.58305812,0.725492212,0.194438642
1497535116750560000,106938,-0.033095993,0.970840277,1.037130329,-0.27898863,-0.59883801,0.729901678,0.175504763
1497535116760540000,106939,-0.033974742,0.962877182,1.036018784,-0.279822519,-0.596584293,0.731532342,0.175062763
1497535116770610000,106940,-0.036945041,0.949141612,1.0346604,-0.317575505,-0.56674312,0.730399019,0.210867986
1497535116780590000,106941,-0.036970641,0.94162601,1.033713103,-0.310147812,-0.570844449,0.732371861,0.203902937
1497535116790580000,106942,-0.03910012,0.932347068,1.033251805,-0.317246136,-0.56522683,0.731753998,0.210735868
1497535116800640000,106943,-0.038533482,0.92878941,1.033597213,-0.284001729,-0.59262419,0.73281048,0.176432389
1497535116810600000,106944,-0.040227484,0.915734283,1.032496411,-0.310913149,-0.568402804,0.733382702,0.205915221
1497535116820550000,106945,-0.043623669,0.905170877,1.033160117,-0.326134607,-0.557977408,0.730589982,0.220308214
1497535116830530000,106946,-0.042099557,0.902386684,1.034300799,-0.283851317,-0.594686038,0.730114466,0.180858542
1497535116840560000,106947,-0.043379955,0.893605619,1.035283515,-0.283075442,-0.595486755,0.72896751,0.18403855
1497535116850590000,106948,-0.044518014,0.885076843,1.036830245,-0.282117468,-0.596901015,0.727499702,0.186716617
1497535116860590000,106949,-0.046111252,0.87659343,1.038572051,-0.280832931,-0.598405644,0.725918323,0.189963516
1497535116870580000,106950,-0.048082362,0.868137462,1.040398386,-0.282030112,-0.600016786,0.723620502,0.191865164
1497535116880560000,106951,-0.049758212,0.859818126,1.042063159,-0.283955061,-0.599744672,0.722456353,0.194248989
1497535116890580000,106952,-0.051625489,0.851627594,1.043622149,-0.286645754,-0.598848533,0.721233942,0.197575929
1497535116900590000,106953,-0.052262202,0.843744792,1.043990842,-0.292742345,-0.599063801,0.717805724,0.200448061
1497535116910570000,106954,-0.055922989,0.835426152,1.046232215,-0.29204327,-0.59686863,0.71827612,0.206247381
1497535116920520000,106955,-0.058217161,0.827393763,1.047538552,-0.296261482,-0.596345283,0.716150035,0.209118542
1497535116930560000,106956,-0.060333636,0.819489361,1.048845924,-0.29932668,-0.596317134,0.71392191,0.212426274
1497535116940570000,106957,-0.062858682,0.811619605,1.049682679,-0.303363328,-0.597562875,0.710289656,0.215355305
1497535116950590000,106958,-0.06809059,0.798400438,1.049595936,-0.344967832,-0.56332148,0.704692912,0.258986495
1497535116960610000,106959,-0.071994897,0.791728537,1.052517093,-0.339563933,-0.574218172,0.700962939,0.25223161
1497535116970590000,106960,-0.069355076,0.78899407,1.051685424,-0.31086607,-0.603115046,0.699962656,0.222860512
1497535116980590000,106961,-0.071116629,0.78159805,1.051998553,-0.313754649,-0.606662559,0.69557044,0.222935692
1497535116990490000,106962,-0.072971585,0.774392638,1.05252253,-0.316050383,-0.609136637,0.692075253,0.223822605
1497535117000570000,106963,-0.074651208,0.767296813,1.052798522,-0.316759431,-0.611032984,0.689591211,0.225313374
1497535117010560000,106964,-0.07559922,0.757605483,1.050803447,-0.33724168,-0.592355848,0.688097442,0.248806167
1497535117020520000,106965,-0.080677734,0.748279054,1.052822363,-0.355187091,-0.578086873,0.684474457,0.266744101
1497535117030560000,106966,-0.077731274,0.74746622,1.053590331,-0.315022127,-0.615120274,0.686531094,0.225971601
1497535117040560000,106967,-0.078583258,0.741268887,1.05409121,-0.314748127,-0.617466016,0.685271038,0.223769836
1497535117050580000,106968,-0.079518732,0.735158607,1.054334285,-0.313648546,-0.618922908,0.684537812,0.223533012
1497535117060550000,106969,-0.080276267,0.729116333,1.054587128,-0.313673073,-0.619393829,0.683808607,0.224424323
1497535117070580000,106970,-0.081240712,0.723299006,1.05467075,-0.31411024,-0.620000366,0.683216895,0.223939674
1497535117080550000,106971,-0.082490551,0.717478895,1.054898863,-0.314931086,-0.623804766,0.680042138,0.221875451
1497535117090580000,106972,-0.083315925,0.711845561,1.054732144,-0.315832111,-0.625172404,0.678393199,0.22179317
1497535117100490000,106973,-0.084449944,0.706191433,1.055181912,-0.317406751,-0.625970979,0.676743278,0.222332689
1497535117110500000,106974,-0.085373873,0.70071528,1.055123397,-0.31779374,-0.627868115,0.674842763,0.222207142
1497535117120570000,106975,-0.08645133,0.695270866,1.054910401,-0.319315666,-0.629056221,0.672680523,0.223218929
1497535117130580000,106976,-0.08731335,0.68993026,1.054955797,-0.321074241,-0.629775957,0.671077745,0.223491022
1497535117140560000,106977,-0.088023564,0.684565084,1.05512986,-0.321781177,-0.630898817,0.669453656,0.224177072
1497535117150450000,106978,-0.088724914,0.679148304,1.054970698,-0.322119146,-0.631665564,0.668085756,0.225608718
1497535117160650000,106979,-0.089042829,0.673617718,1.054927623,-0.323646594,-0.63238092,0.666492397,0.226130802
1497535117170600000,106980,-0.089992473,0.667903338,1.055021139,-0.324300367,-0.635220707,0.663631181,0.225649243
1497535117180560000,106981,-0.090106506,0.662093863,1.054707873,-0.324320217,-0.635456886,0.663213069,0.22618437
1497535117190590000,106982,-0.09036081,0.656082272,1.054445932,-0.323621225,-0.63800577,0.661255354,0.22574166
1497535117200570000,106983,-0.090685041,0.65001712,1.053988524,-0.323252717,-0.640350849,0.659116751,0.225883995
1497535117210590000,106984,-0.091352268,0.643728583,1.054074388,-0.323079436,-0.643958821,0.655826348,0.225451806
1497535117220600000,106985,-0.091414529,0.637630055,1.053147125,-0.322668092,-0.646602154,0.653661885,0.224760089
1497535117230580000,106986,-0.091676495,0.63147121,1.052627368,-0.322973898,-0.649383795,0.650934024,0.224217407
1497535117240510000,106987,-0.087646306,0.626014553,1.048579814,0.312482675,0.656107957,-0.649605767,-0.223359068
1497535117250600000,106988,-0.0878391,0.619906367,1.047443838,0.32406116,0.657671752,-0.642255699,-0.223516998
1497535117260620000,106989,-0.093238327,0.612469174,1.049867237,0.324275215,0.656030145,-0.643153203,-0.225441768
1497535117270600000,106990,-0.093936958,0.606025603,1.048943141,0.32573796,0.657887552,-0.640303006,-0.226032765
1497535117280570000,106991,-0.091287085,0.599494741,1.045492277,0.323908731,0.664554441,-0.635147714,-0.223691551
1497535117290530000,106992,-0.091422217,0.592741674,1.043652929,0.32741391,0.666262129,-0.631355082,-0.224244661
1497535117300600000,106993,-0.095832997,0.58542481,1.044900491,0.32815408,0.6691061,-0.628154914,-0.223681315
1497535117310570000,106994,-0.093006713,0.578631955,1.040502174,0.324978683,0.672951847,-0.625927207,-0.223024212
1497535117320570000,106995,-0.093862066,0.570692424,1.038877777,0.33153486,0.676255908,-0.619524627,-0.221250582
1497535117330570000,106996,-0.097059144,0.562376156,1.038752008,0.329703732,0.681203055,-0.615489801,-0.220068517
1497535117340530000,106997,-0.09467655,0.555494403,1.034011209,0.343226434,0.681222691,-0.608770838,-0.218012218
1497535117350590000,106998,-0.095984481,0.547076468,1.032481519,0.342655291,0.685468484,-0.605066413,-0.215904944
1497535117360550000,106999,-0.09653959,0.538773335,1.030462524,0.343559088,0.688417071,-0.60186919,-0.214015345
1497535117370570000,107000,-0.0972828,0.530281689,1.029061937,0.342037764,0.691037849,-0.600228988,-0.212607669
1497535117380580000,107001,-0.097772955,0.521875345,1.02745797,0.341594819,0.691457768,-0.599657574,-0.213564809
1497535117390540000,107002,-0.097405439,0.513875789,1.026085464,0.33900225,0.69447929,-0.598388491,-0.211440783
1497535117400600000,107003,-0.093445104,0.506927227,1.022401844,0.330977823,0.699254716,-0.598519539,-0.208016548
1497535117410520000,107004,-0.093345109,0.498829205,1.021456506,0.331064853,0.699670404,-0.598069199,-0.207775413
1497535117420590000,107005,-0.092823243,0.49089623,1.020344864,0.330975117,0.698112717,-0.599619532,-0.208687623
1497535117430600000,107006,-0.092688267,0.482825508,1.019424134,0.330963902,0.69716563,-0.600613482,-0.209012976
1497535117440580000,107007,-0.092709424,0.474528481,1.018498321,0.33077515,0.696787389,-0.60149727,-0.208029249
1497535117450550000,107008,-0.092116306,0.466153505,1.017216202,0.332411453,0.696256307,-0.601601581,-0.20689446
1497535117460700000,107009,-0.091809022,0.457495988,1.016079635,0.332913162,0.696235348,-0.60185988,-0.205401684
1497535117470540000,107010,-0.091803762,0.448461135,1.015078554,0.331555767,0.696278648,-0.603234325,-0.203408869
1497535117480500000,107011,-0.091484628,0.439273519,1.014081797,0.328402792,0.697991937,-0.603620851,-0.201496229
1497535117490550000,107012,-0.090502752,0.430186094,1.012834343,0.328069976,0.698236764,-0.603902426,-0.200343138
1497535117500600000,107013,-0.088859209,0.42105562,1.011491194,0.327983841,0.698593507,-0.603598305,-0.200156932
1497535117510590000,107014,-0.088393082,0.411520299,1.010795755,0.328106713,0.698574177,-0.603416772,-0.200569946
1497535117520580000,107015,-0.087724613,0.401903346,1.010183637,0.326058716,0.699509322,-0.603443456,-0.20057023
1497535117530600000,107016,-0.086739828,0.39226144,1.009384531,0.32564974,0.699136915,-0.603709612,-0.201728843
1497535117540550000,107017,-0.086337441,0.382245621,1.009179221,0.324945357,0.700049308,-0.60293064,-0.20203001
1497535117550810000,107018,-0.08508325,0.372205281,1.008907031,0.325316907,0.700418234,-0.602250189,-0.202182879
1497535117560560000,107019,-0.084001612,0.362018568,1.008965469,0.325785214,0.700668929,-0.601601861,-0.202490115
1497535117570590000,107020,-0.082989952,0.351527945,1.009466836,0.324642674,0.700370811,-0.602366074,-0.203083665
1497535117580590000,107021,-0.081479902,0.341030854,1.00982048,0.324046576,0.700404083,-0.60240041,-0.203817771
1497535117590590000,107022,-0.080525593,0.33028313,1.010776725,0.322653408,0.699939708,-0.603670187,-0.203866354
1497535117600580000,107023,-0.079565803,0.319360095,1.011681874,0.319830855,0.698978419,-0.606162504,-0.204216582
1497535117610580000,107024,-0.077927416,0.308396222,1.012560295,0.319932158,0.697897933,-0.607486775,-0.203817829
1497535117620580000,107025,-0.076337498,0.297449893,1.013286053,0.319128268,0.697422992,-0.609078295,-0.201945411
1497535117630590000,107026,-0.07486054,0.286660871,1.014107783,0.317346396,0.696649955,-0.611456957,-0.200226112
1497535117640590000,107027,-0.073867936,0.275983748,1.015530777,0.316296047,0.695218128,-0.614221562,-0.19839465
1497535117650580000,107028,-0.072587366,0.265515218,1.016793388,0.315103363,0.693053565,-0.618051065,-0.195957926
1497535117660580000,107029,-0.070929408,0.255424413,1.017791337,0.312968664,0.690801737,-0.62241103,-0.19351508
1497535117670600000,107030,-0.069404219,0.245532198,1.018998623,0.31182999,0.687495783,-0.627125722,-0.191898237
1497535117680570000,107031,-0.068485757,0.235971733,1.020307946,0.307517742,0.683797451,-0.633771966,-0.190228759
1497535117690600000,107032,-0.066680726,0.226827005,1.021115004,0.305389017,0.681268554,-0.638246865,-0.187754213
1497535117700610000,107033,-0.065565694,0.217795663,1.022294489,0.303198875,0.676352674,-0.644873343,-0.186429271
1497535117710580000,107034,-0.066483455,0.208482472,1.024780547,0.291353939,0.66960125,-0.657309429,-0.186256177
1497535117720580000,107035,-0.062978409,0.200805812,1.023997013,0.29837678,0.66677925,-0.657365994,-0.185058583
1497535117730580000,107036,-0.061914021,0.192608076,1.025121682,-0.297256977,-0.660751411,0.663938958,0.185016005
1497535117740540000,107037,-0.060776265,0.184667104,1.026056086,-0.297155485,-0.655544665,0.669420988,0.183943881
1497535117750610000,107038,-0.059725782,0.176943059,1.027234502,-0.29741708,-0.649838088,0.674986854,0.183429243
1497535117760580000,107039,-0.058756052,0.169485255,1.028320938,-0.298100599,-0.644050089,0.680325361,0.183010709
1497535117770600000,107040,-0.057921788,0.162139892,1.029639259,-0.299149749,-0.638166272,0.685564323,0.182358977
1497535117780610000,107041,-0.057651727,0.154892443,1.031266467,-0.301973957,-0.632879397,0.689432522,0.181543924
1497535117790620000,107042,-0.057222698,0.147882945,1.032837083,-0.303167992,-0.626682679,0.694595861,0.181368625
1497535117800660000,107043,-0.056739167,0.140985385,1.03421848,-0.304478061,-0.621300817,0.698925209,0.181057882
1497535117810580000,107044,-0.05664561,0.134136217,1.036060925,-0.30599556,-0.616028814,0.703234412,0.179823743
1497535117820560000,107045,-0.056544712,0.127228624,1.038027914,-0.308911454,-0.610559807,0.706700749,0.179901327
1497535117830560000,107046,-0.056186092,0.120332354,1.03974698,-0.309655372,-0.605352805,0.710901799,0.179666818
1497535117840540000,107047,-0.055918882,0.113295166,1.041619758,-0.309712361,-0.600675962,0.714920684,0.179318315
1497535117850560000,107048,-0.055438272,0.10622842,1.043577199,-0.309529651,-0.596524459,0.718501371,0.179180761
1497535117860620000,107049,-0.055083638,0.098775979,1.045541525,-0.308320059,-0.593935604,0.721449292,0.1780173
1497535117870620000,107050,-0.054701658,0.091111856,1.047393004,-0.306680154,-0.590761343,0.724608914,0.178578388
1497535117880580000,107051,-0.054197477,0.083173085,1.049099885,-0.305317179,-0.588359652,0.727269494,0.178026466
1497535117890600000,107052,-0.053721021,0.074989903,1.050740309,-0.301894655,-0.586799488,0.730006709,0.177809399
1497535117900610000,107053,-0.053017807,0.066706343,1.052066709,-0.29904508,-0.585549195,0.732435926,0.176753486
1497535117910590000,107054,-0.052388353,0.058262611,1.053526977,-0.295912477,-0.585399299,0.733905404,0.17642654
1497535117920590000,107055,-0.051672866,0.049744093,1.054492618,-0.292933474,-0.584699836,0.735885115,0.175468457
1497535117930610000,107056,-0.050831461,0.041126434,1.055457006,-0.289513409,-0.584911065,0.737198178,0.174928208
1497535117940640000,107057,-0.050204318,0.032385817,1.056102856,-0.286455136,-0.585498614,0.738136073,0.174040129
1497535117950610000,107058,-0.049483511,0.023623674,1.056461969,-0.283852505,-0.585322727,0.739502484,0.173092858
1497535117960660000,107059,-0.048911928,0.014783992,1.056707189,-0.28087766,-0.586391622,0.740105397,0.17174576
1497535117970610000,107060,-0.048298783,0.005800353,1.056352763,-0.27867898,-0.587749716,0.740121028,0.170614073
1497535117980600000,107061,-0.047959289,-0.003158407,1.055907242,-0.276722122,-0.587927478,0.740965771,0.169516592
1497535117990600000,107062,-0.047510867,-0.012336692,1.054834146,-0.274726106,-0.59087123,0.739752122,0.167820008
1497535118000580000,107063,-0.047204413,-0.021656529,1.053493739,-0.273045649,-0.592473237,0.739445151,0.166260054
1497535118010580000,107064,-0.046930242,-0.031178458,1.051624061,-0.27263806,-0.595567851,0.73742305,0.164847408
1497535118020590000,107065,-0.046885222,-0.040729076,1.049565399,-0.270857392,-0.59836249,0.73602689,0.163899423
1497535118030590000,107066,-0.046757814,-0.050640472,1.046914664,-0.269584771,-0.601308625,0.734320194,0.162867559
1497535118040560000,107067,-0.046676266,-0.060573636,1.044282914,-0.267537869,-0.605455601,0.731904407,0.161749629
1497535118050580000,107068,-0.046715009,-0.070755501,1.041442794,-0.264882481,-0.609023252,0.730174022,0.160542353
1497535118060510000,107069,-0.046807491,-0.081131029,1.038561622,-0.26207547,-0.612005479,0.728996275,0.159154555
1497535118070630000,107070,-0.04714063,-0.091757314,1.035721927,-0.25919063,-0.614968133,0.727720282,0.158295937
1497535118080560000,107071,-0.047424792,-0.102453822,1.033002335,-0.256761468,-0.617824986,0.726409216,0.15714798
1497535118090620000,107072,-0.047605739,-0.112986809,1.030444967,-0.254979166,-0.620001871,0.725564153,0.155370409
1497535118100620000,107073,-0.047519978,-0.123232275,1.027867084,-0.253791238,-0.62201487,0.724801147,0.152809709
1497535118110590000,107074,-0.047481644,-0.133113493,1.025538359,-0.25240932,-0.621506318,0.726122984,0.150880234
1497535118120540000,107075,-0.047295565,-0.142606048,1.023259665,-0.250473593,-0.6203938,0.728224537,0.148537995
1497535118130600000,107076,-0.047006366,-0.15195838,1.021550009,-0.248103338,-0.618189837,0.731174946,0.147204813
1497535118140620000,107077,-0.046871565,-0.161617424,1.020251916,-0.245573776,-0.61608353,0.73377321,0.147348164
1497535118150630000,107078,-0.04687567,-0.171741837,1.019036092,-0.243103074,-0.614223225,0.736075463,0.147728256
1497535118160590000,107079,-0.047314973,-0.182249377,1.018315242,-0.241099841,-0.612261449,0.738232665,0.148389076
1497535118170620000,107080,-0.047788466,-0.193165706,1.017475637,-0.241101704,-0.609048685,0.740851653,0.148554689
1497535118180590000,107081,-0.048528166,-0.204295448,1.016906131,-0.241637267,-0.605796009,0.743384376,0.148331709
1497535118190620000,107082,-0.049068885,-0.215687389,1.016144366,-0.242019117,-0.602673584,0.746170028,0.146429463
1497535118200600000,107083,-0.049799439,-0.22749023,1.015670097,-0.242929814,-0.599946489,0.748148918,0.146022302
1497535118210590000,107084,-0.05042363,-0.239479773,1.015433193,-0.241904299,-0.597727766,0.750557349,0.144455855
1497535118220610000,107085,-0.050996119,-0.251646255,1.015719982,-0.240076886,-0.598339394,0.751066214,0.142311629
1497535118230610000,107086,-0.051656729,-0.26369358,1.01654499,-0.237028979,-0.59836576,0.751997897,0.14238976
1497535118240590000,107087,-0.052530695,-0.275577616,1.01821515,-0.235489917,-0.599217806,0.751676297,0.143056857
1497535118250600000,107088,-0.053692572,-0.287077571,1.020525665,-0.235260157,-0.601343732,0.749774479,0.144487387
1497535118260600000,107089,-0.055184192,-0.298429782,1.023050555,-0.23557666,-0.604008421,0.747343163,0.145449858
1497535118270620000,107090,-0.057264837,-0.309678237,1.02590749,-0.236887678,-0.60674543,0.74461779,0.145905989
1497535118280580000,107091,-0.059782318,-0.320558522,1.028830577,-0.238525277,-0.609179865,0.742058047,0.146135005
1497535118290620000,107092,-0.062400869,-0.331207003,1.03169971,-0.241198161,-0.609948774,0.740244048,0.147731818
1497535118300610000,107093,-0.065092014,-0.341588415,1.034136057,-0.245848049,-0.610078238,0.738259173,0.149454588
1497535118310610000,107094,-0.0676873,-0.351663534,1.036157588,-0.250778327,-0.60898681,0.736654474,0.153575656
1497535118320580000,107095,-0.070227031,-0.361658467,1.037870165,-0.256003114,-0.608061983,0.73479499,0.157478104
1497535118330580000,107096,-0.07254404,-0.371452233,1.039180781,-0.261249258,-0.607028025,0.733092554,0.1607517
1497535118340620000,107097,-0.074538824,-0.381124488,1.040248626,-0.264842437,-0.605265681,0.732160848,0.165687754
1497535118350630000,107098,-0.076139167,-0.390837062,1.041088978,-0.266279855,-0.606041417,0.730066931,0.169738373
1497535118360590000,107099,-0.077352638,-0.400336348,1.041968737,-0.265397742,-0.607641706,0.728366205,0.172679665
1497535118370550000,107100,-0.078517368,-0.409890862,1.042567295,-0.264027095,-0.611738735,0.72542865,0.172680882
1497535118380540000,107101,-0.079607427,-0.419099719,1.043480241,-0.261803504,-0.615169727,0.723103878,0.173625788
1497535118390610000,107102,-0.08077075,-0.428371574,1.044087919,-0.261170816,-0.621489962,0.718295655,0.172021466
1497535118400590000,107103,-0.082045798,-0.437565906,1.044638469,-0.261036392,-0.625721487,0.714875172,0.171131855
1497535118410620000,107104,-0.083306757,-0.446287523,1.045283244,-0.2615201,-0.629771783,0.71160621,0.169148871
1497535118420580000,107105,-0.084344431,-0.454762724,1.045948808,-0.262230087,-0.632859376,0.708989582,0.167505711
1497535118430630000,107106,-0.085332168,-0.462987928,1.046142298,-0.262946858,-0.634213597,0.707930057,0.165732004
1497535118440590000,107107,-0.086274065,-0.470841177,1.046767212,-0.263010118,-0.636107376,0.706984046,0.162378085
1497535118450620000,107108,-0.087031429,-0.478776,1.04696082,-0.262692087,-0.636953808,0.706651679,0.161015894
1497535118460640000,107109,-0.087917643,-0.486709512,1.04696442,-0.26385601,-0.638411708,0.70532387,0.159150041
1497535118470610000,107110,-0.088796685,-0.494527191,1.047140219,-0.264985227,-0.640415673,0.703442041,0.157543296
1497535118480560000,107111,-0.089816745,-0.502297111,1.047209652,-0.266410797,-0.642491144,0.701338924,0.156058103
1497535118490600000,107112,-0.090727298,-0.51004046,1.04715174,-0.267926685,-0.644441956,0.699069201,0.155602405
1497535118500580000,107113,-0.091654956,-0.51759866,1.047163156,-0.270212978,-0.646070493,0.697037118,0.154003642
1497535118510640000,107114,-0.092577381,-0.525108351,1.047109645,-0.270930975,-0.648132262,0.69478126,0.154272416
1497535118520540000,107115,-0.093458524,-0.532439631,1.047232587,-0.272302716,-0.64969411,0.693151545,0.152609729
1497535118530610000,107116,-0.094039176,-0.540014279,1.04680216,-0.274048418,-0.651773132,0.690272689,0.153664779
1497535118540540000,107117,-0.094823529,-0.54742108,1.046758048,-0.274914939,-0.652892426,0.688762588,0.154140697
1497535118550530000,107118,-0.095267382,-0.555087545,1.046467279,-0.276050436,-0.655806818,0.685450247,0.154504155
1497535118560550000,107119,-0.095762094,-0.562583264,1.046118408,-0.277484655,-0.657425709,0.683361021,0.154309487
1497535118570630000,107120,-0.096085595,-0.570389511,1.045602333,-0.277409595,-0.658542294,0.6817944,0.156596168
1497535118580620000,107121,-0.096368966,-0.578234969,1.044993262,-0.27861595,-0.661593001,0.678555494,0.155660834
1497535118590630000,107122,-0.096329641,-0.586094386,1.044267891,-0.279294551,-0.663145283,0.676680878,0.155999605
1497535118600600000,107123,-0.096466601,-0.594279429,1.043469807,-0.279673584,-0.666101443,0.673399014,0.156924574
1497535118610610000,107124,-0.096503366,-0.602589779,1.042563848,-0.2794686,-0.668335095,0.670969453,0.158194484
1497535118620570000,107125,-0.096459957,-0.611023482,1.041628181,0.279738064,0.672300767,-0.667116137,-0.157207995
1497535118630610000,107126,-0.096281052,-0.619789596,1.040257077,0.280051454,0.675435849,-0.663680276,-0.157753251
1497535118640590000,107127,-0.096183063,-0.628274435,1.039269615,0.280106094,0.678077764,-0.660911157,-0.157947979
1497535118650630000,107128,-0.095934949,-0.637097953,1.038267768,0.279629775,0.682399458,-0.656806402,-0.157300728
1497535118660580000,107129,-0.095595553,-0.646075071,1.036769123,0.28000005,0.685124723,-0.653528828,-0.158442912
1497535118670620000,107130,-0.095498895,-0.655255059,1.035505155,0.278572484,0.687727684,-0.651139532,-0.159515872
1497535118680580000,107131,-0.094986438,-0.6644978,1.033941422,0.279634236,0.691969653,-0.646524088,-0.158080031
1497535118690560000,107132,-0.094638527,-0.673872833,1.032379752,0.279238328,0.696131632,-0.642451793,-0.157106336
1497535118700550000,107133,-0.094194617,-0.683025899,1.031001009,0.27802751,0.699075019,-0.639333042,-0.158896457
1497535118710540000,107134,-0.093733398,-0.692309179,1.029238641,0.277405834,0.701634301,-0.636328012,-0.160754383
1497535118720640000,107135,-0.0931536,-0.701484118,1.027320074,0.276911908,0.704068114,-0.633989986,-0.160201699
1497535118730680000,107136,-0.092409767,-0.710546569,1.025646156,0.276980002,0.706549434,-0.630908318,-0.161321637
1497535118740620000,107137,-0.09182206,-0.719334413,1.024160436,0.276886331,0.708053285,-0.628940013,-0.16256988
1497535118750610000,107138,-0.091450955,-0.727950311,1.022515179,0.276452715,0.707710493,-0.628445493,-0.166661382
1497535118760600000,107139,-0.090764875,-0.736393382,1.020764144,0.27791703,0.709007662,-0.625972834,-0.168012709
1497535118770630000,107140,-0.090334108,-0.744787965,1.019116032,0.279658051,0.708689371,-0.624941807,-0.170289424
1497535118780620000,107141,-0.090145254,-0.752967637,1.017883516,0.280895828,0.707668107,-0.624574985,-0.173808723
1497535118790630000,107142,-0.089569091,-0.761347722,1.016300788,0.284283659,0.708426272,-0.621707342,-0.175485037
1497535118800610000,107143,-0.089167929,-0.769909792,1.014677367,0.286954267,0.707663052,-0.621182168,-0.176076593
1497535118810620000,107144,-0.088749915,-0.778706836,1.012996151,0.289078611,0.705823956,-0.621452939,-0.179003755
1497535118820610000,107145,-0.088086313,-0.787632548,1.011434553,0.290310328,0.706669053,-0.619493374,-0.180462522
1497535118830630000,107146,-0.087106773,-0.796925312,1.009806506,0.29244951,0.707159105,-0.617566819,-0.18168794
1497535118840610000,107147,-0.086016995,-0.806411229,1.008524706,0.293986236,0.70749644,-0.616153473,-0.182690387
1497535118850630000,107148,-0.084861252,-0.816225099,1.007441419,0.296199313,0.707277215,-0.614784673,-0.184566289
1497535118860640000,107149,-0.083526143,-0.826257116,1.006568349,0.297765303,0.706341005,-0.614537504,-0.18644534
1497535118870630000,107150,-0.082230735,-0.836585101,1.006007348,0.297966602,0.706629329,-0.613754418,-0.187607061
1497535118880600000,107151,-0.08071492,-0.847075047,1.005693537,0.298912839,0.70523554,-0.614191189,-0.189902951
1497535118890630000,107152,-0.079121781,-0.857585508,1.005700349,0.299766359,0.705359124,-0.61359355,-0.190030499
1497535118900630000,107153,-0.077357233,-0.868256081,1.006043311,0.299819125,0.704698145,-0.614444244,-0.189650435
1497535118910610000,107154,-0.075452471,-0.879311523,1.006142672,0.300733705,0.704101374,-0.614609208,-0.189884212
1497535118920600000,107155,-0.073282271,-0.89038313,1.006605383,0.301305601,0.70388988,-0.614749279,-0.18930741
1497535118930640000,107156,-0.071269695,-0.901537509,1.007590047,0.300311174,0.703061504,-0.616458199,-0.188406501
1497535118940630000,107157,-0.069078285,-0.912611036,1.008380735,0.299383941,0.702554412,-0.618401006,-0.185382709
1497535118950640000,107158,-0.06650502,-0.923623834,1.009345059,0.298690171,0.701434362,-0.620575558,-0.183466606
1497535118960620000,107159,-0.06384711,-0.93436798,1.010530493,0.2964461,0.70101646,-0.623214625,-0.179719684
1497535118970640000,107160,-0.061229672,-0.944662603,1.012061836,0.295095655,0.699217797,-0.626387723,-0.177908535
1497535118980630000,107161,-0.058620398,-0.95480602,1.01356598,0.293307918,0.696636279,-0.630688803,-0.175783939
1497535118990640000,107162,-0.056055585,-0.964487446,1.015142473,0.290645484,0.693590697,-0.635717329,-0.174128184
1497535119000610000,107163,-0.05366745,-0.973674199,1.017078167,0.288855977,0.689622017,-0.640873784,-0.173966926
1497535119010590000,107164,-0.05137277,-0.982468231,1.018512706,0.287633665,0.685292605,-0.646029498,-0.174031054
1497535119020630000,107165,-0.049274811,-0.990946513,1.020250021,0.287028168,0.68024689,-0.65120893,-0.175516177
1497535119030630000,107166,-0.047409266,-0.999170127,1.02176974,0.286959772,0.674513119,-0.656634411,-0.177531385
1497535119040620000,107167,-0.046020023,-1.007082535,1.023448177,0.286537258,0.668190287,-0.662708727,-0.179541871
1497535119050660000,107168,-0.044717326,-1.014887118,1.024972723,-0.288339335,-0.662466494,0.667576472,0.179833884
1497535119060600000,107169,-0.043719994,-1.022613956,1.026530778,-0.290365284,-0.65793002,0.671095501,0.180130285
1497535119070580000,107170,-0.042776254,-1.030169976,1.028134057,-0.292688193,-0.652580734,0.675099107,0.180867918
1497535119080600000,107171,-0.041882338,-1.03748344,1.029781834,-0.295510558,-0.646237054,0.679982425,0.180762499
1497535119090630000,107172,-0.040844359,-1.044799073,1.031431195,-0.29874936,-0.641527019,0.682788623,0.181635899
1497535119100630000,107173,-0.040197513,-1.051848676,1.033222179,-0.301149956,-0.635493007,0.687290903,0.181902602
1497535119110600000,107174,-0.039489346,-1.058950249,1.03507944,-0.303961119,-0.63078491,0.690067709,0.18309722
1497535119120620000,107175,-0.038871217,-1.065809098,1.037150714,-0.305155137,-0.62540675,0.694297227,0.183570423
1497535119130630000,107176,-0.038140059,-1.072827113,1.039006502,-0.306584176,-0.620744253,0.697734267,0.183982627
1497535119140630000,107177,-0.037485824,-1.079991565,1.041124482,-0.30702262,-0.617335616,0.700435137,0.184457222
1497535119150640000,107178,-0.036643626,-1.087203243,1.043182509,-0.306919049,-0.614073247,0.703176461,0.185088111
1497535119160440000,107179,-0.035833427,-1.094448068,1.045065279,-0.30549549,-0.610006889,0.706993721,0.186343716
1497535119170630000,107180,-0.035093757,-1.101731779,1.047347421,-0.302891167,-0.607037019,0.710565063,0.186709105
1497535119180630000,107181,-0.034232122,-1.109186081,1.04909988,-0.301390831,-0.604272214,0.713618274,0.186460768
1497535119190620000,107182,-0.033470812,-1.116725548,1.050741148,-0.299463503,-0.601741014,0.716440564,0.186928545
1497535119200580000,107183,-0.032901068,-1.124493136,1.052270656,-0.298246986,-0.59998445,0.718322505,0.18729702
1497535119210600000,107184,-0.032483728,-1.132539027,1.053530484,-0.296481288,-0.599514647,0.719260266,0.18800453
1497535119220620000,107185,-0.031883109,-1.140349534,1.054527375,-0.294696098,-0.598521592,0.720791595,0.188110579
1497535119230620000,107186,-0.031285424,-1.148251142,1.055477631,-0.293310331,-0.597890815,0.722176534,0.186967048
1497535119240600000,107187,-0.030931347,-1.156116256,1.05622312,-0.291755283,-0.596675953,0.723769005,0.187123194
1497535119250620000,107188,-0.03034785,-1.164285956,1.056635242,-0.290446525,-0.596504373,0.724394172,0.187287032
1497535119260490000,107189,-0.029971206,-1.172713958,1.056683169,-0.289319179,-0.596766692,0.72454849,0.187599078
1497535119270610000,107190,-0.02959682,-1.181098782,1.056584082,-0.287656971,-0.59752851,0.72457332,0.187634356
1497535119280590000,107191,-0.029432826,-1.189417541,1.05648043,-0.286282451,-0.597166903,0.725721677,0.186445959
1497535119290620000,107192,-0.029191282,-1.198121938,1.055973949,-0.284178866,-0.598686891,0.72556443,0.185398589
1497535119300630000,107193,-0.028949106,-1.207003115,1.05532286,-0.283193568,-0.59977865,0.725321174,0.184326255
1497535119310600000,107194,-0.028747823,-1.216092296,1.054013225,-0.282445433,-0.601925801,0.724173714,0.182981801
1497535119320590000,107195,-0.028765126,-1.225208709,1.052776454,-0.281733702,-0.603633036,0.723295259,0.181926489
1497535119330620000,107196,-0.029000353,-1.23455248,1.050979789,-0.28136013,-0.605134038,0.722434731,0.180934609
1497535119340620000,107197,-0.02905117,-1.244189316,1.048848753,-0.281024529,-0.607815117,0.720839481,0.178819571
1497535119350620000,107198,-0.029309713,-1.254027492,1.046566189,-0.281141871,-0.61018762,0.718906522,0.178336004
1497535119360540000,107199,-0.029686999,-1.264038401,1.04407037,-0.28045376,-0.612885949,0.717142247,0.177266744
1497535119370630000,107200,-0.030093643,-1.274272578,1.041510821,-0.279500578,-0.616305387,0.714971824,0.175676939
1497535119380580000,107201,-0.030649865,-1.284659952,1.039158221,-0.27726471,-0.618990694,0.713766203,0.174678587
1497535119390670000,107202,-0.031018037,-1.295332432,1.036624651,-0.275143616,-0.622763354,0.711677617,0.173137994
1497535119400620000,107203,-0.03138867,-1.305868747,1.034420907,-0.274283553,-0.625206777,0.710326289,0.171235457
1497535119410590000,107204,-0.031559287,-1.316363396,1.032236713,-0.272125289,-0.626803127,0.710095718,0.169793225
1497535119420600000,107205,-0.031793726,-1.326631809,1.030419692,-0.270647383,-0.628018802,0.710190314,0.167248609
1497535119430640000,107206,-0.031794583,-1.33660566,1.028541694,-0.267835413,-0.628446554,0.711360514,0.165182747
1497535119440610000,107207,-0.031815865,-1.346239417,1.026931152,-0.26575489,-0.627643573,0.713440472,0.162605588
1497535119450630000,107208,-0.031774983,-1.355338938,1.025748302,-0.263310903,-0.625228943,0.717006414,0.160180957
1497535119460570000,107209,-0.03188258,-1.364820139,1.024525022,-0.261459059,-0.621832865,0.720714805,0.159791172
1497535119470640000,107210,-0.032150967,-1.374539222,1.023247107,-0.261275661,-0.618229745,0.723767837,0.160272049
1497535119480610000,107211,-0.032895809,-1.384543132,1.022011612,-0.261249828,-0.613154612,0.727936838,0.160928274
1497535119490640000,107212,-0.03397081,-1.395368541,1.021082349,-0.261091113,-0.611165711,0.730050376,0.159167686
1497535119500640000,107213,-0.035157605,-1.406493596,1.020113476,-0.262027707,-0.607829056,0.73264277,0.158492562
1497535119510620000,107214,-0.036343606,-1.417886096,1.019329415,-0.2619156,-0.604838053,0.735663424,0.156110455
1497535119520580000,107215,-0.03766211,-1.429531521,1.019021351,-0.261621895,-0.601020908,0.739179434,0.154730785
1497535119530640000,107216,-0.038980088,-1.441422298,1.019239745,-0.25999376,-0.598725442,0.742063197,0.152555894
1497535119540620000,107217,-0.040171839,-1.453167136,1.020025663,-0.257806416,-0.597668585,0.744051091,0.150718574
1497535119550570000,107218,-0.041662784,-1.465087579,1.021621692,-0.254700877,-0.599169232,0.744023415,0.150176071
1497535119560590000,107219,-0.043482675,-1.476655873,1.023826654,-0.252651326,-0.600146946,0.744157257,0.149066858
1497535119570600000,107220,-0.045632349,-1.488084723,1.02626649,-0.253909301,-0.602893724,0.741483657,0.149168397
1497535119580640000,107221,-0.048369706,-1.499033491,1.028756802,-0.254021818,-0.6050833,0.739597419,0.149474997
1497535119590640000,107222,-0.050912953,-1.509596687,1.030839096,-0.25500474,-0.605331055,0.738966035,0.149920296
1497535119600610000,107223,-0.054035084,-1.52003734,1.032992959,-0.254325373,-0.605656291,0.738642389,0.151348881
1497535119610630000,107224,-0.057196002,-1.530342125,1.034715656,-0.256814699,-0.605633479,0.737466623,0.152961693
1497535119620570000,107225,-0.060359505,-1.540430406,1.036359599,-0.261179869,-0.604283017,0.736617538,0.154989398
1497535119630620000,107226,-0.063767358,-1.550535392,1.037667549,-0.26441529,-0.604405057,0.734882494,0.157247577
1497535119640600000,107227,-0.06672323,-1.560528435,1.038749613,-0.268900729,-0.604178782,0.732846603,0.159988294
1497535119650630000,107228,-0.06949534,-1.570054913,1.039800792,-0.271982033,-0.603696616,0.731616921,0.16221236
1497535119660610000,107229,-0.071893582,-1.579393604,1.040700608,-0.273580271,-0.604754234,0.729705748,0.164181829
1497535119670650000,107230,-0.074116237,-1.588858962,1.041617639,-0.272747944,-0.607074551,0.727699308,0.165899866
1497535119680620000,107231,-0.07597961,-1.597707168,1.042246259,-0.272200906,-0.609287689,0.725798581,0.167007777
1497535119690640000,107232,-0.07797408,-1.606402245,1.042957368,-0.271987185,-0.613036511,0.722730388,0.166943088
1497535119700630000,107233,-0.08017032,-1.615163859,1.043717712,-0.272109212,-0.618416855,0.718132465,0.166742113
1497535119710610000,107234,-0.082414333,-1.623496313,1.044503314,-0.273147847,-0.621887774,0.714843101,0.166268432
1497535119720610000,107235,-0.08477024,-1.631232119,1.045218028,-0.276797029,-0.624118357,0.711679884,0.165443113
1497535119730630000,107236,-0.087324798,-1.638932696,1.045944464,-0.279410753,-0.626520945,0.708544735,0.165425194
1497535119740620000,107237,-0.089411661,-1.645819777,1.046404935,-0.281663155,-0.627530098,0.706984045,0.164454864
1497535119750580000,107238,-0.091680521,-1.652548043,1.046881217,-0.285253414,-0.62716971,0.705677507,0.165251027
1497535119760600000,107239,-0.094031198,-1.658934174,1.047241244,-0.288290523,-0.627449945,0.70416225,0.165380372
1497535119770630000,107240,-0.096415428,-1.665162103,1.047545201,-0.293056471,-0.626582931,0.702734116,0.16636255
1497535119780640000,107241,-0.098724497,-1.671200777,1.047603526,-0.296538128,-0.626410065,0.701191473,0.167350192
1497535119790650000,107242,-0.101286729,-1.677336046,1.04766466,-0.301570692,-0.626621769,0.698458532,0.168985075
1497535119800620000,107243,-0.103982818,-1.683229016,1.047559584,-0.305730923,-0.626768089,0.696168277,0.170411547
1497535119810630000,107244,-0.106764186,-1.689027644,1.047374902,-0.309758437,-0.627744329,0.692943165,0.172674656
1497535119820610000,107245,-0.109438159,-1.694626613,1.047060152,-0.314482447,-0.629147042,0.688795014,0.175602447
1497535119830640000,107246,-0.112360227,-1.700452756,1.04707174,-0.318900878,-0.629937126,0.685414161,0.178013696
1497535119840620000,107247,-0.115009258,-1.705757252,1.046721466,-0.323866001,-0.629090309,0.683020617,0.181215431
1497535119850620000,107248,-0.117509031,-1.71090703,1.046287517,-0.32818989,-0.62867994,0.68053683,0.184180756
1497535119860630000,107249,-0.120133644,-1.71625765,1.046189326,-0.333087656,-0.628992844,0.677083645,0.187025006
1497535119870630000,107250,-0.122369823,-1.72127361,1.045603673,-0.337537383,-0.627941921,0.674941378,0.190293443
1497535119880610000,107251,-0.124709304,-1.726629475,1.045146166,-0.342773771,-0.62742374,0.671969694,0.193138095
1497535119890640000,107252,-0.127088795,-1.731942092,1.044654044,-0.347341553,-0.627478997,0.66888012,0.195507899
1497535119900640000,107253,-0.129329572,-1.737358392,1.044056173,-0.350830157,-0.629048523,0.664795418,0.198149459
1497535119910610000,107254,-0.131534444,-1.742775133,1.043503907,-0.354454763,-0.630485385,0.66074639,0.200659434
1497535119920560000,107255,-0.133619464,-1.748001624,1.042789165,-0.3577476,-0.63023161,0.658308415,0.203604527
1497535119930640000,107256,-0.135586649,-1.753199173,1.041940476,-0.361463952,-0.629698888,0.655670853,0.207168662
1497535119940640000,107257,-0.137680734,-1.758675082,1.041152055,-0.365757475,-0.630250859,0.651552698,0.210913266
1497535119950620000,107258,-0.139622292,-1.763908803,1.040353818,-0.369110619,-0.631134439,0.647804162,0.21395429
1497535119960600000,107259,-0.141572872,-1.769168252,1.039514389,-0.372363049,-0.631231207,0.644917298,0.216736248
1497535119970630000,107260,-0.143687568,-1.774580573,1.038601149,-0.37602274,-0.631312654,0.641528473,0.220210016
1497535119980610000,107261,-0.145770682,-1.780075212,1.037654321,-0.380453662,-0.631215917,0.637906538,0.223375752
1497535119990610000,107262,-0.147794664,-1.785582502,1.036803035,-0.384558447,-0.631340869,0.634356958,0.226085731
1497535120000590000,107263,-0.149941697,-1.791198506,1.03575636,0.388236141,0.631506795,-0.630709347,-0.229515983
1497535120010560000,107264,-0.151845993,-1.796633343,1.034687529,0.3912247,0.632194804,-0.62725956,-0.231987947
1497535120020600000,107265,-0.153747222,-1.802201532,1.033629271,0.393768307,0.633122815,-0.623596259,-0.235010059
1497535120030670000,107266,-0.155665279,-1.808004725,1.032844268,0.397164475,0.63307734,-0.620054872,-0.238758072
1497535120040650000,107267,-0.157466938,-1.813715702,1.031848463,0.399476567,0.633104442,-0.617228073,-0.242129602
1497535120050660000,107268,-0.160714779,-1.822007768,1.032825666,0.402174568,0.634475047,-0.612923512,-0.244993471
1497535120060670000,107269,-0.163577519,-1.829343509,1.033242041,0.405307999,0.634259338,-0.610042544,-0.24756537
1497535120070650000,107270,-0.16613906,-1.836418962,1.033153585,0.409443526,0.633905275,-0.60610075,-0.251320476
1497535120080610000,107271,-0.167212497,-1.840842743,1.031229799,0.411888277,0.633341733,-0.603850277,-0.254147869
1497535120090650000,107272,-0.170018469,-1.84845247,1.03167422,0.414811177,0.632536578,-0.601150538,-0.257773537
1497535120100630000,107273,-0.171439141,-1.853977934,1.030446752,0.418883168,0.63187533,-0.597850951,-0.260470149
1497535120110620000,107274,-0.17388506,-1.861233589,1.030641559,0.421127531,0.631717953,-0.59521625,-0.263252057
1497535120120560000,107275,-0.175255835,-1.867076373,1.029407246,0.423823341,0.631280298,-0.592490958,-0.266107921
1497535120130640000,107276,-0.175436999,-1.870857856,1.026550515,0.426690146,0.630444582,-0.590036073,-0.268947173
1497535120140690000,107277,-0.177377681,-1.878042363,1.026169405,0.42915821,0.629682695,-0.58761875,-0.272079287
1497535120150650000,107278,-0.178767565,-1.884682401,1.025264606,0.43157039,0.629329793,-0.584719394,-0.275307537
1497535120160600000,107279,-0.180496455,-1.891636466,1.024522004,0.433728997,0.62813413,-0.582672518,-0.278961304
1497535120170650000,107280,-0.180779302,-1.896449522,1.021883325,0.436145692,0.627270718,-0.579975622,-0.282730718
1497535120180610000,107281,-0.183135631,-1.904770683,1.021983606,0.439289767,0.626993799,-0.576417232,-0.285738432
1497535120190650000,107282,-0.182451375,-1.908277749,1.018129481,0.441857678,0.624478685,-0.574629541,-0.290841977
1497535120200570000,107283,-0.184885688,-1.916757912,1.018506794,0.445771036,0.622954255,-0.571247287,-0.294775705
1497535120210580000,107284,-0.186570322,-1.924051181,1.017803114,0.449054918,0.620468421,-0.568631432,-0.300044855
1497535120220630000,107285,-0.188863326,-1.932535632,1.018117089,0.453313663,0.61826273,-0.565654448,-0.303797573
1497535120230660000,107286,-0.189270121,-1.937770252,1.015865569,0.456204212,0.615585513,-0.564276373,-0.307448154
1497535120240630000,107287,-0.188293872,-1.940792657,1.011675394,0.458828981,0.612494353,-0.563277021,-0.311521477
1497535120250650000,107288,-0.191327946,-1.950526907,1.013301824,0.462867022,0.609964198,-0.561387786,-0.313913286
1497535120260660000,107289,-0.194508274,-1.960065121,1.015038716,0.465837842,0.607109032,-0.560720421,-0.316237787
1497535120270670000,107290,-0.196802064,-1.967998858,1.015721358,0.469819543,0.603220557,-0.560454504,-0.318253523
1497535120280610000,107291,-0.195224598,-1.969667792,1.0113012,0.471486059,0.60102108,-0.561044559,-0.318909956
1497535120290650000,107292,-0.196556174,-1.975995984,1.011342144,0.474464982,0.596659445,-0.562837797,-0.319521677
1497535120300680000,107293,-0.199162186,-1.984137676,1.013346372,0.477607923,0.592981876,-0.563943395,-0.319735849
1497535120310590000,107294,-0.202737575,-1.993665465,1.017286606,0.481172557,0.587840951,-0.565917535,-0.320395583
1497535120320660000,107295,-0.204410204,-2.000159354,1.019062261,0.48402627,0.582453363,-0.568108344,-0.322055211
1497535120330650000,107296,-0.205614143,-2.006533336,1.021301636,0.485908795,0.575951677,-0.570932795,-0.325895769
1497535120340660000,107297,-0.20598837,-2.011835624,1.022872736,-0.486892298,-0.569770736,0.573716058,0.330374158
1497535120350630000,107298,-0.202474973,-2.0113892,1.019498754,-0.48506696,-0.564016397,0.577608645,0.336100879
1497535120360640000,107299,-0.202782712,-2.017104407,1.021681589,-0.484476992,-0.556783254,0.581128079,0.342876957
1497535120370660000,107300,-0.202881909,-2.022197607,1.023143425,-0.482245457,-0.551970212,0.58401657,0.348845023
1497535120380620000,107301,-0.204545771,-2.029478954,1.026375206,-0.481353357,-0.545971523,0.586326562,0.355577283
1497535120390660000,107302,-0.20528659,-2.034552743,1.027964949,-0.479590386,-0.540986928,0.588524419,0.361891163
1497535120400630000,107303,-0.204613218,-2.036822978,1.027016355,-0.477926163,-0.536975808,0.590170344,0.367345245
1497535120410560000,107304,-0.205500359,-2.040851891,1.027996393,-0.47803378,-0.532741924,0.590732735,0.372430642
1497535120420660000,107305,-0.206588103,-2.04456494,1.029031924,-0.479046608,-0.527228317,0.591305247,0.378024807
1497535120430660000,107306,-0.208122473,-2.04818712,1.030496894,-0.480533887,-0.522259017,0.590825341,0.383742257
1497535120440630000,107307,-0.209847752,-2.051872591,1.032553041,-0.482449807,-0.515617983,0.5910149,0.389976496
1497535120450660000,107308,-0.211223018,-2.054222352,1.033843527,-0.485361816,-0.509079711,0.590491456,0.395703926
1497535120460640000,107309,-0.212642475,-2.056405893,1.035437254,-0.488365509,-0.50186385,0.589654616,0.402416748
1497535120470650000,107310,-0.214752472,-2.059446578,1.038154762,-0.491072592,-0.494275144,0.588986107,0.409432727
1497535120480660000,107311,-0.217849802,-2.063705592,1.042091379,-0.494387201,-0.487343938,0.587839863,0.415357049
1497535120490650000,107312,-0.219207827,-2.065086827,1.043486269,-0.497089855,-0.480564327,0.586458469,0.421931354
1497535120500640000,107313,-0.220496658,-2.066508824,1.045024145,-0.499066168,-0.474447341,0.585177218,0.428252618
1497535120510670000,107314,-0.222342019,-2.06867743,1.047060513,-0.50108275,-0.468286798,0.583448505,0.434984361
1497535120520620000,107315,-0.222787584,-2.068809736,1.047189036,-0.502614955,-0.463161788,0.58194065,0.440686335
1497535120530650000,107316,-0.222904361,-2.068299431,1.046476097,-0.504100111,-0.458187361,0.580478994,0.446084699
1497535120540650000,107317,-0.223468631,-2.06876611,1.046478754,-0.50531403,-0.453142082,0.579213394,0.451477385
1497535120550660000,107318,-0.225638732,-2.071709723,1.048474554,-0.506746865,-0.448225246,0.577993603,0.456316929
1497535120560630000,107319,-0.227354982,-2.073942524,1.049418073,-0.508462521,-0.445359546,0.575644113,0.460168007
1497535120570650000,107320,-0.228866182,-2.07591455,1.049895212,-0.50955342,-0.442012683,0.573871444,0.464383102
1497535120580610000,107321,-0.230708264,-2.078122112,1.050293557,-0.511151949,-0.439654991,0.571008722,0.468376145
1497535120590620000,107322,-0.234698246,-2.083794821,1.053643713,-0.512442238,-0.436823243,0.568828343,0.472252817
1497535120600700000,107323,-0.237116147,-2.086788791,1.054451073,-0.513393522,-0.4351695,0.566447618,0.475596145
1497535120610650000,107324,-0.239455354,-2.089465841,1.054768096,-0.514500875,-0.432932319,0.563243455,0.480224185
1497535120620620000,107325,-0.23939868,-2.088268512,1.051577291,-0.514926182,-0.431575136,0.561134716,0.483447784
1497535120630650000,107326,-0.242138562,-2.091053227,1.05182933,-0.516243292,-0.429599008,0.558402239,0.486954306
1497535120640640000,107327,-0.244446773,-2.092785733,1.051126275,-0.518513111,-0.428300602,0.554927547,0.489651064
1497535120650660000,107328,-0.247318505,-2.095312028,1.051005338,-0.519782623,-0.42551137,0.552777875,0.493155878
1497535120660640000,107329,-0.250821082,-2.098603691,1.051505567,-0.52214312,-0.423681826,0.549986466,0.49535357
1497535120670650000,107330,-0.253800387,-2.100510876,1.050506982,-0.524435433,-0.421435439,0.547538659,0.497555087
1497535120680610000,107331,-0.257595122,-2.103562242,1.05041614,-0.526864189,-0.419681434,0.544811495,0.499461765
1497535120690600000,107332,-0.261243598,-2.106033721,1.049507288,-0.529941267,-0.418168549,0.541715091,0.500841371
1497535120700540000,107333,-0.26511358,-2.108647618,1.048465377,-0.532293286,-0.416871891,0.539098626,0.502249296
1497535120710620000,107334,-0.269836111,-2.112321917,1.048039192,-0.535050225,-0.415621739,0.536186504,0.503471806
1497535120720620000,107335,-0.273950367,-2.114812488,1.046138829,-0.537839987,-0.41535614,0.532673507,0.504446589
1497535120730650000,107336,-0.278728062,-2.117834966,1.044483893,-0.540872605,-0.414794307,0.529391265,0.505121171
1497535120740620000,107337,-0.283979374,-2.121419973,1.042992685,-0.543780613,-0.415040073,0.525759206,0.505590387
1497535120750640000,107338,-0.289002456,-2.124477969,1.040867863,-0.546504915,-0.415606033,0.522378792,0.505692002
1497535120760560000,107339,-0.294586177,-2.128066291,1.039115454,-0.549096273,-0.415718889,0.519354595,0.505907
1497535120770700000,107340,-0.300165023,-2.131205651,1.03696066,-0.551902719,-0.416664104,0.515991666,0.505516581
1497535120780640000,107341,-0.305821415,-2.134447724,1.034858001,-0.553875139,-0.416056379,0.513894108,0.50599631
1497535120790730000,107342,-0.311772593,-2.138177983,1.033374807,-0.555806623,-0.415335586,0.511788245,0.506604522
1497535120800650000,107343,-0.31738323,-2.141878271,1.031916221,-0.556410238,-0.414311983,0.511255657,0.507317338
1497535120810630000,107344,-0.322437093,-2.144835938,1.029979906,-0.556155819,-0.412768171,0.511167689,0.508940798
1497535120820650000,107345,-0.327326659,-2.147825174,1.028399182,-0.554856525,-0.410729938,0.512523496,0.510641577
1497535120830640000,107346,-0.332611291,-2.151498674,1.027600833,-0.552264311,-0.408483545,0.514307142,0.513452518
1497535120840620000,107347,-0.337919829,-2.155284554,1.027095165,-0.549383955,-0.405620373,0.515629827,0.517470061
1497535120850660000,107348,-0.344130032,-2.159402636,1.027025777,-0.547816288,-0.400627252,0.516533746,0.522099615
1497535120860630000,107349,-0.349497749,-2.16144004,1.025101628,-0.54721787,-0.396507559,0.517370053,0.525035796
1497535120870660000,107350,-0.356135213,-2.164241914,1.02388775,-0.546902028,-0.391384033,0.519091168,0.527504569
1497535120880620000,107351,-0.363314623,-2.16707215,1.022765104,-0.547197157,-0.387212727,0.520398605,0.528986642
1497535120890660000,107352,-0.370921319,-2.170086967,1.021808449,-0.547165297,-0.384481993,0.522041044,0.529392939
1497535120900660000,107353,-0.379140827,-2.173531351,1.021313747,-0.545578606,-0.380662898,0.524851986,0.531008603
1497535120910630000,107354,-0.387816285,-2.17755857,1.021490974,-0.543103677,-0.379515711,0.527216251,0.532023726
1497535120920630000,107355,-0.396513091,-2.18134365,1.021502501,-0.540615304,-0.379763453,0.528767598,0.532841102
1497535120930640000,107356,-0.404929424,-2.183986317,1.020818977,-0.537692893,-0.379514866,0.530207694,0.534541504
1497535120940660000,107357,-0.416613909,-2.192187822,1.02618926,-0.536811136,-0.37929884,0.53024042,0.535547655
1497535120950650000,107358,-0.425496776,-2.195004753,1.027146344,-0.53640422,-0.379234826,0.529208742,0.537019149
1497535120960630000,107359,-0.43107017,-2.191205795,1.022365972,-0.537460699,-0.380868428,0.526679681,0.537292986
1497535120970660000,107360,-0.439988995,-2.193134111,1.023782208,-0.539431396,-0.379153245,0.52474463,0.538423308
1497535120980650000,107361,-0.448582276,-2.194015468,1.024615143,-0.541813262,-0.378153592,0.521985884,0.539415413
1497535120990660000,107362,-0.457870994,-2.195924754,1.026611995,-0.54425568,-0.376462238,0.520341361,0.539728456
1497535121000640000,107363,-0.466508903,-2.196005118,1.026882663,-0.546872458,-0.373897272,0.518173575,0.540950544
1497535121010660000,107364,-0.475941141,-2.197481651,1.028475836,-0.550400015,-0.371385916,0.516081048,0.541103203
1497535121020650000,107365,-0.484982826,-2.198308777,1.029351395,-0.554023679,-0.369216009,0.51334095,0.541496418
1497535121030610000,107366,-0.49428095,-2.199276545,1.030391719,-0.558077997,-0.366787749,0.510161193,0.541988241
1497535121040640000,107367,-0.503257566,-2.199909665,1.030950185,-0.561722042,-0.365062978,0.506690915,0.54264324
1497535121050660000,107368,-0.512456092,-2.201428349,1.032216371,-0.565427728,-0.364658805,0.50281243,0.542674028
1497535121060660000,107369,-0.520913833,-2.202463803,1.032689218,-0.568420774,-0.3651225,0.499047286,0.542710964
1497535121070670000,107370,-0.529270906,-2.20404831,1.033499442,-0.570885583,-0.36652321,0.495450221,0.542475315
1497535121080640000,107371,-0.536999162,-2.205293725,1.03380036,-0.572990452,-0.368120258,0.492362246,0.541986012
1497535121090670000,107372,-0.544700133,-2.207093377,1.03453133,-0.574552013,-0.369783142,0.4901537,0.541202145
1497535121100640000,107373,-0.552128826,-2.208608743,1.035188339,-0.576172537,-0.372107429,0.487562058,0.54022635
1497535121110650000,107374,-0.55920975,-2.209784603,1.035427803,-0.578352091,-0.374069135,0.485099158,0.538757782
1497535121120650000,107375,-0.566335546,-2.211416089,1.036329607,-0.580309706,-0.376269465,0.482750442,0.53722802
1497535121130630000,107376,-0.577059899,-2.221337342,1.045315934,-0.582561886,-0.376035452,0.481128574,0.536408691
1497535121140670000,107377,-0.580891873,-2.20831056,1.033965061,-0.58993922,-0.355120065,0.471592201,0.55087408
1497535121150700000,107378,-0.586904333,-2.209786315,1.034607952,-0.59057678,-0.356217993,0.471972975,0.549153275
1497535121160660000,107379,-0.591412376,-2.21504459,1.037447206,-0.587021323,-0.376222007,0.476361028,0.535670737
1497535121170670000,107380,-0.596953118,-2.214578224,1.036597237,-0.589829418,-0.374417795,0.475528325,0.534588987
1497535121180650000,107381,-0.603020176,-2.215393998,1.037317349,-0.592319987,-0.372176052,0.473942724,0.534808671
1497535121190670000,107382,-0.608735399,-2.215328627,1.037075561,-0.596069307,-0.369599024,0.472543059,0.533667499
1497535121200660000,107383,-0.613915157,-2.214128966,1.035962866,-0.599851772,-0.367403303,0.469496326,0.53363458
1497535121210650000,107384,-0.62004017,-2.215001063,1.036640773,-0.602296009,-0.364279127,0.4691484,0.53332918
1497535121220670000,107385,-0.625373207,-2.214588,1.03605153,-0.604700147,-0.36204033,0.467750926,0.533360669
1497535121230610000,107386,-0.630545904,-2.214426263,1.035597256,-0.608321824,-0.360888396,0.464156455,0.533163117
1497535121240650000,107387,-0.63565596,-2.214233289,1.034939234,-0.610464895,-0.359763857,0.461608468,0.533685489
1497535121250670000,107388,-0.640863965,-2.214853555,1.034964925,-0.614306575,-0.359553062,0.456970726,0.53341052
1497535121260650000,107389,-0.64592333,-2.215043583,1.034411512,-0.617613274,-0.360221721,0.452322302,0.533102889
1497535121270660000,107390,-0.650628401,-2.215371768,1.033793371,-0.624440369,-0.361413908,0.444358222,0.531036705
1497535121280630000,107391,-0.655970938,-2.215879013,1.033300614,-0.626243121,-0.361262656,0.441538593,0.531368532
1497535121290670000,107392,-0.661593452,-2.217602966,1.033715443,-0.629409664,-0.361026583,0.437886826,0.530809203
1497535121300670000,107393,-0.666568725,-2.217038534,1.031870788,-0.631247242,-0.361186647,0.435584432,0.530412414
1497535121310640000,107394,-0.67204481,-2.218182335,1.031596212,-0.633904303,-0.361078815,0.432427773,0.529899655
1497535121320610000,107395,-0.677531442,-2.219235357,1.031021912,-0.63669578,-0.361293023,0.429346617,0.528911446
1497535121330690000,107396,-0.683223128,-2.220244801,1.030402248,-0.638516326,-0.361731957,0.427255564,0.528109435
1497535121340660000,107397,-0.688490079,-2.220927716,1.029542029,-0.640276577,-0.361803866,0.424299892,0.528311906
1497535121350670000,107398,-0.694061714,-2.221891233,1.028696627,-0.642167635,-0.361897261,0.421847968,0.527916085
1497535121360650000,107399,-0.699615778,-2.222671967,1.027677478,-0.644046521,-0.362069428,0.419565316,0.527327938
1497535121370670000,107400,-0.705383157,-2.224448413,1.027728161,-0.646459043,-0.361712445,0.416329065,0.527185852
1497535121380600000,107401,-0.710829243,-2.2251024,1.026665507,-0.648475844,-0.361208609,0.413271546,0.527459999
1497535121390680000,107402,-0.71645889,-2.22527015,1.025072501,-0.649437647,-0.36103721,0.412132964,0.527284833
1497535121400650000,107403,-0.722218333,-2.226814061,1.02473814,-0.652947563,-0.36068929,0.408292603,0.526174749
1497535121410640000,107404,-0.728108797,-2.227784748,1.023775583,-0.655282385,-0.360549956,0.405812964,0.525285222
1497535121420660000,107405,-0.733745363,-2.227901865,1.021953513,-0.657415961,-0.360282849,0.402843396,0.525088299
1497535121430650000,107406,-0.740070147,-2.229474035,1.021398304,-0.658807122,-0.360049357,0.40116467,0.52479
1497535121440640000,107407,-0.746171471,-2.230320066,1.020094131,-0.660151617,-0.360672735,0.398566184,0.524652282
1497535121450660000,107408,-0.752483817,-2.231937946,1.01941474,-0.661877852,-0.361065112,0.395508285,0.524521583
1497535121460630000,107409,-0.758511822,-2.233019782,1.018105167,-0.664353285,-0.361557786,0.391460859,0.524088806
1497535121470570000,107410,-0.765027453,-2.234856554,1.017546819,-0.666475603,-0.362166461,0.38761138,0.523835034
1497535121480580000,107411,-0.771442168,-2.236126353,1.016397147,-0.668014618,-0.362619726,0.384305458,0.52399687
1497535121490690000,107412,-0.779609835,-2.234887182,1.013598341,-0.654390679,-0.356922666,0.393599894,0.538013172
1497535121500740000,107413,-0.785896513,-2.235563126,1.011852958,-0.655986964,-0.356971267,0.390321264,0.538425416
1497535121510690000,107414,-0.792399476,-2.236928545,1.010722854,-0.657876493,-0.35644229,0.386847377,0.538977292
1497535121520610000,107415,-0.798757088,-2.237978391,1.009172672,-0.659036588,-0.35623498,0.383865261,0.539828562
1497535121530790000,107416,-0.805263841,-2.239565289,1.008126131,-0.660435029,-0.355511647,0.381435918,0.54031813
1497535121540680000,107417,-0.810192479,-2.243361188,1.008309307,-0.676444301,-0.360527122,0.367178057,0.526899968
1497535121550680000,107418,-0.816790378,-2.244871213,1.006908413,-0.678007259,-0.35985896,0.365025229,0.526843684
1497535121560650000,107419,-0.823391687,-2.246107154,1.005143684,-0.679758788,-0.359520541,0.362311361,0.526691037
1497535121570670000,107420,-0.830236141,-2.248029174,1.004072207,-0.680346302,-0.358605117,0.360352971,0.527898679
1497535121580650000,107421,-0.838469458,-2.247191862,1.001001423,-0.667041915,-0.351841104,0.368593868,0.543508492
1497535121590680000,107422,-0.843433642,-2.251427761,1.001168419,-0.683944132,-0.357228445,0.353133543,0.529060453
1497535121600670000,107423,-0.85031521,-2.253059493,0.999503495,-0.684910166,-0.356050957,0.351383645,0.529769114
1497535121610650000,107424,-0.857365712,-2.254870717,0.998177653,-0.684922119,-0.354716851,0.349898955,0.531628035
1497535121620630000,107425,-0.864596055,-2.256696183,0.996871471,-0.686394008,-0.353258995,0.347067933,0.532555348
1497535121630650000,107426,-0.871641633,-2.2581887,0.995107393,-0.688876532,-0.351948463,0.343295337,0.532662852
1497535121640660000,107427,-0.878936471,-2.259624266,0.993287188,-0.691664085,-0.351514818,0.340085584,0.531394319
1497535121650650000,107428,-0.886693459,-2.261490113,0.992080693,-0.693332745,-0.350360842,0.337875056,0.531391975
1497535121660670000,107429,-0.894427778,-2.262861585,0.990418911,-0.695087918,-0.349631696,0.335999109,0.53076837
1497535121670680000,107430,-0.902577419,-2.264605903,0.989336851,-0.695428277,-0.349265046,0.335569932,0.530835436
1497535121680680000,107431,-0.910722599,-2.266108685,0.988139416,-0.696511955,-0.348421612,0.335099009,0.530266094
1497535121690670000,107432,-0.918914503,-2.268996581,0.988337346,-0.698891293,-0.346835159,0.334082721,0.528814778
1497535121700690000,107433,-0.926806447,-2.270428069,0.987487417,-0.699235884,-0.345289018,0.333678966,0.529625359
1497535121710680000,107434,-0.935321119,-2.27133917,0.9865509,-0.698745677,-0.345646997,0.336180093,0.528455842
1497535121720660000,107435,-0.942832635,-2.273393575,0.986863274,-0.699717676,-0.34285667,0.334358623,0.530140349
1497535121730670000,107436,-0.949142423,-2.276408343,0.988001708,-0.701616843,-0.335584628,0.329404242,0.535359327
1497535121740490000,107437,-0.957102426,-2.278774381,0.988884741,-0.701240509,-0.333337398,0.333473326,0.534736821
1497535121750670000,107438,-0.964859158,-2.27905841,0.988109236,-0.700443772,-0.333702087,0.338018402,0.532695972
1497535121760660000,107439,-0.971819826,-2.280953174,0.989089316,-0.700016971,-0.331121875,0.340774327,0.53311106
1497535121770680000,107440,-0.976738803,-2.285239596,0.99222101,-0.700812698,-0.320678986,0.337348349,0.540576213
1497535121780700000,107441,-0.984009413,-2.285806326,0.992770289,-0.698553051,-0.32102948,0.344870003,0.538542839
1497535121790680000,107442,-0.988470707,-2.288529257,0.995242766,-0.697805821,-0.313374217,0.341135853,0.546342353
1497535121800660000,107443,-0.99486906,-2.288973402,0.995817156,-0.694596331,-0.312728131,0.347938095,0.546512703
1497535121810640000,107444,-1.000220608,-2.289897889,0.996905588,-0.691041725,-0.310146422,0.351566676,0.5501558
1497535121820670000,107445,-1.004851769,-2.291776461,0.999128576,-0.686793661,-0.306198772,0.352969633,0.556748792
1497535121830630000,107446,-1.007721667,-2.294838762,1.00156474,-0.685521129,-0.295475475,0.347640146,0.567363512
1497535121840640000,107447,-1.012570403,-2.294984682,1.00189978,-0.680292834,-0.292108187,0.352537193,0.572356528
1497535121850680000,107448,-1.015485746,-2.298536947,1.004504067,-0.677289295,-0.2778215,0.349349161,0.584850057
1497535121860670000,107449,-1.019233025,-2.300081812,1.005534672,-0.672764102,-0.266292814,0.351148501,0.594282198
1497535121870670000,107450,-1.023650379,-2.299724566,1.00509269,-0.667893789,-0.256246505,0.356783086,0.60080067
1497535121880690000,107451,-1.027204362,-2.30110583,1.006883655,-0.666869139,-0.245618173,0.352776935,0.608691793
1497535121890680000,107452,-1.03076113,-2.300268897,1.007510875,-0.669568442,-0.240898809,0.344263199,0.612477522
1497535121900690000,107453,-1.034478066,-2.298921714,1.007906767,-0.665388135,-0.229211679,0.336976212,0.625433985
1497535121910680000,107454,-1.037921771,-2.298248045,1.008711546,-0.670482271,-0.223768325,0.329693405,0.625846243
1497535121920620000,107455,-1.042685172,-2.30313656,1.008258351,-0.671313212,-0.224471205,0.332545284,0.623189284
1497535121930680000,107456,-1.045165663,-2.303639348,1.008363871,-0.67190361,-0.221948577,0.332629148,0.623411756
1497535121940700000,107457,-1.047244147,-2.298844671,1.010048492,-0.669309696,-0.210364734,0.323936469,0.634693921
1497535121950680000,107458,-1.047174269,-2.296860418,1.012634127,-0.672837756,-0.202585217,0.327670326,0.63157006
1497535121960660000,107459,-1.050006497,-2.29550337,1.014085111,-0.668967087,-0.188836565,0.322937942,0.642288777
1497535121970670000,107460,-1.053037669,-2.29622984,1.015128677,-0.67034342,-0.186942559,0.320611583,0.642573258
1497535121980690000,107461,-1.055641403,-2.295716168,1.017345855,-0.669352073,-0.182840988,0.31581585,0.64714552
1497535121990700000,107462,-1.058689468,-2.295028964,1.018595071,-0.668308666,-0.17655335,0.310639505,0.652453477
1497535122000730000,107463,-1.061907134,-2.295095201,1.020320831,-0.667016697,-0.175332419,0.305365718,0.656581333
1497535122010670000,107464,-1.065081571,-2.293514589,1.020662626,-0.667303729,-0.166520035,0.299322829,0.661349117
1497535122020690000,107465,-1.067903843,-2.293435307,1.022066057,-0.666575107,-0.162920229,0.301552007,0.661967531
1497535122030690000,107466,-1.071243042,-2.29208114,1.022844189,-0.665257584,-0.153989394,0.287263713,0.671713609
1497535122040660000,107467,-1.074737947,-2.292792439,1.02402298,-0.666187108,-0.154343693,0.292848288,0.668290836
1497535122050680000,107468,-1.077992313,-2.292352111,1.024209159,-0.668779359,-0.15287843,0.280586522,0.671292453
1497535122060660000,107469,-1.081175027,-2.293053161,1.025696898,-0.667058412,-0.148609205,0.280198895,0.674119395
1497535122070650000,107470,-1.085889709,-2.291390736,1.024381659,-0.672797237,-0.145457462,0.279165391,0.669516758
1497535122080670000,107471,-1.087914403,-2.290711066,1.025734827,-0.670721172,-0.138731358,0.271698944,0.676066863
1497535122090690000,107472,-1.091671713,-2.289669408,1.025583679,-0.67127348,-0.133695461,0.261428612,0.680567792
1497535122100690000,107473,-1.095606114,-2.289961443,1.025190395,-0.670498095,-0.130444132,0.25842032,0.683107291
1497535122110680000,107474,-1.098832693,-2.287730842,1.024937229,-0.674437719,-0.123034951,0.252860332,0.682684273
1497535122120660000,107475,-1.102070736,-2.287194782,1.024521995,-0.677139487,-0.118538001,0.251906724,0.681156267
1497535122130680000,107476,-1.105137854,-2.285399373,1.023746454,-0.678211937,-0.111021187,0.24510835,0.683830945
1497535122140680000,107477,-1.109093782,-2.277292848,1.023120989,-0.67788484,-0.070644852,0.212512782,0.700228367
1497535122150670000,107478,-1.112925724,-2.280084781,1.020051187,-0.683842866,-0.091358642,0.222131784,0.688962991
1497535122160670000,107479,-1.115163174,-2.277743361,1.019124218,-0.682420194,-0.07798321,0.210583635,0.695611839
1497535122170670000,107480,-1.119984109,-2.277363102,1.016473112,-0.685930488,-0.078761548,0.209834267,0.692290087
1497535122180680000,107481,-1.122394223,-2.274364256,1.015229691,-0.686503586,-0.066004401,0.198610264,0.696354945
1497535122190670000,107482,-1.125803427,-2.270660266,1.012825532,-0.687364707,-0.053262658,0.187691057,0.699617693
1497535122200640000,107483,-1.129763898,-2.270707679,1.010514723,-0.690121272,-0.056477201,0.189837587,0.696063679
1497535122210650000,107484,-1.131221767,-2.2728695,1.008797886,-0.693281733,-0.072753162,0.206350545,0.686649014
1497535122220640000,107485,-1.135272588,-2.27109478,1.006445689,-0.694804087,-0.070118868,0.201254437,0.686896846
1497535122230580000,107486,-1.140681419,-2.269104274,1.003637997,-0.699351723,-0.068782995,0.19314938,0.684740377
1497535122240690000,107487,-1.144384001,-2.267327834,1.002543296,-0.696654405,-0.06094196,0.19047077,0.688969958
1497535122250740000,107488,-1.148371324,-2.264805426,1.001816394,-0.698644752,-0.054937814,0.192532628,0.686883203
1497535122260690000,107489,-1.153010088,-2.262560602,1.00044851,-0.696524647,-0.049669307,0.189762381,0.690200417
1497535122270680000,107490,-1.158069305,-2.260331806,0.999015013,-0.698097186,-0.047228716,0.188987793,0.688994471
1497535122280660000,107491,-1.163301021,-2.256710057,0.998499521,-0.69521199,-0.036743174,0.18296198,0.694157866
1497535122290670000,107492,-1.167476341,-2.253944323,0.998430506,-0.696181291,-0.034413488,0.183590475,0.693139135
1497535122300640000,107493,-1.172108006,-2.251365896,0.999824798,-0.693701363,-0.027165025,0.187465508,0.694908026
1497535122310670000,107494,-1.175911175,-2.248543483,1.001103577,-0.693733113,-0.024615749,0.18345145,0.696041665
1497535122320660000,107495,-1.180111964,-2.245888533,1.002815819,-0.697638254,-0.019588045,0.184623589,0.691976377
1497535122330690000,107496,-1.184351084,-2.241329609,1.004207045,-0.69373408,-0.01283824,0.173472766,0.698910156
1497535122340680000,107497,-1.186399987,-2.237127525,1.006749915,-0.694772863,-0.007504954,0.163838388,0.700279464
1497535122350680000,107498,-1.192295148,-2.233228438,1.007025466,-0.698441882,-0.005416919,0.164473973,0.696489703
1497535122360670000,107499,-1.195935924,-2.229029631,1.007919781,-0.701590049,-0.002296682,0.154690661,0.695583876
1497535122370670000,107500,-1.199537284,-2.224409202,1.008208718,-0.703762162,0.001116434,0.1491585,0.694600111
1497535122380690000,107501,-1.203572032,-2.219985063,1.008665346,-0.704501234,0.005136489,0.139157739,0.695907143
1497535122390680000,107502,-1.207788819,-2.21526902,1.008350673,-0.705392055,0.008778103,0.13341618,0.69609275
1497535122400670000,107503,-1.211319641,-2.211284087,1.008448754,-0.706408653,0.010406936,0.128734057,0.695921011
1497535122410670000,107504,-1.215896898,-2.206716823,1.007862218,-0.709218002,0.011591344,0.124580224,0.693797689
1497535122420680000,107505,-1.220161752,-2.202309815,1.0076942,-0.712823409,0.014794538,0.118288523,0.691138
1497535122430690000,107506,-1.223766648,-2.197688171,1.007125376,-0.715109368,0.015626221,0.113537504,0.689553224
1497535122440670000,107507,-1.227509797,-2.193329351,1.006139305,-0.722380623,0.017792722,0.108773308,0.682655127
1497535122450700000,107508,-1.229773952,-2.189291137,1.006548108,-0.723986446,0.021176482,0.105149343,0.681424096
1497535122460630000,107509,-1.232116658,-2.18535504,1.005756751,-0.727172496,0.026139703,0.100436305,0.678564238
1497535122470650000,107510,-1.236343478,-2.181700413,1.004345439,-0.728435753,0.029049561,0.096606595,0.677646399
1497535122480740000,107511,-1.237755047,-2.17765806,1.003891294,-0.733204535,0.032311249,0.09345123,0.672780767
1497535122490700000,107512,-1.23965979,-2.174227246,1.003620135,-0.734360253,0.038121286,0.093993467,0.671138596
1497535122500710000,107513,-1.242739009,-2.171044058,1.003325888,-0.733879619,0.040835025,0.090700312,0.671957335
1497535122510690000,107514,-1.244439177,-2.16759683,1.002349242,-0.735193283,0.043756651,0.084052043,0.671201495
1497535122520670000,107515,-1.246186959,-2.164609566,1.00225811,-0.737423793,0.047092212,0.085311546,0.668363983
1497535122530700000,107516,-1.248181929,-2.161659315,1.002147223,-0.740364213,0.051547792,0.085216877,0.664786989
1497535122540690000,107517,-1.250585901,-2.158221893,1.000766357,-0.744056237,0.057055271,0.085440919,0.660170328
1497535122550670000,107518,-1.250907926,-2.15521713,1.000945322,-0.744679979,0.060651444,0.082005127,0.659581905
1497535122560680000,107519,-1.252586937,-2.152595904,1.00017597,-0.745916814,0.065625518,0.079076867,0.658064014
1497535122570650000,107520,-1.25292499,-2.149539916,0.999607638,-0.742467137,0.07277725,0.070505069,0.662174492
1497535122580760000,107521,-1.253093796,-2.147503409,1.00007865,-0.744572311,0.080568316,0.067227459,0.659242967
1497535122590700000,107522,-1.253818258,-2.145306558,0.99935327,-0.746944275,0.084886741,0.062949754,0.65643417
1497535122600740000,107523,-1.253364694,-2.142702297,0.998859729,-0.74515031,0.090747483,0.053501447,0.658523731
1497535122610670000,107524,-1.253486653,-2.14081742,0.99841398,-0.745095897,0.095147892,0.048244007,0.658370335
1497535122620700000,107525,-1.253521161,-2.138896249,0.998187879,-0.746190442,0.098517238,0.043806639,0.6569438
1497535122630680000,107526,-1.254820982,-2.136544736,0.997131357,-0.750369923,0.100703603,0.039933532,0.652080575
1497535122640670000,107527,-1.255347584,-2.133719937,0.996397742,-0.755125271,0.100915854,0.036050904,0.646762822
1497535122650710000,107528,-1.256662738,-2.132068151,0.995560123,-0.753867616,0.108016852,0.032132069,0.647289354
1497535122660770000,107529,-1.257048115,-2.128982545,0.995009498,-0.759814111,0.109002282,0.028497614,0.64030376
1497535122670660000,107530,-1.257470433,-2.127399343,0.994978012,-0.756540509,0.115410798,0.022614852,0.643284831
1497535122680740000,107531,-1.257897833,-2.124811464,0.994835292,-0.745951059,0.132133867,0.009573007,0.652691364
1497535122690650000,107532,-1.25867506,-2.121787657,0.994304636,-0.746993492,0.136305285,0.00401004,0.650696175
1497535122700710000,107533,-1.259452652,-2.118764428,0.993290889,-0.747381209,0.141245041,-0.000910962,0.649207469
1497535122710670000,107534,-1.260161905,-2.115720751,0.99281863,-0.749236499,0.144983231,-0.005635696,0.646214183
1497535122720680000,107535,-1.261342494,-2.112659802,0.991695625,-0.749828609,0.14994621,-0.010236133,0.644335637
1497535122730690000,107536,-1.262235367,-2.10928521,0.991078624,-0.750767736,0.153212008,-0.015370095,0.642368778
1497535122740680000,107537,-1.263723937,-2.106110764,0.990486326,-0.751935967,0.157962378,-0.018908044,0.639752042
1497535122750630000,107538,-1.26584256,-2.102399437,0.989081654,-0.754028972,0.162526294,-0.023171309,0.635994185
1497535122760630000,107539,-1.266978181,-2.098474726,0.988527818,-0.753057176,0.1664119,-0.029175785,0.635893657
1497535122770600000,107540,-1.268775642,-2.094642772,0.987848207,-0.754016254,0.171112755,-0.033543812,0.633288817
1497535122780700000,107541,-1.270452423,-2.090455732,0.987130736,-0.755498995,0.17241182,-0.035781439,0.631042884
1497535122790700000,107542,-1.273416107,-2.086083625,0.985951958,-0.756949061,0.173597211,-0.039017243,0.628784369
1497535122800670000,107543,-1.27517461,-2.081414769,0.985321288,-0.758111227,0.175447684,-0.042567757,0.626636628
1497535122810680000,107544,-1.277714526,-2.076788177,0.984209696,-0.758612332,0.174554872,-0.047863668,0.625896953
1497535122820660000,107545,-1.280828159,-2.072055031,0.98288302,-0.760024888,0.176032143,-0.049869053,0.623608797
1497535122830710000,107546,-1.282308917,-2.06741063,0.982532651,-0.76204353,0.176792389,-0.050483551,0.620874803
1497535122840670000,107547,-1.285495828,-2.06268526,0.981419235,-0.761921508,0.177349728,-0.054469603,0.620528607
1497535122850710000,107548,-1.287865028,-2.057836396,0.980507617,-0.761269962,0.179187393,-0.059254806,0.620361822
1497535122860730000,107549,-1.290011035,-2.053072663,0.980035816,-0.761898479,0.180597924,-0.061942868,0.618916939
1497535122870620000,107550,-1.292779027,-2.048233497,0.979197173,-0.762807088,0.181686873,-0.065481309,0.617112165
1497535122880670000,107551,-1.294848551,-2.043132913,0.978090308,-0.763008357,0.184568174,-0.068464252,0.61568294
1497535122890690000,107552,-1.297737127,-2.038027609,0.976909966,-0.763451687,0.187005535,-0.071276639,0.614076617
1497535122900670000,107553,-1.300874945,-2.032870931,0.976034773,-0.762835043,0.188519973,-0.074852382,0.613954427
1497535122910630000,107554,-1.302950167,-2.027537598,0.975454002,-0.762669443,0.191223689,-0.076114925,0.613168279
1497535122920660000,107555,-1.305791332,-2.022013029,0.974684125,-0.761759776,0.192783878,-0.079176457,0.613422782
1497535122930690000,107556,-1.309030502,-2.015932696,0.973584487,-0.764597788,0.19618973,-0.080085076,0.608675769
1497535122940660000,107557,-1.31113818,-2.009751498,0.97335121,-0.761027704,0.197313899,-0.084907411,0.612123182
1497535122950640000,107558,-1.313712416,-2.003014218,0.973004084,-0.761477677,0.201353421,-0.088119428,0.609789729
1497535122960590000,107559,-1.317229629,-1.996635582,0.972676807,-0.760310691,0.202564574,-0.091992261,0.61027262
1497535122970800000,107560,-1.320808768,-1.989491027,0.972071472,-0.75793679,0.20458739,-0.097589144,0.611679803
1497535122980740000,107561,-1.323345121,-1.982342184,0.972646441,-0.757405265,0.207782064,-0.098768339,0.611071758
1497535122990780000,107562,-1.326808817,-1.974629798,0.972048377,-0.756689473,0.209541502,-0.102314082,0.610774287
1497535123000720000,107563,-1.33017136,-1.96665522,0.9723739,-0.753467148,0.212592462,-0.10757201,0.612796838
1497535123010670000,107564,-1.332771053,-1.958775273,0.973176029,-0.754123868,0.214914156,-0.108314757,0.611045833
1497535123020700000,107565,-1.335915041,-1.95071575,0.973911125,-0.750436174,0.217240014,-0.111772136,0.614132978
1497535123030700000,107566,-1.339972398,-1.942476879,0.97466892,-0.748501111,0.219054168,-0.112958907,0.615631094
1497535123040680000,107567,-1.343155747,-1.934314384,0.976089826,-0.746412031,0.220602838,-0.113953534,0.617428587
1497535123050710000,107568,-1.346569752,-1.925861093,0.97742843,-0.743659074,0.222552449,-0.113996334,0.620037438
1497535123060770000,107569,-1.349878432,-1.917964031,0.979114694,-0.739902701,0.225153262,-0.113647305,0.623645966
1497535123070660000,107570,-1.353784944,-1.909912549,0.980732355,-0.736367984,0.225830903,-0.113308296,0.627633511
1497535123080750000,107571,-1.357006042,-1.90209362,0.982435757,-0.733757284,0.227090693,-0.111202278,0.630606152
1497535123090620000,107572,-1.360750051,-1.89485199,0.984496349,-0.727904529,0.228215309,-0.113121473,0.636613149
1497535123100690000,107573,-1.364393029,-1.887369405,0.986272324,-0.721990573,0.230353552,-0.112730163,0.642618676
1497535123110680000,107574,-1.368011088,-1.880364509,0.987800853,-0.717887624,0.229656221,-0.113055458,0.647390024
1497535123120710000,107575,-1.371300853,-1.873262825,0.989566216,-0.711333275,0.229808738,-0.115858069,0.654041148
1497535123130690000,107576,-1.374589974,-1.866486925,0.991609734,-0.707135047,0.231536111,-0.118221904,0.657552003
1497535123140700000,107577,-1.377114538,-1.859558086,0.992795644,-0.700121108,0.230978945,-0.122098377,0.6645082
1497535123150760000,107578,-1.379725437,-1.852849189,0.994314078,-0.692280324,0.232895804,-0.125107246,0.671457873
1497535123160760000,107579,-1.382054706,-1.844381777,0.998194853,-0.679519002,0.219281465,-0.130102302,0.687926563
1497535123170710000,107580,-1.384112546,-1.838343989,0.999994233,-0.674767587,0.220613684,-0.129237082,0.692326572
1497535123180770000,107581,-1.385994015,-1.831744932,1.001106789,-0.667666182,0.223671474,-0.134171632,0.697273916
1497535123190710000,107582,-1.387133468,-1.825438542,1.003294593,-0.662512057,0.228139481,-0.13465969,0.700640364
1497535123200720000,107583,-1.388652095,-1.819404627,1.004572411,-0.656680641,0.231905111,-0.138722793,0.704092708
1497535123210620000,107584,-1.390100093,-1.813763609,1.006693054,-0.651480892,0.234142752,-0.138350566,0.70824356
1497535123220700000,107585,-1.391157068,-1.807492407,1.007985766,-0.641520918,0.239773787,-0.143824694,0.714334586
1497535123230700000,107586,-1.391866667,-1.802277324,1.010492141,-0.636401402,0.243975407,-0.141538178,0.717938855
1497535123240680000,107587,-1.393213872,-1.796552338,1.012613487,-0.62845391,0.246835797,-0.146395747,0.722970301
1497535123250680000,107588,-1.395265104,-1.791327172,1.015064814,-0.625905573,0.244414262,-0.148813243,0.725505686
1497535123260690000,107589,-1.396072802,-1.785525811,1.016980669,-0.620292575,0.246771736,-0.150279315,0.729216675
1497535123270710000,107590,-1.397755002,-1.780018579,1.019599142,-0.615355194,0.245646152,-0.151572434,0.73349966
1497535123280750000,107591,-1.399355584,-1.774356271,1.021958575,-0.609015121,0.244778591,-0.154974962,0.738354105
1497535123290690000,107592,-1.4008749,-1.768563306,1.024039111,-0.603649195,0.243606621,-0.157943503,0.74250745
1497535123300780000,107593,-1.402266804,-1.762194457,1.025843801,-0.599639403,0.243830628,-0.163681897,0.744437672
1497535123310690000,107594,-1.403380001,-1.756290079,1.027750027,-0.597018454,0.243383909,-0.163131548,0.746807429
1497535123320610000,107595,-1.404918174,-1.749796476,1.02901017,-0.594883027,0.241984932,-0.167163578,0.748073403
1497535123330730000,107596,-1.405739626,-1.743534625,1.030659128,-0.595270799,0.241799522,-0.16710523,0.74783789
1497535123340800000,107597,-1.406671132,-1.737530032,1.031556297,-0.596155147,0.24104583,-0.167595099,0.747266907
1497535123350710000,107598,-1.408274722,-1.730790824,1.03220777,-0.593636353,0.23866547,-0.16972438,0.749552072
1497535123360710000,107599,-1.409657143,-1.723819255,1.032398848,-0.590467072,0.238080428,-0.176346545,0.750711825
1497535123370720000,107600,-1.410324564,-1.717193996,1.033114076,-0.589545404,0.239048319,-0.177525633,0.750850696
1497535123380710000,107601,-1.410502439,-1.710615293,1.033317915,-0.59171072,0.239381902,-0.175624328,0.749487041
1497535123390710000,107602,-1.412038474,-1.703477891,1.033482575,-0.593035071,0.235674617,-0.176779271,0.749343692
1497535123400660000,107603,-1.412652085,-1.69623196,1.032943889,-0.591948849,0.235335705,-0.179784811,0.749593948
1497535123410690000,107604,-1.413146203,-1.688437288,1.032538197,-0.591918248,0.235446036,-0.181046634,0.7492797
1497535123420700000,107605,-1.413998143,-1.681005713,1.031632521,-0.594695837,0.233103611,-0.179812263,0.748109028
1497535123430700000,107606,-1.414528449,-1.672868695,1.030389135,-0.595175912,0.232822983,-0.181327287,0.747448665
1497535123440730000,107607,-1.414707976,-1.664892894,1.029489451,-0.596582417,0.233029463,-0.180242579,0.746524816
1497535123450710000,107608,-1.414680873,-1.656334722,1.027615219,-0.601258038,0.2331352,-0.179173299,0.742989689
1497535123460770000,107609,-1.414829297,-1.647995726,1.025989957,-0.601389772,0.233953777,-0.180309992,0.74235051
1497535123470730000,107610,-1.41521004,-1.638644728,1.023740096,-0.603447883,0.233205337,-0.183025281,0.740248384
1497535123480750000,107611,-1.415394821,-1.629927768,1.021635375,-0.602899221,0.232970735,-0.178668923,0.741831909
1497535123490740000,107612,-1.415576896,-1.620964766,1.019541922,-0.60344463,0.231741779,-0.179045309,0.741682616
1497535123500730000,107613,-1.414771866,-1.61161913,1.018140096,-0.606726323,0.23294853,-0.177435495,0.739009335
1497535123510690000,107614,-1.414454336,-1.601921632,1.016420769,-0.608503327,0.231847595,-0.176567512,0.738101828
1497535123520790000,107615,-1.414922833,-1.5917184,1.014363589,-0.607602457,0.228053131,-0.175331037,0.740317534
1497535123530730000,107616,-1.415271322,-1.582624204,1.012519103,-0.606795885,0.22533323,-0.175520608,0.7417656
1497535123540780000,107617,-1.415499902,-1.573254318,1.01072524,-0.607608749,0.222370176,-0.17452509,0.742229146
1497535123550720000,107618,-1.415622474,-1.563520127,1.009211137,-0.607477194,0.220453877,-0.175896628,0.742584623
1497535123560780000,107619,-1.415504447,-1.553883027,1.007638579,-0.607801469,0.219154925,-0.173682083,0.743224748
1497535123570640000,107620,-1.415086964,-1.544001515,1.006206076,-0.60473761,0.218546547,-0.176550982,0.745224517
1497535123580810000,107621,-1.41485357,-1.53405881,1.005252947,-0.604113904,0.216224236,-0.177273631,0.746235573
1497535123590730000,107622,-1.413988056,-1.52386262,1.005054878,-0.602130018,0.215643952,-0.175945267,0.748318375
1497535123600760000,107623,-1.413016761,-1.513343104,1.004892969,-0.601642267,0.215878549,-0.174783995,0.748914942
1497535123610690000,107624,-1.412071837,-1.502375312,1.005098953,-0.597750579,0.217806375,-0.171538557,0.752216161
1497535123620800000,107625,-1.41189158,-1.492737664,1.00327145,-0.607136769,0.236934436,-0.167822451,0.739650351
1497535123630700000,107626,-1.4103932,-1.481834455,1.004172449,-0.60747185,0.237078901,-0.167000333,0.739514999
1497535123640760000,107627,-1.4089943,-1.470911019,1.005483494,-0.609245089,0.237446375,-0.166138965,0.738131075
1497535123650700000,107628,-1.407507993,-1.459966897,1.00725787,-0.609947361,0.236636031,-0.167586652,0.737483775
1497535123660710000,107629,-1.405148677,-1.44950785,1.009580302,-0.612913127,0.238101101,-0.168000255,0.734453047
1497535123670710000,107630,-1.402291655,-1.437958019,1.013918343,-0.604874753,0.22129325,-0.174099613,0.744879289
1497535123680780000,107631,-1.401761986,-1.429288894,1.013880511,-0.614558182,0.239052272,-0.176382425,0.73079511
1497535123690600000,107632,-1.398896464,-1.420304018,1.016696138,-0.611935864,0.240366219,-0.178090377,0.732149163
1497535123700670000,107633,-1.396437645,-1.410806642,1.019094913,-0.609550689,0.242756191,-0.18246838,0.732272272
1497535123710650000,107634,-1.390691997,-1.399142918,1.024868738,-0.591269237,0.243068228,-0.192976822,0.744364475
1497535123720710000,107635,-1.388054628,-1.390156009,1.026416532,-0.590188208,0.248071389,-0.194936813,0.74305996
1497535123730680000,107636,-1.385654502,-1.380888093,1.02811558,-0.591688653,0.252509488,-0.196426884,0.739972956
1497535123740650000,107637,-1.38328951,-1.371363386,1.029454971,-0.594246259,0.254941792,-0.196225721,0.737137391
1497535123750620000,107638,-1.381064235,-1.362439295,1.030001681,-0.600393383,0.258570083,-0.197121404,0.730624699
1497535123760750000,107639,-1.379810822,-1.35293646,1.031409686,-0.604309642,0.257458649,-0.198295836,0.727463857
1497535123770720000,107640,-1.378399679,-1.343989725,1.031959036,-0.610137995,0.255529039,-0.198561104,0.723194321
1497535123780730000,107641,-1.377279676,-1.335117755,1.032562318,-0.61508252,0.253953196,-0.198537976,0.719558156
1497535123790720000,107642,-1.37592542,-1.326478497,1.03299832,-0.620543425,0.253789162,-0.197453687,0.715212528
1497535123800710000,107643,-1.374646557,-1.317808363,1.0336437,-0.62632536,0.253817936,-0.195869757,0.710582886
1497535123810620000,107644,-1.373284316,-1.310150473,1.033644772,-0.628916159,0.255467068,-0.194305429,0.708128832
1497535123820690000,107645,-1.371894265,-1.302631403,1.033498928,-0.632700596,0.257486546,-0.191438073,0.704799333
1497535123830730000,107646,-1.371093711,-1.294854142,1.03396545,-0.634671342,0.257934356,-0.189074905,0.703500417
1497535123840780000,107647,-1.370328187,-1.286968816,1.034381058,-0.637996635,0.258086404,-0.18640144,0.70114635
1497535123850670000,107648,-1.369761767,-1.279703645,1.034394836,-0.639308209,0.257395371,-0.184856738,0.700614461
1497535123860780000,107649,-1.368022829,-1.270368935,1.034569796,-0.653447636,0.259024224,-0.17946194,0.688263068
1497535123870720000,107650,-1.367536473,-1.26311023,1.034488416,-0.654983388,0.258721042,-0.178193843,0.687246053
1497535123880800000,107651,-1.366803759,-1.256314257,1.033876672,-0.656664771,0.258945547,-0.176935448,0.685880769
1497535123890700000,107652,-1.366273591,-1.249042264,1.033770802,-0.658482313,0.259563048,-0.175612432,0.684242897
1497535123900750000,107653,-1.365688694,-1.241967295,1.03345498,-0.659507648,0.260676262,-0.174807123,0.683037348
1497535123910680000,107654,-1.365033593,-1.23561679,1.032759519,-0.657210605,0.262768621,-0.175797859,0.684194406
1497535123920720000,107655,-1.364557594,-1.22822092,1.032776228,-0.658427221,0.264252934,-0.175466147,0.682536162
1497535123930720000,107656,-1.363977972,-1.221054481,1.032442887,-0.659685356,0.26586347,-0.175127061,0.680780698
1497535123940760000,107657,-1.363399577,-1.213839989,1.03198695,-0.660982466,0.267419035,-0.174755797,0.67900637
1497535123950650000,107658,-1.362812995,-1.206829797,1.031188757,-0.662333684,0.26892429,-0.174258801,0.677220561
1497535123960750000,107659,-1.362410107,-1.19956457,1.030474217,-0.664068388,0.269750077,-0.173809419,0.675306122
1497535123970710000,107660,-1.362221442,-1.191971373,1.02994948,-0.665664409,0.270289923,-0.174067816,0.673449811
1497535123980780000,107661,-1.361928159,-1.184309271,1.029106285,-0.667991414,0.270553508,-0.173968718,0.671061215
1497535123990630000,107662,-1.361685025,-1.176803702,1.02794246,-0.669489114,0.271243245,-0.173717001,0.669353294
1497535124000710000,107663,-1.361423156,-1.169182918,1.026726196,-0.672375336,0.271094139,-0.173360177,0.666607549
1497535124010660000,107664,-1.361403767,-1.161069394,1.025951403,-0.674549616,0.270746715,-0.173250516,0.664577528
1497535124020730000,107665,-1.361353125,-1.152932148,1.024992395,-0.677398177,0.270326083,-0.172570626,0.662023336
1497535124030730000,107666,-1.361247952,-1.145005742,1.023725684,-0.67955083,0.270496136,-0.172761282,0.659693906
1497535124040700000,107667,-1.361259428,-1.136616154,1.022850505,-0.682293986,0.269760174,-0.172763836,0.657158293
1497535124050710000,107668,-1.361197574,-1.12857448,1.021412537,-0.684917442,0.270386318,-0.172680916,0.654187005
1497535124060700000,107669,-1.361073602,-1.120381872,1.019891393,-0.687614165,0.270596541,-0.1727654,0.651242189
1497535124070690000,107670,-1.361257418,-1.111692958,1.018837369,-0.689777901,0.270552602,-0.173687048,0.648722241
1497535124080770000,107671,-1.361298532,-1.103150465,1.017198338,-0.692425215,0.27073986,-0.17408077,0.645711341
1497535124090710000,107672,-1.361597346,-1.094186286,1.015968029,-0.695194182,0.269989625,-0.174627906,0.642896373
1497535124100770000,107673,-1.361942422,-1.085215406,1.014358654,-0.697689468,0.269656991,-0.175234907,0.640161886
1497535124110600000,107674,-1.362196957,-1.076488141,1.012300892,-0.70045355,0.269201677,-0.175523954,0.637249264
1497535124120700000,107675,-1.362671373,-1.067283714,1.010512964,-0.702600466,0.268522056,-0.17578554,0.635096791
1497535124130660000,107676,-1.363379477,-1.057914526,1.009051158,-0.704984672,0.267161929,-0.176090601,0.632940137
1497535124140690000,107677,-1.364068815,-1.048452516,1.007566063,-0.707009648,0.266278127,-0.176417661,0.630959686
1497535124150650000,107678,-1.364631623,-1.039366831,1.005728238,-0.70889064,0.265657893,-0.177625782,0.628767864
1497535124160740000,107679,-1.365131643,-1.030386557,1.003682945,-0.710391721,0.265861832,-0.178747445,0.626666131
1497535124170740000,107680,-1.365838413,-1.021260169,1.001869931,-0.711198436,0.266189014,-0.180361496,0.625147922
1497535124180780000,107681,-1.366695279,-1.01213565,1.000228267,-0.712201808,0.266415922,-0.18206781,0.623411946
1497535124190750000,107682,-1.367396822,-1.003262657,0.998029339,-0.713135708,0.267258562,-0.182261528,0.621925284
1497535124200710000,107683,-1.368248986,-0.994228325,0.995928126,-0.714331196,0.268002615,-0.182744083,0.620088817
1497535124210690000,107684,-1.369412076,-0.984875261,0.994507045,-0.715338415,0.267828826,-0.183344606,0.61882423
1497535124220790000,107685,-1.370574654,-0.975778566,0.992426575,-0.715729756,0.269222461,-0.183280828,0.617785012
1497535124230720000,107686,-1.372074441,-0.966206492,0.991060578,-0.715976965,0.269647332,-0.183947877,0.617114642
1497535124240660000,107687,-1.373642881,-0.956680617,0.989400497,-0.71620709,0.270223568,-0.184659465,0.6163826
1497535124250650000,107688,-1.375483187,-0.946613463,0.988578327,-0.716849748,0.269548721,-0.185846225,0.615573803
1497535124260740000,107689,-1.37734773,-0.936901246,0.987269244,-0.716691371,0.270413272,-0.186371262,0.615220199
1497535124270730000,107690,-1.379387173,-0.926687457,0.986791703,-0.716450737,0.270218899,-0.187675587,0.615189372
1497535124280710000,107691,-1.381491656,-0.916452427,0.986634317,-0.715733925,0.270057738,-0.189174257,0.615635336
1497535124290730000,107692,-1.383412347,-0.906380449,0.986171816,-0.714673211,0.27130801,-0.190053489,0.616046943
1497535124300730000,107693,-1.385670676,-0.89586971,0.986735696,-0.713559034,0.271215048,-0.190917237,0.617111426
1497535124310700000,107694,-1.387683523,-0.885617735,0.986661658,-0.712219648,0.272379452,-0.191098501,0.618088967
1497535124320700000,107695,-1.389849487,-0.875308056,0.986817412,-0.710576252,0.27329998,-0.189935135,0.61992996
1497535124330720000,107696,-1.392218765,-0.864636569,0.987516166,-0.709528756,0.273253748,-0.189062345,0.62141513
1497535124340790000,107697,-1.394832051,-0.854072399,0.988251648,-0.708138688,0.273593348,-0.186763561,0.623542821
1497535124350720000,107698,-1.397630269,-0.843756985,0.989092452,-0.706537408,0.27350415,-0.183845743,0.626259621
1497535124360710000,107699,-1.400590833,-0.833390154,0.99027073,-0.70476778,0.27240893,-0.180513131,0.629691004
1497535124370710000,107700,-1.403679155,-0.823263791,0.991875779,-0.702104942,0.270336006,-0.177822211,0.634307777
1497535124380760000,107701,-1.40642225,-0.813765226,0.992766867,-0.699336378,0.268892786,-0.174734749,0.638821624
1497535124390670000,107702,-1.409335808,-0.804320641,0.994535947,-0.695689767,0.266432466,-0.173368224,0.644183939
1497535124400720000,107703,-1.412031242,-0.795280472,0.996114613,-0.691726197,0.264036927,-0.17291473,0.649538194
1497535124410650000,107704,-1.414608823,-0.786614757,0.997691851,-0.687016758,0.263031445,-0.174021303,0.654628917
1497535124420700000,107705,-1.41689866,-0.778248321,0.999132272,-0.682076129,0.261764405,-0.175758364,0.659818573
1497535124430710000,107706,-1.419077616,-0.770076307,1.000643943,-0.676404234,0.261427997,-0.178042547,0.665156798
1497535124440790000,107707,-1.42105814,-0.761914786,1.002277944,-0.670946823,0.261364584,-0.179947624,0.670177415
1497535124450730000,107708,-1.422660012,-0.754105544,1.003463249,-0.665292087,0.262785811,-0.180906116,0.674983728
1497535124460640000,107709,-1.424319299,-0.746121787,1.005292809,-0.659935277,0.26396502,-0.182137662,0.679436362
1497535124470710000,107710,-1.42555337,-0.738640253,1.006371538,-0.654497745,0.266652853,-0.18218765,0.683620229
1497535124480730000,107711,-1.426868303,-0.731060068,1.008008887,-0.649390465,0.26882621,-0.181994581,0.687679042
1497535124490720000,107712,-1.427922026,-0.723885494,1.009120137,-0.644073243,0.271318511,-0.18144906,0.691832467
1497535124500800000,107713,-1.428912079,-0.716624348,1.01048224,-0.638822944,0.273588383,-0.180998023,0.695912608
1497535124510690000,107714,-1.429930342,-0.70940718,1.011983642,-0.633815337,0.275673042,-0.181016922,0.699653747
1497535124520680000,107715,-1.430922551,-0.702235566,1.013621923,-0.628850349,0.277611703,-0.180791767,0.703415466
1497535124530710000,107716,-1.431820177,-0.695289237,1.015084198,-0.624279632,0.279507015,-0.181136525,0.706640169
1497535124540760000,107717,-1.432975541,-0.687948883,1.017414701,-0.619739421,0.28020518,-0.181873201,0.710162126
1497535124550650000,107718,-1.433794797,-0.681025566,1.018989371,-0.615633201,0.280523646,-0.182539799,0.713429371
1497535124560690000,107719,-1.434813624,-0.673866671,1.021061834,-0.611677471,0.280684052,-0.183178536,0.716598045
1497535124570720000,107720,-1.435635274,-0.666746268,1.022806961,-0.608013976,0.280774135,-0.18379055,0.719517841
1497535124580780000,107721,-1.436413562,-0.659509189,1.024527552,-0.604818926,0.280460724,-0.184341361,0.722187033
1497535124590730000,107722,-1.437213653,-0.65211438,1.026206963,-0.602203668,0.279840359,-0.184644697,0.724531885
1497535124600760000,107723,-1.438239811,-0.644356935,1.028385078,-0.599739741,0.278643612,-0.184977652,0.7269479
1497535124610700000,107724,-1.439026843,-0.636713602,1.029861066,-0.597925939,0.277623283,-0.185067274,0.728807236
1497535124620700000,107725,-1.439992842,-0.628843984,1.031512204,-0.596597822,0.276289127,-0.184304443,0.730593751
1497535124630730000,107726,-1.440637709,-0.621289063,1.032051914,-0.59602371,0.275213755,-0.18325975,0.731730134
1497535124640730000,107727,-1.441673522,-0.613294176,1.033290608,-0.595184263,0.273547664,-0.182888569,0.733129688
1497535124650740000,107728,-1.442694393,-0.605246248,1.034187951,-0.594903291,0.272299818,-0.181549635,0.734154352
1497535124660780000,107729,-1.443649648,-0.597119478,1.034794327,-0.595198711,0.270520005,-0.18046686,0.734839529
1497535124670730000,107730,-1.444556521,-0.589025954,1.034933717,-0.596339632,0.268871977,-0.178955906,0.734888894
1497535124680780000,107731,-1.445439486,-0.580859929,1.034775277,-0.59741569,0.267353625,-0.177834921,0.734840985
1497535124690710000,107732,-1.446256156,-0.572595062,1.034231859,-0.598853065,0.265126002,-0.176775438,0.73473373
1497535124700810000,107733,-1.446995769,-0.564267426,1.033244762,-0.600766496,0.263428696,-0.175756262,0.734026346
1497535124710700000,107734,-1.447827191,-0.555607664,1.032504394,-0.602661019,0.261439088,-0.174725944,0.733430395
1497535124720740000,107735,-1.448401091,-0.546840074,1.031172907,-0.60524441,0.259968596,-0.173319716,0.732158323
1497535124730730000,107736,-1.448909831,-0.537954633,1.029640825,-0.608164592,0.259002869,-0.171967856,0.730397426
1497535124740800000,107737,-1.449084852,-0.529116373,1.027323477,-0.610939288,0.258457241,-0.170927567,0.728516854
1497535124750690000,107738,-1.44943277,-0.519948228,1.025294183,-0.614060526,0.258084814,-0.170026201,0.72623205
1497535124760700000,107739,-1.449548075,-0.510723769,1.022692508,-0.61725793,0.258118848,-0.169291815,0.72367644
1497535124770690000,107740,-1.449600573,-0.501178844,1.020075336,-0.621623246,0.25772085,-0.168556342,0.72024528
1497535124780730000,107741,-1.449730978,-0.491598367,1.017385528,-0.624803193,0.257442456,-0.168238439,0.717662998
1497535124790720000,107742,-1.449650956,-0.481750776,1.014444027,-0.628808866,0.256623104,-0.167227139,0.714688098
1497535124800760000,107743,-1.449777642,-0.47195059,1.01173893,-0.630473556,0.255496477,-0.167819041,0.7134854
1497535124810700000,107744,-1.449818243,-0.462155147,1.008599158,-0.632267236,0.255143395,-0.167755239,0.712038039
1497535124820800000,107745,-1.450371155,-0.452432002,1.006245289,-0.630586519,0.255456498,-0.169236852,0.71306487
1497535124830710000,107746,-1.450576917,-0.442427043,1.003821229,-0.631400089,0.255402608,-0.167655369,0.712737759
1497535124840750000,107747,-1.450690224,-0.432753087,1.001168859,-0.631483431,0.255954162,-0.164712838,0.713152034
1497535124850730000,107748,-1.451001829,-0.423138682,0.999186895,-0.630590735,0.255440563,-0.160942103,0.714984673
1497535124860710000,107749,-1.451345118,-0.413828616,0.997209623,-0.628354665,0.254176925,-0.157663442,0.718127248
1497535124870710000,107750,-1.451831236,-0.404427712,0.995646445,-0.625345743,0.25183843,-0.15478074,0.722193208
1497535124880770000,107751,-1.453390787,-0.397095263,0.993752184,-0.606778365,0.249045565,-0.158624672,0.737993587
1497535124890730000,107752,-1.453773051,-0.387287392,0.992552439,-0.600667389,0.241207376,-0.164045632,0.74438345
1497535124900750000,107753,-1.453667508,-0.376205939,0.991513061,-0.597886032,0.238444159,-0.162787953,0.747781224
1497535124910700000,107754,-1.453752027,-0.365032275,0.990253982,-0.594444664,0.239940314,-0.159916535,0.750660302
1497535124920750000,107755,-1.452889256,-0.351943562,0.989437898,-0.613217058,0.253714286,-0.153598116,0.732121247
1497535124930720000,107756,-1.452443882,-0.338838885,0.989288717,-0.61493642,0.247787025,-0.147328306,0.733995341
1497535124940740000,107757,-1.452352711,-0.326063035,0.989376897,-0.615505286,0.243664783,-0.14308364,0.735736223
1497535124950730000,107758,-1.45267632,-0.314066672,0.989710428,-0.6144998,0.242230098,-0.141915266,0.73727514
1497535124960690000,107759,-1.452500663,-0.301834145,0.99079918,-0.615664105,0.238429021,-0.140070613,0.737895341
1497535124970700000,107760,-1.452716117,-0.290853692,0.992336954,-0.61539701,0.239866521,-0.142877053,0.737113777
1497535124980800000,107761,-1.451879079,-0.279237608,0.994962651,-0.618042235,0.2370169,-0.14381498,0.735638523
1497535124990710000,107762,-1.450640262,-0.268232714,0.997335221,-0.62091595,0.236870092,-0.145353304,0.732958634
1497535125000770000,107763,-1.449077555,-0.257719818,0.999784415,-0.622361513,0.238471029,-0.148008483,0.730678592
1497535125010700000,107764,-1.44712187,-0.247650233,1.002104744,-0.622579135,0.242291553,-0.151334371,0.728551942
1497535125020710000,107765,-1.444180379,-0.236726989,1.004868956,-0.624447681,0.242146884,-0.151821415,0.726897681
1497535125030710000,107766,-1.441591374,-0.226889902,1.007026442,-0.623324868,0.247467093,-0.155638264,0.725260558
1497535125040730000,107767,-1.438987772,-0.217246848,1.00875031,-0.62197932,0.253232858,-0.159524177,0.723579216
1497535125050730000,107768,-1.436706581,-0.207869337,1.010213166,-0.619995605,0.259559833,-0.163825244,0.722077165
1497535125060720000,107769,-1.435320901,-0.199550555,1.010809624,-0.616709083,0.269560346,-0.171848688,0.71935746
1497535125070730000,107770,-1.433869159,-0.190446302,1.011719297,-0.615457782,0.273746529,-0.176503383,0.717719383
1497535125080750000,107771,-1.433409222,-0.182475547,1.011689938,-0.613762884,0.281359084,-0.183869204,0.714369865
1497535125090720000,107772,-1.432473505,-0.173478624,1.012327593,-0.615866945,0.281560636,-0.18640773,0.711817162
1497535125100730000,107773,-1.429828127,-0.162232488,1.014334656,-0.624317383,0.268447514,-0.17958636,0.711275247
1497535125110700000,107774,-1.428722406,-0.153797203,1.014933981,-0.629150198,0.269296715,-0.180795815,0.706372551
1497535125120600000,107775,-1.427401586,-0.145961996,1.015407675,-0.634049114,0.273671279,-0.18185358,0.700010734
1497535125130710000,107776,-1.424835023,-0.136973862,1.01665582,-0.639752945,0.271758517,-0.178495494,0.69642145
1497535125140650000,107777,-1.423686842,-0.130367636,1.016924987,-0.638588329,0.280519861,-0.182875188,0.692870997
1497535125150780000,107778,-1.42193851,-0.122870608,1.017486466,-0.639254211,0.284847191,-0.182923706,0.69047451
1497535125160760000,107779,-1.420081396,-0.115251572,1.01803868,-0.639707086,0.287011641,-0.182051035,0.689388557
1497535125170760000,107780,-1.419568714,-0.109361827,1.017533829,-0.637454703,0.297653573,-0.186243961,0.685833099
1497535125180890000,107781,-1.416990458,-0.100346076,1.018756875,-0.640888806,0.290835021,-0.179648778,0.687315681
1497535125190750000,107782,-1.416113596,-0.09378503,1.018625645,-0.638964857,0.295559048,-0.181732629,0.686543526
1497535125200760000,107783,-1.414546801,-0.086248993,1.019038951,-0.639369102,0.294614157,-0.180573327,0.686879118
1497535125210690000,107784,-1.413149539,-0.079103507,1.018891874,-0.639108396,0.296174503,-0.181317713,0.686254332
1497535125220860000,107785,-1.41170045,-0.071930489,1.018992335,-0.639145531,0.297987106,-0.18228039,0.685179198
1497535125230690000,107786,-1.411334661,-0.066652069,1.01792238,-0.635334907,0.309678546,-0.190159081,0.681387025
1497535125240700000,107787,-1.408736631,-0.058699338,1.018681583,-0.637854359,0.306396104,-0.187820146,0.681165793
1497535125250740000,107788,-1.407926001,-0.053528381,1.017728886,-0.634211281,0.317445768,-0.194040175,0.677755595
1497535125260730000,107789,-1.404531486,-0.045453439,1.018890465,-0.637113698,0.31071974,-0.189400069,0.67946081
1497535125270720000,107790,-1.403037722,-0.039903456,1.018384607,-0.634032582,0.317447889,-0.193083059,0.678194998
1497535125280760000,107791,-1.401018946,-0.034067558,1.018089265,-0.631261677,0.321398453,-0.195942995,0.678098866
1497535125290740000,107792,-1.399788253,-0.029014805,1.017181021,-0.627590798,0.330623058,-0.200884696,0.675620843
1497535125300810000,107793,-1.398125525,-0.023292276,1.016399748,-0.624438371,0.336613963,-0.204752095,0.674421486
1497535125310700000,107794,-1.395783939,-0.017302087,1.015867911,-0.626211754,0.338873392,-0.208166657,0.670589521
1497535125320790000,107795,-1.39321211,-0.01098153,1.015434456,-0.637445196,0.340612525,-0.207233537,0.659318581
1497535125330630000,107796,-1.391243156,-0.004113301,1.014805172,-0.640394976,0.342730041,-0.209634862,0.654586601
1497535125340650000,107797,-1.389468264,0.003035226,1.014027435,-0.636719581,0.344573404,-0.215421636,0.655325005
1497535125350690000,107798,-1.387715694,0.009944858,1.013116338,-0.642530873,0.348090986,-0.216607116,0.647354694
1497535125360720000,107799,-1.386587027,0.01709645,1.012179463,-0.643083989,0.355271992,-0.21899568,0.642079191
1497535125370720000,107800,-1.385304708,0.022458346,1.010775516,-0.644855271,0.34862971,-0.219891465,0.643635572
1497535125380740000,107801,-1.383750481,0.029491639,1.009472505,-0.646842468,0.354057496,-0.221999792,0.637929622
1497535125390660000,107802,-1.382242568,0.036565152,1.008312246,-0.648747943,0.3577201,-0.223809119,0.633302388
1497535125400730000,107803,-1.380283935,0.043995439,1.007262212,-0.651153043,0.357995456,-0.225896574,0.629928334
1497535125410730000,107804,-1.378470869,0.051597401,1.00609884,-0.652038285,0.36365824,-0.226461238,0.625551011
1497535125420790000,107805,-1.376961615,0.059525472,1.004794146,-0.652678195,0.364603959,-0.229272302,0.623305172
1497535125430760000,107806,-1.374668072,0.067575051,1.003681707,-0.655494784,0.364070251,-0.230162801,0.620326144
1497535125440790000,107807,-1.373359507,0.074974879,1.002070479,-0.655911247,0.362669526,-0.233509192,0.61945517
1497535125450750000,107808,-1.371997388,0.083002649,1.000598899,-0.661186222,0.369563073,-0.23299039,0.609894575
1497535125460790000,107809,-1.370324719,0.090473872,0.999308544,-0.65875531,0.368051701,-0.236551436,0.61206438
1497535125470740000,107810,-1.369290046,0.098319459,0.99771292,-0.660625244,0.367056909,-0.239463814,0.609508486
1497535125480730000,107811,-1.367505898,0.106651166,0.996567526,-0.661465687,0.367088799,-0.241262088,0.607866403
1497535125490740000,107812,-1.365679182,0.114188,0.995224794,-0.663840684,0.367152211,-0.242792553,0.604621019
1497535125500810000,107813,-1.364511736,0.121746205,0.993599697,-0.661326811,0.368809257,-0.247406624,0.604496934
1497535125510720000,107814,-1.363173254,0.12952533,0.992223742,-0.661950082,0.374962972,-0.248563754,0.599533918
1497535125520790000,107815,-1.361631791,0.137697264,0.990454587,-0.661878008,0.375918763,-0.251214236,0.597908015
1497535125530790000,107816,-1.360387729,0.145185399,0.988793999,-0.66079789,0.377415964,-0.254530913,0.59675569
1497535125540810000,107817,-1.358591784,0.153802202,0.987522851,-0.662472522,0.375760028,-0.254701477,0.595870554
1497535125550730000,107818,-1.357219532,0.162162157,0.985975095,-0.661138267,0.380513039,-0.256227152,0.593678082
1497535125560770000,107819,-1.35540748,0.17095112,0.984537959,-0.662121375,0.382920788,-0.258404525,0.590079703
1497535125570740000,107820,-1.353941732,0.179175768,0.982740116,-0.658704391,0.384335385,-0.263664749,0.590657038
1497535125580820000,107821,-1.352030638,0.188901525,0.981557538,-0.662259609,0.384125585,-0.264989906,0.586208235
1497535125590740000,107822,-1.351360812,0.197441627,0.979683492,-0.659152291,0.390286389,-0.268455755,0.584060185
1497535125600780000,107823,-1.349263341,0.20733193,0.978806985,-0.660595586,0.391167773,-0.269635696,0.581289804
1497535125610690000,107824,-1.348224827,0.21551822,0.97775323,-0.66875499,0.39122252,-0.273764312,0.569881395
1497535125620760000,107825,-1.346745051,0.225126103,0.97658289,-0.667462284,0.391427639,-0.2759887,0.570183076
1497535125630760000,107826,-1.344137581,0.237613183,0.976331363,-0.661488629,0.393029368,-0.27463936,0.576657551
1497535125640770000,107827,-1.342204706,0.247930303,0.976194252,-0.662233001,0.395687205,-0.274541705,0.574026081
1497535125650750000,107828,-1.340910892,0.258168521,0.975778091,-0.65872396,0.395152721,-0.279018721,0.576268709
1497535125660800000,107829,-1.33935401,0.268330912,0.975535732,-0.657984002,0.397927694,-0.279247734,0.575092433
1497535125670740000,107830,-1.337876831,0.27887994,0.975578688,-0.655231417,0.400898652,-0.279983705,0.575813499
1497535125680780000,107831,-1.336028679,0.289368637,0.97632087,-0.653334034,0.400543818,-0.279712361,0.578342705
1497535125690730000,107832,-1.334475394,0.300187523,0.976934848,-0.654784523,0.399369322,-0.277169798,0.578738522
1497535125700790000,107833,-1.333857079,0.310429702,0.977360953,-0.652293745,0.402260144,-0.275433908,0.580375576
1497535125710640000,107834,-1.333182774,0.320373388,0.978377486,-0.649468493,0.401475267,-0.274185734,0.584662698
1497535125720760000,107835,-1.332211058,0.330528628,0.97978149,-0.64921717,0.398987779,-0.270114412,0.588526994
1497535125730740000,107836,-1.331215806,0.340259541,0.981364846,-0.646890201,0.396746109,-0.269710858,0.592774532
1497535125740770000,107837,-1.330465781,0.349355054,0.982964383,-0.642472649,0.393030043,-0.268568936,0.600522278
1497535125750750000,107838,-1.329702468,0.358037445,0.984789543,-0.641826202,0.38880199,-0.26881956,0.603844503
1497535125760760000,107839,-1.328896291,0.366495511,0.986605353,-0.636595786,0.388965652,-0.27030302,0.608594942
1497535125770760000,107840,-1.328179482,0.374141983,0.988461516,-0.634033796,0.387810251,-0.272360275,0.611084475
1497535125780720000,107841,-1.327589163,0.381750323,0.989922063,-0.624492012,0.385804045,-0.279224031,0.619030618
1497535125790700000,107842,-1.326363683,0.388999544,0.991782706,-0.61951086,0.386660963,-0.282005622,0.622231808
1497535125800750000,107843,-1.325044942,0.396296894,0.993485411,-0.6122534,0.387103207,-0.285477324,0.627534524
1497535125810790000,107844,-1.323520845,0.403653326,0.995431579,-0.607366864,0.389202453,-0.286223228,0.630637144
1497535125820660000,107845,-1.322149718,0.410555839,0.99758163,-0.601988875,0.390538031,-0.287539012,0.63435854
1497535125830740000,107846,-1.320883597,0.416650038,0.999292523,-0.596374504,0.393527916,-0.288469608,0.63738412
1497535125840780000,107847,-1.319758255,0.423005063,1.00114406,-0.590031818,0.397596078,-0.289808666,0.640149005
1497535125850730000,107848,-1.318096554,0.429244241,1.003252553,-0.584031167,0.397516693,-0.292042494,0.644669882
1497535125860750000,107849,-1.316169738,0.435725186,1.005467579,-0.579770518,0.397454541,-0.294275686,0.647532126
1497535125870690000,107850,-1.314985898,0.441512196,1.007045305,-0.572325076,0.401733204,-0.297613151,0.649985271
1497535125880760000,107851,-1.313286724,0.447344421,1.009289405,-0.56721738,0.400567811,-0.300308975,0.653929959
1497535125890760000,107852,-1.312010573,0.452868216,1.011295486,-0.564064328,0.400423328,-0.301957492,0.655983434
1497535125900830000,107853,-1.310760464,0.458378064,1.013103166,-0.559842338,0.401594121,-0.30404542,0.657917245
1497535125910790000,107854,-1.309288179,0.464256696,1.015342453,-0.554786481,0.399678068,-0.307799574,0.66161078
1497535125920830000,107855,-1.307827274,0.470157163,1.017250229,-0.548851824,0.397821567,-0.311530251,0.665919348
1497535125930750000,107856,-1.306234442,0.476002719,1.018946311,-0.546272849,0.397575559,-0.313227553,0.667389054
1497535125940760000,107857,-1.304504834,0.482136159,1.020484096,-0.542376662,0.396883614,-0.315924688,0.669703326
1497535125950750000,107858,-1.302428165,0.488658948,1.022056591,-0.541345735,0.395829768,-0.318108856,0.670127112
1497535125960710000,107859,-1.300510903,0.494649921,1.02342272,-0.539850244,0.39543962,-0.320970831,0.670199185
1497535125970740000,107860,-1.298499293,0.501089769,1.02465923,-0.538389783,0.393504709,-0.322469287,0.671791667
1497535125980800000,107861,-1.296480738,0.508174894,1.025947088,-0.538957749,0.39126437,-0.322311308,0.67271997
1497535125990730000,107862,-1.295072611,0.514249879,1.026734501,-0.536427635,0.391766849,-0.325577231,0.672877103
1497535126000800000,107863,-1.292877819,0.520704705,1.027535117,-0.535242121,0.392090925,-0.328253953,0.672331704
1497535126010730000,107864,-1.290849592,0.527165172,1.028002938,-0.534930792,0.390749539,-0.32941304,0.672793352
1497535126020780000,107865,-1.28849655,0.534396817,1.029003681,-0.53612838,0.38881491,-0.3296535,0.672843143
1497535126030760000,107866,-1.286300325,0.541128587,1.029418736,-0.537145771,0.388629377,-0.331179881,0.671387753
1497535126040790000,107867,-1.284284938,0.54710032,1.029162233,-0.533086621,0.387858127,-0.334886234,0.673227998
1497535126050760000,107868,-1.281362458,0.554090978,1.029465177,-0.535135664,0.38712503,-0.335430998,0.6717515
1497535126060730000,107869,-1.278912072,0.558967336,1.029189201,-0.5440263,0.382784094,-0.338479973,0.665539653
1497535126070750000,107870,-1.276327512,0.567191468,1.028191928,-0.533326599,0.388343468,-0.336830087,0.671786858
1497535126080740000,107871,-1.273008573,0.574611138,1.027889011,-0.535925493,0.388855224,-0.336683888,0.669491927
1497535126090730000,107872,-1.270221891,0.58129856,1.026423987,-0.53519005,0.390756048,-0.338001205,0.668308691
1497535126100810000,107873,-1.267155594,0.588623373,1.024945847,-0.533908036,0.392073474,-0.337387119,0.668872582
1497535126110730000,107874,-1.263951206,0.595264469,1.023109073,-0.532931494,0.393823821,-0.338805385,0.667905481
1497535126120790000,107875,-1.260689102,0.603005992,1.021243718,-0.534271541,0.396114071,-0.337499496,0.666139365
1497535126130790000,107876,-1.256955739,0.610106985,1.018980548,-0.537394012,0.39778551,-0.336366744,0.663198143
1497535126140750000,107877,-1.253055683,0.61812531,1.016845836,-0.538886114,0.39823095,-0.334815025,0.662504918
1497535126150770000,107878,-1.249527776,0.62586522,1.014314055,-0.540301319,0.398221214,-0.334633898,0.661448792
1497535126160730000,107879,-1.245461133,0.634139835,1.011872405,-0.542116203,0.39906634,-0.333724171,0.65991231
1497535126170760000,107880,-1.241635449,0.642144273,1.009469057,-0.544298766,0.398683564,-0.331772029,0.659331169
1497535126180810000,107881,-1.237622823,0.650447824,1.007218534,-0.547205415,0.398993084,-0.328889614,0.658181111
1497535126190760000,107882,-1.234057855,0.658180589,1.004680461,-0.548585657,0.400805591,-0.326764376,0.656988354
1497535126200730000,107883,-1.230331878,0.666586919,1.002827564,-0.547175657,0.399799841,-0.325164142,0.659565894
1497535126210740000,107884,-1.227316773,0.673270784,1.000388647,-0.546964554,0.401388832,-0.322848919,0.659913144
1497535126220810000,107885,-1.224239029,0.680649133,0.998547336,-0.543455601,0.400309739,-0.322452964,0.663650668
1497535126230770000,107886,-1.221371589,0.687760805,0.99674818,-0.541700978,0.39912424,-0.322489471,0.665778066
1497535126240730000,107887,-1.218286276,0.695270834,0.995608678,-0.537137048,0.39656352,-0.324568078,0.669982633
1497535126250770000,107888,-1.215017827,0.702819798,0.994476057,-0.531049944,0.394475313,-0.328147264,0.674310431
1497535126260750000,107889,-1.210453913,0.70551528,0.994461307,-0.52935821,0.399521054,-0.323271755,0.675024581
1497535126270770000,107890,-1.206709259,0.71373995,0.992688055,-0.52255907,0.403765162,-0.322386111,0.678213025
1497535126280740000,107891,-1.20234324,0.722111501,0.992414824,-0.519860459,0.404834396,-0.322974363,0.67936866
1497535126290730000,107892,-1.197735371,0.730657111,0.992047692,-0.51758126,0.404755493,-0.323472823,0.680917001
1497535126300760000,107893,-1.192848357,0.739618809,0.992072124,-0.514905885,0.403316904,-0.32315417,0.683943555
1497535126310710000,107894,-1.188364274,0.749212582,0.993031582,-0.512675255,0.401560487,-0.324635289,0.685948386
1497535126320820000,107895,-1.183469917,0.763225904,0.993905077,-0.515623687,0.388630124,-0.332724333,0.687308779
1497535126330760000,107896,-1.178772622,0.767248879,0.995844007,-0.511516422,0.396170069,-0.329950624,0.687410221
1497535126340770000,107897,-1.174086803,0.774709247,0.996837491,-0.508798144,0.397461866,-0.335137796,0.686171386
1497535126350780000,107898,-1.169170025,0.78346814,0.999336702,-0.508497761,0.396429073,-0.338793953,0.685195355
1497535126360840000,107899,-1.163173526,0.797952515,1.002326618,-0.515860094,0.384496673,-0.344178978,0.683806627
1497535126370750000,107900,-1.157524764,0.805533726,1.004339949,-0.517006358,0.386961614,-0.346115369,0.680565417
1497535126380760000,107901,-1.151514037,0.813351058,1.006616076,-0.518491394,0.389039105,-0.347478906,0.677549747
1497535126390720000,107902,-1.145093698,0.821051315,1.008938899,-0.517690547,0.39190076,-0.351437124,0.67446441
1497535126400770000,107903,-1.138529893,0.828783301,1.010981277,-0.516938197,0.396066685,-0.354013841,0.67125277
1497535126410740000,107904,-1.132245842,0.836003388,1.012547324,-0.518076413,0.400486028,-0.354220147,0.667634526
1497535126420830000,107905,-1.125548586,0.84318877,1.014041631,-0.516132597,0.405751655,-0.357928341,0.66397292
1497535126430760000,107906,-1.119403819,0.850200564,1.015475549,-0.51610821,0.410292419,-0.359912521,0.660117734
1497535126440800000,107907,-1.113136394,0.857547521,1.016934399,-0.514446787,0.414215572,-0.363738749,0.656859259
1497535126450770000,107908,-1.106985635,0.864984215,1.018277033,-0.516093353,0.417851542,-0.366708648,0.651592286
1497535126460700000,107909,-1.101540114,0.872111359,1.019437551,-0.518448198,0.420139539,-0.369015957,0.646932344
1497535126470760000,107910,-1.096538919,0.878991044,1.020044792,-0.520413485,0.420609306,-0.371553611,0.643588012
1497535126480680000,107911,-1.091445154,0.885925342,1.021030276,-0.523775223,0.421827025,-0.372656762,0.639412554
1497535126490710000,107912,-1.08666829,0.892811117,1.021913057,-0.526601468,0.421039803,-0.373742895,0.636971448
1497535126500780000,107913,-1.081502535,0.899260352,1.022685786,-0.529546479,0.422552047,-0.373445011,0.633694814
1497535126510730000,107914,-1.076372608,0.905756108,1.023527812,-0.532981,0.424318713,-0.371123644,0.630992967
1497535126520760000,107915,-1.071437001,0.911658082,1.024045387,-0.535410081,0.426316965,-0.369678225,0.628432893
1497535126530750000,107916,-1.066504952,0.917484959,1.024751733,-0.536671255,0.428680648,-0.368314846,0.626546918
1497535126540740000,107917,-1.061853957,0.922886673,1.024931829,-0.53921921,0.431162134,-0.365782709,0.624135297
1497535126550740000,107918,-1.057270859,0.928278982,1.025062168,-0.53812341,0.433559855,-0.364626419,0.624096645
1497535126560730000,107919,-1.052636061,0.933303832,1.02530403,-0.539695098,0.434636183,-0.362998529,0.622938726
1497535126570750000,107920,-1.048240369,0.938333232,1.025008638,-0.538974856,0.436807753,-0.362871986,0.622116559
1497535126580820000,107921,-1.043943181,0.942975258,1.025210195,-0.540345585,0.438932878,-0.361775448,0.620067014
1497535126590760000,107922,-1.039582363,0.948027044,1.025074287,-0.540939476,0.44143801,-0.361881575,0.617704373
1497535126600710000,107923,-1.035276026,0.952613631,1.025146029,-0.541765952,0.443582057,-0.361522578,0.615650906
1497535126610700000,107924,-1.030997547,0.957338954,1.025198419,-0.542359086,0.446670896,-0.361098207,0.613139313
1497535126620700000,107925,-1.026694792,0.962171413,1.025125983,-0.542242205,0.450223416,-0.362159186,0.610010648
1497535126630700000,107926,-1.022550153,0.966629232,1.02533439,-0.54249531,0.452746442,-0.36261571,0.607642449
1497535126640630000,107927,-1.018312427,0.971447507,1.025117012,-0.542313811,0.455993952,-0.363545774,0.604813787
1497535126650810000,107928,-1.01438027,0.975831577,1.025348916,-0.541173019,0.458702452,-0.364847663,0.603000835
1497535126660800000,107929,-1.010261556,0.980313704,1.025018946,-0.541797672,0.461236168,-0.365652581,0.600012225
1497535126670750000,107930,-1.006185246,0.984900568,1.024871033,-0.539557113,0.463560565,-0.367198179,0.599295605
1497535126680800000,107931,-1.002098667,0.989507392,1.024859206,-0.540703247,0.465886037,-0.368732104,0.595505529
1497535126690790000,107932,-0.997959798,0.994184119,1.024440121,-0.539034044,0.469471813,-0.369185465,0.593919699
1497535126700770000,107933,-0.993773206,0.998965506,1.024210503,-0.539837895,0.471783439,-0.370524895,0.590513959
1497535126710740000,107934,-0.989314505,1.004014551,1.023891282,-0.539999719,0.475317392,-0.37048517,0.587549503
1497535126720790000,107935,-0.985008361,1.008843692,1.023441336,-0.540864622,0.478997126,-0.371936146,0.582829921
1497535126730770000,107936,-0.980435804,1.013970703,1.02284716,-0.540264218,0.482198323,-0.372898028,0.580126204
1497535126740810000,107937,-0.976203165,1.018875412,1.022518375,-0.541564319,0.484819694,-0.373343969,0.576430598
1497535126750760000,107938,-0.971796975,1.0241127,1.021693875,-0.541632836,0.48860427,-0.374387728,0.57248019
1497535126760800000,107939,-0.967297373,1.029315889,1.021059009,-0.541583391,0.491057098,-0.375118942,0.569943976
1497535126770760000,107940,-0.962821741,1.034182646,1.020349405,-0.542450827,0.494283762,-0.375687419,0.565941363
1497535126780840000,107941,-0.958339001,1.039346672,1.01940468,-0.543516715,0.49731259,-0.375663768,0.562269066
1497535126790770000,107942,-0.95377405,1.044599488,1.018427725,-0.543729374,0.500598359,-0.376242833,0.55874948
1497535126800730000,107943,-0.949087197,1.049754986,1.017561738,-0.544280481,0.503429182,-0.376157183,0.555718985
1497535126810710000,107944,-0.944279765,1.055219528,1.016541772,-0.544817111,0.506221471,-0.375903696,0.55282054
1497535126820760000,107945,-0.939639255,1.06059128,1.015401075,-0.546005841,0.5081979,-0.375578519,0.550048446
1497535126830780000,107946,-0.935059673,1.065983565,1.014363871,-0.546791533,0.510342327,-0.376588656,0.54658093
1497535126840770000,107947,-0.930571805,1.07158584,1.013256482,-0.546411924,0.511571882,-0.377141426,0.545428789
1497535126850720000,107948,-0.926079289,1.077370744,1.012233284,-0.547536165,0.5130054,-0.377784547,0.542502022
1497535126860720000,107949,-0.921548978,1.082542649,1.010834422,-0.549882063,0.511715101,-0.378857546,0.540596274
1497535126870730000,107950,-0.9170887,1.088444115,1.00982027,-0.550661232,0.511260813,-0.380577812,0.539022372
1497535126880750000,107951,-0.912396411,1.094455986,1.00864738,-0.552241799,0.511260538,-0.381204735,0.536958664
1497535126890760000,107952,-0.907940906,1.100493272,1.007574059,-0.553151437,0.511108847,-0.382735722,0.535074389
1497535126900810000,107953,-0.903404252,1.106622938,1.006523263,-0.553852416,0.511266241,-0.38431768,0.533061209
1497535126910740000,107954,-0.898752809,1.112629544,1.005397513,-0.553763143,0.512005541,-0.385908098,0.531292431
1497535126920690000,107955,-0.894151507,1.118799351,1.004340856,-0.554198045,0.512860016,-0.386890612,0.529296501
1497535126930760000,107956,-0.889471372,1.124866895,1.003228826,-0.555148804,0.514064885,-0.387400972,0.526751921
1497535126940810000,107957,-0.884720535,1.131048804,1.002159818,-0.555671044,0.514997451,-0.388263111,0.524651382
1497535126950710000,107958,-0.879795863,1.13708773,1.001172163,-0.55569565,0.514734058,-0.390233887,0.523420201
1497535126960770000,107959,-0.874776297,1.143578369,1.000003721,-0.555264177,0.516489355,-0.391570871,0.521145558
1497535126970770000,107960,-0.869703238,1.149920407,0.998829152,-0.555524925,0.516631035,-0.393416712,0.519333922
1497535126980800000,107961,-0.864477414,1.156418742,0.997777727,-0.55600386,0.5171434,-0.395394069,0.51680358
1497535126990760000,107962,-0.859320209,1.163300181,0.996673871,-0.555449526,0.519209868,-0.396581377,0.51441243
1497535127000760000,107963,-0.854021235,1.170283396,0.995569526,-0.554944329,0.520993797,-0.39801641,0.512040225
1497535127010730000,107964,-0.848602531,1.177411956,0.994484359,-0.553953978,0.521808459,-0.400718922,0.510171803
1497535127020710000,107965,-0.842922445,1.185008932,0.993586567,-0.553640201,0.522511849,-0.402627542,0.508286295
1497535127030770000,107966,-0.837452104,1.19270097,0.992761922,-0.553042091,0.524085383,-0.404037756,0.506194081
1497535127040770000,107967,-0.831912404,1.200584091,0.992075615,-0.552401641,0.525202238,-0.405830113,0.504298479
1497535127050790000,107968,-0.826035131,1.20863,0.991677111,-0.552919766,0.526371179,-0.406406063,0.502043053
1497535127060750000,107969,-0.820259131,1.216705458,0.991294544,-0.552580063,0.527933097,-0.406882971,0.500388018
1497535127070770000,107970,-0.814273677,1.225182351,0.991253021,-0.550929735,0.5286254,-0.407470705,0.500998242
1497535127080760000,107971,-0.80817213,1.233484426,0.991341548,-0.550582009,0.528836964,-0.40777847,0.500906814
1497535127090750000,107972,-0.802271779,1.241964891,0.991570533,-0.550050193,0.529343667,-0.406492835,0.501999645
1497535127100750000,107973,-0.796189677,1.25070494,0.992157143,-0.548868459,0.530572662,-0.405337794,0.50292876
1497535127110750000,107974,-0.790357981,1.259273818,0.992902082,-0.548287584,0.529446188,-0.403751941,0.506015642
1497535127120760000,107975,-0.784984221,1.268213512,0.993889596,-0.547495221,0.528889372,-0.40180807,0.508994391
1497535127130760000,107976,-0.779705861,1.277330402,0.995171398,-0.546017848,0.527192059,-0.401103944,0.512882705
1497535127140780000,107977,-0.774637509,1.286259971,0.996672127,-0.546011704,0.523961362,-0.400164982,0.516917496
1497535127150660000,107978,-0.770108354,1.295235405,0.998305241,-0.544292609,0.522489935,-0.398387916,0.52157156
1497535127160740000,107979,-0.765704994,1.303706682,1.00006853,-0.544074313,0.516968998,-0.39895143,0.526843386
1497535127170780000,107980,-0.761824645,1.312415619,1.001811854,-0.542266079,0.513523573,-0.399407035,0.531709563
1497535127180800000,107981,-0.757820215,1.320453281,1.003595235,-0.541083296,0.507607133,-0.402394939,0.53632283
1497535127190770000,107982,-0.754198015,1.328466163,1.005452904,-0.536926355,0.50458406,-0.405155686,0.541252147
1497535127200830000,107983,-0.750512094,1.335968176,1.007190189,-0.535673267,0.50115115,-0.407346312,0.544031854
1497535127210750000,107984,-0.746856835,1.343024413,1.008903104,-0.531787705,0.497043626,-0.410608824,0.549135561
1497535127220780000,107985,-0.742828107,1.349877387,1.010666387,-0.526367919,0.494546457,-0.41358526,0.554353542
1497535127230780000,107986,-0.739137822,1.356174286,1.012346925,-0.522079951,0.493396907,-0.415097948,0.558288197
1497535127240780000,107987,-0.73554553,1.362134087,1.014140371,-0.516263731,0.49344564,-0.416929932,0.562274481
1497535127250760000,107988,-0.731664572,1.368049052,1.015779136,-0.510322365,0.49415775,-0.419351201,0.565264338
1497535127260820000,107989,-0.728109446,1.373623628,1.017512263,-0.50341516,0.494566232,-0.421860148,0.569220023
1497535127270760000,107990,-0.724653039,1.378932922,1.019233146,-0.496507664,0.495169588,-0.423563517,0.573481618
1497535127280750000,107991,-0.721067131,1.384409356,1.021073567,-0.490149213,0.495970517,-0.424546009,0.577518555
1497535127290770000,107992,-0.717419397,1.389848856,1.022844863,-0.484025554,0.496336125,-0.42561616,0.581567364
1497535127300840000,107993,-0.713849708,1.395082639,1.024650942,-0.477871085,0.496217619,-0.427500008,0.585364028
1497535127310740000,107994,-0.710287492,1.400387397,1.026582792,-0.473045863,0.4964232,-0.42865396,0.588257937
1497535127320770000,107995,-0.706558929,1.4058478,1.028557567,-0.469761122,0.49482571,-0.429652474,0.591498738
1497535127330750000,107996,-0.702980007,1.411556954,1.030425418,-0.466089207,0.49349817,-0.430036876,0.595221549
1497535127340770000,107997,-0.699410266,1.417101872,1.032520491,-0.463086947,0.491225485,-0.430963259,0.598764287
1497535127350740000,107998,-0.695906565,1.422859216,1.034432908,-0.459576845,0.488782139,-0.432205816,0.6025606
1497535127360740000,107999,-0.692131841,1.428794218,1.036181736,-0.458698864,0.486385297,-0.432766242,0.604762825
1497535127370740000,108000,-0.688565796,1.434675233,1.037892326,-0.455697165,0.483124428,-0.434185256,0.6086165
1497535127380800000,108001,-0.684739377,1.440845179,1.039495241,-0.454746886,0.48030029,-0.434805148,0.61111487
1497535127390790000,108002,-0.681003601,1.446957145,1.040933956,-0.453614776,0.477347767,-0.434924872,0.614176766
1497535127400850000,108003,-0.677072954,1.453165494,1.042215635,-0.453501157,0.473806326,-0.434051277,0.61761133
1497535127410750000,108004,-0.673280814,1.459467269,1.04330816,-0.453607743,0.470394989,-0.434592625,0.619756259
1497535127420810000,108005,-0.669257584,1.46588411,1.044333066,-0.454488963,0.468159214,-0.433491979,0.621571747
1497535127430780000,108006,-0.665261346,1.472350684,1.045144621,-0.455432741,0.464988624,-0.432600247,0.623877892
1497535127440790000,108007,-0.661250939,1.478900445,1.045823264,-0.456341615,0.462760971,-0.432187227,0.625155032
1497535127450750000,108008,-0.657056155,1.485474023,1.046313466,-0.458570623,0.46063733,-0.430595139,0.626190115
1497535127460820000,108009,-0.652968338,1.492023613,1.046476448,-0.459472751,0.457820137,-0.429835528,0.628113789
1497535127470740000,108010,-0.648840161,1.498500744,1.046562762,-0.461046437,0.455226721,-0.429267716,0.629232901
1497535127480760000,108011,-0.644478848,1.505192,1.046316931,-0.461814886,0.453244977,-0.428508146,0.630616183
1497535127490770000,108012,-0.6400486,1.511752258,1.045708958,-0.463062305,0.452425421,-0.426930789,0.63135936
1497535127500820000,108013,-0.635451729,1.518283521,1.044956473,-0.465996435,0.451387561,-0.425077725,0.631193726
1497535127510750000,108014,-0.630629871,1.524979052,1.043747686,-0.467818133,0.450787762,-0.424215545,0.630854785
1497535127520850000,108015,-0.62567132,1.531639779,1.042379858,-0.4696415,0.451396405,-0.42291766,0.629935552
1497535127530780000,108016,-0.620688199,1.53840032,1.040521968,-0.472053222,0.450704172,-0.421886384,0.629319779
1497535127540820000,108017,-0.615535029,1.545263997,1.038596136,-0.475594063,0.45182598,-0.420277953,0.626921058
1497535127550780000,108018,-0.610361439,1.552272934,1.036257223,-0.478786275,0.452468656,-0.418495244,0.625218001
1497535127560760000,108019,-0.604949704,1.559244855,1.033859223,-0.482642756,0.451457466,-0.417977272,0.623327464
1497535127570780000,108020,-0.599415701,1.566861742,1.031445781,-0.486186233,0.45175572,-0.415842101,0.621783775
1497535127580830000,108021,-0.593916845,1.574001315,1.028916406,-0.490243767,0.45162759,-0.413732957,0.620095645
1497535127590730000,108022,-0.588187555,1.581767453,1.026481609,-0.493761191,0.45016502,-0.412177608,0.619403714
1497535127600830000,108023,-0.582491912,1.58910793,1.024298075,-0.496723072,0.449287034,-0.410704796,0.618650888
1497535127610750000,108024,-0.576793673,1.596647967,1.02212822,-0.498639791,0.449781314,-0.408308339,0.618336016
1497535127620870000,108025,-0.571463365,1.603676767,1.020230935,-0.500073989,0.450090954,-0.406159198,0.618367888
1497535127630770000,108026,-0.566288284,1.610562174,1.018470057,-0.499566107,0.44935775,-0.404720067,0.620252356
1497535127640860000,108027,-0.561365447,1.617325081,1.016958094,-0.497679218,0.448440152,-0.403859271,0.622988375
1497535127650810000,108028,-0.55673052,1.624192468,1.015625907,-0.495362768,0.446400599,-0.404363218,0.625965351
1497535127660840000,108029,-0.552201728,1.630961566,1.014533666,-0.4919448,0.443059893,-0.405132444,0.630520378
1497535127670810000,108030,-0.547330152,1.638130206,1.013533094,-0.487431964,0.441852461,-0.406857253,0.633753626
1497535127680830000,108031,-0.541767131,1.645568042,1.0125508,-0.483064819,0.441294209,-0.408456089,0.636452218
1497535127690790000,108032,-0.535671979,1.653346563,1.011536831,-0.479707148,0.442653764,-0.407743945,0.638501036
1497535127700870000,108033,-0.529206751,1.66170456,1.010646602,-0.477826865,0.44227654,-0.406211857,0.641143414
1497535127710780000,108034,-0.522341377,1.670470202,1.009845391,-0.477183428,0.442110036,-0.403331127,0.643551625
1497535127720850000,108035,-0.515475244,1.679578043,1.009211796,-0.478065306,0.440254828,-0.400290575,0.646062463
1497535127730810000,108036,-0.508336887,1.688826837,1.008991953,-0.477868946,0.437217061,-0.398717585,0.64923555
1497535127740850000,108037,-0.501197034,1.698145983,1.009010668,-0.48002939,0.434831201,-0.396214997,0.650774375
1497535127750800000,108038,-0.493985638,1.707522098,1.009477461,-0.480777515,0.432934993,-0.394478552,0.652538846
1497535127760800000,108039,-0.486814646,1.716552978,1.010288451,-0.482126605,0.431699145,-0.392966558,0.653274115
1497535127770800000,108040,-0.479746354,1.725162346,1.011530977,-0.482874282,0.431427278,-0.392909385,0.65293579
1497535127780810000,108041,-0.472430391,1.733347468,1.013160224,-0.4841387,0.433361772,-0.392382589,0.651032409
1497535127790810000,108042,-0.46536386,1.741059638,1.01522935,-0.486653206,0.435595046,-0.392138811,0.647806118
1497535127800880000,108043,-0.457984882,1.748249919,1.01756004,-0.489366401,0.437533651,-0.391763441,0.644675295
1497535127810840000,108044,-0.450419921,1.755179355,1.019891768,-0.491010896,0.441065099,-0.392491594,0.64056243
1497535127820860000,108045,-0.44267779,1.761772672,1.022455108,-0.491391949,0.444351714,-0.39426398,0.636899851
1497535127830790000,108046,-0.434984938,1.768142736,1.024545291,-0.490774258,0.449544083,-0.39628457,0.632462872
1497535127840850000,108047,-0.427518651,1.77412787,1.026468979,-0.487970393,0.453968285,-0.399141514,0.629669551
1497535127850810000,108048,-0.42034829,1.780124792,1.028073651,-0.485066454,0.458136119,-0.402759713,0.626583152
1497535127860830000,108049,-0.413512356,1.786224354,1.029445686,-0.481579224,0.461523982,-0.406546995,0.624336933
1497535127870810000,108050,-0.406915048,1.792522513,1.030261306,-0.478587821,0.463048891,-0.411280424,0.62240488
1497535127880840000,108051,-0.400899229,1.79876074,1.030982378,-0.478398656,0.462912471,-0.415242055,0.620016779
1497535127890760000,108052,-0.394941759,1.805303979,1.031627591,-0.480799226,0.461248005,-0.41878758,0.617008383
1497535127900850000,108053,-0.389107694,1.812017916,1.032453369,-0.484066171,0.460280999,-0.420090726,0.614284239
1497535127910800000,108054,-0.38318705,1.81838011,1.033018878,-0.488676549,0.460730797,-0.419296943,0.610829303
1497535127920740000,108055,-0.377051825,1.824634214,1.033841751,-0.492418796,0.461279913,-0.417781771,0.608443065
1497535127930770000,108056,-0.371021465,1.830265941,1.034380935,-0.496002133,0.465868696,-0.41445785,0.604295402
1497535127940800000,108057,-0.364861054,1.835877487,1.035138625,-0.498125683,0.470927245,-0.410446731,0.601358309
1497535127950820000,108058,-0.358805218,1.841306916,1.03584979,-0.500093791,0.473994706,-0.406642665,0.59989746
1497535127960700000,108059,-0.353178388,1.84652202,1.036338647,-0.500573437,0.477617232,-0.404163953,0.598297177
1497535127970800000,108060,-0.347850963,1.851639611,1.036678507,-0.501211812,0.480270814,-0.402143866,0.596998305
1497535127980870000,108061,-0.342904419,1.856713342,1.036916527,-0.501718252,0.483117381,-0.400132777,0.59562585
1497535127990760000,108062,-0.337667847,1.861967371,1.037349625,-0.500302976,0.48203826,-0.399383385,0.598188064
1497535128000780000,108063,-0.332692797,1.867161502,1.037594669,-0.500706286,0.483389178,-0.399023575,0.596999417
1497535128010780000,108064,-0.327835644,1.872169818,1.037735213,-0.501954817,0.484595101,-0.398768859,0.595140611
1497535128020870000,108065,-0.322601422,1.877327607,1.037976807,-0.503658908,0.485900441,-0.396780832,0.593964171
1497535128030790000,108066,-0.317184094,1.882357449,1.038277439,-0.505714149,0.487521616,-0.3960245,0.591388593
1497535128040770000,108067,-0.31185654,1.887306838,1.038425488,-0.508060295,0.489744939,-0.394692456,0.58842374
1497535128050770000,108068,-0.30658021,1.892046989,1.038482904,-0.509911987,0.492414002,-0.393532565,0.585363423
1497535128060830000,108069,-0.301366946,1.896611608,1.038514495,-0.511079325,0.494494092,-0.393428554,0.582655549
1497535128070750000,108070,-0.296341495,1.901118947,1.038362729,-0.510630159,0.496650054,-0.393467405,0.581187548
1497535128080760000,108071,-0.291554822,1.905405896,1.038030401,-0.509949883,0.499642938,-0.393805477,0.578986441
1497535128090840000,108072,-0.286655421,1.909633639,1.037675468,-0.509224266,0.501921779,-0.394280781,0.577328191
1497535128100890000,108073,-0.281570645,1.913930871,1.037217923,-0.508539671,0.504568412,-0.394792219,0.575271435
1497535128110790000,108074,-0.276344856,1.91809782,1.036603982,-0.509017937,0.507804976,-0.395185615,0.571719491
1497535128120840000,108075,-0.271006072,1.922284839,1.035811335,-0.509241492,0.51134635,-0.395029361,0.568462678
1497535128130790000,108076,-0.265679524,1.926527374,1.034989152,-0.508863926,0.514729045,-0.39521109,0.565614453
1497535128140850000,108077,-0.26034765,1.930668644,1.034157351,-0.509669918,0.518416387,-0.395398383,0.561374333
1497535128150800000,108078,-0.254946495,1.93496548,1.03347637,-0.509416901,0.5212948,-0.396423749,0.558206381
1497535128160800000,108079,-0.249711556,1.939225294,1.032476246,-0.508520128,0.52448082,-0.397660921,0.555151277
1497535128170810000,108080,-0.244367954,1.943520961,1.03165885,-0.508350501,0.527567501,-0.399087855,0.551344887
1497535128180860000,108081,-0.238961159,1.948047985,1.030698295,-0.50823954,0.530681865,-0.400020534,0.547770847
1497535128190780000,108082,-0.233486727,1.952756146,1.029626143,-0.508877693,0.533607069,-0.400498262,0.543974385
1497535128200810000,108083,-0.227854104,1.957624575,1.028668234,-0.509837943,0.535468227,-0.400830613,0.54099341
1497535128210830000,108084,-0.222080966,1.962828486,1.027569662,-0.511291835,0.538105885,-0.400878351,0.536953689
1497535128220830000,108085,-0.216351306,1.968133781,1.026189663,-0.513535851,0.539107473,-0.400816604,0.533844653
1497535128230790000,108086,-0.21068007,1.973506096,1.02509062,-0.515644236,0.539866487,-0.401118848,0.530809633
1497535128240800000,108087,-0.205045245,1.97907645,1.023830701,-0.517495747,0.540618799,-0.401102712,0.528248124
1497535128250740000,108088,-0.199379565,1.984700998,1.022738605,-0.519026599,0.541168322,-0.402229881,0.525318341
1497535128260810000,108089,-0.193824777,1.990241029,1.021439798,-0.520223703,0.541661912,-0.40309351,0.522958214
1497535128270810000,108090,-0.18801535,1.995837588,1.020281016,-0.521330609,0.54207358,-0.404756763,0.520137091
1497535128280780000,108091,-0.182406967,2.001359188,1.018863492,-0.522360063,0.544131581,-0.405294602,0.51652403
1497535128290790000,108092,-0.17675942,2.006886322,1.017481388,-0.523468332,0.545614753,-0.406177465,0.513132842
1497535128300820000,108093,-0.171141077,2.012385919,1.016105948,-0.522715259,0.547459392,-0.407702968,0.510720337
1497535128310730000,108094,-0.165342457,2.01784325,1.014507426,-0.523235647,0.54871931,-0.408561572,0.508142715
1497535128320830000,108095,-0.159936729,2.023378402,1.013102612,-0.522810822,0.550121778,-0.409321257,0.506449388
1497535128330800000,108096,-0.154252261,2.028995269,1.01164073,-0.523445653,0.552191311,-0.409060487,0.503744899
1497535128340820000,108097,-0.148780871,2.034487178,1.010212887,-0.52365878,0.553973344,-0.409347848,0.501327593
1497535128350810000,108098,-0.143084666,2.040136828,1.008852875,-0.523050522,0.55519063,-0.411052389,0.499216836
1497535128360810000,108099,-0.137620111,2.045713986,1.007291075,-0.522451635,0.555617807,-0.413484748,0.497356517
1497535128370810000,108100,-0.132102807,2.051528634,1.005914285,-0.522388294,0.558164338,-0.413844473,0.494262879
1497535128380860000,108101,-0.126468832,2.057447938,1.004376025,-0.522132308,0.559590595,-0.41582404,0.491250025
1497535128390780000,108102,-0.12023607,2.063731696,1.003212415,-0.521829388,0.560575271,-0.418439681,0.488218895
1497535128400840000,108103,-0.114379894,2.069808969,1.001653501,-0.521310551,0.563541227,-0.420530786,0.483539505
1497535128410720000,108104,-0.108148544,2.07640288,1.000461625,-0.520453329,0.565491935,-0.423488267,0.479588252
1497535128420790000,108105,-0.102700892,2.082839878,0.998869258,-0.515455498,0.56865754,-0.428305344,0.476957823
1497535128430800000,108106,-0.096601559,2.089551743,0.997719516,-0.513009341,0.570830727,-0.431578394,0.474039858
1497535128440770000,108107,-0.090168002,2.096530869,0.996738671,-0.510154492,0.573034925,-0.434872166,0.471444131
1497535128450820000,108108,-0.083627327,2.103654846,0.995882717,-0.508076406,0.575433053,-0.436728514,0.469045171
1497535128460860000,108109,-0.07671887,2.111113877,0.995382175,-0.506292597,0.577620854,-0.437890509,0.467197878
1497535128470800000,108110,-0.069844193,2.118767775,0.994988566,-0.504723455,0.578818442,-0.438829842,0.466531687
1497535128480810000,108111,-0.062988894,2.126620743,0.994791372,-0.503702075,0.579518045,-0.439197046,0.466421494
1497535128490760000,108112,-0.056145272,2.134624251,0.994779096,-0.502590862,0.579751263,-0.439493909,0.467050322
1497535128500840000,108113,-0.049315226,2.142755803,0.995082464,-0.501772319,0.580332994,-0.43967748,0.467035192
1497535128510790000,108114,-0.04265058,2.15087773,0.99554916,-0.501060202,0.580639987,-0.438666825,0.468366625
1497535128520810000,108115,-0.036262576,2.159073895,0.996283392,-0.500271235,0.57947688,-0.437624194,0.471614569
1497535128530770000,108116,-0.03016692,2.167109876,0.997259417,-0.499572911,0.577778168,-0.436277817,0.475668962
1497535128540870000,108117,-0.024072619,2.174874429,0.998338914,-0.498442594,0.575547044,-0.435774216,0.480001471
1497535128550800000,108118,-0.018244087,2.182461641,0.999780214,-0.497352745,0.572552675,-0.435729007,0.484730765
1497535128560820000,108119,-0.012685541,2.189697965,1.001383055,-0.495550961,0.569781592,-0.436506987,0.489121491
1497535128570800000,108120,-0.007647705,2.196804003,1.003089513,-0.493346015,0.566390355,-0.439223829,0.492842879
1497535128580880000,108121,-0.002936017,2.20357925,1.004735821,-0.489345081,0.562512149,-0.443778846,0.497173823
1497535128590800000,108122,0.001664895,2.2102067,1.006543851,-0.485547036,0.559470971,-0.448746343,0.49986301
1497535128600820000,108123,0.006161577,2.21635769,1.008056849,-0.480054722,0.556512567,-0.454700976,0.50307877
1497535128610780000,108124,0.010645279,2.222090084,1.009720724,-0.475174509,0.55439548,-0.459324302,0.505841895
1497535128620870000,108125,0.01536851,2.227464441,1.011302102,-0.468156067,0.554065099,-0.464593814,0.507931443
1497535128630790000,108126,0.020001918,2.232412425,1.012848798,-0.461702798,0.554367752,-0.468796684,0.509643592
1497535128640790000,108127,0.024568291,2.236919513,1.014495264,-0.454412929,0.554317412,-0.472558866,0.512766239
1497535128650810000,108128,0.029297059,2.24125354,1.016103,-0.447384098,0.556002115,-0.475462511,0.514436116
1497535128660840000,108129,0.033915149,2.245301529,1.017769026,-0.439178316,0.556755032,-0.479392844,0.517038434
1497535128670800000,108130,0.038678789,2.249059723,1.01952869,-0.432789537,0.558284703,-0.481674066,0.518653547
1497535128680810000,108131,0.043116531,2.252625075,1.021298719,-0.42564262,0.559543911,-0.484268601,0.520790644
1497535128690780000,108132,0.047802675,2.256014047,1.023003792,-0.417832127,0.560984544,-0.488037743,0.522045799
1497535128700860000,108133,0.052399919,2.259358533,1.025092211,-0.411712196,0.562314579,-0.49095826,0.522738338
1497535128710770000,108134,0.05684304,2.26268147,1.026972606,-0.404727315,0.563474174,-0.4947913,0.523329939
1497535128720840000,108135,0.061305114,2.266012214,1.029017395,-0.398261054,0.564263552,-0.498126864,0.524275122
1497535128730780000,108136,0.065735039,2.269535328,1.031162982,-0.392221517,0.56364143,-0.50210146,0.525704046
1497535128740870000,108137,0.070174687,2.273139798,1.033288959,-0.38694708,0.562707248,-0.505230697,0.527612029
1497535128750790000,108138,0.074308138,2.276508934,1.03489738,-0.38388991,0.561915357,-0.507188941,0.528809083
1497535128760780000,108139,0.079002056,2.280352625,1.036717873,-0.38051424,0.561006005,-0.509456972,0.530032801
1497535128770800000,108140,0.083695646,2.284180836,1.038429265,-0.377036039,0.559653516,-0.511465074,0.532010568
1497535128780850000,108141,0.089025963,2.288407096,1.040434006,-0.374738282,0.559075938,-0.512663927,0.533086309
1497535128790780000,108142,0.094046043,2.292451758,1.042107791,-0.372357347,0.557289183,-0.51402932,0.535306109
1497535128800800000,108143,0.098318406,2.295862243,1.043053525,-0.371270616,0.553967467,-0.514737871,0.538816387
1497535128810760000,108144,0.103291196,2.299921581,1.044516388,-0.369984158,0.551928635,-0.515516044,0.541045019
1497535128820870000,108145,0.108334107,2.304011522,1.045872918,-0.369233614,0.550162941,-0.516471598,0.54244296
1497535128830780000,108146,0.113310128,2.308114295,1.047087407,-0.367399191,0.547653599,-0.518165425,0.544608081
1497535128840840000,108147,0.118057051,2.312041658,1.047863643,-0.367487926,0.545434475,-0.519158528,0.545828069
1497535128850830000,108148,0.122847913,2.31599141,1.048522185,-0.366957888,0.543372514,-0.520407409,0.54705059
1497535128860820000,108149,0.127788498,2.319906865,1.048963097,-0.366394674,0.541774298,-0.521945286,0.547547871
1497535128870760000,108150,0.132794935,2.32369101,1.049091932,-0.366397865,0.540707799,-0.522747526,0.547834559
1497535128880830000,108151,0.138015685,2.327477136,1.04894285,-0.366228214,0.539924217,-0.523692326,0.547818476
1497535128890800000,108152,0.1433823,2.331233134,1.048476212,-0.366457447,0.539699805,-0.524312017,0.547293312
1497535128900820000,108153,0.148812267,2.334951711,1.047884836,-0.366984117,0.539415733,-0.524623354,0.546921989
1497535128910790000,108154,0.154444437,2.338764142,1.047025925,-0.367998659,0.539658011,-0.524839788,0.545792465
1497535128920860000,108155,0.160353593,2.342618259,1.045870608,-0.369635423,0.540379384,-0.52449625,0.54430089
1497535128930830000,108156,0.166382789,2.346386891,1.044657362,-0.370174887,0.541519537,-0.524768058,0.542536292
1497535128940680000,108157,0.172596938,2.350209792,1.043114943,-0.37195555,0.54275059,-0.524360846,0.540478093
1497535128950770000,108158,0.178927773,2.354076733,1.041543117,-0.373345455,0.54398362,-0.524477042,0.538162452
1497535128960790000,108159,0.185592414,2.358047677,1.039819856,-0.374616217,0.54552142,-0.523854173,0.536326277
1497535128970720000,108160,0.19236161,2.362010758,1.037974819,-0.376890112,0.546980038,-0.52349404,0.533592234
1497535128980750000,108161,0.199458128,2.36609574,1.036074081,-0.37969764,0.547821791,-0.522817126,0.531397441
1497535128990800000,108162,0.206558032,2.370255596,1.034026555,-0.382484023,0.54828726,-0.522040265,0.529680106
1497535129000690000,108163,0.21392946,2.374654787,1.031924756,-0.385417889,0.548503414,-0.521135588,0.528218473
1497535129010840000,108164,0.221475559,2.379208181,1.029806996,-0.38838889,0.548326691,-0.520329872,0.527018723
1497535129020800000,108165,0.229196353,2.383984221,1.027767555,-0.390862824,0.5479185,-0.51965859,0.526276087
1497535129030750000,108166,0.236842523,2.388837585,1.0255473,-0.393570873,0.547719801,-0.518065754,0.526035039
1497535129040720000,108167,0.244640903,2.393809202,1.023427375,-0.39508105,0.547312805,-0.516502538,0.526863156
1497535129050790000,108168,0.252257193,2.398759034,1.021272915,-0.396239351,0.5468275,-0.514021565,0.528919553
1497535129060840000,108169,0.259768976,2.403690691,1.019177248,-0.399168475,0.546120586,-0.511527625,0.529864438
1497535129070760000,108170,0.267231129,2.408634662,1.017326868,-0.399734246,0.5448374,-0.510803928,0.53145469
1497535129080830000,108171,0.274836196,2.413766134,1.015618554,-0.399898068,0.54307927,-0.510686563,0.53324073
1497535129090810000,108172,0.282653118,2.418931947,1.014096527,-0.400358384,0.540633063,-0.511145863,0.534938279
1497535129100910000,108173,0.29082568,2.42410821,1.01271434,-0.401148704,0.539203035,-0.511310017,0.535632217
1497535129110770000,108174,0.299517152,2.42921808,1.01150441,-0.401661947,0.537403795,-0.511457833,0.536913146
1497535129120780000,108175,0.308449443,2.434428986,1.010456825,-0.401613106,0.535587022,-0.511524753,0.538698322
1497535129130810000,108176,0.31762703,2.439461485,1.009604574,-0.402764262,0.532880355,-0.511627601,0.540422681
1497535129140810000,108177,0.327200383,2.444557929,1.009050639,-0.402571069,0.530924317,-0.511951968,0.542181784
1497535129150650000,108178,0.336825734,2.449679102,1.008991198,-0.402944107,0.528145005,-0.511748282,0.544805099
1497535129160790000,108179,0.346396703,2.454743093,1.009412816,-0.402513878,0.525412046,-0.512959272,0.546623769
1497535129170860000,108180,0.356041285,2.459800616,1.01027006,-0.403131485,0.521638411,-0.514348775,0.548473984
1497535129180860000,108181,0.365625448,2.464625108,1.011810471,-0.404010526,0.518289042,-0.516195824,0.549266634
1497535129190870000,108182,0.374962747,2.469010274,1.013767817,-0.40526222,0.516104691,-0.518865097,0.547884561
1497535129200800000,108183,0.384146483,2.472949833,1.016139895,-0.406479922,0.514927046,-0.520848985,0.546205589
1497535129210790000,108184,0.392981564,2.476096703,1.018767042,-0.405685593,0.51478026,-0.524318982,0.543608396
1497535129220820000,108185,0.401814795,2.478541526,1.021690702,-0.405317494,0.516089903,-0.527278558,0.539765008
1497535129230770000,108186,0.410510284,2.480395184,1.024629031,-0.40439409,0.517289047,-0.530361121,0.53627842
1497535129240890000,108187,0.41965107,2.481797225,1.027581632,-0.402214779,0.519293671,-0.53261153,0.533743677
1497535129250750000,108188,0.428676754,2.482796645,1.030162493,-0.398822481,0.52267724,-0.535237963,0.530348427
1497535129260790000,108189,0.437959942,2.48358082,1.032410293,-0.394469122,0.527300255,-0.537155743,0.527078989
1497535129270820000,108190,0.447228303,2.484280551,1.034341887,-0.389870412,0.532519666,-0.539209535,0.52314142
1497535129280660000,108191,0.456310826,2.484748297,1.035825181,-0.383864413,0.538895071,-0.541413222,0.51876
1497535129290820000,108192,0.465161351,2.485243986,1.036854347,-0.378150478,0.54550285,-0.543128742,0.514237324
1497535129300820000,108193,0.473975726,2.485996371,1.037863239,-0.372952552,0.55186954,-0.545321523,0.508891777
1497535129310790000,108194,0.482592446,2.486941328,1.038539165,-0.369482659,0.557645103,-0.546673025,0.503649787
1497535129320780000,108195,0.490971638,2.488167715,1.039253163,-0.368228565,0.562109901,-0.547608834,0.498562682
1497535129330780000,108196,0.49907645,2.489686583,1.040057808,-0.368442263,0.566010385,-0.54749072,0.494101663
1497535129340810000,108197,0.506884744,2.491283474,1.040875925,-0.368769199,0.569253623,-0.547454992,0.490155712
1497535129350730000,108198,0.514496331,2.492893543,1.041751751,-0.369737924,0.572676155,-0.546410262,0.486591939
1497535129360780000,108199,0.522005236,2.494368434,1.042774414,-0.369253294,0.576437125,-0.54462273,0.484518656
1497535129370820000,108200,0.529292803,2.495519521,1.043673833,-0.369142708,0.580259171,-0.54283032,0.482045847
1497535129380720000,108201,0.536394702,2.496515083,1.044387157,-0.368670837,0.584184924,-0.541102046,0.479602297
1497535129390810000,108202,0.54333441,2.497365833,1.045107039,-0.366721236,0.587711062,-0.540113253,0.47790053
1497535129400820000,108203,0.550028514,2.498085109,1.04562215,-0.366407874,0.591273868,-0.539135892,0.474839944
1497535129410790000,108204,0.556385869,2.498741133,1.046220659,-0.363761514,0.594233648,-0.538920428,0.473422333
1497535129420810000,108205,0.562278711,2.499213797,1.046456528,-0.361236755,0.596557763,-0.539861586,0.471355821
1497535129430770000,108206,0.568051356,2.499643748,1.046646509,-0.358301962,0.599443145,-0.540841771,0.46880465
1497535129440850000,108207,0.573546742,2.499838399,1.046656324,-0.355412807,0.602094487,-0.542597735,0.46556596
1497535129450870000,108208,0.578941321,2.499937563,1.046829529,-0.352787915,0.60532293,-0.542778739,0.463158804
1497535129460860000,108209,0.584411994,2.499911552,1.046997524,-0.349897267,0.608272197,-0.544042457,0.459994176
1497535129470820000,108210,0.589687745,2.499752522,1.04708044,-0.346515792,0.612725625,-0.544539202,0.456038564
1497535129480810000,108211,0.594935183,2.499445227,1.047181804,-0.342690149,0.61584015,-0.546080524,0.452880153
1497535129490800000,108212,0.599911041,2.499211625,1.047303238,-0.338509893,0.620160077,-0.546770041,0.449282822
1497535129500870000,108213,0.6046399,2.498955123,1.047341169,-0.334150122,0.622509783,-0.548628564,0.447025688
1497535129510770000,108214,0.609330052,2.498890962,1.0474036,-0.328799683,0.626087161,-0.550084885,0.44419844
1497535129520820000,108215,0.613742816,2.498660127,1.047172199,-0.324379397,0.629249818,-0.552122136,0.440435944
1497535129530720000,108216,0.618182752,2.498607899,1.046971191,-0.319010029,0.634126656,-0.552849314,0.436432837
1497535129540770000,108217,0.622655931,2.498505061,1.046634854,-0.313456781,0.639724961,-0.552913801,0.432184161
1497535129550840000,108218,0.627426437,2.498232907,1.046387141,-0.309347847,0.643111684,-0.553445919,0.429428557
1497535129560820000,108219,0.632271457,2.4980497,1.045983206,-0.305131498,0.647765836,-0.55368835,0.425115751
1497535129570810000,108220,0.637237533,2.498029852,1.045632171,-0.301819701,0.651969245,-0.55334107,0.421490963
1497535129580840000,108221,0.642389253,2.498025234,1.045314808,-0.300588344,0.656052161,-0.552908197,0.416575006
1497535129590820000,108222,0.647390981,2.498068169,1.04491313,-0.29882777,0.659984228,-0.552307461,0.412406657
1497535129600800000,108223,0.652583488,2.498309564,1.044465679,-0.297195365,0.662730678,-0.552783894,0.408525311
1497535129610790000,108224,0.657816796,2.498726418,1.044173311,-0.295685114,0.66587539,-0.553242994,0.403859466
1497535129620890000,108225,0.662957892,2.49892658,1.043497033,-0.293381106,0.668262621,-0.554298193,0.400132615
1497535129630750000,108226,0.66815489,2.499434107,1.043166267,-0.291889467,0.671067503,-0.555193096,0.395258866
1497535129640830000,108227,0.673471132,2.499883855,1.042382972,-0.289781303,0.674457506,-0.554999055,0.391292625
1497535129650650000,108228,0.67895736,2.500346659,1.041749739,-0.288798554,0.677310032,-0.555224498,0.386745746
1497535129660590000,108229,0.684815667,2.500953568,1.04153099,-0.288990816,0.679132469,-0.555283226,0.383306583
1497535129670790000,108230,0.69013933,2.501689451,1.040708345,-0.287633123,0.681464608,-0.556134373,0.378929721
1497535129680900000,108231,0.695089816,2.502643081,1.039354356,-0.284041723,0.684652658,-0.557295836,0.374155568
1497535129690820000,108232,0.70046428,2.503526513,1.038577435,-0.283161119,0.686469978,-0.558460764,0.36973007
1497535129700820000,108233,0.706394175,2.504291769,1.03811905,-0.284185356,0.687699661,-0.559018729,0.365794916
1497535129710800000,108234,0.711562534,2.505142685,1.037120379,-0.28336214,0.690129759,-0.559899641,0.360470811
1497535129720840000,108235,0.717309683,2.506017301,1.036661338,-0.282974923,0.690307382,-0.561922823,0.35727252
1497535129730840000,108236,0.72256164,2.506766274,1.035541223,-0.282061067,0.693367689,-0.562124002,0.351709267
1497535129740860000,108237,0.728339179,2.507372967,1.035085858,-0.282044811,0.694473867,-0.563463292,0.347369964
1497535129750830000,108238,0.733599718,2.508131686,1.034026329,-0.279853553,0.6966476,-0.56488,0.342453932
1497535129760780000,108239,0.739304777,2.508661299,1.03348138,-0.279254337,0.698626698,-0.565104084,0.338519019
1497535129770820000,108240,0.744707205,2.509406782,1.032445179,-0.277514284,0.700893625,-0.566006913,0.333721624
1497535129780840000,108241,0.750343669,2.51014808,1.031599175,-0.275422834,0.702593283,-0.567298553,0.329662393
1497535129790820000,108242,0.756143815,2.510953856,1.030884781,-0.273735995,0.70424958,-0.568100704,0.326132985
1497535129800810000,108243,0.761866032,2.51184012,1.029797307,-0.271941761,0.70683995,-0.568244302,0.321750488
1497535129810830000,108244,0.768035468,2.512743887,1.029197861,-0.272075635,0.707964908,-0.568673944,0.318387317
1497535129820820000,108245,0.773925968,2.513905152,1.02818338,-0.270206954,0.709794021,-0.569303347,0.314760781
1497535129830810000,108246,0.779917643,2.514993468,1.027300362,-0.268942179,0.711285388,-0.57047478,0.310325195
1497535129840790000,108247,0.786410927,2.516048281,1.026596517,-0.268901506,0.712276457,-0.571207337,0.306718775
1497535129850840000,108248,0.792383419,2.517238376,1.025311227,-0.266921443,0.713910409,-0.572306648,0.30257226
1497535129860840000,108249,0.798791129,2.518486676,1.024503555,-0.266197359,0.715347092,-0.572745034,0.298965936
1497535129870820000,108250,0.806636181,2.518580233,1.024538442,-0.275891743,0.694434972,-0.584291872,0.316617789
1497535129880750000,108251,0.812046229,2.520689136,1.022634187,-0.263999775,0.718359623,-0.574606064,0.289985245
1497535129890810000,108252,0.818896463,2.521942256,1.02175201,-0.261298376,0.719178385,-0.576536509,0.286550631
1497535129900660000,108253,0.825711138,2.523022621,1.02078157,-0.25900462,0.721311695,-0.577357222,0.28157536
1497535129910780000,108254,0.832888232,2.524185705,1.020094853,-0.255970568,0.722590117,-0.57896606,0.277742493
1497535129920850000,108255,0.839969049,2.525272238,1.019129433,-0.252324643,0.724749149,-0.580057953,0.273136809
1497535129930810000,108256,0.847449576,2.526412784,1.018561095,-0.249778096,0.725961036,-0.581651859,0.268835623
1497535129940840000,108257,0.855179553,2.527522853,1.018049196,-0.247134451,0.7274936,-0.582682242,0.264875499
1497535129950820000,108258,0.862751056,2.528495025,1.017391285,-0.244499117,0.729391004,-0.583386344,0.260517408
1497535129960850000,108259,0.87061381,2.529627593,1.017143178,-0.242090606,0.730809337,-0.584169686,0.257012897
1497535129970840000,108260,0.878780779,2.53069822,1.016943911,-0.239499202,0.731999166,-0.585138598,0.253830996
1497535129980710000,108261,0.886860547,2.531729116,1.016702064,-0.235437196,0.733606558,-0.586449607,0.249935197
1497535129990730000,108262,0.895046702,2.53287635,1.016792862,-0.231925215,0.734454699,-0.588269633,0.24642611
1497535130000770000,108263,0.903287182,2.533975407,1.017173268,-0.228372215,0.735022522,-0.58969684,0.244633728
1497535130010760000,108264,0.911394365,2.535152588,1.017624942,-0.224789257,0.7354904,-0.590905561,0.243627338
1497535130020770000,108265,0.919344182,2.536237083,1.018107529,-0.220298559,0.736089355,-0.59166131,0.244085849
1497535130030820000,108266,0.927327717,2.537213246,1.018942676,-0.217202384,0.737185918,-0.591060932,0.245004124
1497535130040780000,108267,0.935152172,2.538371313,1.020203521,-0.213586861,0.737334073,-0.591852479,0.245824654
1497535130050820000,108268,0.942892338,2.539658476,1.021940736,-0.209143957,0.736005316,-0.594569884,0.247066052
1497535130060830000,108269,0.950166494,2.5413072,1.0244452,-0.204957255,0.73402503,-0.598179328,0.247752438
1497535130070830000,108270,0.95663314,2.543135561,1.026797112,-0.197573118,0.730771126,-0.604449758,0.248150992
1497535130080790000,108271,0.963194179,2.544632541,1.029654338,-0.191202823,0.728022593,-0.609769621,0.248204742
1497535130090820000,108272,0.969075987,2.546258186,1.032297212,-0.18505672,0.725313144,-0.614943251,0.248031552
1497535130100870000,108273,0.973173733,2.548307543,1.033178739,-0.179479546,0.722867713,-0.619601265,0.247676473
1497535130110790000,108274,0.978821654,2.549497566,1.035910806,-0.172449,0.720452919,-0.624937018,0.246297903
1497535130120870000,108275,0.983228231,2.550988221,1.037504045,-0.165747782,0.718650708,-0.629005105,0.24580767
1497535130130810000,108276,0.987226292,2.552466714,1.038856753,-0.158537737,0.71610232,-0.633847186,0.245562618
1497535130140800000,108277,0.991515687,2.553859267,1.040859143,-0.151115472,0.713241123,-0.638728587,0.245920732
1497535130150840000,108278,0.995515369,2.555113872,1.042693926,-0.144759813,0.710882204,-0.642420546,0.246955322
1497535130160830000,108279,0.999445731,2.556299314,1.044779764,-0.137407756,0.708415049,-0.646769008,0.24689487
1497535130170840000,108280,1.003248991,2.557357881,1.047092939,-0.130718752,0.706231271,-0.650345233,0.247388514
1497535130180820000,108281,1.006701251,2.557644526,1.049071935,-0.13076182,0.683875157,-0.66645634,0.266555928
1497535130190770000,108282,1.00910972,2.559242929,1.050581987,-0.120151218,0.702578102,-0.656483231,0.246936151
1497535130200780000,108283,1.013356175,2.559101006,1.054200594,-0.113774529,0.701529395,-0.65922814,0.24562191
1497535130210800000,108284,1.01357354,2.560688718,1.053924379,-0.108183276,0.699383684,-0.662825618,0.244583402
1497535130220800000,108285,1.017788191,2.560133735,1.058265274,-0.101163597,0.698129706,-0.666200709,0.241986476
1497535130230790000,108286,1.016655173,2.562104856,1.057097658,-0.096564513,0.694987728,-0.670809672,0.240170226
1497535130240750000,108287,1.01941005,2.559027082,1.05880311,-0.063956409,0.68881152,-0.688247872,0.218547784
1497535130250830000,108288,1.020392599,2.559853256,1.060396464,0.059176231,-0.686080293,0.69205551,-0.216451324
1497535130260850000,108289,1.021255482,2.560842701,1.061526792,0.051859611,-0.682678506,0.697352137,-0.21203923
1497535130270830000,108290,1.022127607,2.561857064,1.062543003,0.047388322,-0.679056916,0.702279981,-0.208419961
1497535130280860000,108291,1.02350435,2.56272722,1.063790415,0.043173281,-0.677018064,0.705571538,-0.204820442
1497535130290760000,108292,1.02483956,2.563504596,1.064562401,0.039085363,-0.674427267,0.709583964,-0.200276793
1497535130300840000,108293,1.026218654,2.564400182,1.065119407,0.035260091,-0.672720373,0.712632371,-0.195854869
1497535130310740000,108294,1.026704248,2.568804771,1.065137925,0.05713372,-0.675718824,0.704672128,-0.20875105
1497535130320860000,108295,1.028620137,2.56936631,1.065755818,0.052680904,-0.674089545,0.708114523,-0.203474395
1497535130330780000,108296,1.030474875,2.570041654,1.066172128,0.049085968,-0.67173632,0.711587442,-0.200010491
1497535130340820000,108297,1.032322336,2.570772146,1.066527598,0.044678175,-0.669934331,0.714734566,-0.195822248
1497535130350840000,108298,1.034284735,2.571334406,1.066860365,0.041237572,-0.667674695,0.718186583,-0.191619407
1497535130360780000,108299,1.036313366,2.571725888,1.067061996,0.037204441,-0.666588395,0.720630143,-0.186997158
1497535130370840000,108300,1.038531311,2.571884499,1.067280494,0.033148893,-0.665346778,0.722801111,-0.183775322
1497535130380880000,108301,1.040838475,2.571885542,1.067333629,0.029298343,-0.665102176,0.724287294,-0.179411868
1497535130390840000,108302,1.043271084,2.571737325,1.067183258,0.025125922,-0.664971452,0.725567175,-0.175310954
1497535130400870000,108303,1.045702514,2.571366305,1.066752668,0.02151745,-0.665242855,0.726404169,-0.171248146
1497535130410690000,108304,1.048413898,2.57086659,1.066351327,0.017781644,-0.664782642,0.727930947,-0.166926298
1497535130420990000,108305,1.051485547,2.570261414,1.065864085,0.013798555,-0.665955862,0.727802511,-0.163143784
1497535130430790000,108306,1.05429079,2.569757903,1.0647545,0.010052723,-0.666664996,0.728133035,-0.158993741
1497535130440920000,108307,1.057651247,2.568308802,1.064030592,0.008888197,-0.670766691,0.724988985,-0.156153827
1497535130450850000,108308,1.061106879,2.567269055,1.06311759,0.005364129,-0.671668091,0.72487961,-0.152914201
1497535130460840000,108309,1.065434639,2.565531399,1.062661372,0.002428061,-0.675475024,0.721868258,-0.150445391
1497535130470810000,108310,1.068859698,2.564649927,1.061035429,-0.001758143,-0.675045732,0.722896672,-0.147412922
1497535130480880000,108311,1.073228987,2.563261618,1.059905853,-0.00545264,-0.678076882,0.720698138,-0.14413953
1497535130490840000,108312,1.077395293,2.561648249,1.05865371,-0.005338574,-0.677736578,0.721586806,-0.141269643
1497535130500840000,108313,1.082326609,2.560382751,1.057254524,-0.0117448,-0.682626238,0.717555954,-0.137829359
1497535130510820000,108314,1.087252891,2.558212707,1.056267936,-0.011442901,-0.68472193,0.716011494,-0.135471325
1497535130520820000,108315,1.091844645,2.556153733,1.054793695,-0.009853077,-0.68546121,0.715572805,-0.134169324
1497535130530820000,108316,1.096978545,2.552711788,1.053780206,-0.002955588,-0.685461441,0.715217135,-0.136375683
1497535130540950000,108317,1.102021996,2.549286363,1.052495636,0.004848534,-0.686207229,0.714152019,-0.13814132
1497535130550840000,108318,1.108112678,2.547035058,1.051397213,0.002565168,-0.68608087,0.714338678,-0.137864836
1497535130560830000,108319,1.114764348,2.544947786,1.050350769,-0.004130118,-0.690577768,0.710140194,-0.137062736
1497535130570840000,108320,1.12001883,2.541333621,1.048996324,0.005484427,-0.689815597,0.710259803,-0.140197632
1497535130580900000,108321,1.126082411,2.538371288,1.04784718,0.006054449,-0.692711151,0.707184701,-0.141436925
1497535130590790000,108322,1.13196183,2.53497703,1.047006919,0.010138053,-0.693437348,0.705887037,-0.144101891
1497535130600880000,108323,1.138025239,2.531754398,1.046140361,0.010552423,-0.693568353,0.705177243,-0.146889895
1497535130610820000,108324,1.14324684,2.528733564,1.045071247,0.015896416,-0.692486567,0.705976104,-0.147673284
1497535130620850000,108325,1.14882848,2.525651315,1.044338544,0.018492962,-0.690994186,0.707179862,-0.148599086
1497535130630770000,108326,1.154470176,2.522998483,1.043643373,0.017215033,-0.685368037,0.71288028,-0.14756694
1497535130640910000,108327,1.15998925,2.519716351,1.043093542,0.017929621,-0.68536778,0.712603395,-0.148815109
1497535130650850000,108328,1.165762521,2.515927287,1.042678832,0.018002466,-0.685904536,0.711823846,-0.150058957
1497535130660860000,108329,1.171566312,2.512119979,1.042043365,0.01728202,-0.685486122,0.712070455,-0.150883315
1497535130670860000,108330,1.177444557,2.508102182,1.041177309,0.017493885,-0.684949403,0.712288083,-0.152262819
1497535130680900000,108331,1.183868151,2.503667137,1.040671416,0.016844234,-0.684710292,0.712273897,-0.153473073
1497535130690870000,108332,1.190258933,2.499034142,1.039768511,0.016898299,-0.683189643,0.713290901,-0.155507073
1497535130700840000,108333,1.197247092,2.493985646,1.039260233,0.017337882,-0.682130481,0.713856874,-0.157498469
1497535130710780000,108334,1.204119762,2.488874503,1.038383659,0.018024677,-0.680776113,0.714666552,-0.159595472
1497535130720800000,108335,1.210900674,2.483608196,1.037239444,0.019712106,-0.679200257,0.715518547,-0.162270306
1497535130730820000,108336,1.218066033,2.478008339,1.036865543,0.021111586,-0.678769025,0.715467622,-0.164112748
1497535130740950000,108337,1.224969705,2.472483903,1.036475399,0.021845572,-0.676765067,0.716854748,-0.166226008
1497535130750870000,108338,1.231766977,2.466900193,1.036680272,0.023646368,-0.676090488,0.717310146,-0.166759276
1497535130760790000,108339,1.23844383,2.461325379,1.037521681,0.024969895,-0.676945017,0.716404948,-0.166990716
1497535130770850000,108340,1.244731466,2.455807525,1.038866182,0.026583135,-0.678062097,0.715778087,-0.164884381
1497535130780950000,108341,1.25073698,2.4504323,1.040519595,0.02793093,-0.678869256,0.715430178,-0.162837516
1497535130790860000,108342,1.256214821,2.444854559,1.04231556,0.028443192,-0.679518759,0.71529597,-0.160614183
1497535130800900000,108343,1.261279643,2.438973256,1.044060793,0.02865129,-0.680178738,0.715251945,-0.157957725
1497535130810820000,108344,1.266014667,2.432689679,1.045716362,0.029416209,-0.682062401,0.713797615,-0.156264303
1497535130820850000,108345,1.270410284,2.426092712,1.047126318,0.027570166,-0.684027055,0.712588036,-0.153509495
1497535130830860000,108346,1.274301735,2.419329895,1.04790537,0.025274729,-0.685829139,0.711570969,-0.150553434
1497535130840830000,108347,1.278328405,2.412400207,1.048828029,0.021339,-0.688363271,0.709817387,-0.147851049
1497535130850850000,108348,1.282775813,2.401722257,1.050035484,-0.002046593,-0.683926626,0.718251157,-0.127888455
1497535130860840000,108349,1.286456017,2.394787385,1.050364491,-0.00639377,-0.685161003,0.71773045,-0.124002103
1497535130870850000,108350,1.290143409,2.388381084,1.050607286,-0.009337728,-0.687134174,0.716377316,-0.120677154
1497535130880820000,108351,1.293591996,2.382404758,1.050383961,-0.012968858,-0.688599361,0.715383086,-0.117854866
1497535130890850000,108352,1.296551735,2.379973537,1.049859888,0.00506793,-0.697359488,0.704864673,-0.129729927
1497535130900860000,108353,1.299868931,2.374307687,1.049745105,0.005411377,-0.698798279,0.704190933,-0.125565966
1497535130910810000,108354,1.302837087,2.368673567,1.049488166,0.004981602,-0.70143032,0.702184053,-0.122099326
1497535130920810000,108355,1.305322951,2.363231185,1.049039836,-0.004495128,0.70420543,-0.69980502,0.119780803
1497535130930850000,108356,1.307332953,2.357851058,1.048346852,-0.002556097,0.707050314,-0.697328886,0.117497852
1497535130940910000,108357,1.309557378,2.35216678,1.048592799,-0.000342065,0.710649097,-0.69403907,0.115271472
1497535130950850000,108358,1.311234518,2.346627612,1.048589555,0.003542718,0.713315456,-0.691513387,0.113919904
1497535130960860000,108359,1.312164251,2.341504736,1.047707024,0.008677162,0.715734089,-0.689344502,0.111595604
1497535130970850000,108360,1.313444,2.336283247,1.047909389,0.014736162,0.717716903,-0.6875672,0.109163351
1497535130980840000,108361,1.314005393,2.331277609,1.047370755,0.019983273,0.719882134,-0.685763531,0.105350665
1497535130990830000,108362,1.314202869,2.326559911,1.046973667,0.025534565,0.720565632,-0.685397869,0.101798411
1497535131000870000,108363,1.3140859,2.321786379,1.046577673,0.031218796,0.722301838,-0.683979866,0.09734981
1497535131010820000,108364,1.31328434,2.317640994,1.045740752,0.039394165,0.723279663,-0.68330057,0.091733093
1497535131020990000,108365,1.311816172,2.313486464,1.044482208,0.048060047,0.724968592,-0.681745591,0.085637154
1497535131030830000,108366,1.310934532,2.308979216,1.044886211,0.055626106,0.725549136,-0.681448748,0.078177947
1497535131040880000,108367,1.30925437,2.305221239,1.044297938,0.067698484,0.726801821,-0.67986513,0.070423241
1497535131050840000,108368,1.307428384,2.301450613,1.04402207,0.07842614,0.727676536,-0.678539021,0.062617862
1497535131060830000,108369,1.30588025,2.297729081,1.044220307,0.090706413,0.727654068,-0.677773781,0.053987081
1497535131070790000,108370,1.303659233,2.294428618,1.043676758,0.101147611,0.728779104,-0.675689571,0.045757856
1497535131080810000,108371,1.301408633,2.291270313,1.043233896,0.11130288,0.728807121,-0.674554563,0.037788759
1497535131090860000,108372,1.298917863,2.288409153,1.042187186,0.121794073,0.728120159,-0.673894678,0.029549965
1497535131100930000,108373,1.296730826,2.285430725,1.041677004,0.131612372,0.727647223,-0.672894421,0.020513438
1497535131110840000,108374,1.294233242,2.282617185,1.040802149,0.140560347,0.72790255,-0.67101725,0.011684085
1497535131120850000,108375,1.291149616,2.28025066,1.038768301,0.149768415,0.727605781,-0.669441068,0.002811834
1497535131130830000,108376,1.288952187,2.277491831,1.03796957,0.159616005,0.727352148,-0.667411919,-0.006550865
1497535131140920000,108377,1.286780805,2.274905159,1.036743814,0.169071578,0.72734532,-0.664951392,-0.014940979
1497535131150860000,108378,1.284711928,2.272286486,1.035424749,0.179140736,0.726031895,-0.663514814,-0.023116572
1497535131160860000,108379,1.283034544,2.269748447,1.034371185,0.189099791,0.726412655,-0.660025163,-0.030540277
1497535131170820000,108380,1.280749131,2.26412891,1.033818123,0.217338034,0.715000129,-0.662545597,-0.050718113
1497535131180910000,108381,1.279387676,2.261406349,1.032921515,0.22794766,0.714178505,-0.659058178,-0.060259808
1497535131190850000,108382,1.278454905,2.258758046,1.032106136,0.236345411,0.714038982,-0.655662582,-0.066300509
1497535131200880000,108383,1.2777879,2.255661094,1.031489869,0.250230278,0.713036022,-0.651169924,-0.070300564
1497535131210800000,108384,1.277090695,2.25255273,1.030980675,0.255776648,0.714892348,-0.646162689,-0.077337027
1497535131220900000,108385,1.277497939,2.252528853,1.029434067,0.242020344,0.728518919,-0.636528307,-0.074283592
1497535131230850000,108386,1.277153525,2.248579648,1.028615965,0.248746024,0.729330714,-0.632558875,-0.077919156
1497535131240870000,108387,1.277590587,2.244605036,1.028185159,0.255638146,0.728392429,-0.630440231,-0.081478361
1497535131250860000,108388,1.277787975,2.240426928,1.027328968,0.260921581,0.729106362,-0.62693058,-0.085333983
1497535131260830000,108389,1.278406689,2.236551761,1.026630801,0.265041068,0.726710005,-0.626863844,-0.093206873
1497535131270860000,108390,1.279347521,2.231777476,1.025986394,0.267827175,0.727850317,-0.623712583,-0.097391655
1497535131280860000,108391,1.280546387,2.223580621,1.025493954,0.265211062,0.713457889,-0.640878152,-0.099579756
1497535131290850000,108392,1.281771791,2.22107408,1.024247525,0.27011568,0.730438823,-0.618509169,-0.104609047
1497535131300920000,108393,1.28319085,2.21546366,1.023436055,0.27090765,0.732262828,-0.615147604,-0.109515391
1497535131310840000,108394,1.284502719,2.209945063,1.022535953,0.270974245,0.733007595,-0.61316747,-0.115319029
1497535131320890000,108395,1.285927651,2.201611097,1.022088229,0.267338757,0.719331715,-0.629716143,-0.12062111
1497535131330840000,108396,1.288085395,2.195617426,1.021305643,0.270574366,0.719637725,-0.627290831,-0.124166303
1497535131340900000,108397,1.288454028,2.192740446,1.020094271,0.271762192,0.733977626,-0.607471728,-0.135647539
1497535131350860000,108398,1.289853079,2.186631973,1.019154667,0.274468873,0.734706212,-0.604480684,-0.139559029
1497535131360840000,108399,1.290901978,2.180757504,1.017856988,0.278001112,0.733590483,-0.602231303,-0.147911603
1497535131370820000,108400,1.292013339,2.172478168,1.016564442,0.282296319,0.720529079,-0.614568854,-0.15313967
1497535131380850000,108401,1.292431112,2.166149354,1.014926675,0.286055488,0.720173629,-0.611285756,-0.160785342
1497535131390840000,108402,1.292292471,2.161732292,1.013742067,0.290614499,0.731546603,-0.592818134,-0.17014535
1497535131400880000,108403,1.292245179,2.155101896,1.011761357,0.296860435,0.731737761,-0.587731536,-0.176083423
1497535131410840000,108404,1.29273809,2.148229263,1.010373721,0.30216649,0.729726268,-0.586381327,-0.179866408
1497535131420890000,108405,1.292884281,2.141080372,1.009125536,0.306088704,0.727755787,-0.584887264,-0.185978781
1497535131430860000,108406,1.293592069,2.13428711,1.007460955,0.31449372,0.725895531,-0.58134757,-0.190274489
1497535131440880000,108407,1.293963911,2.126987143,1.006246389,0.319511104,0.722980902,-0.580202837,-0.19640758
1497535131450800000,108408,1.294494087,2.119199733,1.005355908,0.323587649,0.720018653,-0.579627451,-0.202228067
1497535131460880000,108409,1.295313331,2.111316651,1.004360457,0.329151863,0.717754024,-0.577783985,-0.206528152
1497535131470870000,108410,1.295945741,2.102407913,1.003896889,0.332997214,0.716213532,-0.576843879,-0.208331879
1497535131480800000,108411,1.296825408,2.093372716,1.003249105,0.336070979,0.713174202,-0.578308357,-0.209757716
1497535131490860000,108412,1.297873263,2.083264289,1.003349343,0.336314168,0.712985589,-0.578966855,-0.20818672
1497535131500850000,108413,1.299007706,2.072746851,1.003579135,0.335008577,0.713075131,-0.580423047,-0.205917936
1497535131510830000,108414,1.300301814,2.061906626,1.004120522,0.335246502,0.712609441,-0.581926439,-0.202877269
1497535131520870000,108415,1.30186056,2.050845954,1.005217669,0.333719067,0.711891225,-0.584678935,-0.199982527
1497535131530860000,108416,1.304056483,2.040473951,1.006453781,0.333322668,0.710946026,-0.587353173,-0.196132601
1497535131540860000,108417,1.305887136,2.029896423,1.008366758,0.330860162,0.709110601,-0.592025207,-0.192872663
1497535131550860000,108418,1.308028807,2.019474717,1.010295301,0.329875388,0.706549562,-0.597168272,-0.188042548
1497535131560880000,108419,1.310031341,2.009287669,1.012630607,0.327753679,0.701705418,-0.604482983,-0.186513687
1497535131570830000,108420,1.311842324,1.999829857,1.014755768,0.327930046,0.700198416,-0.607137659,-0.183215521
1497535131580850000,108421,1.313852229,1.989112332,1.017303295,0.324221446,0.689207198,-0.622939341,-0.178382929
1497535131590860000,108422,1.315404936,1.981261385,1.01923907,0.325525037,0.689456939,-0.620538416,-0.183342997
1497535131600790000,108423,1.316034051,1.973021826,1.022191275,0.321406389,0.686525317,-0.625608513,-0.184377088
1497535131610840000,108424,1.316872469,1.964904111,1.024752143,0.319373766,0.683262264,-0.629747347,-0.185933741
1497535131620850000,108425,1.317420093,1.95678801,1.027122634,0.318612544,0.678632706,-0.634017409,-0.189646045
1497535131630860000,108426,1.31834327,1.948494572,1.02902834,0.319995372,0.67184371,-0.639801337,-0.192050099
1497535131640870000,108427,1.318826329,1.940681468,1.030903008,0.321519818,0.666124541,-0.6442681,-0.194478065
1497535131650840000,108428,1.318800778,1.933777373,1.03281061,0.323618032,0.660282694,-0.64821556,-0.19777442
1497535131660780000,108429,1.312969832,1.926175002,1.038750021,-0.351780611,-0.640627498,0.651688808,0.202850951
1497535131670860000,108430,1.316417976,1.914853306,1.040665151,-0.310233217,-0.653102523,0.662944445,0.19420893
1497535131680830000,108431,1.304496164,1.907287577,1.047642357,-0.334160456,-0.645194385,0.659464645,0.192788429
1497535131690840000,108432,1.303639632,1.900672327,1.049812912,-0.33683367,-0.638176176,0.663996832,0.195914403
1497535131700810000,108433,1.303574012,1.894432761,1.051608291,-0.340673696,-0.633601633,0.6663717,0.196059076
1497535131710800000,108434,1.316269287,1.89428461,1.045103093,-0.333679762,-0.647006837,0.658764222,0.189920165
1497535131720870000,108435,1.316429615,1.8876352,1.046696751,-0.33262762,-0.641501044,0.663668609,0.193337155
1497535131730770000,108436,1.316050546,1.88125168,1.04920308,-0.333907944,-0.63369793,0.669952572,0.195181889
1497535131740780000,108437,1.301654908,1.869004751,1.060639977,-0.341710928,-0.613101036,0.683488024,0.200461672
1497535131750760000,108438,1.316584355,1.864085672,1.054581214,-0.364224004,-0.597032674,0.686152978,0.200217262
1497535131760920000,108439,1.301759647,1.856195601,1.065070024,-0.33669449,-0.604180246,0.693313222,0.202286498
1497535131770870000,108440,1.302021606,1.849732411,1.067423693,-0.33348888,-0.6023789,0.696394988,0.202382925
1497535131780900000,108441,1.315401345,1.845587143,1.063233095,-0.351166393,-0.60414153,0.684450616,0.20790029
1497535131790890000,108442,1.315472961,1.836387452,1.064686337,-0.305980901,-0.561832392,0.741804624,0.20111179
1497535131800840000,108443,1.309297043,1.831038009,1.067683187,-0.349289264,-0.59972115,0.690028557,0.205407262
1497535131810830000,108444,1.314310807,1.828021828,1.065637691,-0.321239059,-0.607522314,0.697466151,0.203133141
1497535131820850000,108445,1.314514341,1.822521492,1.066607344,-0.323882042,-0.586258441,0.711104763,0.213849195
1497535131830850000,108446,1.313974806,1.814797572,1.06760091,-0.32302592,-0.586353823,0.711292182,0.214258913
1497535131840900000,108447,1.313760089,1.806930998,1.068393778,-0.321391549,-0.583149489,0.713578716,0.217829203
1497535131850860000,108448,1.307887142,1.797167719,1.072177121,-0.351439968,-0.558072921,0.713392251,0.236888284
1497535131860870000,108449,1.307317252,1.789299752,1.072594741,-0.350840585,-0.557240357,0.714297216,0.237009612
1497535131870840000,108450,1.30699477,1.781137573,1.072819889,-0.348041398,-0.557041653,0.715232865,0.238775483
1497535131880900000,108451,1.306249417,1.772867254,1.0726611,-0.346890407,-0.557869324,0.715226591,0.238536762
1497535131890840000,108452,1.305448804,1.764073262,1.072405942,-0.346029795,-0.557535885,0.715567258,0.239542516
1497535131900780000,108453,1.307331804,1.754578555,1.071160785,-0.336272272,-0.560541076,0.720596776,0.23120326
1497535131910830000,108454,1.308880588,1.748032509,1.067736675,-0.312917095,-0.584515293,0.715496347,0.220203864
1497535131920890000,108455,1.307979921,1.738670131,1.06647369,-0.311758863,-0.584207076,0.715868382,0.221451944
1497535131930850000,108456,1.307086196,1.72869567,1.064729072,-0.311713449,-0.583264555,0.717147455,0.219856118
1497535131940900000,108457,1.306288681,1.719122651,1.062840651,-0.308355015,-0.58675588,0.71618069,0.218448944
1497535131950860000,108458,1.304864308,1.707714009,1.061495267,-0.304460282,-0.597693326,0.709994958,0.214414982
1497535131960860000,108459,1.303607028,1.697404462,1.0593289,-0.302604233,-0.597539794,0.711324984,0.213057833
1497535131970850000,108460,1.301805876,1.685932125,1.057263887,-0.296553193,-0.610962345,0.70376105,0.208570374
1497535131980880000,108461,1.300249231,1.675072846,1.055634277,-0.296899367,-0.610289449,0.705876696,0.202819238
1497535131990860000,108462,1.298948429,1.664086899,1.053775439,-0.294189251,-0.611542003,0.706076375,0.202299814
1497535132000940000,108463,1.297959095,1.653117411,1.052101056,-0.292667404,-0.611604434,0.707548176,0.199151667
1497535132010840000,108464,1.298063391,1.642775972,1.049723685,-0.294668606,-0.594311654,0.720319902,0.202739509
1497535132020890000,108465,1.296415245,1.633773902,1.047183893,-0.291338371,-0.594296245,0.722093943,0.201281554
1497535132030860000,108466,1.295151206,1.622202957,1.046071284,-0.290780912,-0.587056311,0.727200332,0.204917119
1497535132040890000,108467,1.293491289,1.611703683,1.044720905,-0.287841315,-0.589621492,0.726964791,0.202524237
1497535132050860000,108468,1.292127659,1.599950872,1.044680719,-0.28741939,-0.584181273,0.731410873,0.20288043
1497535132060810000,108469,1.290276898,1.590471136,1.043722431,-0.282110633,-0.585067784,0.732740069,0.202980958
1497535132070850000,108470,1.288803438,1.579254948,1.044357319,-0.28233972,-0.577651927,0.738064445,0.204605493
1497535132080840000,108471,1.286597923,1.570598283,1.044048011,-0.281041222,-0.578237898,0.737904044,0.205315332
1497535132090790000,108472,1.284678557,1.559612633,1.046042889,-0.284185385,-0.573065964,0.74046522,0.206265182
1497535132100870000,108473,1.28170272,1.55103019,1.046546825,-0.287239783,-0.574363858,0.738677686,0.204828568
1497535132110830000,108474,1.278816337,1.540964195,1.048181157,-0.28750791,-0.575346571,0.738157487,0.203565833
1497535132120840000,108475,1.275947544,1.53068219,1.050059442,-0.287107031,-0.577833576,0.736472862,0.203188668
1497535132130840000,108476,1.273228161,1.521237495,1.051246393,-0.282333611,-0.586102501,0.732410483,0.200864318
1497535132140920000,108477,1.270115057,1.511369579,1.052726578,-0.281827691,-0.585281239,0.7327514,0.202717558
1497535132150720000,108478,1.26683941,1.501627335,1.054237729,-0.282411667,-0.583731183,0.733426069,0.203930768
1497535132160740000,108479,1.26290059,1.492103406,1.055225461,-0.285039257,-0.585878734,0.730646639,0.204093653
1497535132170860000,108480,1.259262986,1.481932633,1.056799282,-0.288717081,-0.585392007,0.729301613,0.205128746
1497535132180860000,108481,1.255247793,1.472234266,1.057867328,-0.293672131,-0.586483711,0.726272304,0.205723301
1497535132190870000,108482,1.251527148,1.462391151,1.059107861,-0.297796632,-0.586245544,0.724788391,0.205706385
1497535132200860000,108483,1.248177142,1.452678297,1.060440156,-0.300308803,-0.591064448,0.720081364,0.204793237
1497535132210850000,108484,1.24514146,1.442743573,1.061756589,-0.300740464,-0.593725402,0.71773718,0.204691622
1497535132220980000,108485,1.24246529,1.432929725,1.06300078,-0.299686484,-0.59705254,0.715515805,0.204336508
1497535132230840000,108486,1.240265512,1.423564113,1.063986243,-0.297437874,-0.602991999,0.712049908,0.20227775
1497535132240840000,108487,1.238425789,1.413483611,1.065511685,-0.294062302,-0.606125323,0.710820665,0.202171804
1497535132250870000,108488,1.236471844,1.404577734,1.066017396,-0.291158739,-0.611060036,0.708304925,0.200340596
1497535132260900000,108489,1.233475787,1.392526873,1.069139276,-0.304704065,-0.598978649,0.711082804,0.206739589
1497535132270840000,108490,1.23118545,1.384585369,1.069218809,-0.304436335,-0.602813309,0.708613824,0.204453128
1497535132280910000,108491,1.231801607,1.373905078,1.07074927,-0.294144677,-0.609765135,0.70782116,0.201629846
1497535132290880000,108492,1.230029705,1.366545239,1.07078283,-0.292080266,-0.613824863,0.70688761,0.195494404
1497535132300870000,108493,1.228738396,1.361511576,1.068638299,-0.279634076,-0.626563652,0.703201825,0.18635978
1497535132310850000,108494,1.227202871,1.353534765,1.068900513,-0.278765221,-0.629361188,0.701765919,0.183627452
1497535132320890000,108495,1.225453765,1.345853326,1.068727149,-0.279303109,-0.631736666,0.700067935,0.181117213
1497535132330850000,108496,1.222673767,1.335643488,1.070724824,-0.294491241,-0.620320838,0.702999516,0.185117929
1497535132340900000,108497,1.220106239,1.328972603,1.069905813,-0.299503245,-0.622046333,0.699667997,0.183904488
1497535132350880000,108498,1.220084346,1.32392955,1.068023318,-0.281669263,-0.63866785,0.694367814,0.174983265
1497535132360820000,108499,1.218381169,1.316935681,1.06767412,-0.283401591,-0.64019672,0.69258753,0.173649682
1497535132370830000,108500,1.215322031,1.308009252,1.068972563,-0.302757127,-0.627838379,0.693869371,0.180838014
1497535132380850000,108501,1.216464469,1.30039442,1.069273403,-0.288929894,-0.637944743,0.691820323,0.175871152
1497535132390860000,108502,1.213395172,1.296911364,1.066443598,-0.289657521,-0.64332866,0.686739619,0.174972715
1497535132400890000,108503,1.211977959,1.289882118,1.066327095,-0.291128905,-0.643504592,0.68564907,0.176156617
1497535132410820000,108504,1.210448514,1.283108576,1.065918741,-0.293321894,-0.644620104,0.683659278,0.176173721
1497535132420880000,108505,1.208887524,1.276199509,1.065517329,-0.295203581,-0.646956633,0.680381798,0.177151262
1497535132430840000,108506,1.206671377,1.26755221,1.066333747,-0.307765694,-0.637759211,0.682079343,0.182513662
1497535132440830000,108507,1.205160651,1.260628922,1.065544025,-0.310380328,-0.639603571,0.679001772,0.1831063
1497535132450850000,108508,1.205346166,1.25279813,1.065065214,-0.301505633,-0.644136344,0.678923464,0.182333907
1497535132460840000,108509,1.203667883,1.24731301,1.063152834,-0.300619048,-0.652673634,0.671316011,0.181604317
1497535132470780000,108510,1.201838328,1.236795102,1.064670685,-0.315799689,-0.640841293,0.674582518,0.185826317
1497535132480780000,108511,1.20168198,1.230647,1.062218632,-0.305978376,-0.652309613,0.668101894,0.185766686
1497535132490770000,108512,1.200452477,1.223956172,1.060583957,0.304220692,0.660741493,-0.660666708,-0.185445281
1497535132500870000,108513,1.199028276,1.212632454,1.061729856,-0.322052886,-0.647554392,0.664544835,0.187977152
1497535132510860000,108514,1.199503117,1.206186412,1.059629804,0.303277804,0.666072307,-0.65528977,-0.186990836
1497535132520910000,108515,1.198652487,1.197488034,1.058442811,0.30270706,0.669129971,-0.652247409,-0.187634847
1497535132530860000,108516,1.197296281,1.190672305,1.055669116,0.305939123,0.674229179,-0.644994332,-0.189205124
1497535132540760000,108517,1.196571408,1.181770478,1.053865284,0.304877352,0.67774375,-0.641806288,-0.189203324
1497535132550870000,108518,1.196242653,1.172386166,1.052448918,0.303637683,0.682536141,-0.637446047,-0.188709067
1497535132560830000,108519,1.195864111,1.162948572,1.050722239,0.302157533,0.685675246,-0.634581304,-0.189359053
1497535132570890000,108520,1.196768594,1.151737131,1.05071515,0.297388107,0.690772401,-0.631421981,-0.188944665
1497535132580830000,108521,1.195320941,1.144153465,1.046693261,0.3003409,0.696244365,-0.623863564,-0.189297073
1497535132590880000,108522,1.195180833,1.134748293,1.044575939,0.298753989,0.700343612,-0.619891578,-0.189734843
1497535132600870000,108523,1.194980325,1.125460801,1.042522961,0.297017708,0.704310118,-0.616261665,-0.189603004
1497535132610850000,108524,1.194764637,1.116081411,1.040683789,0.29483428,0.706956682,-0.61384623,-0.190991633
1497535132620910000,108525,1.194789889,1.107226036,1.038878927,0.293072214,0.708741492,-0.612201412,-0.192363216
1497535132630860000,108526,1.194477478,1.098511907,1.0369744,0.292914209,0.710351383,-0.609858631,-0.194099536
1497535132640930000,108527,1.19463031,1.090003948,1.035382038,0.294495024,0.710777564,-0.607889951,-0.196310322
1497535132650870000,108528,1.195048115,1.080227668,1.035039527,0.292108568,0.710990202,-0.608304942,-0.197814599
1497535132660820000,108529,1.193860323,1.073622338,1.031865792,0.296317923,0.711474548,-0.605060729,-0.199752771
1497535132670860000,108530,1.19386232,1.065774408,1.03036814,0.299089016,0.711333166,-0.603218436,-0.201688883
1497535132680870000,108531,1.193442175,1.057517963,1.028676082,0.301136079,0.710728703,-0.602105952,-0.204083796
1497535132690880000,108532,1.193198196,1.049477801,1.027054593,0.303774899,0.70968274,-0.601579314,-0.205361996
1497535132700690000,108533,1.193416749,1.040995742,1.025616376,0.3062449,0.707987036,-0.601851015,-0.206745674
1497535132710830000,108534,1.193424625,1.032329319,1.024428394,0.308511403,0.706471864,-0.601267394,-0.210227827
1497535132720860000,108535,1.193574973,1.02318407,1.023321444,0.311335606,0.706906069,-0.599023723,-0.211008362
1497535132730860000,108536,1.193666339,1.0140694,1.022350476,0.313715109,0.705116763,-0.599214735,-0.212919898
1497535132740930000,108537,1.193913208,1.004317296,1.021677416,0.316351189,0.704788871,-0.598411112,-0.212364576
1497535132750890000,108538,1.194544193,0.994651315,1.021564907,0.318568457,0.7038925,-0.598057543,-0.213017985
1497535132760890000,108539,1.195252089,0.984397509,1.021599614,0.319231672,0.702225525,-0.600095376,-0.211792332
1497535132770940000,108540,1.196175789,0.974025497,1.021924644,0.320020551,0.701468398,-0.601119063,-0.210201823
1497535132780870000,108541,1.197479075,0.96381801,1.022659268,0.320451445,0.700926107,-0.601485066,-0.210307346
1497535132790870000,108542,1.198978817,0.953026448,1.023539653,0.319730726,0.700334231,-0.603241542,-0.208335955
1497535132800890000,108543,1.200956951,0.941773142,1.025075308,0.31822809,0.700174629,-0.605187458,-0.205510372
1497535132810840000,108544,1.203162437,0.93098162,1.026523363,0.31655607,0.697980957,-0.609186321,-0.203732337
1497535132820920000,108545,1.205386081,0.920433284,1.028204724,0.314787916,0.697332505,-0.611115041,-0.202914643
1497535132830860000,108546,1.207936956,0.90966541,1.030051389,0.312319682,0.694724013,-0.61617106,-0.200370124
1497535132840910000,108547,1.210642064,0.899312119,1.032249006,0.310500434,0.692459056,-0.619783934,-0.199894498
1497535132850860000,108548,1.212891647,0.889464035,1.033980603,0.307273153,0.689611636,-0.625058532,-0.198294811
1497535132860860000,108549,1.215340928,0.879485183,1.036053807,0.303370605,0.686814835,-0.630677721,-0.196207216
1497535132870890000,108550,1.217551424,0.870171303,1.037926397,0.300132617,0.682827266,-0.63666321,-0.19577358
1497535132880920000,108551,1.219405463,0.861415912,1.039450495,0.297798544,0.680006155,-0.640530483,-0.196540981
1497535132890850000,108552,1.221170956,0.852633288,1.041139855,0.296227135,0.67534109,-0.646044218,-0.196953713
1497535132900870000,108553,1.222564822,0.844479314,1.042379248,0.296101601,0.670355329,-0.651041109,-0.197719624
1497535132910860000,108554,1.223373835,0.836351771,1.043561225,0.295791001,0.664029949,-0.657228837,-0.199053175
1497535132920920000,108555,1.224207188,0.828462457,1.045051458,-0.29776675,-0.659121489,0.660745872,0.200770312
1497535132930880000,108556,1.224774504,0.820573662,1.046547311,-0.299247567,-0.652275146,0.666849245,0.200748878
1497535132940850000,108557,1.226109805,0.812417324,1.049018479,-0.300850586,-0.644514289,0.67426091,0.19865166
1497535132950880000,108558,1.226358011,0.805568774,1.04987298,-0.305810112,-0.640642786,0.675396029,0.199742837
1497535132960860000,108559,1.226622333,0.798365423,1.051141453,-0.307434828,-0.634129418,0.680875232,0.199430757
1497535132970890000,108560,1.227774508,0.791093352,1.053231028,-0.310557265,-0.629123244,0.684069124,0.199518328
1497535132980930000,108561,1.228117989,0.783802749,1.054571083,-0.311855381,-0.624731343,0.687558717,0.199298722
1497535132990890000,108562,1.228870989,0.776235992,1.056606604,-0.311982155,-0.62078743,0.691036641,0.199395244
1497535133000940000,108563,1.229560406,0.768624674,1.05872308,-0.312078417,-0.618287628,0.693469339,0.198564214
1497535133010860000,108564,1.230079446,0.760876637,1.060883968,-0.310358816,-0.616450577,0.696430374,0.196598132
1497535133020930000,108565,1.230841484,0.752955033,1.063362068,-0.308774976,-0.614711273,0.699050038,0.195236035
1497535133030880000,108566,1.231319768,0.745323086,1.065377127,-0.306266933,-0.612131634,0.702595589,0.194563269
1497535133040870000,108567,1.232205344,0.737400168,1.068057773,-0.303016731,-0.608488037,0.70713523,0.194635394
1497535133050890000,108568,1.232851085,0.729821862,1.070141363,-0.30131067,-0.607107219,0.709387848,0.193394899
1497535133060860000,108569,1.233475731,0.72236407,1.071997416,-0.298763258,-0.604342556,0.713118819,0.19228141
1497535133070900000,108570,1.234126262,0.714709436,1.073727694,-0.296507103,-0.602260942,0.716050066,0.191409505
1497535133080910000,108571,1.234868426,0.707013553,1.075163001,-0.294217495,-0.598992343,0.719638165,0.191742407
1497535133090870000,108572,1.235317525,0.699117247,1.076276482,-0.292928059,-0.599255643,0.720378518,0.190106854
1497535133100930000,108573,1.235827506,0.690877568,1.077183553,-0.291121375,-0.598098804,0.722255719,0.189401271
1497535133110830000,108574,1.236361882,0.682597267,1.077994114,-0.288522613,-0.599084223,0.722880634,0.187873321
1497535133120860000,108575,1.23677894,0.674501607,1.078080362,-0.286220867,-0.599189577,0.72348107,0.188744821
1497535133130890000,108576,1.236206335,0.662982307,1.08131108,-0.297103227,-0.572432248,0.738890269,0.19517214
1497535133140860000,108577,1.236974412,0.654359005,1.080806715,-0.292192059,-0.576233347,0.738378836,0.193327764
1497535133150870000,108578,1.238157953,0.648523913,1.07800237,-0.276421457,-0.602785135,0.725357941,0.184654045
1497535133160890000,108579,1.238528253,0.639778885,1.077490797,-0.272774987,-0.603753939,0.726071648,0.18410581
1497535133170760000,108580,1.237201268,0.629860575,1.078918474,-0.285300719,-0.591234619,0.73007472,0.189831579
1497535133180840000,108581,1.239301777,0.621717424,1.075963225,-0.269678444,-0.608024047,0.724279327,0.18165834
1497535133190870000,108582,1.239347501,0.612294889,1.074736038,-0.267554348,-0.611242037,0.722836769,0.179735493
1497535133200840000,108583,1.23935834,0.602900494,1.073191067,-0.266163492,-0.612544336,0.722526253,0.178611996
1497535133210860000,108584,1.239336694,0.593523464,1.071199682,-0.265996128,-0.615274925,0.720409162,0.178026588
1497535133220910000,108585,1.239336284,0.583532982,1.069254501,-0.265899572,-0.61793638,0.718623467,0.176160041
1497535133230940000,108586,1.239267061,0.573780685,1.066723283,-0.26616041,-0.619297277,0.717528983,0.175447076
1497535133240890000,108587,1.238830718,0.563347264,1.064184312,-0.264255833,-0.623317797,0.715283225,0.173244586
1497535133250900000,108588,1.238577657,0.553278101,1.061475104,-0.264070587,-0.624246994,0.714721248,0.172499139
1497535133260890000,108589,1.238229375,0.542620791,1.058884159,-0.262113504,-0.627306654,0.713135278,0.170941357
1497535133270890000,108590,1.237760765,0.531662882,1.056173705,-0.259765071,-0.630006813,0.712103775,0.168883797
1497535133280900000,108591,1.237566699,0.520568294,1.053745322,-0.258355855,-0.633409161,0.71021528,0.166250842
1497535133290880000,108592,1.237553678,0.509859826,1.05173991,-0.255825417,-0.633916606,0.711091954,0.164472872
1497535133300920000,108593,1.237863195,0.499421804,1.049905154,-0.254642898,-0.635704167,0.710654063,0.161269992
1497535133310870000,108594,1.237679405,0.489731128,1.047910545,-0.251305358,-0.633924277,0.713891957,0.159197681
1497535133320930000,108595,1.238259288,0.479867274,1.046901292,-0.248190157,-0.631626053,0.717485881,0.157048356
1497535133330890000,108596,1.238496651,0.470173066,1.045692886,-0.245565644,-0.627255351,0.722327065,0.15649872
1497535133340920000,108597,1.238229793,0.460137817,1.044222297,-0.243932461,-0.622586153,0.726842029,0.15679318
1497535133350890000,108598,1.237769102,0.449432568,1.043174393,-0.24317139,-0.619173216,0.730050418,0.156584136
1497535133360830000,108599,1.237447946,0.437993647,1.042685734,-0.242542245,-0.615566906,0.733598067,0.15519188
1497535133370890000,108600,1.236572354,0.425550227,1.042356991,-0.240563585,-0.618284144,0.733071629,0.149866157
1497535133380870000,108601,1.235324905,0.414634575,1.040482159,-0.242324846,-0.611818935,0.737811216,0.150302591
1497535133390870000,108602,1.234619483,0.402579864,1.039983792,-0.241862853,-0.607994562,0.741653411,0.147631944
1497535133400910000,108603,1.233786627,0.390158252,1.039794385,-0.239948143,-0.604773182,0.745524372,0.144456557
1497535133410860000,108604,1.233221162,0.378144726,1.040173518,-0.239067149,-0.604805368,0.745974007,0.14345782
1497535133420880000,108605,1.232470064,0.365886124,1.041422456,-0.235110593,-0.603466186,0.74846049,0.142683094
1497535133430880000,108606,1.231380658,0.353907415,1.043363553,-0.233345336,-0.60511949,0.747644755,0.142855445
1497535133440860000,108607,1.231229341,0.343959769,1.045493754,-0.241200958,-0.605619669,0.743615487,0.148603232
1497535133450900000,108608,1.22921163,0.332309616,1.048055275,-0.240742178,-0.609663027,0.740365694,0.149039711
1497535133460860000,108609,1.226673993,0.320954586,1.0504211,-0.239604496,-0.610663331,0.739677224,0.150191832
1497535133470890000,108610,1.22373811,0.309445949,1.052610729,-0.238415221,-0.611531957,0.739177141,0.151009938
1497535133480870000,108611,1.220820371,0.298257027,1.054699144,-0.240675917,-0.61166365,0.738116423,0.152075077
1497535133490890000,108612,1.21761161,0.28736956,1.056417756,-0.244654759,-0.612205074,0.73577863,0.154850913
1497535133500860000,108613,1.214430083,0.27694572,1.057992596,-0.25019635,-0.610049882,0.734817914,0.159008054
1497535133510860000,108614,1.210948468,0.266742545,1.059338606,-0.256024249,-0.609080493,0.732783786,0.162789618
1497535133520880000,108615,1.207979512,0.256793389,1.060762529,-0.261618658,-0.608786843,0.730215812,0.166490615
1497535133530890000,108616,1.205271003,0.246864606,1.061983145,-0.267086632,-0.609619608,0.726717915,0.170028633
1497535133540920000,108617,1.202650174,0.237143693,1.063182768,-0.268826769,-0.611166581,0.723713315,0.17448959
1497535133550900000,108618,1.201173673,0.227645525,1.064398666,-0.273041564,-0.614141898,0.718812932,0.177724515
1497535133560880000,108619,1.199457496,0.218052348,1.065694446,-0.273446947,-0.619257513,0.713831648,0.179419282
1497535133570890000,108620,1.197575448,0.208613667,1.066744662,-0.271481948,-0.623903705,0.710261859,0.180471079
1497535133580920000,108621,1.196099767,0.199388078,1.067863816,-0.270873085,-0.629327876,0.705628583,0.180727693
1497535133590920000,108622,1.194417801,0.190353699,1.068700909,-0.270002095,-0.633349676,0.702544925,0.179993568
1497535133600940000,108623,1.19331891,0.182121596,1.069676407,-0.270265174,-0.634826071,0.70086471,0.180945442
1497535133610860000,108624,1.192206144,0.173897973,1.070420054,-0.271498858,-0.636679586,0.698876743,0.180274161
1497535133620970000,108625,1.190852691,0.165638407,1.071001378,-0.270874036,-0.63950504,0.696995119,0.178489113
1497535133630900000,108626,1.189372179,0.15738899,1.071462415,-0.270312004,-0.64247338,0.695251331,0.17545644
1497535133640970000,108627,1.188709772,0.149938102,1.071605527,-0.273751175,-0.642051302,0.694298586,0.175441994
1497535133650910000,108628,1.187052733,0.141750643,1.071546671,-0.273997447,-0.645893527,0.6913764,0.172469195
1497535133660930000,108629,1.186077387,0.1342026,1.071362343,-0.27731036,-0.646992152,0.689165628,0.171903626
1497535133670830000,108630,1.184460661,0.126296094,1.071093313,-0.276716964,-0.648404604,0.688596323,0.169806642
1497535133680900000,108631,1.183407492,0.118790871,1.070738511,-0.279254542,-0.650258688,0.685950622,0.169269853
1497535133690910000,108632,1.182625292,0.111447667,1.070488961,-0.28238644,-0.651418571,0.683621066,0.169038402
1497535133700930000,108633,1.181295466,0.103432065,1.070121275,-0.282261902,-0.654614352,0.680788464,0.168331031
1497535133710860000,108634,1.180882673,0.096359602,1.069818873,-0.285707107,-0.654541016,0.679132803,0.169487884
1497535133720950000,108635,1.179714265,0.088321759,1.069390028,-0.286181556,-0.658238475,0.675396465,0.169298086
1497535133730910000,108636,1.178679819,0.080628755,1.068718342,-0.286774156,-0.659706679,0.673717228,0.169271313
1497535133740940000,108637,1.177985267,0.072932474,1.068251978,-0.287744761,-0.661602939,0.67146342,0.169178541
1497535133750910000,108638,1.177485517,0.065339186,1.067454219,-0.290453356,-0.663524716,0.668271168,0.169662741
1497535133760950000,108639,1.176816195,0.057490901,1.066692649,-0.290880784,-0.665540884,0.666035662,0.169824019
1497535133770920000,108640,1.176180415,0.049550942,1.065716445,0.291545103,0.667026636,-0.664117973,-0.170365012
1497535133780910000,108641,1.175719299,0.041582898,1.064563322,0.29368532,0.669602153,-0.660604012,-0.170247553
1497535133790900000,108642,1.1751566,0.033310725,1.063512038,0.294593018,0.67186841,-0.657557282,-0.171540706
1497535133800950000,108643,1.175360697,0.02521418,1.062691454,0.297920883,0.67424491,-0.653593112,-0.171618742
1497535133810860000,108644,1.174556473,0.016678868,1.061133047,0.298083805,0.675489727,-0.651678923,-0.173707385
1497535133820940000,108645,1.174167514,0.007950766,1.060052651,0.298251968,0.678271854,-0.648851005,-0.173163016
1497535133830890000,108646,1.173992243,-0.000808568,1.05874283,0.299701922,0.680314779,-0.645480348,-0.175230364
1497535133840800000,108647,1.174325522,-0.009619792,1.057665561,0.302327011,0.683159393,-0.64078032,-0.176896029
1497535133850900000,108648,1.173023068,-0.018649727,1.055712039,0.299922502,0.684975773,-0.639201088,-0.179657041
1497535133860900000,108649,1.174206701,-0.027352902,1.05468219,0.305248124,0.686202763,-0.635521735,-0.179057183
1497535133870890000,108650,1.174275274,-0.036625888,1.053079592,0.306181837,0.68841927,-0.632070002,-0.181160436
1497535133880930000,108651,1.173974382,-0.045807297,1.051389156,0.306440063,0.690873055,-0.628939792,-0.182273554
1497535133890870000,108652,1.174502996,-0.05500452,1.049978369,0.307625968,0.692999236,-0.62530767,-0.184685244
1497535133900830000,108653,1.174851897,-0.063976335,1.048127304,0.309204872,0.69318727,-0.623514735,-0.187384981
1497535133910840000,108654,1.174554689,-0.073286653,1.046636128,0.30676163,0.694440227,-0.622573175,-0.189875528
1497535133920870000,108655,1.174961354,-0.082254804,1.044667147,0.308555396,0.69464885,-0.620917023,-0.191620961
1497535133930910000,108656,1.175115783,-0.090783285,1.043323206,0.308194329,0.695828124,-0.619090112,-0.193821851
1497535133940980000,108657,1.175957897,-0.099196172,1.041656352,0.311716243,0.694140533,-0.617526341,-0.199156026
1497535133950940000,108658,1.176342936,-0.107462426,1.039905963,0.314216781,0.694473338,-0.615272201,-0.201034115
1497535133960930000,108659,1.175701733,-0.116431051,1.038295829,0.310769318,0.693241096,-0.617825771,-0.202806634
1497535133970910000,108660,1.176052075,-0.124913243,1.036592171,0.312374234,0.693123908,-0.617247293,-0.202502753
1497535133980950000,108661,1.176774737,-0.133447791,1.034917572,0.315184164,0.691541618,-0.616049869,-0.207151376
1497535133990920000,108662,1.177426716,-0.142620693,1.033531402,0.315705731,0.700919324,-0.608703329,-0.19627086
1497535134000970000,108663,1.178397448,-0.151006923,1.031364407,0.314863061,0.701035655,-0.608135358,-0.198951373
1497535134010870000,108664,1.179221419,-0.160433818,1.030038589,0.316496588,0.701030526,-0.607434885,-0.198516932
1497535134020940000,108665,1.180117524,-0.170253303,1.028934702,0.316700708,0.700075353,-0.607981806,-0.199883177
1497535134030920000,108666,1.181270164,-0.179969848,1.027684158,0.318287637,0.700041049,-0.606766937,-0.201170063
1497535134040940000,108667,1.182489078,-0.189960576,1.026827076,0.316706611,0.69749465,-0.609053968,-0.205551453
1497535134050920000,108668,1.183021952,-0.198880468,1.025124481,0.311961533,0.698495041,-0.609681715,-0.207540085
1497535134060870000,108669,1.184267419,-0.209629922,1.025077444,0.312459392,0.698121165,-0.60979309,-0.207721821
1497535134070730000,108670,1.185311732,-0.220135484,1.025012456,0.313388479,0.697357311,-0.609563173,-0.209554719
1497535134080900000,108671,1.186538156,-0.230867723,1.025214317,0.314558592,0.695520018,-0.610570312,-0.210970829
1497535134090910000,108672,1.187764688,-0.242055627,1.025622492,0.314632703,0.694796636,-0.611235754,-0.211316705
1497535134100950000,108673,1.189381336,-0.253450188,1.02611322,0.315458874,0.693322899,-0.612784242,-0.210438898
1497535134110860000,108674,1.191343902,-0.26478382,1.027019552,0.315605886,0.693357154,-0.613172441,-0.208969707
1497535134120950000,108675,1.193370393,-0.276388254,1.027717508,0.315346894,0.693063943,-0.614513537,-0.206377858
1497535134130900000,108676,1.195752332,-0.287823203,1.028722687,0.313148878,0.692461742,-0.617286353,-0.203450424
1497535134140900000,108677,1.198594396,-0.299537197,1.030060232,0.310354218,0.692252795,-0.620083701,-0.199906306
1497535134150910000,108678,1.201077362,-0.310863185,1.031340781,0.30643986,0.691904842,-0.623641918,-0.196043517
1497535134160940000,108679,1.203686904,-0.321559516,1.032814442,0.302966039,0.68931322,-0.629320819,-0.192390673
1497535134170910000,108680,1.205950338,-0.331713704,1.034423919,0.29903512,0.687895996,-0.633259622,-0.19068127
1497535134180910000,108681,1.208149824,-0.341631234,1.036100489,0.297200947,0.684841742,-0.637710318,-0.189707501
1497535134190880000,108682,1.209903247,-0.350707592,1.03768669,0.295696521,0.680330523,-0.643429187,-0.188978378
1497535134200890000,108683,1.211448755,-0.359672438,1.039390952,0.295075906,0.67481305,-0.649425485,-0.189219703
1497535134210800000,108684,1.212546465,-0.368055106,1.041030252,0.294626817,0.66986974,-0.654825802,-0.188872283
1497535134220880000,108685,1.213403706,-0.376463872,1.042544724,0.296752252,0.664591798,-0.659027909,-0.189573357
1497535134230890000,108686,1.214094811,-0.384576322,1.044243627,-0.299455675,-0.65953418,0.662661175,0.1903185
1497535134240870000,108687,1.214771427,-0.392332899,1.045758636,-0.302554238,-0.653909654,0.667185436,0.189015056
1497535134250890000,108688,1.215435951,-0.399893185,1.047651666,-0.305536813,-0.647882863,0.672049671,0.18773463
1497535134260850000,108689,1.215995037,-0.4073858,1.049403633,-0.308211392,-0.643008147,0.675727953,0.186917077
1497535134270920000,108690,1.216739978,-0.414727582,1.051170689,-0.310517498,-0.637565212,0.680105646,0.18586499
1497535134280890000,108691,1.217398595,-0.422037594,1.052900751,-0.312166462,-0.63244127,0.684497016,0.184482991
1497535134290900000,108692,1.21816666,-0.429487048,1.054934495,-0.313722726,-0.627616319,0.688664354,0.182803759
1497535134300890000,108693,1.21849488,-0.436727386,1.056614499,-0.315393252,-0.622956272,0.692317681,0.182068143
1497535134310840000,108694,1.219092505,-0.444064538,1.058622404,-0.316002478,-0.619625533,0.695158158,0.181553761
1497535134320920000,108695,1.219684787,-0.451146189,1.060629389,-0.316196671,-0.616728306,0.697691894,0.181361194
1497535134330910000,108696,1.220191608,-0.458167632,1.062649137,-0.315046818,-0.613804767,0.700756558,0.181464753
1497535134340870000,108697,1.220822784,-0.465388325,1.064638588,-0.31356976,-0.609904364,0.704809818,0.181476702
1497535134350920000,108698,1.221452826,-0.472358982,1.066506182,-0.311609312,-0.607525961,0.707505605,0.182339411
1497535134360880000,108699,1.222354241,-0.479772415,1.068555928,-0.309555506,-0.604110314,0.711192547,0.182842223
1497535134370910000,108700,1.22316802,-0.487030894,1.070483826,-0.306942492,-0.602022728,0.713916891,0.183514615
1497535134380890000,108701,1.223859826,-0.494228343,1.072103152,-0.304384211,-0.600046581,0.716524503,0.184084192
1497535134390900000,108702,1.224497567,-0.501684038,1.07361533,-0.301987248,-0.596729177,0.720365168,0.183826048
1497535134400960000,108703,1.225147695,-0.509068192,1.074900418,-0.299511161,-0.595716465,0.72218597,0.184017341
1497535134410830000,108704,1.225681263,-0.516718196,1.075934731,-0.297569389,-0.594627454,0.723900539,0.183952873
1497535134420960000,108705,1.22658429,-0.524404472,1.077008799,-0.295462507,-0.593557716,0.725731042,0.183590847
1497535134430940000,108706,1.227238473,-0.531961807,1.077682267,-0.292958184,-0.591705422,0.728127647,0.184093254
1497535134440970000,108707,1.227816398,-0.539811668,1.078308133,-0.290777509,-0.590949666,0.729443201,0.184768908
1497535134450930000,108708,1.228519437,-0.54786896,1.078758533,-0.288127387,-0.590560004,0.731093922,0.183638686
1497535134460880000,108709,1.228921305,-0.555927708,1.07874734,-0.28634662,-0.59144249,0.731158435,0.183326856
1497535134470930000,108710,1.229517717,-0.563949337,1.078524452,-0.283868649,-0.592180146,0.731809876,0.182196515
1497535134480880000,108711,1.22984282,-0.572447048,1.078156231,-0.282313853,-0.591259233,0.733199022,0.182018136
1497535134490810000,108712,1.230332443,-0.580958426,1.07745663,-0.280379314,-0.593146291,0.733025647,0.179550323
1497535134500960000,108713,1.230692354,-0.589490951,1.076393621,-0.279582911,-0.594503401,0.732277307,0.179357318
1497535134510930000,108714,1.23095048,-0.598478114,1.075106126,-0.278064238,-0.595794108,0.732214156,0.177685369
1497535134520950000,108715,1.231150793,-0.607435239,1.073222127,-0.2770518,-0.59801293,0.731164748,0.176127643
1497535134530920000,108716,1.231465156,-0.616938634,1.071426072,-0.275485942,-0.601230394,0.729473366,0.174637104
1497535134540920000,108717,1.231507745,-0.626559238,1.069198843,-0.274392096,-0.604266872,0.727524516,0.17400748
1497535134550910000,108718,1.23162184,-0.636375602,1.066775216,-0.272704643,-0.609320852,0.724243851,0.172716882
1497535134560970000,108719,1.231896983,-0.64664842,1.064537023,-0.270278139,-0.611979684,0.72330881,0.171040814
1497535134570920000,108720,1.231840637,-0.657211969,1.062163797,-0.267874393,-0.616585119,0.720889288,0.1684777
1497535134580960000,108721,1.231888125,-0.667497267,1.05986547,-0.265648166,-0.620468644,0.718749619,0.166879293
1497535134590910000,108722,1.23177713,-0.677822238,1.057531763,-0.26386756,-0.62249,0.71826896,0.16422488
1497535134600910000,108723,1.231712979,-0.687973689,1.055239344,-0.26312197,-0.625231305,0.71679722,0.161413719
1497535134610880000,108724,1.231968197,-0.697514057,1.053229876,-0.262766122,-0.624723628,0.718100698,0.158132036
1497535134620960000,108725,1.232289989,-0.706551726,1.051370317,-0.261556131,-0.62442816,0.719679651,0.154074863
1497535134630900000,108726,1.23299997,-0.715712479,1.050174394,-0.259540075,-0.620746953,0.7242839,0.150748141
1497535134640910000,108727,1.233633617,-0.723934049,1.048639736,-0.25628656,-0.617125565,0.728866354,0.149087469
1497535134650960000,108728,1.234251568,-0.732845812,1.047572242,-0.25390472,-0.611305022,0.734545219,0.14927118
1497535134660900000,108729,1.234437096,-0.742480063,1.046611606,-0.252787486,-0.60780284,0.73775457,0.149640869
1497535134670970000,108730,1.234505195,-0.752700418,1.045662209,-0.25322057,-0.603166265,0.741386889,0.149717335
1497535134680920000,108731,1.234190336,-0.763316007,1.044677066,-0.253315952,-0.60179486,0.74295771,0.147267842
1497535134690910000,108732,1.233846203,-0.774425619,1.043644519,-0.253700761,-0.597178095,0.74698286,0.145020183
1497535134700900000,108733,1.233611023,-0.785877791,1.04292788,-0.253519349,-0.597110485,0.747590036,0.142464545
1497535134710880000,108734,1.233326581,-0.797840441,1.042515705,-0.25136201,-0.594266097,0.75112677,0.13954756
1497535134720970000,108735,1.233306828,-0.809657055,1.04257504,-0.24813349,-0.592659221,0.753873722,0.137328908
1497535134730920000,108736,1.233094136,-0.821586095,1.04305124,-0.244090592,-0.592078736,0.755952755,0.135639175
1497535134740960000,108737,1.232962509,-0.833631846,1.044292229,-0.240318014,-0.593069137,0.756544485,0.134746773
1497535134750920000,108738,1.232395328,-0.845435356,1.045962382,-0.236592296,-0.594796877,0.756597121,0.133422474
1497535134760900000,108739,1.231131278,-0.856934884,1.047601683,-0.234697724,-0.597820847,0.754950455,0.132578367
1497535134770920000,108740,1.229747732,-0.868578526,1.049888121,-0.233724185,-0.601028803,0.752716136,0.132498312
1497535134780970000,108741,1.228043505,-0.879528759,1.052123731,-0.231791914,-0.603257423,0.751706172,0.131494567
1497535134790890000,108742,1.225986471,-0.890031379,1.054172099,-0.231264083,-0.604785558,0.750440786,0.132627217
1497535134800960000,108743,1.223865249,-0.900581164,1.056436358,-0.231571231,-0.605357447,0.749817584,0.133006453
1497535134810870000,108744,1.22133907,-0.910852184,1.058409395,-0.233560793,-0.60550289,0.748782589,0.134685709
1497535134820970000,108745,1.218650948,-0.921274882,1.060422984,-0.236430253,-0.605271895,0.747688941,0.136776886
1497535134830940000,108746,1.215946265,-0.931433928,1.062254663,-0.240251049,-0.606202149,0.745328485,0.138866257
1497535134840940000,108747,1.213074326,-0.941529036,1.063726605,-0.243510312,-0.607814495,0.742612227,0.140681727
1497535134850920000,108748,1.210860393,-0.951713613,1.065530684,-0.246904209,-0.609508209,0.739410009,0.144259809
1497535134860940000,108749,1.208629665,-0.961215755,1.066579751,-0.248442736,-0.611686901,0.736766818,0.145910927
1497535134870940000,108750,1.207067796,-0.970856718,1.067818558,-0.248756888,-0.615181538,0.733538147,0.146947176
1497535134880940000,108751,1.205645676,-0.98004381,1.068746688,-0.247411668,-0.618598969,0.73122814,0.146383707
1497535134890860000,108752,1.204258436,-0.988770687,1.069404436,-0.24576128,-0.624027745,0.727410745,0.14513571
1497535134900840000,108753,1.203137671,-0.997372081,1.070260348,-0.244069383,-0.628445894,0.724731734,0.142301819
1497535134910890000,108754,1.201878507,-1.005893827,1.071002866,-0.242539291,-0.632406203,0.722279436,0.139819536
1497535134920990000,108755,1.200588921,-1.013982705,1.071635217,-0.241328999,-0.636955177,0.719170189,0.137268556
1497535134930930000,108756,1.199276094,-1.021616044,1.072107805,-0.241506401,-0.639719768,0.716862121,0.136168927
1497535134940910000,108757,1.197889734,-1.028973286,1.072378795,-0.2412169,-0.642794184,0.714644669,0.133839614
1497535134950930000,108758,1.196203482,-1.035905342,1.072402911,-0.241968878,-0.644199697,0.713532754,0.131638983
1497535134960990000,108759,1.194650026,-1.042726062,1.072630411,-0.244118351,-0.644682022,0.712458642,0.131125915
1497535134970940000,108760,1.192825506,-1.049017368,1.072500311,-0.246589496,-0.645471856,0.710925855,0.130935606
1497535134980920000,108761,1.19079065,-1.05533183,1.072501926,-0.249746472,-0.64689477,0.708522626,0.130956271
1497535134990910000,108762,1.188695518,-1.061465888,1.072452003,-0.253076838,-0.646358726,0.707700633,0.131652287
1497535135000950000,108763,1.186530071,-1.067521083,1.072375349,-0.256802736,-0.6474927,0.705065835,0.132995214
1497535135010910000,108764,1.184125096,-1.073466572,1.072216705,-0.25983013,-0.648243138,0.703092506,0.133903195
1497535135020990000,108765,1.181861853,-1.079392814,1.072075911,-0.263225611,-0.648988191,0.70075817,0.135884485
1497535135030940000,108766,1.179553577,-1.085275579,1.072033159,-0.26615614,-0.649705388,0.698764322,0.137011827
1497535135040980000,108767,1.177332565,-1.091287658,1.071979527,-0.268875476,-0.650522218,0.696593406,0.138868461
1497535135050930000,108768,1.175180049,-1.096879459,1.071669025,-0.273219636,-0.652339256,0.692816223,0.140748735
1497535135060900000,108769,1.17304663,-1.102552384,1.071392585,-0.276721845,-0.653768716,0.689669945,0.142712481
1497535135070900000,108770,1.171213663,-1.107790099,1.071009973,-0.283362703,-0.657990071,0.682221354,0.146043382
1497535135080920000,108771,1.169189616,-1.113599226,1.070446552,-0.28752844,-0.658854605,0.679218622,0.147986722
1497535135090840000,108772,1.167131033,-1.119480295,1.069901773,-0.290698075,-0.659576833,0.67675761,0.149840476
1497535135100880000,108773,1.164970377,-1.125198881,1.069101487,-0.294720423,-0.661406515,0.672786809,0.151786704
1497535135110900000,108774,1.162992507,-1.131255387,1.068451953,-0.298029802,-0.662155972,0.670101359,0.153921651
1497535135120930000,108775,1.160882018,-1.137165686,1.06758516,-0.301250992,-0.663582982,0.666742913,0.156074832
1497535135130850000,108776,1.158850275,-1.143052748,1.06666458,0.305318507,0.664727434,-0.663215085,-0.158315502
1497535135140940000,108777,1.156894212,-1.149077977,1.065843471,0.308781867,0.666829049,-0.658975215,-0.160450755
1497535135150920000,108778,1.154805419,-1.155048603,1.064728227,0.312015514,0.667847746,-0.655783907,-0.163012804
1497535135160980000,108779,1.15304934,-1.16107124,1.06396956,0.315582414,0.66945733,-0.651636207,-0.166147156
1497535135170930000,108780,1.151042616,-1.167116067,1.062861517,0.318651905,0.67010192,-0.648894414,-0.168405523
1497535135180920000,108781,1.149082574,-1.173209295,1.061734157,0.321898725,0.671568291,-0.645176258,-0.170660007
1497535135190920000,108782,1.147198229,-1.179531724,1.06070657,0.32399028,0.672413498,-0.642595147,-0.173094952
1497535135200900000,108783,1.14524787,-1.185783622,1.059417855,0.326950069,0.674186369,-0.638553711,-0.175572066
1497535135210910000,108784,1.143493402,-1.191993098,1.058185391,0.329657246,0.675192873,-0.635251715,-0.178594356
1497535135220910000,108785,1.14174602,-1.198219561,1.056894515,0.332752808,0.677100341,-0.631156904,-0.180143441
1497535135230880000,108786,1.139934169,-1.204621755,1.05570006,0.334695503,0.677934917,-0.628489589,-0.182712903
1497535135240950000,108787,1.13811504,-1.210813174,1.054401396,0.337010944,0.679027711,-0.625362499,-0.185112767
1497535135250870000,108788,1.136310398,-1.217084259,1.053242571,0.33809863,0.679325037,-0.623668313,-0.187735575
1497535135260930000,108789,1.134493223,-1.223192023,1.052041666,0.339940567,0.678938646,-0.622149869,-0.190819981
1497535135270900000,108790,1.132706631,-1.228867748,1.050765764,0.343456969,0.680149454,-0.617796685,-0.194322638
1497535135280900000,108791,1.130888224,-1.234720313,1.049663029,0.345408638,0.679187229,-0.616480684,-0.198366194
1497535135290910000,108792,1.129141512,-1.240131042,1.048426789,0.349629004,0.679384397,-0.612522868,-0.202514535
1497535135300870000,108793,1.127249543,-1.245801475,1.047153969,0.353276344,0.679044987,-0.609564387,-0.206215879
1497535135310820000,108794,1.125363517,-1.251569976,1.046091275,0.355812877,0.678517449,-0.607580305,-0.209421684
1497535135320940000,108795,1.12345632,-1.257264083,1.044860993,0.359341378,0.678018576,-0.604751739,-0.213166412
1497535135330920000,108796,1.121391479,-1.262929062,1.043359308,0.363573386,0.678853813,-0.600916457,-0.214175877
1497535135340860000,108797,1.119564259,-1.269004166,1.042145307,0.367340446,0.680205521,-0.596480741,-0.215852197
1497535135350860000,108798,1.117450077,-1.274832214,1.040747555,0.370195678,0.679628898,-0.594284948,-0.218826694
1497535135360850000,108799,1.115360073,-1.281279412,1.039419882,0.372046051,0.680117185,-0.591970584,-0.220438605
1497535135370990000,108800,1.113394863,-1.287628799,1.038415004,0.373875257,0.680108146,-0.589228919,-0.224676396
1497535135380910000,108801,1.112971222,-1.292398689,1.03642986,0.384350943,0.672937477,-0.586717869,-0.234929025
1497535135390900000,108802,1.111412671,-1.29907727,1.035159051,0.38809243,0.67167839,-0.584456973,-0.237996752
1497535135400960000,108803,1.10972582,-1.306065935,1.033900383,0.390751008,0.670062932,-0.583323934,-0.240961626
1497535135410900000,108804,1.10801358,-1.313283501,1.03242829,0.395031006,0.669734496,-0.57957801,-0.243917077
1497535135420930000,108805,1.106797009,-1.320625767,1.031206599,0.399390636,0.667527051,-0.577125149,-0.248638931
1497535135430920000,108806,1.10501919,-1.328621077,1.029911564,0.401612418,0.667208593,-0.57493045,-0.250988322
1497535135440940000,108807,1.10368036,-1.33696097,1.028820581,0.40452702,0.666295361,-0.572687696,-0.253844804
1497535135450880000,108808,1.102662412,-1.345088246,1.027633777,0.408829228,0.66387281,-0.570405596,-0.258397002
1497535135460900000,108809,1.101088862,-1.353798635,1.026679475,0.409834533,0.662982351,-0.569330257,-0.261444287
1497535135470940000,108810,1.099606375,-1.362686091,1.025887109,0.411744961,0.66195517,-0.567471323,-0.265061763
1497535135480930000,108811,1.098380599,-1.371646857,1.025198727,0.413821332,0.659562924,-0.567480056,-0.267759297
1497535135490920000,108812,1.097116214,-1.38087883,1.024803346,0.416247366,0.658650864,-0.565805941,-0.269779182
1497535135500950000,108813,1.095785222,-1.390052859,1.024550095,0.417287857,0.655989627,-0.567282058,-0.271550219
1497535135510880000,108814,1.094420776,-1.399197123,1.024375077,0.419300541,0.654910269,-0.566585476,-0.272507788
1497535135520960000,108815,1.093127359,-1.408213713,1.024326727,0.421276157,0.652580508,-0.567406384,-0.273340585
1497535135530930000,108816,1.092288998,-1.417030276,1.024507357,0.423410116,0.64968102,-0.56903922,-0.273555867
1497535135540960000,108817,1.091340647,-1.425952215,1.024885198,0.424823515,0.647802924,-0.57056277,-0.2726435
1497535135550890000,108818,1.09073439,-1.434649934,1.025560753,0.42492712,0.645329519,-0.573798476,-0.271554898
1497535135560910000,108819,1.089960704,-1.443168718,1.026258128,0.423671607,0.643046852,-0.578923234,-0.268031725
1497535135570920000,108820,1.089242353,-1.450948231,1.027183206,0.42175048,0.636603293,-0.587108613,-0.268637779
1497535135580970000,108821,1.088530596,-1.45833583,1.028394829,0.421060236,0.630189401,-0.593956698,-0.269787024
1497535135590910000,108822,1.088113214,-1.465062454,1.030050695,0.420463987,0.622656892,-0.600952563,-0.272698457
1497535135600900000,108823,1.08797762,-1.471230414,1.031931594,0.42035031,0.618524742,-0.604358729,-0.274742219
1497535135610880000,108824,1.087940527,-1.476685568,1.033741611,0.421722903,0.613189785,-0.606843602,-0.279085871
1497535135620910000,108825,1.088045662,-1.481995422,1.035621514,-0.423271259,-0.606481903,0.609742887,0.285017111
1497535135630950000,108826,1.08796707,-1.487170199,1.037669211,-0.424409588,-0.598229492,0.613941054,0.291675091
1497535135640970000,108827,1.087598901,-1.492216806,1.039509932,-0.42558338,-0.591148693,0.616993355,0.297894627
1497535135650980000,108828,1.08697586,-1.497599833,1.041487323,-0.427546031,-0.585232048,0.618947584,0.302674295
1497535135660920000,108829,1.085990162,-1.50296653,1.043486788,-0.430325881,-0.579250188,0.619839324,0.308363533
1497535135670950000,108830,1.084871867,-1.508481972,1.045608845,-0.432806248,-0.573195195,0.620964311,0.313893843
1497535135680970000,108831,1.08522468,-1.511335921,1.047580401,-0.431237606,-0.569451287,0.626485224,0.311890402
1497535135690860000,108832,1.084033871,-1.515950141,1.049654365,-0.433508897,-0.565438523,0.6273066,0.314381523
1497535135700960000,108833,1.082758368,-1.520357149,1.051884818,-0.435386271,-0.559430549,0.629197572,0.318726639
1497535135710920000,108834,1.081429576,-1.524611038,1.054022884,-0.437562159,-0.556259856,0.629551675,0.320591667
1497535135720990000,108835,1.080268265,-1.528381463,1.056204719,-0.438598606,-0.547986069,0.632352346,0.327830814
1497535135730960000,108836,1.078816352,-1.532214174,1.05848444,-0.437982852,-0.543822205,0.634486331,0.331444606
1497535135740950000,108837,1.07749621,-1.535854352,1.060732161,-0.437642529,-0.539397815,0.636297007,0.335626479
1497535135751070000,108838,1.076206656,-1.539511932,1.062833677,-0.438340995,-0.53404326,0.637452059,0.341042287
1497535135760930000,108839,1.074798958,-1.543222423,1.064887071,-0.4371005,-0.53083257,0.638939724,0.344841942
1497535135770950000,108840,1.074152774,-1.546533696,1.066277515,-0.440203479,-0.525589722,0.637856136,0.35087874
1497535135780970000,108841,1.072531065,-1.550451247,1.068139753,-0.438560612,-0.523539578,0.638693345,0.354459744
1497535135790920000,108842,1.07125764,-1.554212881,1.069539195,-0.439612443,-0.517847807,0.639267978,0.360431686
1497535135800960000,108843,1.069773187,-1.558128214,1.07074804,-0.439838725,-0.515019879,0.639730054,0.363375671
1497535135810880000,108844,1.068371334,-1.562003581,1.071836728,-0.438616053,-0.510817537,0.641244401,0.368085615
1497535135820960000,108845,1.066946231,-1.566232035,1.07266075,-0.444566648,-0.509200027,0.636971398,0.370598524
1497535135830950000,108846,1.065037031,-1.570450088,1.073704237,-0.442691693,-0.506871211,0.638036664,0.374185591
1497535135840920000,108847,1.063246447,-1.574701556,1.07432538,-0.443651248,-0.506266406,0.636483051,0.376506604
1497535135850940000,108848,1.061872915,-1.579081151,1.074964441,-0.445462471,-0.505151219,0.634552401,0.379115658
1497535135860980000,108849,1.059784509,-1.583557373,1.075566336,-0.445345302,-0.506752144,0.632595951,0.380384266
1497535135870950000,108850,1.058492503,-1.587571401,1.075616002,-0.448816971,-0.503546616,0.630390187,0.384203519
1497535135880970000,108851,1.056183134,-1.59219256,1.075992011,-0.448468618,-0.502961987,0.629203936,0.387308075
1497535135890920000,108852,1.05456183,-1.59630067,1.075816157,-0.449491339,-0.503062454,0.627348026,0.388998917
1497535135900960000,108853,1.052410801,-1.600720267,1.075599661,-0.453643499,-0.503772225,0.622422917,0.391165992
1497535135910930000,108854,1.050670135,-1.604597689,1.075042288,-0.453446211,-0.496916558,0.623891709,0.397768278
1497535135920970000,108855,1.048431589,-1.608845298,1.074319287,-0.455724074,-0.496432608,0.620915569,0.400417395
1497535135930960000,108856,1.045754531,-1.613388263,1.073601412,-0.459920008,-0.494339942,0.617684501,0.403196558
1497535135940930000,108857,1.043070718,-1.617959999,1.072481783,-0.463071907,-0.494461943,0.614461843,0.404361767
1497535135950960000,108858,1.040386132,-1.622697263,1.071214852,-0.469462627,-0.492239579,0.609112154,0.407783549
1497535135960920000,108859,1.037715132,-1.627383597,1.069818449,-0.472411428,-0.491527013,0.606204037,0.409567214
1497535135970950000,108860,1.034757247,-1.632193129,1.068170949,-0.476615714,-0.490524884,0.602336016,0.41159947
1497535135980920000,108861,1.031542956,-1.637151942,1.066448931,-0.479383381,-0.490233837,0.599183228,0.413330156
1497535135990930000,108862,1.028725218,-1.642038033,1.064258146,-0.484864924,-0.488868782,0.594915966,0.414714736
1497535136000960000,108863,1.025341191,-1.647209484,1.062195338,-0.489163761,-0.488846703,0.591102757,0.41514485
1497535136010930000,108864,1.021908082,-1.652304634,1.05984918,-0.493078041,-0.488135693,0.587629356,0.416280351
1497535136020950000,108865,1.01811344,-1.657667098,1.057661541,-0.496473759,-0.487081245,0.585011138,0.417166196
1497535136030950000,108866,1.01411481,-1.663101132,1.055361158,-0.499216611,-0.486375127,0.582420536,0.418339971
1497535136040980000,108867,1.010146684,-1.668551592,1.053104034,-0.501558129,-0.487011396,0.580222867,0.417852567
1497535136050900000,108868,1.006130518,-1.674214137,1.050751404,-0.504450189,-0.485370893,0.578264597,0.41899303
1497535136060920000,108869,1.002143464,-1.679779332,1.048418988,-0.507075786,-0.48475224,0.576434431,0.419061761
1497535136070830000,108870,0.998569436,-1.685184938,1.046241625,-0.509212983,-0.483480196,0.575702037,0.418946539
1497535136080880000,108871,0.995156023,-1.690553558,1.044143839,-0.510724158,-0.480810544,0.575793786,0.420051867
1497535136090950000,108872,0.992128978,-1.695835288,1.04223763,-0.511243402,-0.476856141,0.576701894,0.422674022
1497535136100990000,108873,0.988892329,-1.70126744,1.040492855,-0.51238967,-0.473727943,0.576745568,0.424738994
1497535136110980000,108874,0.985392079,-1.706817542,1.039174145,-0.510398648,-0.469563899,0.578878922,0.428838151
1497535136120990000,108875,0.98158436,-1.712394674,1.037997641,-0.510118178,-0.465437937,0.579816521,0.432388452
1497535136130900000,108876,0.977212482,-1.71829866,1.036931283,-0.511136344,-0.461514628,0.579736098,0.435488166
1497535136140960000,108877,0.972084643,-1.724503908,1.0362559,-0.511012977,-0.4576834,0.581320258,0.437559597
1497535136150890000,108878,0.966463457,-1.730953604,1.035794475,-0.509823011,-0.455750571,0.583601554,0.437928237
1497535136160970000,108879,0.960876471,-1.737634534,1.035605979,-0.508493127,-0.454150425,0.586187924,0.43768236
1497535136170770000,108880,0.954981866,-1.744549734,1.035775705,-0.506769287,-0.453865466,0.588124323,0.43737948
1497535136180930000,108881,0.949028881,-1.75154736,1.036333478,-0.504290038,-0.454587383,0.589210211,0.438033328
1497535136190950000,108882,0.943121778,-1.758655881,1.037145053,-0.501786113,-0.454405263,0.590574757,0.439258478
1497535136200980000,108883,0.937035859,-1.765614803,1.038255109,-0.499132053,-0.453878974,0.591387668,0.441725817
1497535136210910000,108884,0.93094302,-1.77207255,1.039546244,-0.497010809,-0.455218906,0.59090379,0.443383259
1497535136221000000,108885,0.924707855,-1.778169618,1.040977608,-0.4960642,-0.455537583,0.589455981,0.446035275
1497535136230940000,108886,0.918512884,-1.783459446,1.042769235,-0.495320854,-0.455355269,0.587978367,0.448988052
1497535136240900000,108887,0.911902009,-1.788256517,1.044591596,-0.496384753,-0.456843806,0.584873,0.450354848
1497535136250870000,108888,0.905180625,-1.79240959,1.046389699,-0.49943971,-0.454082191,0.582381193,0.452991707
1497535136260990000,108889,0.897796991,-1.79599059,1.048205643,-0.503902929,-0.453960244,0.577846099,0.453977775
1497535136270910000,108890,0.890647009,-1.799291113,1.049889828,-0.508788515,-0.45180729,0.573897365,0.455682164
1497535136280930000,108891,0.883544973,-1.802326117,1.051222325,-0.515959606,-0.44829822,0.569413216,0.456708858
1497535136290900000,108892,0.876731882,-1.805353015,1.052210077,-0.521283465,-0.443484947,0.566011449,0.459582083
1497535136300960000,108893,0.870227564,-1.808358081,1.052916463,-0.527415514,-0.440431004,0.560612521,0.462133106
1497535136310920000,108894,0.864001836,-1.811845648,1.053476846,-0.530951684,-0.436809642,0.557325818,0.465484241
1497535136321000000,108895,0.858096976,-1.815509165,1.053812129,-0.533096988,-0.437304247,0.552990054,0.467733468
1497535136330960000,108896,0.852559251,-1.819410941,1.054142211,-0.533422917,-0.437287201,0.550506272,0.470300691
1497535136340940000,108897,0.847370458,-1.823585201,1.054649295,-0.532018412,-0.437314834,0.54912658,0.473468208
1497535136351020000,108898,0.842402989,-1.8277396,1.055158275,-0.531005243,-0.442055725,0.545864359,0.473974967
1497535136360900000,108899,0.837485282,-1.831782397,1.055756247,-0.529752038,-0.444224049,0.545082007,0.474250333
1497535136370960000,108900,0.832612338,-1.835219469,1.05631099,-0.531189464,-0.446175554,0.543397834,0.472740861
1497535136380950000,108901,0.827492695,-1.838420504,1.056921328,-0.534302844,-0.448046269,0.540221371,0.471100713
1497535136390940000,108902,0.82245527,-1.841516553,1.057468768,0.538201081,0.448856313,-0.537905474,-0.468535279
1497535136400820000,108903,0.817590446,-1.844078379,1.058092739,0.542611843,0.449299339,-0.535435472,-0.465844768
1497535136410910000,108904,0.812828761,-1.846597971,1.058449805,0.54634028,0.446554789,-0.534105959,-0.465652171
1497535136420990000,108905,0.808326458,-1.848893959,1.058702944,0.550308348,0.446444483,-0.531278941,-0.464317492
1497535136430970000,108906,0.804251419,-1.851175023,1.059026342,0.553416118,0.445585628,-0.5291488,-0.463881014
1497535136441000000,108907,0.800328182,-1.853409247,1.059292986,0.555265185,0.442147095,-0.528559629,-0.465629938
1497535136450960000,108908,0.79625868,-1.855651464,1.059599982,0.557918115,0.441598789,-0.526242246,-0.465603893
1497535136460980000,108909,0.792210134,-1.85782667,1.059887474,0.559757046,0.439050022,-0.524841546,-0.467384723
1497535136470960000,108910,0.788308302,-1.859716907,1.060132397,0.563067172,0.43718487,-0.521699826,-0.468672638
1497535136481000000,108911,0.783930467,-1.861801291,1.060470929,0.567255228,0.436672381,-0.517987813,-0.468217219
1497535136490880000,108912,0.779968194,-1.863520022,1.060724809,0.57074942,0.434764263,-0.514677107,-0.469396006
1497535136500960000,108913,0.775957732,-1.865399423,1.061099066,0.574529875,0.432728118,-0.510923258,-0.470764509
1497535136510920000,108914,0.772117267,-1.867036746,1.061292776,0.577897941,0.43028478,-0.507866641,-0.472186884
1497535136521000000,108915,0.768356618,-1.868719398,1.061494806,0.58070287,0.427316943,-0.504684968,-0.474844701
1497535136530970000,108916,0.76517321,-1.870185205,1.06127183,0.583837335,0.424560524,-0.50137698,-0.47697322
1497535136540920000,108917,0.761116874,-1.871941216,1.06125026,0.587304585,0.420999115,-0.497444542,-0.479981247
1497535136550960000,108918,0.757492393,-1.873497519,1.060940235,0.591117133,0.419205192,-0.492945386,-0.481510528
1497535136560940000,108919,0.753513812,-1.875216984,1.060602079,0.594569857,0.417239794,-0.487776228,-0.48422308
1497535136570950000,108920,0.749620331,-1.87660739,1.06011005,0.599295773,0.415801263,-0.482193977,-0.48522454
1497535136580940000,108921,0.745835221,-1.878153364,1.059574599,0.603182821,0.414548841,-0.476710254,-0.486895344
1497535136590940000,108922,0.741814867,-1.879541657,1.058981176,0.607146224,0.412364878,-0.471324232,-0.489062509
1497535136600950000,108923,0.73802595,-1.880856806,1.058347088,0.611213335,0.410157508,-0.466183428,-0.490777026
1497535136610920000,108924,0.734568921,-1.882132109,1.057827551,0.614563985,0.406306899,-0.461053025,-0.494627051
1497535136621000000,108925,0.73087856,-1.883324171,1.057233339,0.619470204,0.403862851,-0.45521264,-0.495916239
1497535136630960000,108926,0.72732801,-1.884385448,1.056776029,0.62316076,0.400038924,-0.449753567,-0.499360846
1497535136640940000,108927,0.723838478,-1.885489198,1.056318239,-0.626574919,-0.395238719,0.444745591,0.503380159
1497535136650960000,108928,0.720342516,-1.886633609,1.055746233,-0.631870437,-0.392748571,0.438042557,0.504585997
1497535136660940000,108929,0.71668219,-1.887773856,1.055315303,-0.635615917,-0.388513778,0.432522686,0.507910992
1497535136670810000,108930,0.713106598,-1.888812454,1.054850359,-0.63888867,-0.383968015,0.426735168,0.512139558
1497535136680940000,108931,0.709438678,-1.889897216,1.054427268,-0.642882181,-0.38120388,0.42093014,0.514007705
1497535136690830000,108932,0.706021354,-1.890900017,1.053943535,-0.646119059,-0.377798981,0.415512069,0.516863436
1497535136700940000,108933,0.702498963,-1.891971326,1.053519277,-0.648988002,-0.373487705,0.410445313,0.520438424
1497535136710840000,108934,0.699055151,-1.89287117,1.052974821,-0.65258086,-0.370103502,0.404509764,0.523004273
1497535136721000000,108935,0.695593071,-1.8938682,1.052388599,-0.655656001,-0.365870593,0.399400473,0.52605435
1497535136730960000,108936,0.692066453,-1.894899057,1.052024903,-0.65888316,-0.362272931,0.393394611,0.529029286
1497535136740940000,108937,0.688772237,-1.89594425,1.051511836,-0.662085005,-0.35816267,0.388389194,0.531523078
1497535136750970000,108938,0.685265672,-1.897037878,1.050949877,-0.665033837,-0.354072832,0.383281986,0.534282083
1497535136760920000,108939,0.681794437,-1.898042384,1.050410746,-0.668180289,-0.349034534,0.377754986,0.537597588
1497535136770950000,108940,0.678436729,-1.899328339,1.050048544,-0.670006828,-0.345416699,0.373413478,0.540685241
1497535136780930000,108941,0.674750253,-1.900667191,1.049495995,-0.672964248,-0.342104221,0.369016495,0.542135268
1497535136790910000,108942,0.671104569,-1.902117494,1.048947161,-0.675508379,-0.337865691,0.364637794,0.544586526
1497535136800940000,108943,0.667365148,-1.903881728,1.048596431,-0.676615971,-0.3323015,0.361686747,0.548588405
1497535136810900000,108944,0.66327085,-1.905757971,1.047990673,-0.679547924,-0.331018153,0.357736259,0.548330531
1497535136820920000,108945,0.65917807,-1.907899342,1.047426074,-0.681230489,-0.327727259,0.354166683,0.550532311
1497535136830900000,108946,0.654493917,-1.910329043,1.046803218,-0.682245459,-0.324991539,0.351949435,0.55231624
1497535136840950000,108947,0.649665546,-1.913226892,1.046353894,-0.683659257,-0.323720064,0.349816076,0.552669931
1497535136850960000,108948,0.644742771,-1.91617287,1.04577709,-0.684840631,-0.322513768,0.346622808,0.553923106
1497535136860920000,108949,0.639456647,-1.919172515,1.045062389,-0.685088106,-0.323279083,0.344203514,0.554679062
1497535136870950000,108950,0.634252989,-1.92251211,1.044420612,-0.684579052,-0.323884889,0.342157425,0.55621794
1497535136880930000,108951,0.628470093,-1.926079454,1.04391593,-0.684555437,-0.324364265,0.338763324,0.558042192
1497535136890860000,108952,0.622655354,-1.930085089,1.043173946,-0.686018424,-0.323933378,0.336879855,0.55763595
1497535136900990000,108953,0.617002764,-1.933842441,1.042518549,-0.685936014,-0.324650986,0.33307105,0.559604501
1497535136910920000,108954,0.611128806,-1.937719433,1.041823801,-0.686420732,-0.325133358,0.328176228,0.561618412
1497535136920990000,108955,0.605294656,-1.941816318,1.041099847,-0.687435099,-0.324637426,0.32480413,0.562624034
1497535136930970000,108956,0.599376303,-1.945538698,1.040402369,-0.687885554,-0.325629522,0.320721106,0.563841157
1497535136940990000,108957,0.593180889,-1.94921905,1.039769205,-0.687297587,-0.325202525,0.317419503,0.566665866
1497535136950950000,108958,0.587189206,-1.952909682,1.039170564,-0.689455146,-0.324169983,0.312484822,0.567378762
1497535136960920000,108959,0.581499503,-1.95670987,1.038790866,-0.691652401,-0.322206638,0.30720957,0.568702136
1497535136970960000,108960,0.575539822,-1.960324949,1.038479743,-0.692438558,-0.319755415,0.302869231,0.571450389
1497535136980870000,108961,0.5696074,-1.964162367,1.038270318,-0.693863724,-0.316879877,0.298812268,0.573455756
1497535136990990000,108962,0.563622451,-1.968054249,1.038272068,-0.693510239,-0.313164327,0.296134044,0.577300858
1497535137001000000,108963,0.557233712,-1.971875131,1.038483556,-0.69341151,-0.311608106,0.294730632,0.578977306
1497535137010920000,108964,0.550833701,-1.97596194,1.038766038,-0.696733393,-0.309545521,0.291554707,0.577702348
1497535137021000000,108965,0.543984512,-1.98002001,1.039151564,-0.695665506,-0.308378884,0.292250453,0.579259562
1497535137030970000,108966,0.537292948,-1.984484088,1.039631226,-0.694366631,-0.30533276,0.294214558,0.581433299
1497535137041010000,108967,0.530151034,-1.989071037,1.04032769,-0.694726542,-0.305304732,0.296295363,0.579959577
1497535137050940000,108968,0.522988972,-1.993842962,1.041124611,-0.692846543,-0.30579074,0.299818466,0.580141861
1497535137060920000,108969,0.515869004,-1.999172768,1.042026985,-0.693080237,-0.304648677,0.301731672,0.579471282
1497535137070960000,108970,0.509003796,-2.004201061,1.04293134,-0.690284307,-0.303511464,0.305542826,0.58140515
1497535137081010000,108971,0.501779368,-2.009426754,1.044235452,-0.686490401,-0.303337794,0.312158771,0.582472328
1497535137090960000,108972,0.495356991,-2.014648937,1.045253891,-0.684920117,-0.300835597,0.31481287,0.58418767
1497535137101000000,108973,0.489166911,-2.019980075,1.046383487,-0.682653366,-0.298901762,0.317608732,0.586316308
1497535137110900000,108974,0.482934213,-2.024801574,1.047335754,-0.679385939,-0.296290262,0.323128273,0.588417323
1497535137121000000,108975,0.477466111,-2.029662954,1.0482098,-0.678057168,-0.29380696,0.32545578,0.589910571
1497535137130950000,108976,0.471593294,-2.034514191,1.048911126,-0.674280397,-0.290589445,0.330502306,0.593019348
1497535137141000000,108977,0.465858931,-2.039173115,1.049475107,-0.671433779,-0.28780262,0.333718713,0.595800431
1497535137150960000,108978,0.460429608,-2.043744623,1.049748268,-0.668197016,-0.28545902,0.338140432,0.598069347
1497535137161000000,108979,0.454801964,-2.048171455,1.0497785,-0.664717934,-0.28322347,0.342058831,0.600774743
1497535137170960000,108980,0.449357796,-2.052199737,1.049841067,-0.66202683,-0.282027042,0.343934147,0.603233393
1497535137181000000,108981,0.443707535,-2.056120753,1.049824572,-0.659111008,-0.279807941,0.346891213,0.605761242
1497535137190990000,108982,0.438211664,-2.059784853,1.049862322,-0.657329147,-0.277898189,0.349980264,0.606798816
1497535137200970000,108983,0.432836933,-2.06307317,1.04984536,-0.656315618,-0.274486581,0.35245049,0.608017745
1497535137210870000,108984,0.427548596,-2.066110659,1.050023674,-0.654369169,-0.270489981,0.355305646,0.610240984
1497535137220940000,108985,0.422256213,-2.069095895,1.050608653,-0.652756291,-0.267793063,0.356747124,0.61231331
1497535137230980000,108986,0.417142891,-2.07195161,1.051350381,-0.65115051,-0.263739314,0.359571678,0.614127671
1497535137240990000,108987,0.412180368,-2.074738227,1.052285015,-0.648742343,-0.260384622,0.361663278,0.616873484
1497535137250940000,108988,0.407250254,-2.07749109,1.053358184,-0.647097354,-0.25647552,0.362755095,0.619591852
1497535137260940000,108989,0.402138328,-2.080093245,1.054813069,-0.644848518,-0.253763813,0.364738953,0.621884083
1497535137270950000,108990,0.397259938,-2.082706717,1.056152434,-0.643103061,-0.249637182,0.366165932,0.624517606
1497535137280940000,108991,0.392396137,-2.085125748,1.057422157,-0.641048148,-0.247974874,0.367320111,0.626611259
1497535137290960000,108992,0.387311267,-2.087753055,1.058777268,-0.638697934,-0.246101186,0.369010309,0.628753168
1497535137300980000,108993,0.382093129,-2.090292753,1.060208177,-0.635777985,-0.245000306,0.370596905,0.631204514
1497535137310920000,108994,0.376773006,-2.092972876,1.061597895,-0.633529033,-0.244432396,0.370992024,0.633449829
1497535137320990000,108995,0.371365044,-2.095504594,1.062562872,-0.631774126,-0.244171631,0.372902589,0.634180832
1497535137330940000,108996,0.365865578,-2.097898662,1.063579706,-0.629400123,-0.24394455,0.374408376,0.635739655
1497535137341010000,108997,0.359963586,-2.100518177,1.064554512,-0.626051375,-0.244392855,0.376876032,0.637413732
1497535137350890000,108998,0.354305861,-2.102772405,1.0651632,-0.624937158,-0.244887042,0.379135178,0.636977552
1497535137360940000,108999,0.348566293,-2.104909481,1.065699952,-0.622804877,-0.246276196,0.380973091,0.637433623
1497535137370910000,109000,0.342563996,-2.107210071,1.066119252,-0.621060552,-0.246683538,0.383312028,0.637575809
1497535137381000000,109001,0.336542509,-2.109513044,1.066650898,-0.619330251,-0.248230076,0.385613923,0.637270564
1497535137390960000,109002,0.330847316,-2.111610897,1.066808179,-0.617099844,-0.249417785,0.388015085,0.637513015
1497535137400970000,109003,0.324971289,-2.113674807,1.06696459,-0.615437414,-0.249841893,0.390329617,0.637541064
1497535137410930000,109004,0.318943183,-2.115930162,1.067141264,-0.613151536,-0.252086971,0.39252738,0.637510478
1497535137420950000,109005,0.312753207,-2.118007879,1.067274938,-0.611290405,-0.253847795,0.394642452,0.63729324
1497535137430980000,109006,0.306279231,-2.120340465,1.067482111,-0.608808514,-0.255741614,0.396877144,0.63752408
1497535137441020000,109007,0.300015383,-2.122444455,1.067572031,-0.606913442,-0.258340031,0.398847448,0.637053542
1497535137450930000,109008,0.293642326,-2.124445467,1.067347691,-0.605256278,-0.260017616,0.401095353,0.636536091
1497535137460920000,109009,0.286982291,-2.126575938,1.067345163,-0.603822009,-0.262019085,0.403743056,0.635402648
1497535137470950000,109010,0.280524303,-2.128556471,1.067068164,-0.601932786,-0.264221812,0.406365269,0.634610922
1497535137480990000,109011,0.273744157,-2.13063393,1.066876866,-0.601384896,-0.266010228,0.408768592,0.632837264
1497535137490870000,109012,0.267107924,-2.132528225,1.066369638,-0.600157189,-0.267125412,0.410954131,0.632117129
1497535137500970000,109013,0.26050168,-2.134395127,1.065814431,-0.599275548,-0.268892063,0.413415122,0.630597981
1497535137510880000,109014,0.254002855,-2.136109415,1.065007185,-0.598549836,-0.26985696,0.415758579,0.629333075
1497535137520920000,109015,0.24723689,-2.137933998,1.064071504,-0.597683947,-0.271506799,0.417574292,0.628243319
1497535137530970000,109016,0.240535302,-2.139593574,1.062763889,-0.598109514,-0.272885657,0.418587439,0.626564429
1497535137541020000,109017,0.233878072,-2.141225163,1.061270241,-0.598161727,-0.274305929,0.419207047,0.625479223
1497535137550930000,109018,0.227036328,-2.142587307,1.059421095,-0.599418442,-0.276439576,0.419514742,0.623126049
1497535137560880000,109019,0.219814472,-2.14423072,1.05769056,-0.599834823,-0.277926661,0.419567152,0.622027621
1497535137570930000,109020,0.212784404,-2.14551274,1.055406333,-0.601176105,-0.279768758,0.419090926,0.620225385
1497535137580920000,109021,0.205471054,-2.146885463,1.053168677,-0.602403354,-0.282850044,0.418459469,0.618059645
1497535137590960000,109022,0.197901448,-2.14858442,1.051034866,-0.603168486,-0.285502507,0.417986631,0.616411609
1497535137601030000,109023,0.190155949,-2.150120319,1.048889413,-0.604730259,-0.288478576,0.416902432,0.614226169
1497535137610860000,109024,0.182658443,-2.151677646,1.046719838,-0.60498108,-0.290838989,0.417736252,0.612296496
1497535137621050000,109025,0.175084916,-2.15310279,1.044643578,-0.605504375,-0.292130113,0.4172977,0.611463064
1497535137630950000,109026,0.167470554,-2.154598668,1.042870688,-0.605329511,-0.293798018,0.418460287,0.610040897
1497535137640970000,109027,0.160205141,-2.155942555,1.041109237,-0.604465564,-0.293848498,0.41916685,0.610388068
1497535137650940000,109028,0.153004659,-2.157331179,1.039689274,-0.602629927,-0.2937383,0.421124284,0.610908602
1497535137661020000,109029,0.145663035,-2.158718393,1.038423468,-0.601428386,-0.291829686,0.421436008,0.612789542
1497535137670970000,109030,0.138638202,-2.159946073,1.037330554,-0.598668207,-0.289945354,0.423913562,0.614675005
1497535137680960000,109031,0.13103557,-2.161076307,1.036307485,-0.596412005,-0.286075177,0.426130567,0.617143786
1497535137690970000,109032,0.122920641,-2.16217797,1.035445062,-0.595428896,-0.283099627,0.427187542,0.618732442
1497535137701040000,109033,0.114403441,-2.163342186,1.034398703,-0.594496266,-0.280746338,0.428888069,0.619524582
1497535137710920000,109034,0.10546963,-2.164479797,1.033295526,-0.593383537,-0.278844391,0.431275657,0.619792781
1497535137720960000,109035,0.095847271,-2.16568993,1.032248305,-0.592306307,-0.277934495,0.43350804,0.619674458
1497535137730990000,109036,0.0858941,-2.166818473,1.03102325,-0.591639235,-0.278843222,0.435175423,0.618734049
1497535137741010000,109037,0.075678692,-2.168136642,1.029867195,-0.590175979,-0.27976501,0.437095441,0.618361891
1497535137750890000,109038,0.06503193,-2.169485198,1.02883769,-0.588396693,-0.28183069,0.439519224,0.617400718
1497535137760970000,109039,0.054204768,-2.170806091,1.028044094,-0.587920444,-0.284109674,0.440781041,0.61590853
1497535137770920000,109040,0.043310011,-2.172118251,1.027717263,-0.587668727,-0.285907387,0.442161049,0.614325679
1497535137781000000,109041,0.032618721,-2.173093657,1.027731302,-0.588070997,-0.288186111,0.443326735,0.612031596
1497535137790930000,109042,0.022206823,-2.173930018,1.028270387,-0.588815501,-0.28893496,0.44294288,0.611240133
1497535137800950000,109043,0.012044368,-2.174444829,1.029599698,-0.591027469,-0.29054567,0.442069788,0.60896966
1497535137810940000,109044,0.002094503,-2.174410909,1.031401522,-0.593170101,-0.291277157,0.440598641,0.607601586
1497535137821000000,109045,-0.007537263,-2.173828892,1.033637465,-0.595179063,-0.292209413,0.438928282,0.606397152
1497535137830970000,109046,-0.017282843,-2.172842214,1.036024429,-0.598137506,-0.291585382,0.436295487,0.60568617
1497535137841000000,109047,-0.027066649,-2.171632451,1.038217979,-0.601996698,-0.288880956,0.432938998,0.605567166
1497535137850860000,109048,-0.036606831,-2.17009548,1.039952103,-0.606140721,-0.284859073,0.429184197,0.606011271
1497535137861010000,109049,-0.046097337,-2.168545282,1.041427151,-0.610307723,-0.28010256,0.425056178,0.606954928
1497535137870900000,109050,-0.055525875,-2.16715369,1.042577089,-0.613333955,-0.275651777,0.420820617,0.608890438
1497535137881000000,109051,-0.064860581,-2.16607734,1.043391169,-0.615156063,-0.272500917,0.416914737,0.611153312
1497535137890920000,109052,-0.073878375,-2.165258425,1.043840186,-0.61600135,-0.271721749,0.413444524,0.613003469
1497535137901050000,109053,-0.082768109,-2.164774339,1.044202703,-0.615295339,-0.272144202,0.410684484,0.615375848
1497535137910980000,109054,-0.091910187,-2.164901718,1.04482438,-0.615354792,-0.274418186,0.408648689,0.615661749
1497535137920970000,109055,-0.101004686,-2.165383442,1.045611636,-0.615593323,-0.276666582,0.407525668,0.615161193
1497535137930980000,109056,-0.110012642,-2.165781163,1.046272197,-0.616693645,-0.279242733,0.407627547,0.612823161
1497535137940990000,109057,-0.118661524,-2.165859323,1.04676744,-0.617715824,-0.282059133,0.408482451,0.609927778
1497535137950960000,109058,-0.127719325,-2.166582211,1.047676873,-0.618612475,-0.284889008,0.410750622,0.606168942
1497535137960930000,109059,-0.137070443,-2.168062685,1.049099004,-0.618874484,-0.287727712,0.413179021,0.602901512
1497535137970880000,109060,-0.145478537,-2.168932452,1.049579103,-0.618451876,-0.291296573,0.415437245,0.600062896
1497535137981050000,109061,-0.153968942,-2.170025556,1.050033329,-0.617903688,-0.29505336,0.418246994,0.596831633
1497535137990960000,109062,-0.162440366,-2.171750986,1.050683873,-0.615866802,-0.298892124,0.421941093,0.594421815
1497535138001010000,109063,-0.17033039,-2.172429511,1.050230685,-0.614692722,-0.302752452,0.425705317,0.590989673
1497535138010920000,109064,-0.178801786,-2.173571349,1.050350008,-0.61385334,-0.306077431,0.428833823,0.58787944
1497535138020940000,109065,-0.186968816,-2.174176406,1.050037061,-0.615013712,-0.310542094,0.431266572,0.582521147
1497535138030990000,109066,-0.194798987,-2.174585294,1.049760456,-0.616701827,-0.312677129,0.433360954,0.578022622
1497535138041000000,109067,-0.202295237,-2.174786656,1.049686026,-0.619339858,-0.31320446,0.433826246,0.574557129
1497535138050960000,109068,-0.209105031,-2.174545227,1.049405239,-0.622400052,-0.311834076,0.433818642,0.571995691
1497535138060980000,109069,-0.215218176,-2.174220377,1.049392857,-0.624239029,-0.308493675,0.434327083,0.571416899
1497535138070880000,109070,-0.221013121,-2.173910505,1.049551876,-0.626682498,-0.304189192,0.434423285,0.5709767
1497535138080880000,109071,-0.22629921,-2.173265231,1.04956904,-0.629621048,-0.299493925,0.433089801,0.571238959
1497535138090950000,109072,-0.231487209,-2.17219788,1.049232996,-0.631951169,-0.294147141,0.431363195,0.572748613
1497535138101010000,109073,-0.236456067,-2.1708502,1.048535289,-0.635434306,-0.290151861,0.428130581,0.573357956
1497535138110930000,109074,-0.241358767,-2.169642209,1.047817389,-0.639385631,-0.286615216,0.423531459,0.574159243
1497535138120950000,109075,-0.246150761,-2.168090642,1.046670337,-0.642620263,-0.283129184,0.419045559,0.575567444
1497535138130970000,109076,-0.251719151,-2.165464678,1.045610345,-0.647132723,-0.267340953,0.412970372,0.582411817
1497535138141000000,109077,-0.25475718,-2.166455357,1.044948571,-0.658320953,-0.276069336,0.405236577,0.571123946
1497535138150920000,109078,-0.259474713,-2.165523772,1.043787713,-0.659713566,-0.273360688,0.402120148,0.573019487
1497535138161010000,109079,-0.263877271,-2.164477923,1.042507842,-0.662220672,-0.272158559,0.398088497,0.573514646
1497535138171010000,109080,-0.268577629,-2.163933709,1.041430986,-0.665509816,-0.270967267,0.393959583,0.573122388
1497535138180950000,109081,-0.273762026,-2.16397702,1.040888948,-0.667344701,-0.269634695,0.391316606,0.573427846
1497535138190970000,109082,-0.27841149,-2.163580171,1.039893414,-0.668730075,-0.269595302,0.38795924,0.574113306
1497535138200940000,109083,-0.283502087,-2.163645643,1.03922754,-0.670181093,-0.268558432,0.385370568,0.5746505
1497535138210950000,109084,-0.288353132,-2.163214215,1.038308022,-0.672065707,-0.268648581,0.381068984,0.575275634
1497535138220990000,109085,-0.293625235,-2.163561351,1.037716009,-0.674899655,-0.268034307,0.378204794,0.574133434
1497535138230980000,109086,-0.29890752,-2.163240589,1.03674125,-0.674781149,-0.267980183,0.375808165,0.575869122
1497535138240970000,109087,-0.303982368,-2.163043952,1.035595116,-0.677359407,-0.267473595,0.372161573,0.575445804
1497535138250970000,109088,-0.309268621,-2.16264396,1.034334114,-0.679273904,-0.268030143,0.36816253,0.575502526
1497535138260940000,109089,-0.314915686,-2.162867583,1.03361794,-0.680264176,-0.268421058,0.364533561,0.576459946
1497535138270950000,109090,-0.320701207,-2.1627951,1.032579292,-0.681869906,-0.268318295,0.360807893,0.576954407
1497535138280790000,109091,-0.326636333,-2.162828761,1.031780206,-0.683349795,-0.268678025,0.356675318,0.57760531
1497535138290680000,109092,-0.332398016,-2.162726653,1.030673547,-0.684131634,-0.269075062,0.353246262,0.578601415
1497535138300940000,109093,-0.338167834,-2.162717462,1.029702462,-0.687727923,-0.26872658,0.347593908,0.577922836
1497535138310890000,109094,-0.344391492,-2.16286703,1.02884995,-0.688802844,-0.26857616,0.34356252,0.579121994
1497535138320940000,109095,-0.350256684,-2.162930893,1.027798631,-0.691006756,-0.268460665,0.338338686,0.579625283
1497535138330940000,109096,-0.356271998,-2.162607642,1.026534834,-0.692447948,-0.267017123,0.33485835,0.580592439
1497535138341050000,109097,-0.362169063,-2.162517523,1.025084779,-0.695493855,-0.265860384,0.328655935,0.581026531
1497535138350960000,109098,-0.368416223,-2.16274085,1.02415636,-0.696986347,-0.26514571,0.323815912,0.582280893
1497535138360970000,109099,-0.374726981,-2.1624545,1.022602403,-0.697854007,-0.262852126,0.321138611,0.583762398
1497535138370940000,109100,-0.381334731,-2.162599006,1.021209969,-0.700455673,-0.261931456,0.317036514,0.583302333
1497535138380980000,109101,-0.387855062,-2.162786094,1.019807201,-0.703430594,-0.261017729,0.311106578,0.583324817
1497535138390960000,109102,-0.394583905,-2.162753805,1.018025588,-0.704811806,-0.260185422,0.30784389,0.583760228
1497535138400930000,109103,-0.401698071,-2.163341241,1.016507347,-0.706993323,-0.258989571,0.30450064,0.583407409
1497535138410960000,109104,-0.408920273,-2.163891928,1.014799397,-0.709001271,-0.257944985,0.301017018,0.583241234
1497535138421050000,109105,-0.416515091,-2.164756206,1.0132646,-0.710940781,-0.257318026,0.296471551,0.58348544
1497535138430990000,109106,-0.424701999,-2.165532396,1.011453301,-0.712744531,-0.257935247,0.293985381,0.582269042
1497535138440870000,109107,-0.433183997,-2.166233668,1.009594126,-0.714089906,-0.25893984,0.291935457,0.581205174
1497535138450980000,109108,-0.44148976,-2.167640338,1.008239542,-0.715563699,-0.258813937,0.288045356,0.581389552
1497535138460940000,109109,-0.450728259,-2.168346167,1.006536686,-0.714962936,-0.260506109,0.287687261,0.581550176
1497535138471000000,109110,-0.459555055,-2.169807176,1.00543294,-0.719071732,-0.261331476,0.281183204,0.579290696
1497535138481040000,109111,-0.468854349,-2.170465473,1.004049458,-0.718961522,-0.261961438,0.280174582,0.579631554
1497535138491010000,109112,-0.478233379,-2.171396178,1.002990924,-0.720697224,-0.262577095,0.277253406,0.578601183
1497535138501040000,109113,-0.48804458,-2.172561773,1.002444098,-0.721694648,-0.263352609,0.275566399,0.577810867
1497535138510960000,109114,-0.498277711,-2.174063362,1.002415905,-0.722556869,-0.264483819,0.27513826,0.576418961
1497535138521020000,109115,-0.508720814,-2.17534476,1.00238675,-0.722398374,-0.265718281,0.275193971,0.576023144
1497535138531000000,109116,-0.519367073,-2.176700909,1.002375648,-0.722630866,-0.267046983,0.276075382,0.574693765
1497535138541030000,109117,-0.529976968,-2.17798319,1.002243372,-0.721930392,-0.268127186,0.277442462,0.574412745
1497535138550990000,109118,-0.54103125,-2.179374387,1.002270682,-0.720112265,-0.270389717,0.28180168,0.573511586
1497535138560960000,109119,-0.551804298,-2.180212131,1.001663541,-0.719922402,-0.273232921,0.284615476,0.571007475
1497535138571000000,109120,-0.562767698,-2.181944345,1.002020402,-0.71933648,-0.275889186,0.287592549,0.568973383
1497535138581050000,109121,-0.573166323,-2.183649504,1.002325137,-0.7183942,-0.278536922,0.289747724,0.567779194
1497535138591020000,109122,-0.583638193,-2.185777242,1.003152574,-0.716643121,-0.281215889,0.29304674,0.566977839
1497535138601000000,109123,-0.593880369,-2.187502992,1.003844698,-0.712430099,-0.283978322,0.300215765,0.567159731
1497535138610950000,109124,-0.603708088,-2.189036109,1.004754381,-0.707427873,-0.285025625,0.30590648,0.569848596
1497535138621070000,109125,-0.612733084,-2.190709231,1.005778302,-0.704705561,-0.285305819,0.309844724,0.570952633
1497535138630990000,109126,-0.620819086,-2.192387501,1.006861137,-0.702223261,-0.283944177,0.311182116,0.573954604
1497535138640980000,109127,-0.627640292,-2.19387444,1.007991793,-0.703865736,-0.281452152,0.306684369,0.575588751
1497535138650960000,109128,-0.635977189,-2.195298854,1.009480389,-0.70003557,-0.280493697,0.312599829,0.577542063
1497535138661030000,109129,-0.643272568,-2.195024189,1.009649886,-0.696994534,-0.278950004,0.317815503,0.579119004
1497535138671010000,109130,-0.650307912,-2.195207562,1.009949444,-0.694800455,-0.273851956,0.323344338,0.581124662
1497535138680980000,109131,-0.655766772,-2.195576031,1.011077521,-0.692743252,-0.265726789,0.322588105,0.587735464
1497535138690990000,109132,-0.661211819,-2.195483394,1.011893249,-0.692022688,-0.257802675,0.323636418,0.591525019
1497535138701050000,109133,-0.666689276,-2.195131561,1.013374511,-0.68959901,-0.251298245,0.324351522,0.596739883
1497535138710950000,109134,-0.671560207,-2.194812463,1.014555325,-0.689013646,-0.242080966,0.32509999,0.600805291
1497535138721040000,109135,-0.676223528,-2.19436466,1.015944223,-0.687709978,-0.23435969,0.324390572,0.605723764
1497535138730990000,109136,-0.68066288,-2.194120897,1.017457065,-0.687413392,-0.225699317,0.323799836,0.609652617
1497535138741050000,109137,-0.685088216,-2.193749315,1.019045468,-0.685862311,-0.218029678,0.32326437,0.614455936
1497535138750960000,109138,-0.689222649,-2.193958664,1.02082319,-0.685437669,-0.208364742,0.321522404,0.619179037
1497535138760940000,109139,-0.693589317,-2.193247507,1.02280712,-0.683332348,-0.203220191,0.318998941,0.624498304
1497535138770990000,109140,-0.69765551,-2.192397457,1.024140103,-0.683150849,-0.195480276,0.316759146,0.628296126
1497535138781060000,109141,-0.70194547,-2.192080363,1.026182458,-0.682477539,-0.189665358,0.313940789,0.632212497
1497535138790980000,109142,-0.706292165,-2.19151174,1.027792676,-0.680710486,-0.183863052,0.313243544,0.636165148
1497535138801020000,109143,-0.710626393,-2.191401201,1.02962751,-0.678491104,-0.179211492,0.310288262,0.641291086
1497535138810860000,109144,-0.715652132,-2.191255223,1.03140773,-0.676004445,-0.176969488,0.309771162,0.644780287
1497535138821040000,109145,-0.721010009,-2.191364163,1.032577269,-0.673135392,-0.173918825,0.311339083,0.64784949
1497535138831060000,109146,-0.727101871,-2.191708292,1.034041699,-0.668707684,-0.173162109,0.314979579,0.650870788
1497535138841020000,109147,-0.732999838,-2.191916235,1.03486342,-0.665367487,-0.171482684,0.316480025,0.654003203
1497535138850890000,109148,-0.739154489,-2.191867821,1.03540288,-0.660975944,-0.171583959,0.318754503,0.657316753
1497535138860980000,109149,-0.745580756,-2.192099026,1.036154983,-0.658003824,-0.172819335,0.320755786,0.658999371
1497535138871000000,109150,-0.751685884,-2.192092266,1.036469411,-0.654546961,-0.172787739,0.32175462,0.661956674
1497535138880980000,109151,-0.757901261,-2.191811625,1.036514059,-0.651320197,-0.172168513,0.321212225,0.665554438
1497535138891010000,109152,-0.764206597,-2.191851562,1.037133772,-0.649895956,-0.172040051,0.318894757,0.668089515
1497535138900930000,109153,-0.770304422,-2.190988521,1.036570859,-0.647813081,-0.170036979,0.317973595,0.671057695
1497535138910950000,109154,-0.77636335,-2.190236341,1.036572428,-0.647292074,-0.169679231,0.314164321,0.673440947
1497535138920980000,109155,-0.783154196,-2.189486935,1.036034991,-0.648912679,-0.168471803,0.315557482,0.671530389
1497535138931030000,109156,-0.789190476,-2.188380749,1.035633799,-0.650438755,-0.168174014,0.311690217,0.671934621
1497535138941020000,109157,-0.794514831,-2.186708202,1.035178816,-0.648055418,-0.165894122,0.305494826,0.677625432
1497535138951020000,109158,-0.800227062,-2.185137903,1.034325569,-0.650329108,-0.165060434,0.30028906,0.67797757
1497535138960980000,109159,-0.806969636,-2.183873063,1.033125567,-0.651034247,-0.161797729,0.301369784,0.677607672
1497535138971000000,109160,-0.812242309,-2.18172377,1.031723919,-0.653130343,-0.160488728,0.292692621,0.679702253
1497535138980990000,109161,-0.818141885,-2.179738538,1.030156882,-0.656201602,-0.159498509,0.287633224,0.679136814
1497535138991000000,109162,-0.824557043,-2.178097955,1.028579783,-0.657471629,-0.156890184,0.285103233,0.67958272
1497535139001050000,109163,-0.829772307,-2.175491311,1.026306641,-0.661188781,-0.156226227,0.274883568,0.680339463
1497535139010930000,109164,-0.836523573,-2.172705214,1.025551655,-0.662208845,-0.142802169,0.274503426,0.682447694
1497535139021060000,109165,-0.843391029,-2.17095546,1.022921861,-0.665050843,-0.142272507,0.270370152,0.681443974
1497535139030920000,109166,-0.849304504,-2.168103128,1.020564049,-0.669187441,-0.142393658,0.26540245,0.679318596
1497535139041040000,109167,-0.855086013,-2.16542021,1.018615776,-0.669872546,-0.1365784,0.263865577,0.680435206
1497535139051050000,109168,-0.861758303,-2.162937325,1.01640787,-0.671513699,-0.134686761,0.262294218,0.679801862
1497535139061030000,109169,-0.86810144,-2.160589717,1.014010724,-0.672853146,-0.133340625,0.258387336,0.68023886
1497535139071010000,109170,-0.874494088,-2.157858113,1.011599424,-0.67487695,-0.127159461,0.25631136,0.680202956
1497535139080990000,109171,-0.881651454,-2.155584014,1.009316846,-0.67609824,-0.121623191,0.255169068,0.680432006
1497535139091010000,109172,-0.888375045,-2.153653016,1.00735866,-0.675965913,-0.120350997,0.256588295,0.680255959
1497535139101000000,109173,-0.895382302,-2.151499241,1.005395004,-0.674254675,-0.114822952,0.258004955,0.682370696
1497535139110990000,109174,-0.902242265,-2.150640272,1.002725739,-0.67350497,-0.121829249,0.261937424,0.680395088
1497535139120990000,109175,-0.9090205,-2.147738823,1.000995731,-0.671725611,-0.115802052,0.258967634,0.684332049
1497535139131020000,109176,-0.916303849,-2.14552806,0.999710827,-0.66921102,-0.108729133,0.258712094,0.688042614
1497535139141030000,109177,-0.923409128,-2.14232283,0.997920544,-0.667972015,-0.103588177,0.254881969,0.691460815
1497535139151000000,109178,-0.932098134,-2.140297196,0.996487515,-0.666808632,-0.103395602,0.259411555,0.690927813
1497535139160960000,109179,-0.93977727,-2.136171471,0.995210886,-0.664696215,-0.097965762,0.258098413,0.694238331
1497535139170970000,109180,-0.949127198,-2.133611446,0.99429657,-0.662518112,-0.100100899,0.260532256,0.695106111
1497535139181080000,109181,-0.957897346,-2.12932838,0.994784027,-0.65986672,-0.09450176,0.258505387,0.699156845
1497535139191000000,109182,-0.967338599,-2.126321844,0.995846899,-0.655341866,-0.097572628,0.258873702,0.702844953
1497535139201030000,109183,-0.975771312,-2.121782711,0.997801869,-0.652000393,-0.096044526,0.257264042,0.706743341
1497535139210940000,109184,-0.984439156,-2.11791697,1.000392946,-0.649569308,-0.100305528,0.256117027,0.708803628
1497535139220980000,109185,-0.993339296,-2.114367677,1.003029819,-0.648998212,-0.10733355,0.254216615,0.708981482
1497535139230990000,109186,-1.000744945,-2.109125026,1.006633846,-0.648090863,-0.102181027,0.251222592,0.711635075
1497535139241050000,109187,-1.008477586,-2.104217947,1.009494811,-0.648851804,-0.103982362,0.249586549,0.711256325
1497535139251010000,109188,-1.01541966,-2.09904164,1.011945252,-0.64927388,-0.106099274,0.247312774,0.711352771
1497535139260960000,109189,-1.021857421,-2.093126902,1.013855348,-0.650577324,-0.105413549,0.24426285,0.711317643
1497535139271010000,109190,-1.027326435,-2.086396458,1.015884043,-0.652187889,-0.100167854,0.236900448,0.713088729
1497535139281010000,109191,-1.033051567,-2.079550102,1.017066397,-0.654626777,-0.091742958,0.232776633,0.713345675
1497535139291000000,109192,-1.038509324,-2.072928811,1.017601159,-0.659687461,-0.084531698,0.229294658,0.710697408
1497535139301020000,109193,-1.044058383,-2.065147605,1.017492486,-0.663919602,-0.07279364,0.219480794,0.711154013
1497535139310960000,109194,-1.048725648,-2.060723811,1.017364965,-0.669441029,-0.07611467,0.221681924,0.704920131
1497535139321020000,109195,-1.054070828,-2.054776357,1.01642929,-0.674367469,-0.072955206,0.216830633,0.70206163
1497535139331040000,109196,-1.059427058,-2.052702225,1.016145999,-0.67832544,-0.08310968,0.226747298,0.693940228
1497535139341070000,109197,-1.063669703,-2.046641721,1.015621931,-0.680453143,-0.079460978,0.222883699,0.693536106
1497535139351000000,109198,-1.068775132,-2.041909287,1.015970116,-0.68320894,-0.077742654,0.217296108,0.69279436
1497535139360980000,109199,-1.073118217,-2.037893383,1.016188725,-0.686692575,-0.077436301,0.217749212,0.689233057
1497535139370990000,109200,-1.077894435,-2.033115251,1.015822377,-0.690421146,-0.076437439,0.21489944,0.686508696
1497535139381010000,109201,-1.081896284,-2.029355505,1.015774213,-0.69217697,-0.078792585,0.214074429,0.684729808
1497535139391010000,109202,-1.085096716,-2.025281726,1.017222683,-0.692032891,-0.070391337,0.208006958,0.68765445
1497535139401000000,109203,-1.087362311,-2.020880323,1.017043795,-0.692712056,-0.069901371,0.202777929,0.688581816
1497535139410960000,109204,-1.089873504,-2.017008412,1.017842281,-0.696957219,-0.061692848,0.202935778,0.685026786
1497535139420990000,109205,-1.092835661,-2.012717662,1.017381664,-0.699196979,-0.056827009,0.197797816,0.684668021
1497535139430980000,109206,-1.094550513,-2.008996712,1.017228614,-0.702027382,-0.049740063,0.19538774,0.683013259
1497535139441000000,109207,-1.095854251,-2.004398392,1.016775727,-0.704176184,-0.042090446,0.190862467,0.682594912
1497535139450980000,109208,-1.09687375,-1.998841162,1.01618638,-0.706738104,-0.030853954,0.179836783,0.683540795
1497535139460940000,109209,-1.098727952,-1.995720944,1.015623317,-0.710827277,-0.027244901,0.176236176,0.68038453
1497535139471000000,109210,-1.100071785,-1.991700519,1.014953692,-0.711623876,-0.016848947,0.17288207,0.680749118
1497535139481090000,109211,-1.100802135,-1.987813401,1.01457009,-0.713875206,-0.0092694,0.165298187,0.68042103
1497535139490900000,109212,-1.102366393,-1.983855496,1.013562385,-0.715598872,-0.001246934,0.156768811,0.680691002
1497535139501070000,109213,-1.103465811,-1.980464116,1.013921465,-0.717498322,0.006899152,0.154097927,0.679266066
1497535139510970000,109214,-1.104914914,-1.976909506,1.013414944,-0.719252278,0.012114749,0.149399077,0.678387285
1497535139521030000,109215,-1.10664808,-1.973623848,1.013063238,-0.720345506,0.018271747,0.143814743,0.678296259
1497535139531020000,109216,-1.108233341,-1.970105521,1.012358171,-0.722862285,0.024809452,0.137081328,0.676803751
1497535139541050000,109217,-1.109379392,-1.966451859,1.011876135,-0.722370695,0.03128589,0.129172602,0.678613448
1497535139551020000,109218,-1.110553414,-1.96317321,1.011829188,-0.724803183,0.038218027,0.126013417,0.676254647
1497535139560980000,109219,-1.111909156,-1.959983132,1.011237993,-0.725604327,0.044102544,0.119236691,0.676266174
1497535139571020000,109220,-1.114035158,-1.956775734,1.010486316,-0.727671111,0.050418863,0.113373523,0.67461036
1497535139581030000,109221,-1.115194838,-1.953415236,1.010208507,-0.727763057,0.05610539,0.106121994,0.675241616
1497535139591000000,109222,-1.116770971,-1.950195848,1.0096094,-0.729167148,0.061093792,0.101720366,0.673970167
1497535139601030000,109223,-1.119028637,-1.946998233,1.008958533,-0.73009302,0.06591085,0.093925435,0.673645274
1497535139611000000,109224,-1.121623997,-1.943862298,1.00832627,-0.731914228,0.070560287,0.089496066,0.671798529
1497535139621070000,109225,-1.12368251,-1.940473562,1.008324774,-0.732590144,0.075830272,0.085080623,0.671060905
1497535139631030000,109226,-1.125922443,-1.936795529,1.007811194,-0.734184209,0.079779218,0.0800942,0.669472735
1497535139641020000,109227,-1.129329258,-1.9330879,1.007032196,-0.73438983,0.083739166,0.074848804,0.66937059
1497535139651010000,109228,-1.131448011,-1.928925759,1.006321116,-0.736265754,0.085955995,0.070155473,0.667534655
1497535139660910000,109229,-1.134787644,-1.924987526,1.005669792,-0.737386043,0.089792145,0.06557518,0.666257526
1497535139671020000,109230,-1.138096523,-1.920915323,1.005329203,-0.737696828,0.0921537,0.06061839,0.666060429
1497535139681010000,109231,-1.140965269,-1.916725453,1.004775441,-0.740091634,0.094279119,0.057929288,0.663340048
1497535139691000000,109232,-1.144646988,-1.912312095,1.003989934,-0.741955183,0.096665245,0.05471558,0.661184196
1497535139701010000,109233,-1.147714568,-1.907881462,1.00355443,-0.742881998,0.097776219,0.048538646,0.660462071
1497535139710960000,109234,-1.151305979,-1.903365604,1.002494367,-0.744407291,0.099696419,0.040180091,0.659017427
1497535139721020000,109235,-1.15429161,-1.898673783,1.001756464,-0.74464903,0.101731221,0.035668126,0.658692922
1497535139731010000,109236,-1.157311071,-1.893401321,1.001137291,-0.74275928,0.10694342,0.026852356,0.660417071
1497535139741000000,109237,-1.161144569,-1.889038978,1.000402528,-0.74439176,0.108639369,0.023472627,0.658428
1497535139750920000,109238,-1.164464579,-1.884563413,0.999605348,-0.746173607,0.110259814,0.019967636,0.656253773
1497535139760890000,109239,-1.168382131,-1.880241342,0.998175305,-0.747073213,0.111909554,0.01573349,0.655065129
1497535139771070000,109240,-1.171689772,-1.875330262,0.997158611,-0.747452226,0.115660285,0.011276732,0.654072399
1497535139781080000,109241,-1.17534307,-1.871070102,0.99616424,-0.748600163,0.118334433,0.007953792,0.652327751
1497535139791040000,109242,-1.17873242,-1.866589777,0.995027913,-0.749378857,0.120496072,0.006220925,0.651055547
1497535139801050000,109243,-1.183118492,-1.861896498,0.993736186,-0.751431514,0.123513794,0.002645962,0.648141977
1497535139811060000,109244,-1.186684573,-1.856989686,0.992587193,-0.750919936,0.125824983,0.002015913,0.648292572
1497535139821020000,109245,-1.191454095,-1.851878156,0.991105829,-0.75301336,0.128411095,-0.000186725,0.645353729
1497535139830980000,109246,-1.195263552,-1.847044963,0.990493406,-0.75120504,0.131100893,-0.003750509,0.646907626
1497535139841020000,109247,-1.199714702,-1.841836633,0.989626306,-0.753443743,0.132219771,-0.006121112,0.644052009
1497535139851030000,109248,-1.205114159,-1.836221334,0.988144157,-0.757434203,0.133334148,-0.005126368,0.639131561
1497535139860980000,109249,-1.209900708,-1.830924369,0.987341467,-0.753863235,0.137787347,-0.012781366,0.642293941
1497535139871030000,109250,-1.214542409,-1.825240054,0.986768381,-0.758480184,0.137464405,-0.012850219,0.636903618
1497535139881010000,109251,-1.219280322,-1.819634455,0.986789728,-0.747171359,0.145619295,-0.025932292,0.647964118
1497535139891040000,109252,-1.224524847,-1.813931732,0.986258904,-0.747543735,0.147910671,-0.029802948,0.646848191
1497535139900980000,109253,-1.229040586,-1.807787612,0.985850424,-0.747703698,0.150375647,-0.034180539,0.645877725
1497535139910980000,109254,-1.233598121,-1.801569893,0.985584299,-0.745641585,0.15345557,-0.037425248,0.647355672
1497535139920990000,109255,-1.238435377,-1.795303019,0.985661883,-0.744669508,0.157288699,-0.041488632,0.647306946
1497535139931010000,109256,-1.242687889,-1.788972066,0.985868615,-0.743712586,0.159297466,-0.042209265,0.647869034
1497535139941060000,109257,-1.248380588,-1.782684118,0.985737563,-0.743930397,0.160773296,-0.043526133,0.647166893
1497535139951010000,109258,-1.25272758,-1.776129182,0.986327388,-0.741741079,0.164409409,-0.040749875,0.648944655
1497535139960970000,109259,-1.257090371,-1.769612582,0.986861907,-0.740923637,0.166735868,-0.0428237,0.649151327
1497535139971020000,109260,-1.261974413,-1.763061734,0.987408991,-0.739053741,0.169147583,-0.043075108,0.650640606
1497535139981060000,109261,-1.267215264,-1.756919769,0.988521472,-0.737751324,0.171869114,-0.04189151,0.651482228
1497535139991000000,109262,-1.272257513,-1.750730407,0.989666877,-0.733974875,0.173693771,-0.043221214,0.655166607
1497535140000960000,109263,-1.277219459,-1.745069453,0.991024612,-0.731153108,0.175360758,-0.041193933,0.658002126
1497535140010980000,109264,-1.282310613,-1.739744778,0.992846112,-0.727131383,0.175721576,-0.042785201,0.662247164
1497535140021070000,109265,-1.287381939,-1.734367884,0.99456483,-0.724039151,0.175581363,-0.045137551,0.665508148
1497535140031010000,109266,-1.291642402,-1.72909827,0.996198409,-0.718872639,0.175300544,-0.046897386,0.671038362
1497535140040990000,109267,-1.296589645,-1.724374405,0.998111525,-0.713579442,0.175820905,-0.048550651,0.676412762
1497535140051010000,109268,-1.301047505,-1.719278197,0.99958132,-0.709671255,0.176438682,-0.053268153,0.679998974
1497535140060960000,109269,-1.30561571,-1.714360594,1.000707919,-0.703728257,0.177474114,-0.055479283,0.685705132
1497535140070980000,109270,-1.309050029,-1.709704501,1.002189318,-0.700822929,0.178079285,-0.055711199,0.688499276
1497535140080990000,109271,-1.312621158,-1.705107469,1.003730986,-0.695958338,0.179788737,-0.057687971,0.692813178
1497535140091000000,109272,-1.315473963,-1.700497978,1.004888172,-0.690107965,0.184066444,-0.059431537,0.697379691
1497535140100960000,109273,-1.31800776,-1.695922054,1.006376421,-0.686233883,0.187000904,-0.061592207,0.70022862
1497535140110940000,109274,-1.320745476,-1.691601886,1.007361487,-0.681980858,0.190735431,-0.065057938,0.703057301
1497535140121100000,109275,-1.322794488,-1.687284378,1.00892386,-0.678610203,0.195491521,-0.065955086,0.704926368
1497535140131050000,109276,-1.324371114,-1.683299005,1.010157675,-0.673174654,0.198615524,-0.070284339,0.708835574
1497535140141030000,109277,-1.326560021,-1.679356241,1.01162931,-0.670337148,0.204396846,-0.071596131,0.709749274
1497535140151020000,109278,-1.328638473,-1.675594882,1.012907724,-0.663273026,0.208359059,-0.07654502,0.714700115
1497535140160920000,109279,-1.329584569,-1.671819689,1.014952463,-0.659375825,0.21134043,-0.080515706,0.71699091
1497535140171040000,109280,-1.330466794,-1.666813004,1.018987418,-0.645119719,0.19942992,-0.084408926,0.732750564
1497535140181010000,109281,-1.332967529,-1.664758911,1.018473414,-0.650146342,0.217001492,-0.08574093,0.723096522
1497535140191020000,109282,-1.334476462,-1.66082961,1.020140515,-0.647527449,0.218196217,-0.088945168,0.724698124
1497535140201010000,109283,-1.336605261,-1.65771042,1.021608301,-0.641224854,0.218319948,-0.091919649,0.72987524
1497535140210970000,109284,-1.337928639,-1.654056149,1.023462478,-0.63932562,0.220452267,-0.093524834,0.730696008
1497535140221050000,109285,-1.339944519,-1.650234034,1.024563229,-0.634045872,0.220856463,-0.100001718,0.734307777
1497535140231020000,109286,-1.341748807,-1.646407362,1.025094952,-0.632188186,0.219689618,-0.101085335,0.736108907
1497535140241080000,109287,-1.343144445,-1.643020941,1.026341922,-0.628326521,0.220380023,-0.103875456,0.738815483
1497535140251020000,109288,-1.344676603,-1.638514527,1.027430889,-0.627012084,0.221902145,-0.107531306,0.738953519
1497535140260990000,109289,-1.345892134,-1.634245324,1.027963994,-0.623106023,0.224322523,-0.111583192,0.740923397
1497535140271030000,109290,-1.348413371,-1.630012595,1.028245996,-0.620696309,0.224747118,-0.115669986,0.742189517
1497535140281010000,109291,-1.34931319,-1.625607577,1.028730124,-0.620035818,0.224095837,-0.117988814,0.742573418
1497535140291030000,109292,-1.35042725,-1.621079347,1.029333009,-0.61875099,0.225427939,-0.120368497,0.742859934
1497535140301020000,109293,-1.3515924,-1.615301659,1.031611688,-0.606151648,0.210463891,-0.124672407,0.756797147
1497535140310990000,109294,-1.353989291,-1.609804358,1.030461368,-0.598134951,0.206984227,-0.122172215,0.7645038
1497535140320990000,109295,-1.355038657,-1.606594837,1.029850231,-0.614730262,0.228786943,-0.130276902,0.743499273
1497535140331030000,109296,-1.355994477,-1.601186869,1.029799995,-0.614419612,0.230025226,-0.131959408,0.74307715
1497535140341020000,109297,-1.357108897,-1.595697909,1.029482795,-0.613363911,0.231070954,-0.136033114,0.742890247
1497535140351030000,109298,-1.3584588,-1.5900313,1.02909836,-0.612119139,0.23190381,-0.139060197,0.743096928
1497535140360990000,109299,-1.359418598,-1.584140348,1.028526844,-0.612103864,0.234332912,-0.140160769,0.742140084
1497535140371020000,109300,-1.360443509,-1.577845732,1.027676002,-0.612127182,0.23556536,-0.143242994,0.741141497
1497535140381010000,109301,-1.361218736,-1.571448692,1.026771807,-0.612532909,0.23794935,-0.14466331,0.739767577
1497535140391020000,109302,-1.362775575,-1.564839329,1.02544571,-0.614506486,0.239371289,-0.145218566,0.737559986
1497535140400960000,109303,-1.363753812,-1.557854947,1.02373301,-0.61722868,0.239257316,-0.146305999,0.735104923
1497535140410970000,109304,-1.364484508,-1.550514415,1.022112237,-0.618833394,0.242441911,-0.148067478,0.73235454
1497535140421010000,109305,-1.36578712,-1.543424138,1.020429938,-0.618329417,0.244652787,-0.150550874,0.731538229
1497535140431020000,109306,-1.36642782,-1.535728854,1.018463284,-0.623594502,0.244322335,-0.150397032,0.727198203
1497535140441070000,109307,-1.367363912,-1.528080286,1.016739399,-0.622299516,0.245263308,-0.152623905,0.727526745
1497535140451000000,109308,-1.367700067,-1.520349122,1.015347387,-0.625476997,0.246395834,-0.150884254,0.724776905
1497535140460990000,109309,-1.368283667,-1.510119816,1.015185484,-0.612297628,0.227223991,-0.153384764,0.741575342
1497535140470990000,109310,-1.369275297,-1.504447395,1.01211979,-0.627729775,0.245502488,-0.152563442,0.72277815
1497535140480990000,109311,-1.370613056,-1.49446146,1.011769164,-0.611202693,0.224845503,-0.156786504,0.742491589
1497535140490960000,109312,-1.371557015,-1.489265752,1.008997546,-0.625241446,0.244004257,-0.155148233,0.724889014
1497535140500970000,109313,-1.372710156,-1.482250244,1.00774348,-0.623298466,0.241599111,-0.155705486,0.72724459
1497535140510910000,109314,-1.373722968,-1.4750044,1.006360642,-0.619886705,0.242402425,-0.155685655,0.72989281
1497535140521020000,109315,-1.374715114,-1.467761457,1.005239817,-0.616645701,0.242013202,-0.15514308,0.732876739
1497535140531020000,109316,-1.375693913,-1.460270232,1.004279668,-0.612706628,0.242155564,-0.158998657,0.735303134
1497535140540980000,109317,-1.375806778,-1.452280983,1.003227801,-0.606426488,0.244758744,-0.160120719,0.739392607
1497535140551020000,109318,-1.376528634,-1.443361673,1.001921268,-0.605400068,0.244394878,-0.160699772,0.740227995
1497535140560960000,109319,-1.376346738,-1.434771857,1.001012133,-0.600750026,0.246111581,-0.1605936,0.743463645
1497535140570990000,109320,-1.37649343,-1.425157075,1.000193636,-0.597435771,0.24572485,-0.161512958,0.746058551
1497535140581020000,109321,-1.377074041,-1.415481796,0.998922743,-0.593994251,0.246086523,-0.158338595,0.749360489
1497535140591010000,109322,-1.376764169,-1.405700002,0.998910922,-0.592537304,0.242940302,-0.158487293,0.751506042
1497535140601000000,109323,-1.377338167,-1.394935079,0.998482811,-0.591247203,0.241927888,-0.15802727,0.752944237
1497535140610970000,109324,-1.37442863,-1.383196112,1.00364066,-0.576348797,0.233961066,-0.16485129,0.765446494
1497535140621010000,109325,-1.374272075,-1.372733139,1.004659933,-0.57821104,0.230400392,-0.164182781,0.765265749
1497535140631030000,109326,-1.374090811,-1.362348817,1.006257135,-0.579610515,0.228124686,-0.164759288,0.764764771
1497535140640970000,109327,-1.373433851,-1.352387154,1.007891738,-0.582088253,0.227409706,-0.165741325,0.762881317
1497535140650980000,109328,-1.372163823,-1.343038134,1.009492638,-0.583807551,0.228125968,-0.166938916,0.761090458
1497535140660880000,109329,-1.370863346,-1.33356871,1.01175085,-0.584721378,0.228184123,-0.169067142,0.759900795
1497535140671040000,109330,-1.368861504,-1.324250893,1.013731284,-0.587031297,0.229282519,-0.170445761,0.757477409
1497535140681020000,109331,-1.3664986,-1.314848304,1.015582827,-0.58946302,0.231097334,-0.171936769,0.754695381
1497535140691040000,109332,-1.363925898,-1.305510082,1.017268198,-0.591175168,0.234490717,-0.173465806,0.751954546
1497535140701010000,109333,-1.361757656,-1.29626588,1.019342856,-0.588648214,0.23744725,-0.17720348,0.752137627
1497535140710990000,109334,-1.359089261,-1.287120816,1.020688804,-0.589616505,0.242969499,-0.179634887,0.749032381
1497535140721010000,109335,-1.354888284,-1.2757599,1.022290129,-0.606692356,0.251744069,-0.176726767,0.733019071
1497535140731020000,109336,-1.352528467,-1.26669542,1.023594777,-0.607177106,0.256932121,-0.179543885,0.730127277
1497535140740990000,109337,-1.350198555,-1.257999945,1.024403997,-0.60816403,0.260529178,-0.182568374,0.727275635
1497535140751010000,109338,-1.348038578,-1.249608072,1.024781554,-0.61085402,0.263788449,-0.184738609,0.723287403
1497535140760920000,109339,-1.345587436,-1.24298389,1.023494001,-0.610009512,0.266043974,-0.187915279,0.72235507
1497535140770970000,109340,-1.344370053,-1.234219383,1.024567597,-0.614359808,0.266334502,-0.188229204,0.718469015
1497535140780970000,109341,-1.34333475,-1.225739519,1.025470862,-0.617956067,0.266169493,-0.188053278,0.715485894
1497535140791080000,109342,-1.343556194,-1.215812862,1.028520186,-0.621360805,0.26359085,-0.187502255,0.713634022
1497535140801000000,109343,-1.34285869,-1.207869949,1.029382273,-0.624278922,0.262297764,-0.186453177,0.711836304
1497535140810980000,109344,-1.34213812,-1.200247956,1.030028189,-0.627296645,0.261039676,-0.185227331,0.709963409
1497535140821030000,109345,-1.341605565,-1.192853061,1.030639701,-0.62965624,0.259808194,-0.183944266,0.708658753
1497535140831030000,109346,-1.341008686,-1.185666333,1.031062212,-0.631620116,0.259253435,-0.182572898,0.707467895
1497535140841010000,109347,-1.340399179,-1.178844505,1.031339629,-0.633479812,0.258741054,-0.181250665,0.706331786
1497535140851030000,109348,-1.339676153,-1.171984282,1.031744602,-0.634946586,0.258408242,-0.179897944,0.705481923
1497535140860970000,109349,-1.338763957,-1.165330341,1.031834155,-0.636729612,0.259734232,-0.1784672,0.703749237
1497535140871040000,109350,-1.337863504,-1.158784888,1.032060579,-0.63846182,0.261532883,-0.177454512,0.701767021
1497535140881020000,109351,-1.336566217,-1.152781084,1.031572552,-0.639696832,0.265023121,-0.176595058,0.699546206
1497535140891040000,109352,-1.335461147,-1.146385166,1.031760471,-0.641391414,0.26745676,-0.175923947,0.697233605
1497535140901030000,109353,-1.334275059,-1.140375436,1.031625698,-0.642136543,0.270818483,-0.1760135,0.695224609
1497535140911000000,109354,-1.333035586,-1.134567483,1.03111466,-0.64328157,0.274427062,-0.175508244,0.692874783
1497535140921020000,109355,-1.332255058,-1.128328244,1.031394856,-0.644336886,0.276781508,-0.176075156,0.690810765
1497535140931050000,109356,-1.331452988,-1.12236382,1.03113732,-0.645654322,0.279352397,-0.175498614,0.688689315
1497535140941100000,109357,-1.330723216,-1.116389165,1.030802761,-0.646760774,0.281088518,-0.176036212,0.68680492
1497535140951030000,109358,-1.330373898,-1.109929954,1.030913969,-0.648063038,0.281778874,-0.176472322,0.685180622
1497535140960930000,109359,-1.329892721,-1.103717815,1.030459677,-0.649834296,0.282830545,-0.177093926,0.682905566
1497535140971030000,109360,-1.329474772,-1.097457732,1.029905198,-0.651481188,0.28352884,-0.178022336,0.680802252
1497535140981000000,109361,-1.329284789,-1.090883356,1.029541382,-0.653535721,0.283737807,-0.179224486,0.678426489
1497535140991030000,109362,-1.329126685,-1.084144545,1.029149821,-0.655554023,0.283822458,-0.180052172,0.676221081
1497535141001060000,109363,-1.328833718,-1.077556681,1.02825913,-0.657652901,0.28487255,-0.180806302,0.673534983
1497535141010980000,109364,-1.328522485,-1.070939635,1.027301588,-0.659987699,0.285559536,-0.181233783,0.670839999
1497535141021030000,109365,-1.328527307,-1.063553442,1.027146491,-0.661955918,0.284726036,-0.182274409,0.668970468
1497535141031040000,109366,-1.328096294,-1.056906392,1.025629644,-0.664046934,0.286798126,-0.182464077,0.665954476
1497535141041020000,109367,-1.328215526,-1.049475466,1.025236343,-0.665734368,0.286777199,-0.18312397,0.664095024
1497535141051020000,109368,-1.327910787,-1.042725895,1.023717997,-0.667671692,0.288179333,-0.183245223,0.661504628
1497535141060920000,109369,-1.32788648,-1.035312755,1.022889261,-0.669755704,0.28792455,-0.183598653,0.659407526
1497535141071000000,109370,-1.327811168,-1.027875389,1.021852652,-0.671681902,0.28805193,-0.183746772,0.657348182
1497535141081010000,109371,-1.327170939,-1.021141548,1.019607036,-0.67395504,0.289124505,-0.183621176,0.654579933
1497535141091020000,109372,-1.327753163,-1.012527636,1.019896987,-0.676044974,0.287823793,-0.184275495,0.652811764
1497535141101040000,109373,-1.327656063,-1.004906676,1.018509087,-0.678455883,0.288029117,-0.184715099,0.650090128
1497535141111000000,109374,-1.32771986,-0.996979956,1.017463363,-0.680349187,0.287728431,-0.185190065,0.648106453
1497535141121060000,109375,-1.327820655,-0.9889951,1.016333327,-0.681911474,0.287974848,-0.1856747,0.646213691
1497535141131040000,109376,-1.327698553,-0.981337535,1.014667539,-0.68359291,0.288541944,-0.185731683,0.644164592
1497535141140970000,109377,-1.327675187,-0.97344102,1.013427287,-0.684615052,0.288953413,-0.186821124,0.64257764
1497535141151060000,109378,-1.327703792,-0.965406379,1.012446708,-0.68543387,0.28914422,-0.188424689,0.641149099
1497535141160900000,109379,-1.327623362,-0.957662672,1.011057204,-0.685780941,0.291012703,-0.189280661,0.639678778
1497535141171030000,109380,-1.327305066,-0.949427924,1.009597474,-0.69021916,0.292301434,-0.187709613,0.634761754
1497535141181030000,109381,-1.327100167,-0.941814477,1.008065224,-0.690163278,0.294440887,-0.189119715,0.633413725
1497535141191020000,109382,-1.326915716,-0.934174232,1.0065105,-0.689862876,0.29656471,-0.190570372,0.632314414
1497535141201010000,109383,-1.327306211,-0.926419695,1.005748658,-0.685394141,0.298621705,-0.194172614,0.635103885
1497535141210980000,109384,-1.327397358,-0.918437217,1.004297078,-0.685535464,0.300529558,-0.195303622,0.633703092
1497535141221030000,109385,-1.327532093,-0.910343287,1.00258004,-0.685579307,0.302467444,-0.195184196,0.632769775
1497535141231040000,109386,-1.328028779,-0.901765109,1.001338291,-0.685727796,0.303310084,-0.195589233,0.632080085
1497535141241060000,109387,-1.328758156,-0.893012098,0.999964643,-0.685428272,0.303143757,-0.196841948,0.632095874
1497535141250880000,109388,-1.329403558,-0.884400334,0.997905645,-0.685696923,0.303694618,-0.198342759,0.63107009
1497535141260890000,109389,-1.330412885,-0.875302908,0.996411847,-0.68598519,0.303859426,-0.199753946,0.630231805
1497535141270960000,109390,-1.331615241,-0.865717683,0.995324622,-0.686181411,0.303272746,-0.202252367,0.629503528
1497535141281050000,109391,-1.332698358,-0.856226771,0.993795101,-0.686825134,0.302867332,-0.204429961,0.628292134
1497535141291070000,109392,-1.33406416,-0.84672898,0.992918058,-0.688618062,0.302341669,-0.208393642,0.625273356
1497535141301040000,109393,-1.335479551,-0.837455563,0.991728696,-0.691036117,0.303798556,-0.213235317,0.620246904
1497535141310990000,109394,-1.336937437,-0.827390155,0.991050187,-0.690421791,0.30414882,-0.214970272,0.620160486
1497535141321010000,109395,-1.338573307,-0.817567782,0.990589136,-0.690832127,0.304848911,-0.217969897,0.618309985
1497535141331030000,109396,-1.34013564,-0.807197389,0.990620219,-0.690268274,0.303783557,-0.219991978,0.61874776
1497535141341030000,109397,-1.341877559,-0.79696,0.990308573,-0.689872191,0.306048781,-0.220442886,0.61791216
1497535141351040000,109398,-1.343481627,-0.786827446,0.990203595,-0.689257009,0.306429384,-0.221622982,0.617987915
1497535141360930000,109399,-1.345430295,-0.776195999,0.990546672,-0.687685796,0.306586056,-0.22100313,0.619879708
1497535141371020000,109400,-1.347229841,-0.765712019,0.990822619,-0.687501104,0.306555961,-0.220546551,0.620261956
1497535141381030000,109401,-1.349119002,-0.755302417,0.991353545,-0.68723246,0.306364527,-0.220262566,0.620754964
1497535141390980000,109402,-1.351231553,-0.744962018,0.991850284,-0.6858717,0.307318922,-0.217493275,0.622761404
1497535141400940000,109403,-1.353390655,-0.734682265,0.993199456,-0.68416034,0.303307806,-0.217981346,0.626428876
1497535141410900000,109404,-1.355812044,-0.725139513,0.993589716,-0.682467438,0.305802926,-0.214531497,0.628250748
1497535141421080000,109405,-1.358201316,-0.715353738,0.995283003,-0.679881134,0.302068421,-0.21379227,0.63309492
1497535141431060000,109406,-1.360526466,-0.706240915,0.99628038,-0.67707047,0.301825429,-0.211303321,0.637046228
1497535141441020000,109407,-1.362890236,-0.69719735,0.997785768,-0.673850023,0.298170366,-0.210852435,0.642309762
1497535141451050000,109408,-1.365270924,-0.68792426,0.999132555,-0.665969388,0.295249381,-0.206859995,0.65308615
1497535141461050000,109409,-1.36778254,-0.679506087,1.000723205,-0.662134393,0.293952682,-0.207570672,0.657331182
1497535141471080000,109410,-1.370043876,-0.671327842,1.002041786,-0.657270801,0.292988421,-0.208320229,0.662386263
1497535141481020000,109411,-1.372091579,-0.663457988,1.003500089,-0.652986277,0.292117769,-0.210460509,0.666320122
1497535141491050000,109412,-1.373875215,-0.655846893,1.00462387,-0.648293155,0.293250867,-0.211037771,0.670211141
1497535141501020000,109413,-1.375537253,-0.648262726,1.006166095,-0.643443068,0.294006079,-0.212112736,0.67420296
1497535141510980000,109414,-1.376913699,-0.640935467,1.007521154,-0.638752094,0.296055545,-0.212344205,0.677684894
1497535141521030000,109415,-1.378224663,-0.633734459,1.009093577,-0.6336131,0.298304853,-0.212013943,0.681614805
1497535141531010000,109416,-1.379311908,-0.626761176,1.01057522,-0.628698358,0.300837227,-0.211936797,0.685067976
1497535141540990000,109417,-1.380363393,-0.619676761,1.012423226,-0.625216806,0.302933543,-0.210545008,0.687754326
1497535141551070000,109418,-1.381133506,-0.612774741,1.014057656,-0.622326975,0.304331972,-0.209320067,0.690127739
1497535141560940000,109419,-1.381967216,-0.605985537,1.015829358,-0.619311861,0.306490767,-0.20782139,0.692334094
1497535141571030000,109420,-1.382776713,-0.599412101,1.017450373,-0.615560251,0.30760264,-0.207342823,0.695323772
1497535141581030000,109421,-1.38412346,-0.59285447,1.019502957,-0.608963455,0.307697771,-0.208658618,0.700676225
1497535141591000000,109422,-1.385085861,-0.586280341,1.021118848,-0.605136128,0.307004314,-0.208445489,0.704350123
1497535141601040000,109423,-1.386144933,-0.579514024,1.022832584,-0.602461225,0.3053615,-0.207522723,0.707622177
1497535141611010000,109424,-1.387319633,-0.572440292,1.024721601,-0.600508103,0.303148015,-0.20604825,0.710658439
1497535141621050000,109425,-1.388228158,-0.565315115,1.026164132,-0.599723435,0.300081651,-0.204004745,0.713207451
1497535141631050000,109426,-1.389359395,-0.557980511,1.028029852,-0.598799561,0.296975094,-0.202148793,0.715807757
1497535141641010000,109427,-1.390109286,-0.55084732,1.029007173,-0.598122722,0.294560411,-0.199638718,0.71807225
1497535141651050000,109428,-1.390932613,-0.543652079,1.030052811,-0.597727117,0.292562918,-0.197649109,0.719766673
1497535141660920000,109429,-1.391982137,-0.536634993,1.031405564,-0.594099516,0.290541951,-0.197332902,0.723664885
1497535141671050000,109430,-1.392990934,-0.529719067,1.032199767,-0.590316524,0.289027147,-0.197572739,0.727292736
1497535141681010000,109431,-1.39391945,-0.522333714,1.033230391,-0.589396075,0.286970942,-0.196408282,0.729166464
1497535141691050000,109432,-1.394666223,-0.514928833,1.033822013,-0.588721064,0.284876495,-0.195357453,0.73081349
1497535141701050000,109433,-1.395236393,-0.507510101,1.033866064,-0.588601413,0.282901581,-0.194337325,0.731948138
1497535141710990000,109434,-1.396035844,-0.499786894,1.034435307,-0.5888955,0.280281458,-0.193495322,0.732941986
1497535141721020000,109435,-1.396591449,-0.492110805,1.034334354,-0.589845882,0.278237545,-0.192230958,0.73328914
1497535141731040000,109436,-1.397191681,-0.484230658,1.03432243,-0.590915033,0.275853526,-0.190863789,0.733686084
1497535141741050000,109437,-1.397721499,-0.476299579,1.033982065,-0.591678815,0.273596917,-0.189564163,0.734252229
1497535141751090000,109438,-1.398359495,-0.46806343,1.033986259,-0.592908369,0.271463696,-0.187855064,0.73449139
1497535141760990000,109439,-1.398621759,-0.459948166,1.032852105,-0.594328625,0.270265664,-0.185968791,0.734265323
1497535141771050000,109440,-1.399040888,-0.451441718,1.032155946,-0.59611228,0.26874343,-0.183442945,0.73401349
1497535141780960000,109441,-1.399236423,-0.442892651,1.030615086,-0.597955111,0.267266964,-0.181180983,0.733615367
1497535141790980000,109442,-1.399555639,-0.434015318,1.029350469,-0.600766951,0.265220937,-0.178858885,0.7326298
1497535141801020000,109443,-1.399898241,-0.42508971,1.027530977,-0.603157162,0.263990181,-0.176467747,0.731689658
1497535141811020000,109444,-1.400094476,-0.415989629,1.025665379,-0.606484348,0.261310446,-0.174590729,0.730350371
1497535141821040000,109445,-1.400356852,-0.406770523,1.023574548,-0.609491114,0.259253006,-0.172217917,0.729142956
1497535141831050000,109446,-1.400479436,-0.397717421,1.021915695,-0.613975297,0.254801997,-0.173567959,0.726625379
1497535141841030000,109447,-1.401183075,-0.389365282,1.019455981,-0.616336746,0.256367907,-0.176353245,0.723397571
1497535141851050000,109448,-1.400872832,-0.378854622,1.017803152,-0.621430075,0.250635747,-0.170933185,0.722349105
1497535141861000000,109449,-1.40147473,-0.370029022,1.015263891,-0.62316214,0.252278409,-0.171613041,0.720120487
1497535141871050000,109450,-1.40171469,-0.360237943,1.013377574,-0.625974312,0.249024249,-0.168588419,0.719528338
1497535141880990000,109451,-1.402179182,-0.350691118,1.011511544,-0.627496492,0.246377199,-0.164907087,0.719966722
1497535141891080000,109452,-1.402452608,-0.341292495,1.009860131,-0.628263125,0.241353486,-0.160978915,0.721886231
1497535141901040000,109453,-1.403210121,-0.332672707,1.008169494,-0.626869787,0.239226438,-0.158066837,0.724444516
1497535141910980000,109454,-1.40364629,-0.323707554,1.006840779,-0.626335253,0.23547603,-0.153835543,0.727041826
1497535141921030000,109455,-1.404409283,-0.315901639,1.004875623,-0.623270277,0.237424406,-0.154184723,0.728965626
1497535141931040000,109456,-1.40442797,-0.306763491,1.00378693,-0.622198452,0.233832986,-0.152068394,0.731482348
1497535141941030000,109457,-1.404871036,-0.298204666,1.002242695,-0.619482293,0.2362281,-0.15199668,0.733031365
1497535141951030000,109458,-1.40445168,-0.28814576,1.001500343,-0.618905063,0.231722663,-0.149303508,0.735506352
1497535141961000000,109459,-1.405589515,-0.280566805,0.999599619,-0.597874522,0.225735722,-0.153183388,0.7537402
1497535141971000000,109460,-1.405338882,-0.270864781,0.998143545,-0.595982232,0.227455707,-0.153398744,0.754677353
1497535141981000000,109461,-1.404722444,-0.259634597,0.99761289,-0.591417214,0.219555503,-0.149177614,0.761424389
1497535141991150000,109462,-1.404327636,-0.248775427,0.996727691,-0.590766402,0.219087305,-0.147576763,0.762375833
1497535142000980000,109463,-1.404085525,-0.2378503,0.996018823,-0.590196953,0.219961803,-0.147254334,0.762627382
1497535142010960000,109464,-1.402814364,-0.224930868,0.996418364,-0.60727716,0.227756095,-0.142387708,0.747708067
1497535142021000000,109465,-1.402277796,-0.213241051,0.996757205,-0.606905578,0.22476554,-0.140531137,0.749264353
1497535142031000000,109466,-1.401606313,-0.201321679,0.997673131,-0.607717383,0.221029218,-0.138312871,0.750130133
1497535142041040000,109467,-1.401089866,-0.190201375,0.9984386,-0.606860956,0.220534862,-0.138684993,0.750899879
1497535142051050000,109468,-1.401120859,-0.180539611,0.99869548,-0.602806594,0.227677438,-0.143566466,0.751116412
1497535142060930000,109469,-1.400230118,-0.169443147,1.000369534,-0.603541037,0.228381889,-0.143822852,0.750263231
1497535142071020000,109470,-1.398824546,-0.158275865,1.002106507,-0.605409676,0.228679282,-0.143314542,0.748762881
1497535142081020000,109471,-1.397061997,-0.147150165,1.004217556,-0.608392964,0.227368098,-0.14273895,0.746851619
1497535142091060000,109472,-1.395231311,-0.136425112,1.006328183,-0.610517614,0.226385673,-0.143306902,0.745305911
1497535142101050000,109473,-1.393276255,-0.125902766,1.00842147,-0.611236212,0.225748224,-0.144593968,0.744661411
1497535142110990000,109474,-1.391200534,-0.115557735,1.010511546,-0.611369605,0.226643615,-0.146809454,0.743845994
1497535142121030000,109475,-1.389178274,-0.105334725,1.012385373,-0.610651038,0.228882081,-0.149584709,0.74319763
1497535142131050000,109476,-1.387060776,-0.095399892,1.014067062,-0.609640561,0.231352774,-0.153063777,0.742553541
1497535142141080000,109477,-1.385668897,-0.084882948,1.015403123,-0.598463669,0.222000916,-0.156851465,0.753627526
1497535142151050000,109478,-1.3834498,-0.076277861,1.016663878,-0.607686898,0.238404098,-0.159715466,0.740520824
1497535142160940000,109479,-1.380889674,-0.065349361,1.01848088,-0.610599772,0.232199035,-0.157863163,0.740493584
1497535142171000000,109480,-1.380552075,-0.057840852,1.018162992,-0.609332337,0.242391722,-0.16414677,0.736896325
1497535142181070000,109481,-1.379461229,-0.048923829,1.019306444,-0.613149804,0.242845271,-0.164819307,0.733422176
1497535142191040000,109482,-1.378034605,-0.040066719,1.019780683,-0.619804112,0.242653091,-0.163850463,0.728090218
1497535142200990000,109483,-1.376550118,-0.031188352,1.020606845,-0.628020432,0.242269156,-0.161259883,0.721727956
1497535142210960000,109484,-1.375166392,-0.022655648,1.021664976,-0.633968245,0.241669759,-0.160289329,0.716929092
1497535142221040000,109485,-1.373556256,-0.014242528,1.022376251,-0.638361758,0.241201887,-0.15879062,0.713513458
1497535142231050000,109486,-1.372212668,-0.006253606,1.023304867,-0.639909494,0.240859137,-0.157401176,0.712550058
1497535142241030000,109487,-1.37122121,0.001119869,1.023803148,-0.639298821,0.242844601,-0.157831981,0.712328985
1497535142251060000,109488,-1.370111572,0.008412702,1.024139817,-0.637464929,0.244974288,-0.157622782,0.713288946
1497535142261000000,109489,-1.369099353,0.015533513,1.024718555,-0.63502019,0.247006936,-0.15795529,0.714693681
1497535142271050000,109490,-1.367846291,0.022553064,1.024929505,-0.632580756,0.250070477,-0.158094785,0.715760003
1497535142281030000,109491,-1.366565942,0.029488601,1.025236431,-0.630361267,0.252549973,-0.159184548,0.716605515
1497535142291060000,109492,-1.365298454,0.036309707,1.02537201,-0.629096324,0.255763278,-0.160195325,0.716352161
1497535142301060000,109493,-1.36413411,0.043004726,1.025604889,-0.628410562,0.258761152,-0.161352676,0.715617318
1497535142310910000,109494,-1.363114872,0.049539752,1.025624577,-0.627619196,0.262630331,-0.163611718,0.714388312
1497535142321030000,109495,-1.361582723,0.056206513,1.025661774,-0.632472978,0.263518765,-0.16386829,0.709706261
1497535142331060000,109496,-1.360413738,0.062617077,1.025709207,-0.642897181,0.265658912,-0.162379737,0.699815246
1497535142341050000,109497,-1.359538109,0.069058507,1.025745417,-0.643457054,0.268111547,-0.165646417,0.697596217
1497535142351070000,109498,-1.358801109,0.075980518,1.025483254,-0.645304917,0.270382628,-0.166792635,0.694733773
1497535142361030000,109499,-1.35821992,0.082726549,1.025412618,-0.648061705,0.272168894,-0.170043455,0.690670213
1497535142371060000,109500,-1.357682689,0.089777762,1.025088921,-0.651445652,0.274433753,-0.171115235,0.686312067
1497535142380970000,109501,-1.357077233,0.096913686,1.024878272,-0.651777942,0.276304143,-0.174313254,0.684438767
1497535142390890000,109502,-1.356658818,0.103659197,1.024356497,-0.653641056,0.280413871,-0.176541835,0.680407533
1497535142401050000,109503,-1.356088786,0.108124031,1.02323343,-0.655796955,0.273293406,-0.171548479,0.68250435
1497535142411030000,109504,-1.355605176,0.114873231,1.022350307,-0.65784672,0.275483602,-0.173054006,0.679263416
1497535142421050000,109505,-1.355039609,0.121602765,1.021795665,-0.660978011,0.277466955,-0.173207501,0.675366063
1497535142431060000,109506,-1.35453355,0.128594572,1.020740496,-0.661564381,0.279524557,-0.174742861,0.673545488
1497535142440990000,109507,-1.354100414,0.135490754,1.019980205,-0.663648943,0.280754508,-0.17671376,0.670461955
1497535142451070000,109508,-1.353579136,0.142542549,1.019131585,-0.666111784,0.281822009,-0.176394646,0.66764989
1497535142461040000,109509,-1.352647743,0.150129406,1.018659421,-0.670816851,0.273229328,-0.175021901,0.666871667
1497535142471060000,109510,-1.352799986,0.156930087,1.017030567,-0.670210871,0.286536482,-0.180017633,0.660536058
1497535142481040000,109511,-1.352474117,0.164192159,1.015897176,-0.67238418,0.287901868,-0.180978024,0.657464055
1497535142491070000,109512,-1.352111683,0.171638355,1.014797232,-0.674334109,0.289493389,-0.181971529,0.654487166
1497535142501060000,109513,-1.351733288,0.179290738,1.013507245,-0.676847932,0.290732058,-0.182418325,0.651210643
1497535142511020000,109514,-1.351375241,0.187237249,1.012348745,-0.677410426,0.291998725,-0.183660214,0.649708231
1497535142521040000,109515,-1.351195567,0.195103507,1.011121731,-0.680984329,0.292289776,-0.18533712,0.645350435
1497535142531060000,109516,-1.351204688,0.203032364,1.009812666,-0.682225913,0.293376286,-0.18605948,0.643335083
1497535142541060000,109517,-1.351422127,0.210936969,1.008438019,-0.683165488,0.293970948,-0.186605906,0.641906718
1497535142551070000,109518,-1.351493761,0.218967329,1.007161748,-0.68556246,0.293914983,-0.187695554,0.639052795
1497535142561020000,109519,-1.351501879,0.226758217,1.006002427,-0.685467034,0.293761962,-0.190112378,0.638510876
1497535142571040000,109520,-1.351522433,0.234806274,1.004796023,-0.686551401,0.294549273,-0.191681686,0.636510826
1497535142581050000,109521,-1.351613844,0.243040588,1.003281642,-0.688164869,0.295414836,-0.192153726,0.634220887
1497535142590970000,109522,-1.351912793,0.250935139,1.002004221,-0.691191122,0.296469435,-0.192717675,0.630254397
1497535142601040000,109523,-1.352145274,0.258547299,1.000511894,-0.689574032,0.297767218,-0.194635777,0.630824265
1497535142611010000,109524,-1.352120205,0.266635991,0.999252223,-0.690208577,0.298222534,-0.195959699,0.629503961
1497535142621070000,109525,-1.352060638,0.274645878,0.997874626,-0.69074451,0.300652,-0.19691289,0.627459728
1497535142631060000,109526,-1.352587584,0.282469094,0.996549373,-0.690417403,0.302399828,-0.197648725,0.626748064
1497535142641050000,109527,-1.353142257,0.290116543,0.995283495,-0.689796469,0.303295615,-0.198717095,0.626661086
1497535142651060000,109528,-1.35346036,0.298024828,0.993716459,-0.690547336,0.30370544,-0.201169662,0.624850502
1497535142661080000,109529,-1.353808128,0.306425689,0.9923851,-0.6919901,0.30646451,-0.203102309,0.621271807
1497535142670970000,109530,-1.354468598,0.314642847,0.991279034,-0.689786832,0.309076995,-0.206286279,0.621378716
1497535142681040000,109531,-1.355185005,0.322820142,0.990071714,-0.688140795,0.310693964,-0.209266887,0.621400738
1497535142690920000,109532,-1.35578243,0.331571824,0.98888648,-0.687626443,0.31386676,-0.21246815,0.619285731
1497535142701030000,109533,-1.35606508,0.341088199,0.988301046,-0.686638072,0.31191042,-0.215832064,0.620206875
1497535142711000000,109534,-1.357843013,0.349546595,0.987153535,-0.686350138,0.318407905,-0.217732968,0.616548659
1497535142721010000,109535,-1.35898175,0.359115672,0.986285351,-0.685524719,0.319625618,-0.221118191,0.61563144
1497535142731030000,109536,-1.359413807,0.370255835,0.986661627,-0.689571001,0.31748124,-0.219366254,0.612842511
1497535142741020000,109537,-1.361856085,0.378872227,0.985387326,-0.682186182,0.322937227,-0.225419043,0.616051797
1497535142751000000,109538,-1.363438708,0.389224878,0.985386899,-0.683279261,0.323497877,-0.224254926,0.614970165
1497535142760980000,109539,-1.364697572,0.400175227,0.985614463,-0.682207449,0.320443376,-0.224963757,0.61749522
1497535142771100000,109540,-1.367119844,0.410205904,0.985423837,-0.679911533,0.323679425,-0.226039643,0.617946613
1497535142781100000,109541,-1.368661372,0.421391207,0.986095967,-0.681348253,0.318684826,-0.222774238,0.620142063
1497535142791050000,109542,-1.371181518,0.431653524,0.986014347,-0.680590447,0.321801951,-0.221237358,0.619914655
1497535142801030000,109543,-1.373651409,0.441870905,0.986487533,-0.679371373,0.321655521,-0.220028723,0.621755276
1497535142811020000,109544,-1.375993759,0.452362023,0.987425148,-0.677489205,0.320592368,-0.216668185,0.625526825
1497535142821050000,109545,-1.37840238,0.462350435,0.988540594,-0.674914369,0.318678387,-0.214688539,0.629955166
1497535142831080000,109546,-1.381239436,0.471979955,0.989673278,-0.672671132,0.317657469,-0.213855139,0.633145528
1497535142841040000,109547,-1.383708169,0.481280458,0.990890598,-0.670571329,0.314251547,-0.210953393,0.638027212
1497535142851070000,109548,-1.386686023,0.490080279,0.992225298,-0.66643856,0.311983723,-0.210079311,0.643733241
1497535142861040000,109549,-1.389290837,0.498459649,0.993301468,-0.662887928,0.310056709,-0.209015457,0.648657823
1497535142871070000,109550,-1.391694737,0.506882219,0.994620113,-0.659573208,0.306306584,-0.207828368,0.654176451
1497535142881050000,109551,-1.394122532,0.514812056,0.995888774,-0.656275999,0.305992897,-0.208710178,0.657350912
1497535142891060000,109552,-1.396300435,0.522447025,0.997167957,-0.648653951,0.304085737,-0.21046866,0.665193851
1497535142901070000,109553,-1.398311144,0.529755748,0.998484426,-0.643255216,0.305211048,-0.211615948,0.669542854
1497535142911010000,109554,-1.399605752,0.537166475,0.999856452,-0.640354428,0.304854408,-0.212311338,0.672260286
1497535142921040000,109555,-1.401338412,0.543962805,1.00143245,-0.632876786,0.308181089,-0.213060907,0.677566558
1497535142931070000,109556,-1.402384349,0.550801261,1.00324157,-0.62702947,0.31072115,-0.213640794,0.681648019
1497535142941060000,109557,-1.403935183,0.557159129,1.004736052,-0.621442724,0.313991601,-0.214043211,0.685130439
1497535142951020000,109558,-1.404578129,0.564235206,1.006938788,-0.616107843,0.314108972,-0.213900206,0.689922736
1497535142961020000,109559,-1.405921506,0.570587307,1.008795211,-0.611113195,0.317638159,-0.21381958,0.692768251
1497535142971070000,109560,-1.407145872,0.576420236,1.010169297,-0.606881384,0.322046498,-0.212819083,0.694758287
1497535142981070000,109561,-1.408509131,0.582545907,1.012038058,-0.60194266,0.32456955,-0.212790601,0.697882369
1497535142991060000,109562,-1.409056189,0.589780286,1.014435764,-0.598346041,0.322115032,-0.211711673,0.702425861
1497535143001040000,109563,-1.411076165,0.595218636,1.015707487,-0.594088333,0.325263895,-0.210796929,0.704859636
1497535143011040000,109564,-1.411798478,0.60257098,1.017921565,-0.593504983,0.321525737,-0.208415165,0.707768433
1497535143021050000,109565,-1.413671853,0.608655081,1.019421026,-0.587142406,0.319228334,-0.209069465,0.713895668
1497535143031070000,109566,-1.415341546,0.615117878,1.020932732,-0.586819665,0.318500478,-0.206300358,0.715290352
1497535143041030000,109567,-1.416401789,0.62231962,1.022407214,-0.581937844,0.313285703,-0.206787694,0.721414766
1497535143051070000,109568,-1.417941766,0.629110283,1.023823237,-0.585859819,0.312523371,-0.20399337,0.719363691
1497535143061020000,109569,-1.419466528,0.635518651,1.024418939,-0.580477516,0.30939041,-0.203335164,0.725243572
1497535143071070000,109570,-1.420490727,0.64254519,1.025677272,-0.578777772,0.306224574,-0.202512804,0.728169874
1497535143081070000,109571,-1.421961298,0.649429371,1.026269066,-0.580205609,0.303810523,-0.199807799,0.728791782
1497535143091060000,109572,-1.422642627,0.656955383,1.027442841,-0.575093946,0.299833858,-0.199612356,0.734521285
1497535143101040000,109573,-1.424217229,0.663209698,1.027526341,-0.578151148,0.29910774,-0.197791964,0.732908008
1497535143111050000,109574,-1.425307963,0.670604661,1.02798281,-0.576822267,0.297295644,-0.19654137,0.735025756
1497535143121020000,109575,-1.426356293,0.677698309,1.028383092,-0.577873732,0.293999006,-0.19410105,0.736173428
1497535143131080000,109576,-1.427550448,0.684775166,1.02850373,-0.577881541,0.291982668,-0.193404484,0.737152462
1497535143140990000,109577,-1.428739326,0.691958136,1.028298011,-0.579937243,0.289583104,-0.191653242,0.736941961
1497535143151080000,109578,-1.429704469,0.699507646,1.028225513,-0.579760582,0.286138128,-0.190098559,0.738826892
1497535143160970000,109579,-1.430662443,0.707012897,1.028036287,-0.581116399,0.284680415,-0.188466472,0.738742974
1497535143171070000,109580,-1.431692987,0.714283091,1.027283904,-0.584061489,0.283014682,-0.187174012,0.737387792
1497535143181050000,109581,-1.432510222,0.721955045,1.026483573,-0.584830083,0.279725513,-0.185357334,0.738491753
1497535143191060000,109582,-1.43354304,0.72952177,1.025338142,-0.586474057,0.280055589,-0.184629291,0.737244242
1497535143201040000,109583,-1.434433433,0.73725961,1.024320625,-0.588752167,0.277701242,-0.182876712,0.736755735
1497535143211050000,109584,-1.435234735,0.745080905,1.022911717,-0.591534483,0.275528031,-0.181713241,0.735630041
1497535143221010000,109585,-1.436242794,0.753158552,1.021416447,-0.594577192,0.275376609,-0.180971711,0.733413203
1497535143231080000,109586,-1.436972053,0.761261585,1.019808256,-0.596798019,0.273871727,-0.181134462,0.732131619
1497535143241050000,109587,-1.437786577,0.769353235,1.018030732,-0.599700222,0.272057099,-0.179552124,0.730825296
1497535143251080000,109588,-1.438479787,0.778017506,1.01612035,-0.602829479,0.271951492,-0.179854447,0.728211084
1497535143261040000,109589,-1.439264401,0.786321599,1.013958126,-0.606401461,0.269140463,-0.178350122,0.726658044
1497535143271080000,109590,-1.439850701,0.795184829,1.012102481,-0.608530915,0.267334288,-0.178100199,0.725605142
1497535143281050000,109591,-1.439779611,0.797470705,1.012146616,-0.609824617,0.265950462,-0.175568892,0.725644439
1497535143291070000,109592,-1.44067504,0.8064898,1.00989439,-0.612003354,0.263647039,-0.175334969,0.724706687
1497535143301040000,109593,-1.441460979,0.815338976,1.007615796,-0.617480407,0.259975982,-0.173482265,0.721827084
1497535143311030000,109594,-1.442452633,0.824555037,1.005999957,-0.617518794,0.258313264,-0.172215101,0.722694096
1497535143321000000,109595,-1.443525238,0.833732257,1.004948935,-0.617709885,0.258502496,-0.167546462,0.723560046
1497535143331050000,109596,-1.444440391,0.841725526,1.002049988,-0.6162593,0.258500587,-0.164083052,0.725588502
1497535143341030000,109597,-1.445645763,0.850213189,1.000557358,-0.614606187,0.257438256,-0.161084503,0.7280361
1497535143351140000,109598,-1.446671015,0.858317266,0.99902702,-0.61327242,0.255179946,-0.158525963,0.73051328
1497535143361020000,109599,-1.447942167,0.867614246,0.99821808,-0.610742821,0.254380427,-0.157923488,0.7330375
1497535143371080000,109600,-1.448776313,0.876717143,0.997080727,-0.608231891,0.254443878,-0.155807487,0.735551702
1497535143381070000,109601,-1.449741398,0.886561238,0.995991418,-0.606178125,0.254168675,-0.153309475,0.737863517
1497535143391070000,109602,-1.450542431,0.896722674,0.994774674,-0.605531214,0.252241327,-0.151277395,0.739473739
1497535143401020000,109603,-1.451372847,0.907403431,0.994160548,-0.603024854,0.252075735,-0.147121968,0.742410921
1497535143411040000,109604,-1.452064965,0.918256049,0.993540161,-0.603598299,0.247907212,-0.14376132,0.744005236
1497535143421080000,109605,-1.453079231,0.929670065,0.993168006,-0.602053732,0.245340057,-0.139947591,0.746829453
1497535143431070000,109606,-1.454038607,0.941012601,0.993271155,-0.601671,0.240711693,-0.1375566,0.749084822
1497535143441050000,109607,-1.455007378,0.95238156,0.993332008,-0.60016038,0.238084601,-0.134550499,0.751677726
1497535143451040000,109608,-1.455938827,0.963630257,0.994181777,-0.598570582,0.233708469,-0.133653656,0.754473532
1497535143461040000,109609,-1.456830695,0.974850924,0.994909734,-0.599881428,0.228826043,-0.133582452,0.754941483
1497535143471040000,109610,-1.457567129,0.98585978,0.996481302,-0.60083965,0.225155938,-0.131688736,0.755615375
1497535143481020000,109611,-1.458075771,0.996407356,0.998042262,-0.600972374,0.223380694,-0.132703085,0.755859221
1497535143491010000,109612,-1.458253922,1.006912612,0.999691759,-0.602822236,0.221986936,-0.132324733,0.754862449
1497535143501040000,109613,-1.458187942,1.017124302,1.002073425,-0.605193191,0.219643682,-0.132810167,0.753564406
1497535143511070000,109614,-1.457476307,1.02704016,1.003845375,-0.607893468,0.217651256,-0.133280345,0.751884174
1497535143521140000,109615,-1.456316676,1.037102571,1.006360077,-0.610495239,0.217452181,-0.133204929,0.749844356
1497535143531080000,109616,-1.454922966,1.047045806,1.008272317,-0.613282096,0.217713655,-0.134851943,0.747195281
1497535143541050000,109617,-1.453410919,1.056969507,1.010495523,-0.612104973,0.221791996,-0.13661702,0.746640209
1497535143551080000,109618,-1.451701148,1.066424253,1.011972071,-0.61177339,0.225717615,-0.138878021,0.74531723
1497535143560960000,109619,-1.449927612,1.075788401,1.013102794,-0.613475748,0.229622162,-0.141869646,0.742155087
1497535143571080000,109620,-1.448486842,1.085312982,1.014477806,-0.612542836,0.234106003,-0.146293999,0.740664377
1497535143581080000,109621,-1.44704377,1.094277694,1.015283974,-0.61273621,0.237263954,-0.151257559,0.738499359
1497535143591080000,109622,-1.44586687,1.103065645,1.015900669,-0.613814643,0.239318756,-0.154868476,0.736188748
1497535143601000000,109623,-1.445053313,1.111666293,1.016751632,-0.615828481,0.240552483,-0.1572649,0.733592214
1497535143611010000,109624,-1.444563496,1.120037319,1.017363361,-0.618464444,0.239800516,-0.158671379,0.731314458
1497535143621070000,109625,-1.444194008,1.128305952,1.018536537,-0.621998864,0.238520413,-0.157894804,0.72889962
1497535143631070000,109626,-1.443905311,1.136245804,1.019015591,-0.626822642,0.237047899,-0.156277708,0.72558869
1497535143641000000,109627,-1.443358271,1.143990323,1.020068675,-0.630544926,0.236127151,-0.154371775,0.723067369
1497535143651050000,109628,-1.44301851,1.151878553,1.020908277,-0.633800099,0.236497409,-0.152229169,0.720550269
1497535143660980000,109629,-1.442500907,1.159210508,1.021803834,-0.637676052,0.235269718,-0.150095587,0.717975437
1497535143671090000,109630,-1.442033257,1.166483315,1.022395842,-0.640112177,0.235374817,-0.148309267,0.716142065
1497535143681040000,109631,-1.441449186,1.173401111,1.022978162,-0.640304217,0.237529552,-0.145871126,0.715759622
1497535143691070000,109632,-1.440429823,1.17971319,1.023386872,-0.641789977,0.238607243,-0.14456965,0.714333133
1497535143701000000,109633,-1.439591002,1.186139378,1.023899435,-0.642545682,0.240409066,-0.144155001,0.713132431
1497535143711020000,109634,-1.438503081,1.192162296,1.024185842,-0.644296301,0.243007221,-0.144317331,0.710635121
1497535143721070000,109635,-1.437308496,1.198030384,1.024543821,-0.644759378,0.246375667,-0.144629558,0.708989892
1497535143731080000,109636,-1.435903843,1.203403422,1.024638184,-0.646550135,0.248884719,-0.146327048,0.706128681
1497535143741070000,109637,-1.434838188,1.209193862,1.024984653,-0.64720036,0.252323594,-0.147746489,0.704013831
1497535143751080000,109638,-1.433368026,1.214404763,1.025151477,-0.646830473,0.256800684,-0.148913329,0.702487415
1497535143761060000,109639,-1.432202501,1.219808384,1.02601271,-0.647841425,0.259799879,-0.150003925,0.700217347
1497535143771090000,109640,-1.430846802,1.224750752,1.02555267,-0.648797546,0.262035866,-0.152542934,0.697946705
1497535143781090000,109641,-1.429587684,1.229861317,1.025774843,-0.649324991,0.265100487,-0.15425051,0.695920662
1497535143791080000,109642,-1.428224402,1.234714394,1.02568891,-0.649552358,0.268485922,-0.154954367,0.694252251
1497535143801060000,109643,-1.427063869,1.239901438,1.025727808,-0.650090035,0.271190424,-0.157577542,0.692104051
1497535143811030000,109644,-1.425857571,1.244921166,1.025363776,-0.650272631,0.274653439,-0.159552442,0.690111594
1497535143821080000,109645,-1.424614642,1.250189776,1.025041765,-0.651038551,0.27830467,-0.161035944,0.687577443
1497535143831090000,109646,-1.423400525,1.255316691,1.024637298,-0.652147263,0.28142989,-0.163146388,0.684751357
1497535143841060000,109647,-1.42209512,1.260110326,1.023713176,-0.652748326,0.285032545,-0.164702437,0.682311643
1497535143851080000,109648,-1.421050069,1.265293907,1.023387945,-0.654161742,0.287414973,-0.167324835,0.679313954
1497535143861070000,109649,-1.419927145,1.27034679,1.022933839,-0.654431257,0.291299536,-0.168735758,0.677046937
1497535143871060000,109650,-1.418695502,1.27522228,1.022367991,-0.654965369,0.294119984,-0.170743951,0.674803899
1497535143881070000,109651,-1.417794524,1.280540262,1.022007003,-0.654644651,0.297733691,-0.171827088,0.673253653
1497535143891080000,109652,-1.416778574,1.285668456,1.02151992,-0.655092188,0.300622972,-0.174008983,0.670970139
1497535143901080000,109653,-1.415765523,1.29064773,1.020818344,-0.655943977,0.30158056,-0.176334426,0.669098525
1497535143911060000,109654,-1.414734743,1.295862092,1.020581387,-0.657371805,0.302128116,-0.17951077,0.666600926
1497535143921150000,109655,-1.413778987,1.301194121,1.019970133,-0.657664697,0.304016283,-0.181572798,0.664892898
1497535143931090000,109656,-1.412867429,1.30666821,1.019457657,-0.658607789,0.305241584,-0.183176095,0.662955409
1497535143941080000,109657,-1.412008718,1.312283975,1.018286347,-0.658357501,0.308314014,-0.182904455,0.661856352
1497535143951080000,109658,-1.411108373,1.318142484,1.017410046,-0.658485708,0.310054312,-0.184201252,0.660554914
1497535143961020000,109659,-1.409989958,1.323947417,1.016978424,-0.660870886,0.308952931,-0.189010859,0.657322336
1497535143971080000,109660,-1.409116369,1.330022755,1.016161042,-0.662599228,0.30979967,-0.191184591,0.654549372
1497535143981130000,109661,-1.408320662,1.336083159,1.015008512,-0.661519018,0.312919593,-0.192195622,0.653861423
1497535143991080000,109662,-1.407440026,1.342196285,1.014035673,-0.661648899,0.315284817,-0.194823612,0.651812841
1497535144001080000,109663,-1.406410511,1.348330893,1.013068186,-0.661846287,0.318371528,-0.196196141,0.649696957
1497535144011040000,109664,-1.405296533,1.35463671,1.012327638,-0.662367999,0.319901471,-0.199364186,0.647445444
1497535144021070000,109665,-1.404031969,1.360531071,1.01137458,-0.662987278,0.321762124,-0.201307196,0.645284757
1497535144031090000,109666,-1.403073884,1.366829515,1.010451309,-0.662070658,0.325733413,-0.201897611,0.644047779
1497535144041070000,109667,-1.402166309,1.37322017,1.009957715,-0.659487853,0.329967062,-0.202271592,0.644425102
1497535144051080000,109668,-1.40128384,1.379600791,1.008939077,-0.658999601,0.332093442,-0.204154113,0.643237569
1497535144061070000,109669,-1.400496052,1.386065684,1.007769149,-0.659135245,0.336219978,-0.204444574,0.64085823
1497535144071090000,109670,-1.39952536,1.392733076,1.006849706,-0.658176071,0.336020667,-0.206792724,0.641195087
1497535144081060000,109671,-1.39926644,1.398909282,1.004939529,-0.658877601,0.344474127,-0.206295218,0.636129048
1497535144091070000,109672,-1.398730913,1.405644736,1.003522675,-0.659462257,0.346767873,-0.208054401,0.633699408
1497535144101070000,109673,-1.398360767,1.412384301,1.00239599,-0.660345053,0.34808336,-0.210918369,0.631106827
1497535144111050000,109674,-1.398114866,1.419552336,1.001249977,-0.659391604,0.350290669,-0.212723471,0.630276039
1497535144121070000,109675,-1.397747671,1.42645501,1.000110661,-0.658684098,0.351834735,-0.21566009,0.62915682
1497535144131080000,109676,-1.397408438,1.433462952,0.998891889,-0.659160281,0.354450089,-0.218693113,0.626135913
1497535144141090000,109677,-1.39674551,1.440165543,0.997652999,-0.657794603,0.358737258,-0.222556819,0.623764621
1497535144151020000,109678,-1.396119205,1.447072992,0.996821208,-0.656813367,0.362260415,-0.225286744,0.621779281
1497535144160920000,109679,-1.395239549,1.453650699,0.995638783,-0.655337402,0.366142389,-0.229397641,0.619555779
1497535144171080000,109680,-1.394386926,1.460351283,0.994880255,-0.65388795,0.370346669,-0.23199327,0.617618827
1497535144181060000,109681,-1.393374124,1.466747603,0.994453962,-0.652059576,0.37399526,-0.235497745,0.616024891
1497535144191110000,109682,-1.392691204,1.473280337,0.993728052,-0.64947397,0.378750825,-0.238598637,0.614656054
1497535144201070000,109683,-1.391762321,1.479719093,0.993507954,-0.647900803,0.382059748,-0.24144476,0.613155223
1497535144211050000,109684,-1.390813786,1.485968278,0.993074987,-0.648105216,0.384136004,-0.247286889,0.60930153
1497535144221030000,109685,-1.390235496,1.49247765,0.993357296,-0.645210261,0.387910678,-0.248645717,0.609429514
1497535144231010000,109686,-1.389921264,1.498984087,0.993883675,-0.64179515,0.391341323,-0.248999744,0.610696391
1497535144240980000,109687,-1.389261066,1.505037808,0.994758564,-0.639306196,0.393743208,-0.25023624,0.611257472
1497535144251160000,109688,-1.388883717,1.511352622,0.995811711,-0.637035104,0.395048819,-0.252725209,0.611761943
1497535144261020000,109689,-1.388550142,1.517577411,0.996813008,-0.634764612,0.3974399,-0.252858243,0.612517855
1497535144271140000,109690,-1.388592368,1.523276783,0.997979813,-0.631684889,0.398874422,-0.254983143,0.613886791
1497535144281060000,109691,-1.388539799,1.529788955,1.000377503,-0.628449536,0.396907828,-0.257593341,0.6173824
1497535144291080000,109692,-1.38891639,1.535148206,1.001999247,-0.623756386,0.398561019,-0.258927552,0.620510764
1497535144301080000,109693,-1.389732155,1.543741464,1.003902506,-0.617186204,0.396520228,-0.268667717,0.624235978
1497535144311040000,109694,-1.390370293,1.548744581,1.005660978,-0.611820554,0.396172092,-0.273127638,0.627793419
1497535144321070000,109695,-1.390887348,1.553363379,1.00719814,-0.607648419,0.394397292,-0.276555326,0.631451761
1497535144331080000,109696,-1.391311064,1.557552127,1.008643165,-0.603033311,0.391703659,-0.281276496,0.635454642
1497535144341080000,109697,-1.391588176,1.561724781,1.010060352,-0.596906359,0.390686738,-0.286664575,0.639445144
1497535144351090000,109698,-1.391546666,1.565397716,1.011229841,-0.592394537,0.390507729,-0.291691466,0.641473706
1497535144361050000,109699,-1.391382316,1.568579987,1.012339828,-0.586446929,0.390255705,-0.29775431,0.644300284
1497535144371080000,109700,-1.390870526,1.571447703,1.013528737,-0.578791071,0.393088151,-0.303975475,0.646592231
1497535144381080000,109701,-1.390259203,1.574083819,1.014604916,-0.572421889,0.395792001,-0.310283523,0.647615633
1497535144391090000,109702,-1.389729486,1.576332624,1.015813715,-0.565994377,0.399447023,-0.315231534,0.648630496
1497535144401070000,109703,-1.388817543,1.57838852,1.017131414,-0.560262963,0.403018928,-0.321064692,0.64853575
1497535144410930000,109704,-1.387839292,1.580302055,1.018559264,-0.554945182,0.40692316,-0.32635405,0.648029645
1497535144421080000,109705,-1.387054957,1.582098025,1.020066827,-0.548913078,0.410343121,-0.331491915,0.648402704
1497535144431070000,109706,-1.386344945,1.583770294,1.021638228,-0.542511521,0.413184887,-0.33742355,0.648925918
1497535144441070000,109707,-1.385659103,1.585556344,1.023330138,-0.536968989,0.415627888,-0.342726096,0.649196878
1497535144451090000,109708,-1.384951554,1.587403461,1.024921451,-0.532418451,0.418113494,-0.34748771,0.648817378
1497535144461070000,109709,-1.384317622,1.589469194,1.026752897,-0.526797341,0.419581936,-0.353372794,0.649279007
1497535144471060000,109710,-1.383833329,1.591330084,1.028322292,-0.523004775,0.420509981,-0.358584232,0.648887286
1497535144481010000,109711,-1.383232739,1.59150173,1.029633723,-0.516861713,0.424045732,-0.362771598,0.649180987
1497535144491090000,109712,-1.382407094,1.594200337,1.031176679,-0.513459246,0.425242364,-0.36806767,0.64811629
1497535144501080000,109713,-1.381379287,1.597282008,1.032908377,-0.510881402,0.426012763,-0.37258978,0.647062728
1497535144511040000,109714,-1.380366549,1.600536291,1.034397742,-0.508463854,0.428512307,-0.376399675,0.645108515
1497535144521070000,109715,-1.379827046,1.602516022,1.034646871,-0.508188509,0.426219739,-0.38174884,0.643699461
1497535144531090000,109716,-1.378809417,1.604779544,1.03529228,-0.504950306,0.428266082,-0.38648292,0.642062539
1497535144541090000,109717,-1.377736862,1.606923342,1.035567513,-0.503015781,0.430876539,-0.390147613,0.639613455
1497535144551070000,109718,-1.376458324,1.60918597,1.035778637,-0.499837369,0.43369246,-0.394607786,0.637462273
1497535144561050000,109719,-1.375280607,1.611370813,1.035795703,-0.496678675,0.436280926,-0.398933438,0.635469401
1497535144571060000,109720,-1.373995227,1.613315646,1.035567368,-0.494572553,0.438509632,-0.402720957,0.633184905
1497535144581060000,109721,-1.372390555,1.6157125,1.035595797,-0.49196426,0.441251511,-0.406724765,0.630748157
1497535144591050000,109722,-1.370721465,1.618494666,1.035674374,-0.490860898,0.443500087,-0.410059691,0.627864875
1497535144601020000,109723,-1.368861638,1.621250745,1.035650794,-0.489121827,0.446528607,-0.413920877,0.624533065
1497535144611040000,109724,-1.367062505,1.624182099,1.035553644,-0.486904534,0.448434832,-0.417062362,0.622807484
1497535144621100000,109725,-1.365006885,1.626987976,1.035383893,-0.485172531,0.451463437,-0.419965642,0.620013903
1497535144631080000,109726,-1.362923207,1.629920566,1.034806165,-0.484362893,0.454338135,-0.422134525,0.617067168
1497535144641080000,109727,-1.360524858,1.633234092,1.034411222,-0.482648941,0.457546631,-0.423934732,0.614801125
1497535144651110000,109728,-1.358018488,1.636411597,1.033706866,-0.482099982,0.460022693,-0.424858618,0.612742918
1497535144661030000,109729,-1.355358827,1.639900275,1.032808892,-0.480998133,0.463382362,-0.426844775,0.609689364
1497535144670980000,109730,-1.352677487,1.643399711,1.031866897,-0.480550541,0.46664744,-0.427886058,0.606815347
1497535144681020000,109731,-1.349751284,1.646983307,1.030861072,-0.479414281,0.469775865,-0.42964194,0.604053298
1497535144691070000,109732,-1.346800783,1.650823209,1.029630209,-0.478966233,0.473552848,-0.430594697,0.600772215
1497535144701110000,109733,-1.343744211,1.654490715,1.028298544,-0.478601355,0.476208594,-0.431781636,0.598105959
1497535144711010000,109734,-1.34052013,1.658369214,1.026986247,-0.47821376,0.479022659,-0.433064392,0.595234512
1497535144721080000,109735,-1.337210484,1.662140242,1.025561552,-0.4782879,0.481291904,-0.434391532,0.592370479
1497535144731020000,109736,-1.3338368,1.666091491,1.024105351,-0.477753797,0.483531502,-0.435791639,0.589944271
1497535144741100000,109737,-1.330341043,1.67001855,1.022690055,-0.477325072,0.485077377,-0.437235584,0.587950472
1497535144751090000,109738,-1.326930462,1.673856793,1.021239677,-0.476743745,0.486811725,-0.438733499,0.585869151
1497535144761080000,109739,-1.323427535,1.677880125,1.019903479,-0.476018021,0.488534161,-0.439751117,0.584260363
1497535144771130000,109740,-1.320139464,1.68163706,1.018467836,-0.47515249,0.489947109,-0.440430385,0.58326925
1497535144781040000,109741,-1.316840796,1.685354654,1.017292502,-0.473144067,0.49148871,-0.44168497,0.582655924
1497535144791080000,109742,-1.313677416,1.689126656,1.016205583,-0.468519863,0.492610257,-0.444836757,0.583047624
1497535144801070000,109743,-1.310410872,1.692812347,1.014985044,-0.465576215,0.493846095,-0.446671216,0.582957672
1497535144811020000,109744,-1.307163576,1.696491755,1.013826163,-0.460420912,0.494138907,-0.450853618,0.583584047
1497535144821130000,109745,-1.303556506,1.700409767,1.012810691,-0.456629148,0.494564193,-0.453311964,0.584298164
1497535144831120000,109746,-1.299354285,1.7044117,1.011831054,-0.452664494,0.495650612,-0.455875742,0.584467821
1497535144841070000,109747,-1.294569972,1.70870664,1.010985517,-0.447390894,0.496929502,-0.459641926,0.584492735
1497535144851100000,109748,-1.289342609,1.713162837,1.010140242,-0.444134236,0.497871783,-0.461918538,0.584379784
1497535144861070000,109749,-1.28404027,1.717808175,1.009320487,-0.441416337,0.497026668,-0.463097057,0.586222846
1497535144871180000,109750,-1.278377411,1.722728104,1.008572508,-0.439484826,0.496668165,-0.464508236,0.586861075
1497535144881080000,109751,-1.272045315,1.72813767,1.008087571,-0.438343339,0.494874695,-0.464917112,0.588902566
1497535144891100000,109752,-1.265396703,1.733700974,1.007671959,-0.437543756,0.492410775,-0.466534004,0.590282232
1497535144901090000,109753,-1.258627898,1.73938055,1.007681873,-0.439740976,0.489612564,-0.465213596,0.592016656
1497535144911000000,109754,-1.251712516,1.744973953,1.007642933,-0.441058347,0.486705636,-0.466497966,0.592422827
1497535144921060000,109755,-1.244700362,1.750450007,1.007890763,-0.44177767,0.483843888,-0.467755007,0.593239274
1497535144931100000,109756,-1.23776842,1.75555541,1.008599328,-0.443542302,0.481071835,-0.467702688,0.594217394
1497535144941090000,109757,-1.230813503,1.760149306,1.009255847,-0.442658581,0.479781645,-0.469515641,0.594489711
1497535144951040000,109758,-1.224100962,1.764208155,1.010293473,-0.443272056,0.479622047,-0.471172678,0.592848112
1497535144961030000,109759,-1.217002045,1.767725992,1.011625014,-0.442820747,0.481360048,-0.472159273,0.590988927
1497535144971030000,109760,-1.209969704,1.770672911,1.013161738,-0.442524064,0.483243033,-0.473749018,0.588396543
1497535144981010000,109761,-1.202989608,1.773239304,1.014712295,-0.440463576,0.485370603,-0.475694568,0.586619036
1497535144991120000,109762,-1.195670362,1.775735893,1.016337896,-0.438001059,0.488387461,-0.477521534,0.584470653
1497535145001090000,109763,-1.188133544,1.777978038,1.017850755,-0.435222771,0.493431843,-0.479058311,0.581041557
1497535145010990000,109764,-1.180657091,1.780315396,1.01911278,-0.432277137,0.497326758,-0.480180087,0.578990204
1497535145021110000,109765,-1.173189908,1.782484419,1.020156176,-0.431040402,0.502438352,-0.48100307,0.574800766
1497535145031110000,109766,-1.165812703,1.784933324,1.021116725,-0.428381979,0.505415457,-0.482909202,0.572575583
1497535145041090000,109767,-1.158577724,1.787327769,1.021885795,-0.42733803,0.509021638,-0.484977168,0.568398035
1497535145051100000,109768,-1.151533235,1.789927487,1.022592212,-0.426895732,0.511752644,-0.486903755,0.564618454
1497535145061090000,109769,-1.144852049,1.792506957,1.023173188,-0.427329762,0.514385244,-0.488858485,0.560191464
1497535145071020000,109770,-1.138293464,1.795157079,1.023689588,-0.427948626,0.516861267,-0.489924498,0.556496533
1497535145081100000,109771,-1.132080942,1.797760461,1.024224945,-0.430026287,0.519589475,-0.490000335,0.552271529
1497535145091100000,109772,-1.12632324,1.800239016,1.024698054,-0.431001288,0.521845477,-0.489946395,0.549424898
1497535145101070000,109773,-1.120415104,1.802646445,1.025182213,-0.433143051,0.52417329,-0.489052674,0.546312128
1497535145111070000,109774,-1.114774318,1.805095131,1.025699344,-0.435023401,0.526473218,-0.487507056,0.543982961
1497535145121090000,109775,-1.109387069,1.807383241,1.026193514,-0.436394258,0.528694301,-0.48659613,0.541540944
1497535145131110000,109776,-1.104018951,1.809576202,1.026660059,-0.43751956,0.531111048,-0.485544035,0.539207454
1497535145141110000,109777,-1.098948756,1.811577836,1.026889231,-0.437733168,0.533433135,-0.484376509,0.537790073
1497535145151110000,109778,-1.094137553,1.813254408,1.027169838,-0.437439542,0.535465383,-0.484186755,0.536177822
1497535145161000000,109779,-1.089281541,1.814749171,1.027355682,-0.435727563,0.537786385,-0.48434439,0.535105417
1497535145171120000,109780,-1.08450526,1.816162022,1.027551019,-0.434859114,0.541282245,-0.483413518,0.533125175
1497535145181110000,109781,-1.07972877,1.817142537,1.027480892,-0.431912709,0.545448201,-0.483795103,0.530923695
1497535145191100000,109782,-1.075219071,1.817944457,1.027508281,-0.430486922,0.549429581,-0.483392869,0.528336521
1497535145201090000,109783,-1.070551652,1.818736218,1.027597652,-0.427987296,0.553971981,-0.483751007,0.525287428
1497535145211080000,109784,-1.066105032,1.819513071,1.027623185,-0.425233432,0.559186809,-0.483532385,0.522190648
1497535145221090000,109785,-1.061885907,1.820247691,1.027589475,-0.421718465,0.563395355,-0.484239326,0.519857177
1497535145231100000,109786,-1.057780592,1.820946006,1.027576325,-0.419178505,0.567614275,-0.484855998,0.516737919
1497535145241070000,109787,-1.053848288,1.821721003,1.027522574,-0.417333236,0.571893424,-0.485794471,0.512615464
1497535145251140000,109788,-1.049827984,1.82293787,1.027603848,-0.415408589,0.574794765,-0.486609137,0.510155104
1497535145261060000,109789,-1.045807902,1.824239788,1.027631912,-0.413802642,0.578025635,-0.487383523,0.50706118
1497535145271110000,109790,-1.041924989,1.825547837,1.027499249,-0.412873654,0.580555596,-0.488774698,0.503577045
1497535145281100000,109791,-1.038120958,1.826777591,1.027347267,-0.413412824,0.582541577,-0.488696252,0.500910292
1497535145291100000,109792,-1.033989304,1.828313568,1.02710186,-0.412177668,0.584954475,-0.489776821,0.498052706
1497535145301110000,109793,-1.029934196,1.829797863,1.026847983,-0.411290495,0.587839473,-0.490508843,0.494657414
1497535145311070000,109794,-1.025958929,1.831097243,1.026469653,-0.410561007,0.589918173,-0.491452676,0.491843955
1497535145321100000,109795,-1.021887229,1.832384725,1.026015625,-0.409217367,0.592285006,-0.492404892,0.489159525
1497535145331120000,109796,-1.017669764,1.833955814,1.025611821,-0.40810296,0.595271823,-0.492833879,0.486022838
1497535145341110000,109797,-1.013472373,1.835264317,1.025071796,-0.407167223,0.597380085,-0.493927803,0.483101658
1497535145351100000,109798,-1.009204276,1.836764629,1.024676054,-0.406415937,0.600337452,-0.494725397,0.479236697
1497535145361050000,109799,-1.004885915,1.838216264,1.024135436,-0.405154793,0.602853039,-0.496155138,0.475655218
1497535145371050000,109800,-1.000412669,1.839988593,1.023596916,-0.403828496,0.604746487,-0.49711313,0.473373815
1497535145381110000,109801,-0.995755263,1.841580126,1.023116354,-0.403100987,0.606661001,-0.498150092,0.470445013
1497535145391120000,109802,-0.991212354,1.843408991,1.022622162,-0.403040438,0.609290967,-0.498368097,0.46685347
1497535145401080000,109803,-0.986367453,1.845371264,1.021922964,-0.401964728,0.611423496,-0.498621078,0.464717856
1497535145411050000,109804,-0.981291391,1.847138164,1.021353991,-0.402071345,0.612954674,-0.499505471,0.461648661
1497535145421100000,109805,-0.976245065,1.849399569,1.020763071,-0.401243603,0.615242359,-0.499512767,0.459311883
1497535145431120000,109806,-0.970981336,1.851479421,1.020113103,-0.401620028,0.61716585,-0.499031555,0.456919219
1497535145441100000,109807,-0.965926479,1.853598616,1.019366542,-0.401570931,0.619066239,-0.499360293,0.454023211
1497535145451080000,109808,-0.960358261,1.855893637,1.018607693,-0.401753576,0.620776632,-0.499205403,0.451690605
1497535145461100000,109809,-0.954831904,1.858312635,1.018022737,-0.402157311,0.622252883,-0.499224972,0.449271937
1497535145471050000,109810,-0.949438957,1.860449387,1.017125703,-0.401800259,0.624053426,-0.499917436,0.446314273
1497535145481090000,109811,-0.943923127,1.86269441,1.01650049,-0.401911401,0.625526725,-0.499965026,0.444092913
1497535145491060000,109812,-0.938114287,1.865177884,1.015601749,-0.401417728,0.627787737,-0.500282169,0.440980857
1497535145501080000,109813,-0.93264283,1.867389765,1.014722641,-0.400569615,0.629358276,-0.50107047,0.438612047
1497535145511090000,109814,-0.926648539,1.869808832,1.013818606,-0.400429508,0.631199048,-0.501540555,0.435546831
1497535145521100000,109815,-0.920714764,1.872453258,1.012950563,-0.399463409,0.632532653,-0.502450776,0.433445089
1497535145531120000,109816,-0.914773956,1.87489146,1.011903882,-0.400121384,0.634248435,-0.502480907,0.430284486
1497535145541110000,109817,-0.908696474,1.877639564,1.010742861,-0.398572166,0.636033418,-0.502623152,0.428919207
1497535145551060000,109818,-0.902573579,1.880387887,1.009738323,-0.398767637,0.637253652,-0.503276557,0.426151219
1497535145561090000,109819,-0.89614018,1.883346168,1.008647221,-0.398981708,0.638917485,-0.502133115,0.424806284
1497535145571090000,109820,-0.889788072,1.886356641,1.007486734,-0.398849064,0.640020766,-0.502482059,0.422852958
1497535145581110000,109821,-0.883219948,1.889438345,1.006450463,-0.399158377,0.641181401,-0.502217325,0.421113714
1497535145591110000,109822,-0.876689011,1.892759255,1.005208669,-0.398516782,0.642341173,-0.502275099,0.419883218
1497535145601040000,109823,-0.869910276,1.895930373,1.004117553,-0.398833422,0.6424757,-0.503532417,0.417865985
1497535145611060000,109824,-0.863121543,1.899294199,1.002757764,-0.399672996,0.643817835,-0.503301554,0.41526815
1497535145621120000,109825,-0.855986935,1.902908914,1.001447964,-0.400754201,0.645725037,-0.502445245,0.412291186
1497535145631120000,109826,-0.848956625,1.90652731,1.000194619,-0.401166564,0.646661836,-0.50294069,0.409810346
1497535145641100000,109827,-0.841767508,1.910299105,0.998797438,-0.400944791,0.648085876,-0.50401888,0.406439344
1497535145651110000,109828,-0.834276092,1.914297797,0.997520798,-0.401579157,0.64980118,-0.504040163,0.403033648
1497535145661010000,109829,-0.82681894,1.91834077,0.996155609,-0.400219969,0.651236738,-0.504912101,0.400971892
1497535145671020000,109830,-0.819238725,1.922367044,0.995136492,-0.401028215,0.652830913,-0.505069019,0.397358096
1497535145681070000,109831,-0.811722396,1.926465654,0.993980092,-0.399703718,0.654470001,-0.507385606,0.393021376
1497535145691040000,109832,-0.803803304,1.930843949,0.993108411,-0.397812436,0.65613879,-0.508880451,0.390215121
1497535145701070000,109833,-0.795702651,1.935178591,0.992538729,-0.396846325,0.657864239,-0.509289445,0.387752367
1497535145711060000,109834,-0.787836799,1.939558331,0.992059743,-0.395149205,0.658686314,-0.510931402,0.385925573
1497535145721110000,109835,-0.779872974,1.944072222,0.991950117,-0.393498913,0.659318302,-0.512220211,0.384822606
1497535145731160000,109836,-0.771467028,1.948728017,0.992021088,-0.392989732,0.659960146,-0.512389959,0.384015892
1497535145741100000,109837,-0.763280785,1.953456874,0.992216524,-0.390740983,0.660203793,-0.513700998,0.384140236
1497535145751110000,109838,-0.754726863,1.958235262,0.992697525,-0.38945757,0.660680317,-0.513489908,0.384905747
1497535145761100000,109839,-0.746606688,1.962828885,0.993255016,-0.387411314,0.660873242,-0.513981431,0.38598202
1497535145771140000,109840,-0.73834772,1.967772098,0.994223707,-0.38573403,0.660888093,-0.513861446,0.387791956
1497535145781120000,109841,-0.730313902,1.972699903,0.995394531,-0.384616582,0.659697735,-0.514650327,0.389876935
1497535145791120000,109842,-0.722342408,1.977921974,0.996626076,-0.382336867,0.658493836,-0.514934863,0.393759412
1497535145801060000,109843,-0.714741258,1.983113241,0.99829513,-0.38072351,0.656009613,-0.516741019,0.397089054
1497535145811080000,109844,-0.70734766,1.988405747,1.000085827,-0.378618749,0.654021472,-0.518020141,0.400698004
1497535145821110000,109845,-0.700218116,1.9937595,1.002068808,-0.377347125,0.650966778,-0.520134762,0.404117842
1497535145831100000,109846,-0.693581361,1.998980412,1.00404157,-0.375446683,0.646682679,-0.523595594,0.408275588
1497535145841100000,109847,-0.687139172,2.004112884,1.005820748,-0.374207377,0.642530202,-0.52712141,0.411420464
1497535145851110000,109848,-0.680925995,2.009177946,1.007494483,-0.372136684,0.63738832,-0.531811821,0.415242827
1497535145861000000,109849,-0.674858439,2.013965067,1.00911396,-0.370085308,0.632554021,-0.536426062,0.418520436
1497535145871090000,109850,-0.668929247,2.018433751,1.010509853,-0.367462776,0.628582341,-0.540381132,0.421715047
1497535145881080000,109851,-0.663274593,2.022400431,1.011793463,-0.363986471,0.624749286,-0.544999696,0.424473215
1497535145891090000,109852,-0.657449003,2.026184756,1.013122073,-0.359755107,0.62170054,-0.549213593,0.427117234
1497535145901070000,109853,-0.651900771,2.029420333,1.014368839,-0.353900474,0.619681995,-0.553680916,0.429169108
1497535145911080000,109854,-0.646486975,2.032449972,1.015595866,-0.347715841,0.618719179,-0.557339039,0.430875233
1497535145921110000,109855,-0.641148517,2.035247901,1.016959311,-0.340347877,0.618074284,-0.560767302,0.433229195
1497535145931100000,109856,-0.635916043,2.037896432,1.018414246,-0.333381806,0.618095175,-0.563698251,0.434809392
1497535145941130000,109857,-0.630736978,2.040315407,1.019869919,-0.327163459,0.617173187,-0.566820743,0.436778633
1497535145951060000,109858,-0.62560866,2.042632098,1.021196828,-0.320481219,0.617561785,-0.569253784,0.438017533
1497535145961030000,109859,-0.620564679,2.044990263,1.022644046,-0.313824829,0.616534594,-0.57258485,0.439938246
1497535145971110000,109860,-0.615523942,2.047321454,1.024132961,-0.308848585,0.616083371,-0.574979059,0.440968154
1497535145981120000,109861,-0.610226313,2.04980128,1.025667969,-0.30397195,0.615229462,-0.576440262,0.443633168
1497535145991020000,109862,-0.604976846,2.052120688,1.027432919,-0.300322974,0.61361361,-0.578920846,0.445123694
1497535146001010000,109863,-0.59954946,2.054785944,1.029083861,-0.296875528,0.611416769,-0.580852186,0.447934363
1497535146011060000,109864,-0.594150608,2.057397761,1.03081434,-0.294503402,0.608731279,-0.582666892,0.450791825
1497535146021200000,109865,-0.588639825,2.060134542,1.032518389,-0.292767391,0.605537858,-0.584509607,0.453827806
1497535146031140000,109866,-0.582926393,2.062808618,1.034295342,-0.292222528,0.602397562,-0.586653,0.455589101
1497535146041110000,109867,-0.577093977,2.065500149,1.035920258,-0.29116165,0.599622375,-0.588503051,0.457539135
1497535146051130000,109868,-0.571174955,2.068260211,1.037639463,-0.290329472,0.597606798,-0.589170384,0.459840376
1497535146061090000,109869,-0.565127317,2.070771215,1.038965281,-0.290351037,0.595317812,-0.590314311,0.46132634
1497535146071080000,109870,-0.559131991,2.073196612,1.040109889,-0.290353211,0.593752869,-0.590771332,0.462754552
1497535146081110000,109871,-0.552989835,2.075628999,1.04130354,-0.291580563,0.593297068,-0.590427906,0.463005672
1497535146091060000,109872,-0.546586908,2.078265003,1.042074891,-0.290734708,0.591910464,-0.591320355,0.464171919
1497535146101150000,109873,-0.540469908,2.080596383,1.043011753,0.292965256,-0.589720531,0.591958332,-0.464743356
1497535146111070000,109874,-0.534667047,2.082931375,1.043253048,0.29420209,-0.588689825,0.591627773,-0.465688736
1497535146121110000,109875,-0.528068751,2.08549569,1.043900713,0.295693025,-0.587568583,0.592792242,-0.464678547
1497535146131130000,109876,-0.521882132,2.087822398,1.043934911,0.296852185,-0.58564925,0.593255758,-0.465769624
1497535146141120000,109877,-0.515625152,2.090245919,1.043960006,0.299118374,-0.584356258,0.59281717,-0.466501624
1497535146151130000,109878,-0.508952946,2.092634669,1.043820211,0.300097154,-0.583711429,0.593314568,-0.466047733
1497535146161040000,109879,-0.502206226,2.09481561,1.04330733,0.302044262,-0.583070071,0.593083021,-0.465887418
1497535146171120000,109880,-0.495112473,2.097171824,1.042586759,0.304221814,-0.584051019,0.591386972,-0.465397621
1497535146181130000,109881,-0.48849994,2.099259334,1.041606935,0.306641344,-0.584249147,0.590339924,-0.464890089
1497535146191140000,109882,-0.481248472,2.101449222,1.040398262,0.307729169,-0.585331554,0.589794429,-0.463500013
1497535146201120000,109883,-0.473987775,2.103516509,1.039087428,0.310769195,-0.586398787,0.588116654,-0.46225293
1497535146211110000,109884,-0.466449738,2.105793561,1.037381999,-0.311277523,0.588320832,-0.587279123,0.460530275
1497535146221120000,109885,-0.458684956,2.107959855,1.035676565,-0.313349725,0.589644399,-0.586244626,0.458746848
1497535146231130000,109886,-0.451206149,2.109960874,1.033639997,-0.315580168,0.590830356,-0.58415323,0.45835974
1497535146241070000,109887,-0.443216881,2.112080783,1.031617857,-0.317329396,0.591806314,-0.583413745,0.456832293
1497535146251110000,109888,-0.435052717,2.114192419,1.029647737,-0.321281986,0.592165942,-0.580966003,0.456722985
1497535146261080000,109889,-0.426478034,2.116578866,1.027877346,-0.322981957,0.592289092,-0.579756713,0.456900909
1497535146271100000,109890,-0.418493227,2.118543893,1.025977216,-0.325514886,0.592071337,-0.578663331,0.456771651
1497535146281110000,109891,-0.410067834,2.12112998,1.024168551,-0.326011108,0.592095341,-0.577398228,0.457985971
1497535146291120000,109892,-0.401798417,2.123702784,1.022639443,-0.326084898,0.591323698,-0.576733026,0.459765093
1497535146301090000,109893,-0.394173532,2.125984888,1.021035693,-0.325360445,0.590662181,-0.575861848,0.46221413
1497535146311080000,109894,-0.386302619,2.12836211,1.019544432,-0.32405134,0.589244975,-0.57628547,0.464409458
1497535146321090000,109895,-0.378620745,2.130682714,1.018356281,-0.322755295,0.587438851,-0.57717053,0.466496297
1497535146331130000,109896,-0.370482459,2.13290278,1.01710283,-0.320942768,0.586060134,-0.57802159,0.468423207
1497535146341120000,109897,-0.362360326,2.134915157,1.015959368,-0.32002235,0.584330378,-0.579644689,0.469207565
1497535146351080000,109898,-0.353729585,2.136931372,1.014880924,-0.317996178,0.582383135,-0.581097145,0.471205287
1497535146361100000,109899,-0.344808293,2.138913548,1.013867119,0.316099556,-0.581273123,0.58205197,-0.472671272
1497535146371120000,109900,-0.335820299,2.14069058,1.012564163,0.313276755,-0.579633126,0.58356848,-0.474690366
1497535146381120000,109901,-0.326049937,2.142633668,1.011733759,0.309966939,-0.578300307,0.584902454,-0.476842082
1497535146391080000,109902,-0.315958631,2.144518867,1.011312453,0.307458618,-0.575756856,0.586084928,-0.480080929
1497535146401030000,109903,-0.306019647,2.146361405,1.011020753,0.306602448,-0.573248738,0.586642071,-0.48294089
1497535146411050000,109904,-0.295492974,2.148506343,1.011635221,0.306962146,-0.570748913,0.586941409,-0.485303721
1497535146421170000,109905,-0.284930796,2.150635393,1.012702488,0.306961625,-0.568106752,0.587761029,-0.487407686
1497535146431120000,109906,-0.274671297,2.152408392,1.014097741,0.308433188,-0.565800609,0.588346364,-0.488453883
1497535146441150000,109907,-0.264340022,2.15415374,1.015980113,0.310142192,-0.564230341,0.589162242,-0.488204666
1497535146451190000,109908,-0.253933865,2.155539647,1.018160793,0.310868952,-0.564576647,0.589580922,-0.486834716
1497535146461130000,109909,-0.243973816,2.156554659,1.020514711,0.313025737,-0.56538047,0.588917272,-0.485320779
1497535146471080000,109910,-0.234132295,2.156991151,1.022576993,0.314641316,-0.566155265,0.588940688,-0.483340382
1497535146481110000,109911,-0.224325848,2.157240751,1.024830896,0.31548197,-0.566851847,0.58924021,-0.481607812
1497535146491130000,109912,-0.214383213,2.157191062,1.027007074,0.314350019,-0.567819923,0.590900949,-0.479166641
1497535146501170000,109913,-0.204468368,2.156950041,1.029033595,0.312811395,-0.570105109,0.592087277,-0.475985138
1497535146511120000,109914,-0.194801738,2.156587746,1.030637337,0.311564265,-0.573113167,0.592708551,-0.472404044
1497535146521180000,109915,-0.185059812,2.156139871,1.032113183,0.307627886,-0.576212282,0.594788475,-0.468584207
1497535146531120000,109916,-0.175632187,2.155687293,1.033561418,0.304725978,-0.579543069,0.596284981,-0.464452506
1497535146541130000,109917,-0.166390728,2.155250649,1.034839817,0.303059574,-0.582914228,0.597529117,-0.459700828
1497535146551130000,109918,-0.157211339,2.155168699,1.036084167,0.301766434,-0.586202878,0.598251819,-0.455409668
1497535146561090000,109919,-0.148229711,2.155205431,1.037281446,0.302132806,-0.589386407,0.598588671,-0.450589651
1497535146571160000,109920,-0.139534775,2.155534358,1.038268902,0.305577488,-0.591754427,0.597289992,-0.446871081
1497535146581130000,109921,-0.131122377,2.155867185,1.039163615,0.308804267,-0.594081971,0.595707823,-0.443665106
1497535146591170000,109922,-0.122901423,2.156410311,1.040236487,-0.311692172,0.597135267,-0.593166826,0.44094283
1497535146601090000,109923,-0.114718251,2.156967901,1.041157238,-0.313327171,0.599276238,-0.591760992,0.438763038
1497535146611080000,109924,-0.107108182,2.157399727,1.041725219,-0.315830542,0.601404483,-0.589211217,0.437485838
1497535146621130000,109925,-0.099517019,2.157989948,1.042420413,-0.318202211,0.60360772,-0.587017693,0.43567798
1497535146631150000,109926,-0.092187581,2.158479899,1.042951346,-0.320615802,0.605389749,-0.584552719,0.434749213
1497535146641100000,109927,-0.085182376,2.159067715,1.043300196,-0.32100279,0.606434242,-0.583868335,0.433926821
1497535146651050000,109928,-0.07851621,2.159415565,1.043644354,-0.322356894,0.607298932,-0.582402191,0.433683903
1497535146661040000,109929,-0.072091288,2.159704535,1.043921241,-0.322533893,0.609104368,-0.581467714,0.432271968
1497535146671160000,109930,-0.065576527,2.159847966,1.04413887,-0.321268714,0.611290782,-0.580965131,0.430801011
1497535146681120000,109931,-0.05944525,2.159910287,1.04422594,-0.321053195,0.614461912,-0.579399635,0.428552759
1497535146691140000,109932,-0.053564675,2.159669265,1.04425122,-0.31946827,0.616989407,-0.578705087,0.427041588
1497535146701080000,109933,-0.047815241,2.15928959,1.044343415,-0.319312555,0.620348158,-0.577407551,0.424037941
1497535146711110000,109934,-0.042145184,2.158999944,1.044382112,-0.316380345,0.623232027,-0.577114944,0.422402248
1497535146721110000,109935,-0.036660236,2.15867372,1.044517146,-0.313609098,0.626484473,-0.576188332,0.420919878
1497535146731140000,109936,-0.031199399,2.158421343,1.044482069,-0.31015299,0.629041501,-0.576525537,0.419201882
1497535146741150000,109937,-0.025755393,2.158313471,1.044387149,-0.307860992,0.631269127,-0.576444438,0.417651421
1497535146751120000,109938,-0.020315856,2.158392782,1.044290712,-0.305933772,0.633599254,-0.576286772,0.415752413
1497535146761090000,109939,-0.014819197,2.15861867,1.043999035,-0.305063015,0.63658819,-0.575097247,0.413467278
1497535146771110000,109940,-0.009042243,2.158865747,1.043729869,-0.304220843,0.636848285,-0.575664948,0.412896849
1497535146781120000,109941,-0.003255497,2.159330589,1.043399591,-0.304256835,0.640627304,-0.57410196,0.409183791
1497535146791140000,109942,0.002718624,2.159860758,1.043070262,-0.303635493,0.641587115,-0.574547626,0.40751256
1497535146801180000,109943,0.008547376,2.160432472,1.04254894,-0.304157807,0.644323424,-0.573553113,0.404193246
1497535146811110000,109944,0.014407988,2.160971472,1.041903859,-0.304303864,0.646766668,-0.57278621,0.401258013
1497535146821140000,109945,0.02033594,2.16160293,1.041235669,-0.304276424,0.649835253,-0.571751744,0.397781278
1497535146831150000,109946,0.026354205,2.162236594,1.040460868,-0.303959204,0.653233615,-0.570164126,0.394724608
1497535146841120000,109947,0.032438177,2.162851219,1.039785502,-0.303647343,0.654849733,-0.570679596,0.391528949
1497535146851140000,109948,0.038844369,2.163403621,1.03915146,-0.304088878,0.656667583,-0.569675015,0.389599816
1497535146861130000,109949,0.045058554,2.164252229,1.038222719,-0.30392735,0.659544721,-0.568159091,0.387071277
1497535146871150000,109950,0.051667397,2.164963632,1.037655239,-0.304142347,0.661179057,-0.567917616,0.38445971
1497535146881130000,109951,0.058369874,2.165708576,1.036888204,-0.304264919,0.662889873,-0.567500496,0.38202495
1497535146891130000,109952,0.065183319,2.16655162,1.035934429,-0.305094657,0.665159144,-0.56605408,0.379556771
1497535146901140000,109953,0.072177468,2.167398024,1.035011803,-0.306621432,0.667201334,-0.564532981,0.376998927
1497535146911110000,109954,0.07941775,2.168530599,1.034144511,-0.306356337,0.669107513,-0.563248034,0.375756015
1497535146921180000,109955,0.086597249,2.169594756,1.033015707,-0.307682393,0.670831036,-0.562084101,0.373334608
1497535146931150000,109956,0.09400118,2.170704022,1.032334801,-0.309918245,0.671427718,-0.561394697,0.371445145
1497535146941150000,109957,0.101329936,2.171915883,1.031183673,-0.310717426,0.673260266,-0.560028393,0.369517921
1497535146951120000,109958,0.108651423,2.173095509,1.03016903,-0.312237172,0.674287586,-0.560073328,0.366281405
1497535146960930000,109959,0.115993137,2.174279625,1.028899951,-0.312821054,0.675872264,-0.55905344,0.364415863
1497535146971160000,109960,0.123557365,2.175495389,1.027945678,-0.314050917,0.676816942,-0.559389708,0.361073404
1497535146981150000,109961,0.130980727,2.176649793,1.0266838,-0.314210536,0.678582659,-0.559356155,0.357656267
1497535146991170000,109962,0.138443969,2.177958131,1.025435255,-0.313886651,0.679588173,-0.559886684,0.355192885
1497535147001130000,109963,0.145759641,2.179085018,1.023957355,-0.313849338,0.681735712,-0.559344116,0.351950525
1497535147011130000,109964,0.153230928,2.180378344,1.022812219,-0.313002942,0.683542144,-0.559031254,0.349690367
1497535147021150000,109965,0.16063033,2.181580787,1.021536203,-0.312529437,0.685213157,-0.55893139,0.34699277
1497535147031150000,109966,0.168056613,2.182974233,1.020479463,-0.311910421,0.686598064,-0.558596551,0.34534748
1497535147041140000,109967,0.175477544,2.184359939,1.019095622,-0.310719796,0.688176755,-0.558677641,0.343140285
1497535147051110000,109968,0.183108451,2.186124394,1.017978811,-0.309416739,0.689090509,-0.559031121,0.341906064
1497535147061090000,109969,0.190625668,2.187783218,1.016583489,-0.308967717,0.690575317,-0.559152929,0.339105712
1497535147071160000,109970,0.198529724,2.189835438,1.015378714,-0.307960864,0.691473808,-0.559248876,0.338030729
1497535147081130000,109971,0.206700439,2.19209342,1.014129477,-0.307365618,0.692377303,-0.559942652,0.335565603
1497535147091150000,109972,0.215038659,2.194373003,1.013075734,-0.307554248,0.693227711,-0.560140421,0.333299315
1497535147101150000,109973,0.223662337,2.197033287,1.012133775,-0.30696874,0.693926218,-0.560485182,0.331802587
1497535147111090000,109974,0.232113098,2.199492687,1.011079,-0.306541788,0.694708629,-0.561302695,0.329167644
1497535147121130000,109975,0.241183507,2.202062386,1.010689524,-0.306590682,0.69493925,-0.562252697,0.327006877
1497535147131140000,109976,0.249916443,2.204671338,1.009984067,-0.305336453,0.69635543,-0.562234082,0.325194715
1497535147141140000,109977,0.258736842,2.207333736,1.009844654,-0.30360608,0.696593067,-0.563816125,0.323562706
1497535147151140000,109978,0.267601038,2.209812526,1.009797896,-0.303546405,0.697024261,-0.564020484,0.32233159
1497535147161010000,109979,0.276587121,2.212604968,1.009811708,-0.300976713,0.697708769,-0.564409486,0.32257933
1497535147171040000,109980,0.285738276,2.215291928,1.01002426,-0.299403601,0.697698115,-0.565031701,0.322976782
1497535147181040000,109981,0.295077329,2.218035454,1.010512559,-0.298878197,0.698514227,-0.563566422,0.324256975
1497535147191150000,109982,0.304371896,2.22104675,1.010940529,-0.297451016,0.698415097,-0.563423252,0.326026815
1497535147201100000,109983,0.313598459,2.22407404,1.011741704,-0.29755191,0.697819154,-0.562702741,0.328446212
1497535147211130000,109984,0.322769738,2.227386698,1.012678428,-0.297469547,0.69681904,-0.563069717,0.330011498
1497535147221150000,109985,0.331868086,2.230961397,1.014039477,-0.297582258,0.694473956,-0.563593812,0.333935233
1497535147231160000,109986,0.340493962,2.234402945,1.01521452,-0.29637518,0.693149615,-0.564695044,0.335894137
1497535147241120000,109987,0.34876091,2.2378483,1.016930831,-0.296179027,0.690682253,-0.566272741,0.338483665
1497535147251130000,109988,0.356992034,2.241415103,1.018783484,-0.294956079,0.687786492,-0.569669993,0.339745128
1497535147261120000,109989,0.364703405,2.24479062,1.020750963,-0.292499119,0.68422651,-0.573533137,0.342546479
1497535147271140000,109990,0.372317328,2.24818504,1.022579775,-0.290847793,0.680344088,-0.577610778,0.344826436
1497535147281120000,109991,0.379598881,2.251283401,1.024240566,-0.290461658,0.677000951,-0.580311511,0.347189123
1497535147291140000,109992,0.386613137,2.254241657,1.025789705,-0.287735269,0.673078466,-0.584503752,0.350041651
1497535147301150000,109993,0.39346712,2.257024048,1.027244926,-0.284998528,0.6696076,-0.588494262,0.352244242
1497535147311100000,109994,0.400353075,2.259397237,1.028531597,-0.282999764,0.66736001,-0.591161702,0.353651796
1497535147321120000,109995,0.406958108,2.261359948,1.029961704,-0.281048139,0.664907368,-0.594019665,0.355036297
1497535147331160000,109996,0.413709478,2.263187972,1.031343832,-0.27799788,0.663482181,-0.59597609,0.356820788
1497535147341140000,109997,0.419770739,2.264943888,1.032775098,-0.272397118,0.66160496,-0.599225537,0.359176062
1497535147351150000,109998,0.425835971,2.266297942,1.034154307,-0.267189764,0.659296601,-0.603161036,0.36074144
1497535147361110000,109999,0.431146067,2.267838355,1.034875314,-0.258697294,0.65933118,-0.606357839,0.361508336
1497535147371160000,110000,0.436116134,2.26933441,1.035906331,-0.249438013,0.657565749,-0.611337144,0.362842748
1497535147381140000,110001,0.441682936,2.270488331,1.037031735,-0.244555214,0.656712003,-0.613941108,0.363315852
1497535147391130000,110002,0.447500212,2.271738375,1.038625808,-0.239507806,0.655381787,-0.615964465,0.365648056
1497535147401050000,110003,0.453003112,2.273064414,1.039997123,-0.233982398,0.653528315,-0.619578437,0.36643627
1497535147411080000,110004,0.458943142,2.274215771,1.041589168,-0.231084368,0.651182692,-0.621796375,0.368687381
1497535147421220000,110005,0.464597482,2.275496792,1.043335936,-0.228617181,0.649619435,-0.623663593,0.369827658
1497535147431150000,110006,0.470326553,2.276706537,1.044955354,-0.227725147,0.647187488,-0.625625815,0.371324591
1497535147441100000,110007,0.476059907,2.277905748,1.04670474,-0.226783588,0.644661757,-0.627516028,0.373100599
1497535147451160000,110008,0.481803947,2.279091352,1.048242633,-0.224496807,0.641568878,-0.630408488,0.374934257
1497535147461100000,110009,0.487611543,2.280078335,1.049939036,-0.224293694,0.638615715,-0.632330163,0.376856568
1497535147471120000,110010,0.492990293,2.281175301,1.051156391,-0.222306017,0.636888176,-0.634277399,0.377684613
1497535147481140000,110011,0.498768742,2.28198847,1.052417226,0.222196766,-0.634285947,0.635668771,-0.379783028
1497535147491150000,110012,0.504385359,2.28274678,1.053559489,0.220941966,-0.632736402,0.637053672,-0.380778036
1497535147501150000,110013,0.509976743,2.283438753,1.054451799,0.219156929,-0.631118629,0.638689932,-0.381752127
1497535147510970000,110014,0.51566236,2.283997902,1.055249032,0.217778513,-0.629736938,0.639749295,-0.383046665
1497535147521130000,110015,0.521637955,2.284599595,1.055889861,0.217642948,-0.628359852,0.640760698,-0.383694113
1497535147531150000,110016,0.527414854,2.285093916,1.056342483,0.216616577,-0.628040742,0.641390076,-0.383745822
1497535147541230000,110017,0.533673978,2.28566795,1.057023795,0.21736093,-0.627201718,0.641845235,-0.383936096
1497535147551160000,110018,0.539737647,2.286144816,1.057267698,0.217670137,-0.625240228,0.643395151,-0.384365773
1497535147561110000,110019,0.546140866,2.286791643,1.05757579,0.218930126,-0.625264516,0.643416725,-0.383573727
1497535147571150000,110020,0.552719314,2.287259182,1.057807859,0.219649263,-0.623928838,0.644335215,-0.383795697
1497535147581150000,110021,0.559351729,2.28780252,1.057733697,0.220389917,-0.623616659,0.644480093,-0.383635186
1497535147591150000,110022,0.565977164,2.288333138,1.057454326,0.221126836,-0.622631708,0.645159869,-0.383668375
1497535147601140000,110023,0.572872138,2.288685655,1.056974391,0.222137586,-0.624073069,0.644047954,-0.38260937
1497535147611120000,110024,0.579902205,2.289118287,1.056160407,0.221893298,-0.623534708,0.644487384,-0.382888813
1497535147621150000,110025,0.587312801,2.289348581,1.055350223,0.223698564,-0.624575334,0.643456746,-0.381874353
1497535147631170000,110026,0.594803229,2.289586237,1.054131684,0.224236269,-0.62667081,0.641685772,-0.381105185
1497535147641110000,110027,0.602487291,2.289752903,1.052567467,0.224677911,-0.627551693,0.641048363,-0.380467746
1497535147651160000,110028,0.61033471,2.289865535,1.050900452,0.226627537,-0.629406897,0.639571657,-0.378728151
1497535147661020000,110029,0.618256577,2.289983826,1.049019393,0.227911402,-0.631265206,0.63805357,-0.377423202
1497535147671150000,110030,0.626466419,2.289962527,1.046964255,0.229562299,-0.632709161,0.636432958,-0.37674044
1497535147681140000,110031,0.634838124,2.289854714,1.044774822,0.231106528,-0.633500202,0.635038506,-0.376820066
1497535147691150000,110032,0.643329576,2.289830039,1.042594935,-0.232568601,0.634354903,-0.633768545,0.376620677
1497535147701160000,110033,0.652045637,2.289719005,1.040480461,-0.23484627,0.635369643,-0.631967654,0.376522947
1497535147711100000,110034,0.660863547,2.289759019,1.038418339,-0.235658549,0.636066132,-0.630738909,0.376899659
1497535147721140000,110035,0.669987,2.289750431,1.036576544,-0.238218581,0.638076868,-0.627731801,0.376911932
1497535147731160000,110036,0.67887162,2.289923447,1.034554068,-0.238429734,0.636970149,-0.627683457,0.37872651
1497535147741180000,110037,0.687800529,2.290088031,1.03278412,-0.239939433,0.636987977,-0.625874221,0.380731987
1497535147751170000,110038,0.696492582,2.290390379,1.031242528,-0.240838967,0.636080694,-0.625376433,0.382494783
1497535147761110000,110039,0.705320231,2.290639352,1.029838077,-0.242454591,0.634955077,-0.62485486,0.384192953
1497535147771140000,110040,0.714150078,2.290758908,1.028469755,-0.2420896,0.632706536,-0.626196553,0.385944222
1497535147781150000,110041,0.723406312,2.290645045,1.027650126,-0.242701647,0.632203275,-0.626303505,0.386210887
1497535147791170000,110042,0.731859384,2.290449448,1.025953658,0.238869976,-0.629182285,0.629686436,-0.388028065
1497535147801190000,110043,0.741570153,2.289755564,1.025264471,0.237544518,-0.628477896,0.629972531,-0.389516041
1497535147811100000,110044,0.751168844,2.288846188,1.023989424,0.234754578,-0.626946258,0.631184345,-0.391707799
1497535147821180000,110045,0.761290944,2.287808735,1.023445109,0.234304508,-0.625128768,0.631154057,-0.394917685
1497535147831100000,110046,0.771891723,2.286694073,1.023467004,0.234133303,-0.622471676,0.631998812,-0.397854383
1497535147841180000,110047,0.782473713,2.285609949,1.023750719,0.234052239,-0.619739712,0.632368413,-0.401562484
1497535147851170000,110048,0.793193549,2.284476422,1.024691843,0.234954921,-0.617585715,0.632746243,-0.403752724
1497535147861120000,110049,0.803633472,2.283418393,1.026266888,0.236346009,-0.615371942,0.633479022,-0.405169429
1497535147871110000,110050,0.813974423,2.282134563,1.028658995,0.23704683,-0.613566322,0.635017341,-0.405090294
1497535147881120000,110051,0.823584021,2.28059564,1.031230853,0.236838226,-0.612033572,0.637104621,-0.404252723
1497535147891130000,110052,0.833248997,2.278380975,1.034478606,0.2381079,-0.613011579,0.637862169,-0.400815774
1497535147901090000,110053,0.842524332,2.27566954,1.037762329,0.240082487,-0.613338374,0.6386715,-0.397838099
1497535147911090000,110054,0.850248794,2.272690325,1.039640128,0.237380156,-0.612271361,0.641206339,-0.397025027
1497535147921160000,110055,0.859480181,2.268973369,1.042582676,0.238301885,-0.61561028,0.640060358,-0.393139839
1497535147931200000,110056,0.867334095,2.265346647,1.044245649,0.234504731,-0.617125687,0.641031213,-0.391461878
1497535147941160000,110057,0.875925033,2.261599896,1.045920805,0.230840972,-0.620217143,0.641018644,-0.388765017
1497535147951170000,110058,0.883639907,2.257939958,1.046743026,0.224813105,-0.622713259,0.642349594,-0.386101365
1497535147961140000,110059,0.891462591,2.254483859,1.047269759,0.21982955,-0.625652012,0.642895078,-0.383302032
1497535147971110000,110060,0.899207669,2.251432827,1.047642778,0.215879796,-0.627945218,0.643729119,-0.38038604
1497535147981220000,110061,0.907111188,2.248763343,1.048024607,0.214049884,-0.630465104,0.643578369,-0.377496069
1497535147991160000,110062,0.915229521,2.246340144,1.048599728,0.215312625,-0.631810111,0.642949676,-0.375595756
1497535148001150000,110063,0.923106019,2.244301143,1.04909301,0.217933338,-0.632991747,0.64182765,-0.374010396
1497535148011060000,110064,0.930827343,2.242566976,1.049820251,0.221753188,-0.633882261,0.639885524,-0.37358442
1497535148021190000,110065,0.938243117,2.240636413,1.050431774,0.224658005,-0.63555726,0.637562872,-0.372973638
1497535148031160000,110066,0.945507389,2.238729727,1.051157508,-0.22839064,0.638407149,-0.633828792,0.372203022
1497535148041190000,110067,0.952182844,2.236693948,1.051863712,-0.230286348,0.641545398,-0.630411157,0.371442422
1497535148051140000,110068,0.958922267,2.234375932,1.052567059,-0.233354417,0.643896718,-0.627116531,0.371035833
1497535148061200000,110069,0.964629615,2.232123266,1.052851565,-0.230876754,0.646405225,-0.62561069,0.370766064
1497535148071150000,110070,0.970442266,2.229765282,1.053343502,-0.232503544,0.649474341,-0.622367663,0.36984277
1497535148081120000,110071,0.975912602,2.227260446,1.053686404,-0.232283952,0.652104277,-0.620469204,0.36854056
1497535148091180000,110072,0.980737393,2.224646884,1.053930737,-0.227985114,0.654204981,-0.621164164,0.366324599
1497535148101180000,110073,0.985264344,2.221974026,1.054013893,-0.224053612,0.656796373,-0.620825978,0.364682888
1497535148111060000,110074,0.989322127,2.219145177,1.054028315,-0.21983341,0.659685081,-0.620715883,0.362216314
1497535148121150000,110075,0.993190318,2.216154252,1.053858775,-0.215290149,0.662475624,-0.62092564,0.359482336
1497535148131180000,110076,0.996569943,2.213180794,1.053304144,-0.210789563,0.665529733,-0.621403187,0.35566278
1497535148141080000,110077,0.999288614,2.210287005,1.052387395,-0.206314116,0.668906424,-0.621410034,0.351920803
1497535148151180000,110078,1.003245085,2.206858822,1.052750227,-0.201786454,0.673194588,-0.621104348,0.346872689
1497535148161170000,110079,1.00633385,2.203705259,1.052302437,-0.196238861,0.676516652,-0.621714002,0.342472231
1497535148171190000,110080,1.009751321,2.200507378,1.05231018,-0.191677944,0.679427783,-0.622508935,0.337816636
1497535148181200000,110081,1.013272389,2.197370889,1.052334451,-0.187001869,0.683468713,-0.622171845,0.332870867
1497535148191180000,110082,1.0161705,2.194421056,1.051596661,-0.183086398,0.68569337,-0.62319166,0.328536341
1497535148201160000,110083,1.019757846,2.191580149,1.051648521,-0.179946373,0.689209809,-0.622835095,0.32355152
1497535148211180000,110084,1.022715153,2.188894096,1.051005893,-0.176142011,0.690840621,-0.624206977,0.319497853
1497535148221180000,110085,1.026311144,2.186041594,1.050947123,-0.173017572,0.693323334,-0.625063829,0.314106485
1497535148231160000,110086,1.029383739,2.183191975,1.050465003,-0.170291301,0.696268107,-0.624909699,0.3093533
1497535148241150000,110087,1.032919153,2.180126751,1.050458163,-0.165440977,0.699278413,-0.625415025,0.304129958
1497535148251170000,110088,1.035667914,2.177213008,1.049488867,-0.162022696,0.702578966,-0.625524986,0.298077063
1497535148261120000,110089,1.038461682,2.174279718,1.048552298,-0.157091753,0.706511627,-0.625120403,0.292212224
1497535148271170000,110090,1.041534064,2.171187293,1.04793757,-0.152879264,0.709881122,-0.624984867,0.286514641
1497535148281110000,110091,1.044801295,2.168174827,1.04779963,-0.147798938,0.713708393,-0.624445816,0.280790361
1497535148291160000,110092,1.047832461,2.165070455,1.047225526,-0.14262382,0.71657808,-0.624901054,0.275087212
1497535148301170000,110093,1.050545352,2.162095512,1.046426932,-0.13859319,0.720149501,-0.624077434,0.269636757
1497535148311140000,110094,1.054119755,2.15891623,1.046413252,-0.133792505,0.723607385,-0.623566046,0.263926701
1497535148321130000,110095,1.056616641,2.15605066,1.045214917,-0.130133586,0.726924057,-0.622942033,0.258050167
1497535148331150000,110096,1.059525216,2.15298983,1.044425134,-0.125033414,0.730519271,-0.622385887,0.251682435
1497535148341160000,110097,1.061803174,2.150111001,1.043190474,-0.121502334,0.733211293,-0.621589271,0.247517999
1497535148351140000,110098,1.064916494,2.146996994,1.042951127,-0.116974134,0.736792875,-0.620650095,0.241343677
1497535148361150000,110099,1.067392336,2.143996965,1.041874862,-0.113403466,0.739262488,-0.620550375,0.235685935
1497535148371170000,110100,1.069522258,2.141065171,1.040561801,-0.109484708,0.742321326,-0.619805058,0.229812615
1497535148381120000,110101,1.072367094,2.138185746,1.040209313,-0.105585313,0.744195366,-0.620068878,0.224810111
1497535148391170000,110102,1.074875752,2.135329489,1.039561473,-0.101088944,0.74645142,-0.620098811,0.219245908
1497535148401130000,110103,1.077522963,2.132404624,1.039167078,-0.096771653,0.748056025,-0.620821394,0.213607649
1497535148411140000,110104,1.080052427,2.129506853,1.038614874,-0.091802355,0.749800971,-0.621158969,0.208644114
1497535148421160000,110105,1.082609096,2.126786135,1.037999053,-0.087556709,0.752468138,-0.620358984,0.203175429
1497535148431160000,110106,1.085364219,2.123980899,1.037825324,-0.081945354,0.753223302,-0.621858408,0.19807003
1497535148441170000,110107,1.087988992,2.121345421,1.037481119,-0.07759683,0.755358211,-0.621431685,0.192964676
1497535148451170000,110108,1.090864544,2.118542164,1.037211889,-0.073102859,0.756752074,-0.621835449,0.187890778
1497535148461120000,110109,1.093514935,2.11594943,1.036608166,-0.06782391,0.75779683,-0.622592819,0.183090316
1497535148471100000,110110,1.095800157,2.113457214,1.035763072,-0.063094482,0.759271647,-0.622822552,0.177813726
1497535148481130000,110111,1.098422797,2.110729622,1.035058917,-0.058792211,0.760425586,-0.623297927,0.172615464
1497535148491170000,110112,1.101370371,2.107814399,1.034463867,-0.053557824,0.761391073,-0.624074937,0.167169576
1497535148501180000,110113,1.104302923,2.105093856,1.033886054,-0.0488352,0.762354033,-0.624946529,0.160851755
1497535148511120000,110114,1.107005833,2.102272912,1.032849302,-0.0437412,0.762967976,-0.626061894,0.154961541
1497535148521160000,110115,1.110264335,2.099282545,1.032310447,-0.038621244,0.764193067,-0.626450365,0.148584306
1497535148531160000,110116,1.113164942,2.096309242,1.031381704,-0.032709058,0.76404272,-0.628404609,0.142395534
1497535148541160000,110117,1.116426605,2.093163892,1.03054244,-0.02774698,0.765381111,-0.628522195,0.13557917
1497535148551170000,110118,1.118588789,2.090095943,1.028162135,-0.023162916,0.766306228,-0.629022918,0.128718346
1497535148561140000,110119,1.122265763,2.086779701,1.027374634,-0.017435813,0.767348542,-0.629245727,0.122155729
1497535148571160000,110120,1.126059967,2.083258792,1.026614507,-0.01165427,0.768037214,-0.629717243,0.115927606
1497535148581110000,110121,1.129852318,2.079704839,1.025549228,-0.005904034,0.769076729,-0.629761262,0.109026971
1497535148591160000,110122,1.13332499,2.076139676,1.023952721,-0.000482723,0.769393583,-0.630429267,0.102918513
1497535148601180000,110123,1.138357455,2.072210116,1.023997677,0.006081177,0.770027908,-0.630664461,0.096345097
1497535148611130000,110124,1.141868581,2.068362598,1.022367274,0.011970146,0.770416566,-0.631059537,0.089882652
1497535148621070000,110125,1.146349399,2.064154144,1.021977254,0.018019644,0.771147912,-0.630843367,0.083921613
1497535148631140000,110126,1.151504346,2.058896813,1.022904659,0.008701749,0.756130308,-0.648092143,0.09037595
1497535148641240000,110127,1.156069305,2.054552847,1.022904504,0.017215289,0.756530666,-0.648026606,0.086177165
1497535148651250000,110128,1.160217325,2.050036369,1.022947194,0.022545131,0.756458581,-0.648665903,0.080589569
1497535148661020000,110129,1.164127424,2.045563096,1.022764792,0.029131954,0.756909741,-0.648355982,0.076638725
1497535148671180000,110130,1.168656089,2.04098099,1.023536866,0.036341405,0.756284429,-0.648914559,0.074987069
1497535148681120000,110131,1.172905113,2.036451192,1.024125383,0.039641845,0.755309931,-0.650187729,0.072051014
1497535148691180000,110132,1.177635528,2.031994068,1.025092328,0.044892756,0.754628496,-0.650695215,0.07152769
1497535148701130000,110133,1.180710491,2.028147217,1.023721999,0.060400108,0.764254753,-0.63915066,0.061261193
1497535148711160000,110134,1.185132252,2.024010052,1.024348485,0.062635244,0.763164067,-0.640281,0.060808509
1497535148721150000,110135,1.189893578,2.020231069,1.025739309,0.064585087,0.762962937,-0.640483278,0.059139618
1497535148731170000,110136,1.19522354,2.016469329,1.027672015,0.066661195,0.760378343,-0.643357096,0.058929687
1497535148741190000,110137,1.200802449,2.013108117,1.03001959,0.068385584,0.756607615,-0.647681903,0.058107497
1497535148751200000,110138,1.206281731,2.010167903,1.032387793,0.069261892,0.752861433,-0.651952894,0.057964438
1497535148761140000,110139,1.211512608,2.007638467,1.034628901,0.069804547,0.749672323,-0.655772289,0.055510709
1497535148771190000,110140,1.216960412,2.005196699,1.037181079,0.070085148,0.74541449,-0.660706042,0.053970691
1497535148781200000,110141,1.221760912,2.003060439,1.039197565,0.070251748,0.740489598,-0.666405622,0.051413942
1497535148791170000,110142,1.22649512,2.000755733,1.041301125,0.070963084,0.735665784,-0.671840332,0.048894415
1497535148801190000,110143,1.230990648,1.998406538,1.043431353,0.072621741,0.730274141,-0.677757351,0.04550534
1497535148811160000,110144,1.234599888,1.995837778,1.044880321,0.073838944,0.726621058,-0.681789476,0.041626407
1497535148821150000,110145,1.23794555,1.99328983,1.046522221,0.077564184,0.721699205,-0.686852852,0.036975857
1497535148831110000,110146,1.241138277,1.990679393,1.048153416,0.082171099,0.717833009,-0.69051746,0.033901618
1497535148841180000,110147,1.24395754,1.987717173,1.050424917,-0.076680777,-0.701239446,0.707735471,-0.038649711
1497535148851160000,110148,1.2462867,1.985194208,1.051997155,-0.082980343,-0.697250539,0.711179051,-0.034355583
1497535148861140000,110149,1.247855854,1.982819819,1.053027648,-0.090894357,-0.694527898,0.713121293,-0.028761721
1497535148871160000,110150,1.249031677,1.98069124,1.053631816,-0.104298461,-0.700115234,0.706228535,-0.014203738
1497535148881170000,110151,1.250363336,1.978384205,1.054852581,-0.110183358,-0.696114414,0.709376373,-0.008337373
1497535148891190000,110152,1.252132846,1.975887058,1.056454032,-0.115685358,-0.693447496,0.711143994,-0.004656956
1497535148901280000,110153,1.253432937,1.973328354,1.057712783,-0.120309239,-0.690684478,0.713078024,-0.000608413
1497535148911180000,110154,1.254998659,1.970905247,1.059335479,-0.124483981,-0.686972531,0.715936745,0.002656467
1497535148921130000,110155,1.256703501,1.968305436,1.060878399,-0.127329634,-0.683443819,0.718793309,0.005281007
1497535148931160000,110156,1.258714012,1.965618197,1.062616767,-0.129539025,-0.680661318,0.721012616,0.007785756
1497535148941190000,110157,1.261174913,1.962500245,1.064836684,-0.130351177,-0.681007889,0.720528867,0.008658938
1497535148951170000,110158,1.263416243,1.959909107,1.066281403,-0.131929724,-0.676845947,0.724110471,0.011753165
1497535148961170000,110159,1.265282049,1.957330738,1.067233397,-0.133162997,-0.673455355,0.726985367,0.01475726
1497535148971200000,110160,1.267545579,1.95458463,1.068549104,-0.13439263,-0.669835109,0.730045434,0.017123457
1497535148981190000,110161,1.269574471,1.950882076,1.069707771,-0.133405483,-0.670087091,0.729983684,0.017609306
1497535148991190000,110162,1.271264017,1.948238312,1.070320518,-0.134312606,-0.66519813,0.734161565,0.021871601
1497535149001200000,110163,1.273576863,1.944021019,1.071683606,-0.13315353,-0.665777862,0.733884885,0.020565765
1497535149011170000,110164,1.274233246,1.93786786,1.073877964,-0.1577373,-0.644570274,0.747048055,0.039589252
1497535149021160000,110165,1.276262802,1.934337455,1.073905348,-0.160437963,-0.647242991,0.744024967,0.041988317
1497535149031190000,110166,1.279208924,1.934342631,1.073678057,-0.139837535,-0.660762302,0.73688978,0.028846078
1497535149041180000,110167,1.280375331,1.930115044,1.074050765,-0.13933531,-0.665663022,0.732519545,0.029891956
1497535149051180000,110168,1.281939752,1.92666601,1.074075248,-0.142819174,-0.664309588,0.732964728,0.032529404
1497535149061150000,110169,1.283477914,1.923245128,1.073989037,-0.146671718,-0.662647077,0.733594695,0.03500118
1497535149071190000,110170,1.285120619,1.919111829,1.074395718,-0.146922037,-0.662007262,0.734027973,0.036921997
1497535149081190000,110171,1.286802473,1.914903676,1.074646069,-0.148392333,-0.662230629,0.7334407,0.038665857
1497535149091140000,110172,1.288245443,1.910935272,1.074185434,-0.150908661,-0.661444207,0.733424723,0.042500736
1497535149101180000,110173,1.289922093,1.906206303,1.074288374,-0.150706027,-0.662372815,0.732500919,0.044635753
1497535149111130000,110174,1.291488547,1.901871232,1.073325424,-0.154461973,-0.662445043,0.731475003,0.0474593
1497535149121170000,110175,1.293234612,1.89728303,1.072557511,-0.156681564,-0.661447457,0.731716838,0.050285372
1497535149131130000,110176,1.294660486,1.892263841,1.071450275,-0.157878799,-0.663742716,0.729246957,0.052141808
1497535149141180000,110177,1.29670619,1.886975791,1.070837329,-0.158990037,-0.662876762,0.729716159,0.053206153
1497535149151190000,110178,1.298273999,1.88192531,1.06932703,-0.161899533,-0.665034113,0.726884083,0.056193418
1497535149161150000,110179,1.300258622,1.87627953,1.068350717,-0.162540479,-0.665075306,0.726634731,0.057073614
1497535149171180000,110180,1.302250211,1.870823205,1.0667832,-0.165106042,-0.666472627,0.724661599,0.058479052
1497535149181180000,110181,1.304208347,1.864855109,1.065359606,-0.165215964,-0.667015762,0.723996053,0.060194466
1497535149191180000,110182,1.306164756,1.859336079,1.063308031,-0.167827529,-0.666967015,0.723252455,0.062408389
1497535149201190000,110183,1.308415715,1.853282666,1.061667424,-0.169482805,-0.666807807,0.722911626,0.063574425
1497535149211140000,110184,1.310551942,1.846196465,1.060571598,-0.166618787,-0.669313585,0.721368545,0.062329184
1497535149221200000,110185,1.312595914,1.84005999,1.058573725,-0.168336367,-0.668451897,0.721522461,0.065117338
1497535149231100000,110186,1.314672056,1.833546503,1.056906007,-0.169211885,-0.669798944,0.719969337,0.066188116
1497535149241250000,110187,1.316965665,1.826439759,1.055900715,-0.168324219,-0.6689678,0.721089115,0.064649275
1497535149251180000,110188,1.318786549,1.820503768,1.053791957,-0.171999905,-0.66784858,0.721016772,0.067298747
1497535149261160000,110189,1.32096053,1.81383941,1.052715059,-0.173036931,-0.666868596,0.72165746,0.067490792
1497535149271180000,110190,1.322880989,1.807491571,1.051033605,-0.176592735,-0.665097081,0.72219221,0.069994937
1497535149281120000,110191,1.325045826,1.800481504,1.050231941,-0.176698193,-0.661084227,0.725656413,0.071889938
1497535149291170000,110192,1.327046753,1.793374837,1.049071514,-0.179326493,-0.658548799,0.727085019,0.074181284
1497535149301170000,110193,1.328777605,1.785873728,1.047628994,-0.181510337,-0.656418008,0.72838756,0.074973054
1497535149311100000,110194,1.330560842,1.777691892,1.046772755,-0.181658256,-0.655212407,0.729259681,0.076663531
1497535149321130000,110195,1.332481438,1.76938886,1.045575796,-0.183256611,-0.653784397,0.730079533,0.0772454
1497535149331140000,110196,1.334413129,1.760436446,1.044577399,-0.182580459,-0.651922846,0.731843363,0.077886271
1497535149341050000,110197,1.336979934,1.750924632,1.044437338,-0.179532727,-0.648838169,0.73554627,0.075820288
1497535149351200000,110198,1.339044174,1.74099585,1.043728452,-0.176125098,-0.647151227,0.737905004,0.075308988
1497535149361220000,110199,1.34127443,1.73082164,1.043160144,-0.173795648,-0.643965985,0.741203653,0.075630866
1497535149371190000,110200,1.342882906,1.720472895,1.042102978,-0.173080321,-0.643799077,0.741282348,0.077887299
1497535149381210000,110201,1.344814471,1.709618061,1.042157483,-0.171085085,-0.643642573,0.741903538,0.077674148
1497535149391230000,110202,1.3465924,1.698672474,1.042581983,-0.169408554,-0.641847979,0.743842737,0.077652404
1497535149401190000,110203,1.348225166,1.688956441,1.042999084,-0.169155552,-0.63550296,0.7490603,0.080193849
1497535149411150000,110204,1.349035617,1.67843467,1.044071869,-0.16923272,-0.636309438,0.748095368,0.08260693
1497535149421230000,110205,1.348859278,1.669247492,1.046150417,-0.172236971,-0.634124423,0.749323941,0.082062621
1497535149431190000,110206,1.348222596,1.659553576,1.047898472,-0.172777759,-0.637817918,0.745970618,0.082849177
1497535149441190000,110207,1.347712784,1.650087408,1.049810644,-0.173290571,-0.639217982,0.744275857,0.086163785
1497535149451190000,110208,1.346485507,1.642144182,1.051034071,-0.176705332,-0.635694897,0.745980828,0.090442402
1497535149461150000,110209,1.345499585,1.633215674,1.052734947,-0.178048021,-0.635139071,0.745691699,0.094027402
1497535149471190000,110210,1.344507635,1.624574511,1.054437699,-0.184387889,-0.626026388,0.751353238,0.097777197
1497535149481140000,110211,1.343232035,1.614963102,1.056104222,-0.188533663,-0.628029628,0.748259875,0.10070255
1497535149491190000,110212,1.341893717,1.605689516,1.057248376,-0.193633364,-0.630438629,0.744443436,0.104198014
1497535149501180000,110213,1.340059434,1.596818089,1.05855918,-0.19528892,-0.635196442,0.739519105,0.107234378
1497535149511160000,110214,1.338662864,1.588602019,1.059502693,-0.200473648,-0.62854349,0.742957103,0.112951942
1497535149521210000,110215,1.337900406,1.579203327,1.061173052,-0.205186688,-0.632249407,0.737943549,0.116612297
1497535149531170000,110216,1.336505174,1.571102721,1.061738,-0.209652133,-0.633093769,0.735319414,0.120596941
1497535149541120000,110217,1.335872369,1.562153926,1.062960778,-0.21327543,-0.638103026,0.729403054,0.123730767
1497535149551210000,110218,1.334805682,1.554858086,1.063028444,-0.218514199,-0.638839291,0.726736645,0.1264506
1497535149561160000,110219,1.334292855,1.547253048,1.063769322,-0.217826843,-0.643023069,0.723046309,0.127580698
1497535149571190000,110220,1.332892379,1.537212754,1.065822436,-0.229751318,-0.640214431,0.72006789,0.137266343
1497535149581180000,110221,1.331193021,1.532297721,1.065093094,-0.23313523,-0.639894592,0.719082923,0.138212248
1497535149591190000,110222,1.333518801,1.524824301,1.066060182,-0.22144318,-0.653617308,0.712119492,0.128969613
1497535149601180000,110223,1.333175971,1.518347733,1.066386347,-0.220865233,-0.655167662,0.710633973,0.130281387
1497535149611160000,110224,1.332585093,1.512390215,1.066293546,-0.22131592,-0.657455507,0.708205566,0.131211268
1497535149621170000,110225,1.331086652,1.507964577,1.065005412,-0.22235819,-0.660276608,0.704938295,0.132866988
1497535149631190000,110226,1.331817991,1.499412674,1.067065243,-0.226051209,-0.66041919,0.703666577,0.1326676
1497535149641180000,110227,1.329984274,1.492352893,1.06759974,-0.234950991,-0.655609242,0.703851997,0.13988181
1497535149651200000,110228,1.328607698,1.485998209,1.067635737,-0.242950064,-0.65388203,0.702003849,0.14354147
1497535149661170000,110229,1.328311732,1.483270842,1.06627769,-0.235748414,-0.661199988,0.698945781,0.136792017
1497535149671180000,110230,1.326533913,1.479520988,1.065105945,-0.238648129,-0.665088967,0.693654732,0.139810047
1497535149681180000,110231,1.325398823,1.474543852,1.064874166,-0.243981012,-0.665477477,0.690992489,0.141923832
1497535149691090000,110232,1.323194254,1.466843789,1.06665775,-0.264171262,-0.652149346,0.694254678,0.15141076
1497535149701180000,110233,1.322408206,1.461777512,1.066714813,-0.268347467,-0.652334258,0.69212625,0.153006232
1497535149711170000,110234,1.32275788,1.459044075,1.065272971,-0.2556838,-0.667712956,0.68344815,0.1472543
1497535149721070000,110235,1.320749042,1.451891407,1.066458378,-0.276184744,-0.650403432,0.690386613,0.15512475
1497535149731190000,110236,1.32116322,1.446065856,1.066629947,-0.274343657,-0.656331475,0.685174175,0.156527645
1497535149741170000,110237,1.320036989,1.441457502,1.066035493,-0.282192571,-0.653129252,0.684487839,0.158952605
1497535149751190000,110238,1.319939189,1.435882651,1.065943816,-0.283510449,-0.653570365,0.683366227,0.159618934
1497535149761170000,110239,1.321235535,1.429055424,1.066379002,-0.282085796,-0.658801383,0.678710282,0.160501383
1497535149771200000,110240,1.320038904,1.424782106,1.065479702,-0.286072729,-0.656024302,0.679341243,0.162141867
1497535149781180000,110241,1.321320251,1.422074657,1.062691164,0.272979802,0.671173674,-0.671054205,-0.157143824
1497535149791190000,110242,1.321338722,1.416513673,1.062179865,0.274321919,0.672047172,-0.669210551,-0.158925523
1497535149801180000,110243,1.321650375,1.410642542,1.061803426,0.276387981,0.673022913,-0.667118387,-0.160009064
1497535149811140000,110244,1.321639804,1.404836417,1.061108544,0.277743014,0.675023121,-0.664262176,-0.161116002
1497535149821180000,110245,1.321879324,1.39880979,1.060448169,0.279952359,0.675832726,-0.662335574,-0.161828275
1497535149831190000,110246,1.323135373,1.390561976,1.061597605,0.279606284,0.676691481,-0.661096283,-0.163892253
1497535149841180000,110247,1.321454341,1.3831971,1.061236323,-0.298869416,-0.663611233,0.663937416,0.171709962
1497535149851200000,110248,1.322448161,1.380098633,1.058355106,0.284960394,0.678893961,-0.655846487,-0.166631175
1497535149861210000,110249,1.32260243,1.373790682,1.057442407,0.286965438,0.680154411,-0.653394168,-0.167680875
1497535149871160000,110250,1.322742249,1.367101784,1.05662671,0.28783403,0.681645167,-0.650976454,-0.169531986
1497535149881130000,110251,1.322108325,1.357378449,1.057630364,0.303497611,0.67134374,-0.652800576,-0.17617659
1497535149891150000,110252,1.323104603,1.353547326,1.054594174,0.290879053,0.68506126,-0.645743402,-0.170575217
1497535149901150000,110253,1.323200124,1.344497481,1.055097377,0.298800829,0.679172851,-0.647297788,-0.174493199
1497535149911150000,110254,1.323502637,1.336529942,1.05434522,0.300672856,0.678962254,-0.645953367,-0.177060272
1497535149921140000,110255,1.323783218,1.331821232,1.051493147,0.292551503,0.690842255,-0.637582909,-0.175038943
1497535149931200000,110256,1.324076412,1.324265052,1.050551928,0.293400832,0.692434621,-0.635296603,-0.175637335
1497535149941150000,110257,1.324092948,1.316716501,1.049384331,0.294032209,0.693969552,-0.632425765,-0.178854612
1497535149951200000,110258,1.324131098,1.309450975,1.04819835,0.295357315,0.696309996,-0.628520381,-0.181324507
1497535149961170000,110259,1.324442204,1.301626318,1.047201225,0.296292675,0.69698967,-0.626956984,-0.182595154
1497535149971190000,110260,1.324732017,1.29430897,1.045894616,0.298816089,0.697575469,-0.624214415,-0.185617277
1497535149981130000,110261,1.325400353,1.28599261,1.04533452,0.298978267,0.697232117,-0.624184133,-0.186744583
1497535149991180000,110262,1.325085129,1.275136357,1.045463765,0.320087102,0.681531045,-0.629860653,-0.190618045
1497535150001160000,110263,1.326018927,1.270578933,1.042422776,0.302814841,0.697393402,-0.621008401,-0.190510318
1497535150011150000,110264,1.326462571,1.263432408,1.040617073,0.305315407,0.699929354,-0.616302383,-0.192490974
1497535150021190000,110265,1.327029183,1.255596935,1.039215262,0.307045127,0.699739858,-0.615225975,-0.193867019
1497535150031190000,110266,1.327852926,1.247557647,1.037516663,0.309915953,0.700016217,-0.613045553,-0.195203862
1497535150041160000,110267,1.328982591,1.237413729,1.036896049,0.312016556,0.692405237,-0.620107619,-0.196690614
1497535150051190000,110268,1.330404814,1.22949783,1.035891101,0.308593198,0.698289408,-0.614471997,-0.198963074
1497535150061100000,110269,1.330841699,1.22229756,1.033089212,0.313267762,0.699601634,-0.610013735,-0.200758824
1497535150071140000,110270,1.332720592,1.210824966,1.032948759,0.315639339,0.69239995,-0.61650498,-0.202177465
1497535150081150000,110271,1.333471741,1.204061588,1.030296855,0.315589468,0.700754757,-0.606567431,-0.20352398
1497535150091240000,110272,1.334907217,1.194633878,1.02934368,0.315544713,0.700519511,-0.605685371,-0.207000432
1497535150101160000,110273,1.336741125,1.183730633,1.028836065,0.32058942,0.695000101,-0.609696518,-0.206076298
1497535150111190000,110274,1.338059973,1.174992563,1.027588744,0.318003967,0.700961789,-0.603743032,-0.207413594
1497535150121180000,110275,1.339858559,1.165169061,1.027181152,0.318876547,0.700534299,-0.603094273,-0.209396137
1497535150131200000,110276,1.341671535,1.155251797,1.026782875,0.319133995,0.699682118,-0.604126481,-0.208877048
1497535150141200000,110277,1.34346058,1.14460426,1.027091525,0.318827294,0.699274144,-0.604562773,-0.209448518
1497535150151050000,110278,1.345569727,1.134736902,1.027068928,0.319727534,0.699133367,-0.604831,-0.207765013
1497535150161180000,110279,1.347593466,1.124342082,1.027553503,0.318903208,0.699336505,-0.605128646,-0.207481367
1497535150171200000,110280,1.349917304,1.113520348,1.028456774,0.317412881,0.698991211,-0.607163627,-0.204969949
1497535150181200000,110281,1.352435961,1.1033468,1.029225834,0.317156758,0.698281197,-0.608512539,-0.203782852
1497535150191200000,110282,1.355031867,1.092772691,1.030442105,0.31577554,0.697332006,-0.610602286,-0.202925428
1497535150201200000,110283,1.358004266,1.082222564,1.031998553,0.313581083,0.696940198,-0.612903051,-0.200726467
1497535150211080000,110284,1.360931979,1.07207476,1.033423902,0.311159014,0.694805472,-0.616984617,-0.199387577
1497535150221200000,110285,1.364005427,1.062188823,1.0349514,0.309671586,0.693208925,-0.619797703,-0.19853388
1497535150231190000,110286,1.366944092,1.052149392,1.03676516,0.305759828,0.690634337,-0.624797391,-0.197897349
1497535150241220000,110287,1.36983819,1.042877808,1.038008644,0.303862866,0.687964768,-0.629030286,-0.196704689
1497535150251210000,110288,1.372742975,1.03360727,1.039657808,0.299709206,0.685226814,-0.63415637,-0.196174167
1497535150261150000,110289,1.375403536,1.024615591,1.041076841,0.296322161,0.68186317,-0.639418279,-0.19595933
1497535150271210000,110290,1.377768592,1.016238214,1.042078283,0.294887322,0.679963739,-0.642245751,-0.195476794
1497535150281200000,110291,1.380509117,1.005902308,1.044823879,0.292478973,0.669128454,-0.654234508,-0.196724098
1497535150291200000,110292,1.381717416,0.999613595,1.044654236,0.291334968,0.670781725,-0.653293743,-0.19591605
1497535150301200000,110293,1.382696461,0.989250613,1.04721041,-0.300893582,-0.654950011,0.663880959,0.199413159
1497535150311080000,110294,1.384312039,0.984195648,1.046732754,-0.293079227,-0.661043696,0.662908696,0.194107854
1497535150321200000,110295,1.386044378,0.976181497,1.049017708,-0.294592447,-0.656009482,0.667408862,0.193474185
1497535150331200000,110296,1.38656728,0.969525722,1.049739982,-0.296151238,-0.650697409,0.672004704,0.193124323
1497535150341200000,110297,1.387382373,0.963004104,1.050702357,-0.299422553,-0.646179875,0.67509874,0.192456217
1497535150351210000,110298,1.388387797,0.956196674,1.052313446,-0.300876647,-0.642012683,0.678721513,0.19138983
1497535150361180000,110299,1.389279119,0.949428789,1.053708338,-0.302653003,-0.636949627,0.683110208,0.189886219
1497535150371190000,110300,1.39019621,0.942873043,1.055172529,-0.303428985,-0.63147127,0.687923385,0.189568725
1497535150381200000,110301,1.391238784,0.936198288,1.056934372,-0.303876647,-0.627433071,0.691576769,0.188966393
1497535150391210000,110302,1.392324926,0.929535726,1.058782898,-0.302636019,-0.623312893,0.696137369,0.187843661
1497535150401210000,110303,1.393399284,0.922730723,1.060584806,-0.301291222,-0.62021689,0.699948696,0.186081788
1497535150411150000,110304,1.3943076,0.916223842,1.062308859,-0.30004205,-0.617358496,0.702862278,0.186622277
1497535150421120000,110305,1.39538653,0.909331744,1.064344627,-0.298351779,-0.614500715,0.706482317,0.185088692
1497535150431210000,110306,1.396170888,0.902816472,1.06604915,-0.296631627,-0.612159978,0.70951027,0.184024498
1497535150441200000,110307,1.396928918,0.896126585,1.067816629,-0.2956076,-0.609110073,0.712728615,0.183354812
1497535150451220000,110308,1.397462732,0.889534598,1.069301658,-0.294737759,-0.607246215,0.714969841,0.182208162
1497535150461200000,110309,1.397947461,0.883254457,1.07062231,-0.293701528,-0.604389208,0.718355302,0.180052095
1497535150471210000,110310,1.39733416,0.87538121,1.072921748,-0.302857516,-0.592723921,0.72269038,0.186210344
1497535150481210000,110311,1.398770354,0.87021295,1.073158919,-0.292156987,-0.599953852,0.723017642,0.178732088
1497535150491210000,110312,1.399314984,0.863787184,1.07440346,-0.290776091,-0.597295316,0.726037832,0.17764188
1497535150501210000,110313,1.399596514,0.857406296,1.075117138,-0.289350816,-0.595677547,0.72808006,0.177041779
1497535150511180000,110314,1.40006363,0.850774601,1.075810548,-0.287463995,-0.595228105,0.7294524,0.175974857
1497535150521180000,110315,1.400517794,0.843941982,1.076508943,-0.285650971,-0.594746627,0.730656532,0.175559119
1497535150531200000,110316,1.400958684,0.837007775,1.077130693,-0.283419632,-0.594268587,0.732058874,0.174951316
1497535150541210000,110317,1.401374958,0.830064538,1.077265621,-0.280170488,-0.594898112,0.732943904,0.174338655
1497535150551210000,110318,1.401956016,0.823061691,1.077337937,-0.277830486,-0.595004883,0.734029547,0.173147437
1497535150561170000,110319,1.402379721,0.81561963,1.077160351,-0.275611969,-0.595826027,0.734197125,0.173158799
1497535150571210000,110320,1.402754128,0.808141875,1.0767833,-0.273261652,-0.597653214,0.73401465,0.171351101
1497535150581200000,110321,1.403391086,0.800660165,1.076229175,-0.270991674,-0.5981482,0.734571796,0.170840627
1497535150591180000,110322,1.403727078,0.793024013,1.075181022,-0.269226249,-0.59933822,0.734600204,0.169332408
1497535150601200000,110323,1.40428978,0.78521522,1.074177956,-0.267619992,-0.602318997,0.732991809,0.168268756
1497535150611000000,110324,1.403668699,0.775925487,1.073728844,-0.275843166,-0.594233061,0.73523302,0.17386783
1497535150621200000,110325,1.403496488,0.766915396,1.072342293,-0.279056645,-0.593667881,0.733563405,0.177681083
1497535150631190000,110326,1.403829493,0.758676737,1.070385298,-0.277690946,-0.596472407,0.731871594,0.177404552
1497535150641240000,110327,1.403935722,0.750254735,1.068337185,-0.275975868,-0.599698838,0.730290314,0.175711924
1497535150651180000,110328,1.405827714,0.743544203,1.065367478,-0.25964892,-0.61515931,0.726396835,0.162816153
1497535150661240000,110329,1.405944309,0.734646256,1.063335034,-0.257966636,-0.618348413,0.724552463,0.161623585
1497535150671180000,110330,1.406024902,0.725460208,1.061225282,-0.255798057,-0.622375205,0.722354969,0.159435748
1497535150681200000,110331,1.406121181,0.716456812,1.059181976,-0.254128351,-0.62475006,0.721048305,0.15873086
1497535150691200000,110332,1.406252127,0.70752927,1.05684199,-0.252977143,-0.626687119,0.720144689,0.1570269
1497535150701220000,110333,1.406697316,0.698570606,1.055048304,-0.251434786,-0.628421823,0.719645196,0.154846225
1497535150711160000,110334,1.407296603,0.689897957,1.053595873,-0.25007707,-0.627256932,0.721635267,0.152488496
1497535150721200000,110335,1.407735174,0.681841393,1.051908589,-0.248721,-0.625687023,0.723798763,0.150893884
1497535150731190000,110336,1.40841353,0.673498965,1.050842312,-0.247405941,-0.62289377,0.726916368,0.149620339
1497535150741190000,110337,1.408854689,0.665221315,1.04982012,-0.2460071,-0.620318037,0.729496091,0.150071626
1497535150751190000,110338,1.408983047,0.656714023,1.048725881,-0.244872975,-0.61836589,0.731509394,0.150182752
1497535150761160000,110339,1.409169824,0.647658912,1.047912312,-0.24456559,-0.616587081,0.733127526,0.150106878
1497535150771200000,110340,1.40855052,0.638316009,1.046694617,-0.243938772,-0.615974698,0.733936203,0.149688668
1497535150781170000,110341,1.408038595,0.628589302,1.04564167,-0.243898825,-0.613451562,0.736224416,0.1488763
1497535150791170000,110342,1.407645815,0.618616042,1.044616306,-0.244364254,-0.611570512,0.737737193,0.148362578
1497535150801090000,110343,1.407087406,0.608270872,1.043579033,-0.244547886,-0.6095439,0.739584151,0.147200028
1497535150811120000,110344,1.406571337,0.597448041,1.042977226,-0.243711552,-0.607338004,0.741968037,0.145700584
1497535150821200000,110345,1.405964023,0.586430635,1.042445523,-0.242400252,-0.605545388,0.744101249,0.144465336
1497535150831280000,110346,1.405311629,0.57516088,1.042236082,-0.240274017,-0.604613642,0.745845313,0.142917841
1497535150841270000,110347,1.404505154,0.56402506,1.042292779,-0.237680968,-0.603876298,0.747401001,0.142242461
1497535150851230000,110348,1.40389862,0.552783226,1.04319316,-0.235824842,-0.603985013,0.747985723,0.141796001
1497535150861180000,110349,1.402936435,0.541956893,1.044351291,-0.23427543,-0.604733569,0.747683816,0.142762899
1497535150871200000,110350,1.401920298,0.531116106,1.046006694,-0.234016831,-0.606347564,0.746296264,0.143598887
1497535150881210000,110351,1.40016728,0.52094553,1.047565329,-0.234102763,-0.608608448,0.744127245,0.145142335
1497535150891210000,110352,1.398408234,0.510803037,1.049892835,-0.234855776,-0.609994505,0.742225719,0.147818976
1497535150901210000,110353,1.396164219,0.500959569,1.052167147,-0.235069822,-0.61249632,0.739797477,0.149298793
1497535150911200000,110354,1.393712538,0.491356455,1.054424131,-0.236127386,-0.612886691,0.738553611,0.152158881
1497535150921130000,110355,1.391049518,0.481730436,1.056721831,-0.2387166,-0.613322889,0.736785926,0.154906159
1497535150931170000,110356,1.388141127,0.472341245,1.058530491,-0.243242112,-0.61260335,0.734926327,0.159479481
1497535150941290000,110357,1.385353309,0.463107403,1.060370151,-0.248455199,-0.611663004,0.733055392,0.163609826
1497535150951200000,110358,1.382558073,0.453792567,1.06196141,-0.254191713,-0.610967285,0.730725117,0.167768751
1497535150961210000,110359,1.379647283,0.444630253,1.063014222,-0.25955093,-0.610696693,0.728195896,0.171503941
1497535150971180000,110360,1.37697282,0.435510187,1.06397238,-0.263865153,-0.612462473,0.724083185,0.175978522
1497535150981210000,110361,1.374933954,0.426342749,1.065306007,-0.266142168,-0.614495067,0.720698838,0.17932469
1497535150991220000,110362,1.372857401,0.417765263,1.065643217,-0.267092867,-0.6161873,0.718158319,0.182272437
1497535151001210000,110363,1.371106402,0.408956743,1.066494366,-0.266329524,-0.620934567,0.714345698,0.182261001
1497535151011120000,110364,1.369269845,0.400494039,1.067024043,-0.266072767,-0.624205171,0.71157379,0.182307236
1497535151021200000,110365,1.368460832,0.392924238,1.068163892,-0.268273583,-0.626649547,0.707620078,0.186046915
1497535151031220000,110366,1.366223195,0.384534928,1.068278506,-0.268110532,-0.631544241,0.704079422,0.183141428
1497535151041220000,110367,1.365579786,0.377618555,1.068716117,-0.273722438,-0.633710937,0.699106411,0.186377845
1497535151051220000,110368,1.36465664,0.370127829,1.069707806,-0.275743783,-0.63606549,0.696211974,0.186212098
1497535151061200000,110369,1.362980686,0.362236467,1.069827658,-0.27459227,-0.638384987,0.695411319,0.182939311
1497535151071220000,110370,1.361906206,0.354953984,1.070111977,-0.275759249,-0.640160188,0.693712088,0.181425769
1497535151081210000,110371,1.361279066,0.34846009,1.070461216,-0.278613748,-0.640533952,0.691744086,0.183250526
1497535151091160000,110372,1.360047712,0.341449536,1.070557517,-0.279787046,-0.64233273,0.689910687,0.182074481
1497535151101220000,110373,1.358969227,0.334591865,1.070747821,-0.280392773,-0.643056809,0.688921561,0.182331883
1497535151111180000,110374,1.357631498,0.327948583,1.070883314,-0.281482404,-0.644567058,0.687117661,0.182127106
1497535151121180000,110375,1.356806222,0.321477495,1.070993189,-0.284178357,-0.645746987,0.684790236,0.182526225
1497535151131210000,110376,1.355497289,0.314931078,1.071016817,-0.286048799,-0.646796113,0.68305744,0.182382582
1497535151141160000,110377,1.354076847,0.308618143,1.071036901,-0.287376011,-0.648742805,0.680373311,0.183411994
1497535151151210000,110378,1.353178722,0.302415409,1.071027772,-0.291843541,-0.650108426,0.67695954,0.184152554
1497535151161180000,110379,1.351903944,0.296135167,1.070928494,-0.293759682,-0.651022623,0.675038105,0.184927962
1497535151171150000,110380,1.350978547,0.289958401,1.070824352,-0.297076552,-0.652075278,0.67254033,0.185021239
1497535151181210000,110381,1.349742415,0.283587934,1.070352354,-0.297812816,-0.652389426,0.672001584,0.184687395
1497535151191140000,110382,1.348982976,0.277699437,1.070279503,-0.300855968,-0.652818853,0.66959448,0.186966478
1497535151201330000,110383,1.34816127,0.271465478,1.069782693,-0.303035625,-0.652246177,0.668620029,0.188922185
1497535151211150000,110384,1.347180162,0.264980592,1.06921625,-0.304887972,-0.654286567,0.665565379,0.189671131
1497535151221190000,110385,1.346625893,0.2584167,1.068818506,-0.307471643,-0.655701054,0.662996609,0.189612268
1497535151231230000,110386,1.346202163,0.252045148,1.068376946,-0.310431269,-0.656262533,0.660459133,0.191691544
1497535151241250000,110387,1.345455849,0.245233433,1.067525434,0.312094547,0.658238158,-0.657544595,-0.192235863
1497535151251190000,110388,1.344931606,0.23843577,1.066961854,0.31299873,0.659545411,-0.655545191,-0.19311175
1497535151261260000,110389,1.344167732,0.231603371,1.065884214,0.313937554,0.661411147,-0.65301594,-0.19377484
1497535151271220000,110390,1.343855399,0.224527559,1.065288097,0.315226447,0.663525318,-0.650023171,-0.194515593
1497535151281160000,110391,1.343301612,0.217307228,1.064293456,0.315741963,0.665627195,-0.647707945,-0.194221185
1497535151291120000,110392,1.343224796,0.210308995,1.063446356,0.317685727,0.66619166,-0.645520986,-0.196385102
1497535151301170000,110393,1.342652445,0.202540665,1.062569469,0.316861738,0.669648246,-0.642490609,-0.195897123
1497535151311190000,110394,1.342745037,0.195447534,1.061346364,0.318784484,0.669340785,-0.640972872,-0.198779132
1497535151321160000,110395,1.342360451,0.187387363,1.060331545,0.317888437,0.672721341,-0.638012867,-0.198324279
1497535151331120000,110396,1.342313187,0.179528323,1.059208263,0.318774883,0.675160928,-0.634472004,-0.199963924
1497535151341200000,110397,1.342123056,0.171367127,1.058058066,0.318625975,0.677790838,-0.631833673,-0.199657902
1497535151351190000,110398,1.342202415,0.163359984,1.056771236,0.318520697,0.679062195,-0.629755979,-0.202055705
1497535151361210000,110399,1.342246229,0.154982897,1.055625241,0.31871898,0.682061615,-0.625979666,-0.203370653
1497535151371180000,110400,1.343162493,0.147393202,1.054619331,0.322995035,0.682712209,-0.621747205,-0.207385292
1497535151381240000,110401,1.342336744,0.138720712,1.05291777,0.319689282,0.684217951,-0.6215992,-0.207987965
1497535151391180000,110402,1.342424206,0.130353374,1.051754302,0.320732388,0.687006906,-0.617553754,-0.209235768
1497535151401200000,110403,1.342536408,0.122468972,1.050339315,0.322057199,0.686550035,-0.616369742,-0.212171042
1497535151411120000,110404,1.342688734,0.114066002,1.049234112,0.322708351,0.688080232,-0.614574642,-0.211430661
1497535151421170000,110405,1.342481364,0.106209255,1.047342006,0.324010855,0.688661168,-0.611830852,-0.215466401
1497535151431160000,110406,1.342162793,0.097887918,1.045739737,0.324838696,0.690436623,-0.609555677,-0.214985972
1497535151441150000,110407,1.342582266,0.089914512,1.044399653,0.326711224,0.689762424,-0.608660299,-0.216841451
1497535151451180000,110408,1.342999284,0.081872927,1.042828665,0.329245886,0.690276275,-0.606463256,-0.217527306
1497535151461130000,110409,1.343509045,0.073617308,1.041474171,0.329963931,0.689955249,-0.606045066,-0.218620531
1497535151471150000,110410,1.344092361,0.065048601,1.040003312,0.33005333,0.690266052,-0.605446569,-0.219162109
1497535151481230000,110411,1.345357041,0.056639417,1.038784082,0.332212237,0.688823727,-0.604884018,-0.221973485
1497535151491050000,110412,1.346561012,0.047566259,1.037739031,0.331862604,0.688392108,-0.605080784,-0.223295236
1497535151501060000,110413,1.347699057,0.038443471,1.036309907,0.333448403,0.688377555,-0.602729834,-0.227299916
1497535151511110000,110414,1.349473773,0.029070528,1.035245806,0.335685293,0.685968031,-0.603366945,-0.229590015
1497535151521200000,110415,1.351710081,0.019264718,1.034447324,0.340048292,0.685647494,-0.601126581,-0.230003273
1497535151531250000,110416,1.352628581,0.008960827,1.033374394,0.339128065,0.685269569,-0.601404769,-0.231754348
1497535151541330000,110417,1.35447088,-0.000976356,1.032816019,0.340713755,0.681969184,-0.602714171,-0.235728231
1497535151551210000,110418,1.354944596,-0.011389362,1.032395257,0.337728892,0.68282836,-0.602197711,-0.238835807
1497535151561260000,110419,1.356519015,-0.022268623,1.032413073,0.336570855,0.682420737,-0.603079435,-0.239410094
1497535151571170000,110420,1.358276417,-0.03243828,1.032313719,0.33722359,0.685701365,-0.599394003,-0.238370966
1497535151581270000,110421,1.360292195,-0.043484327,1.032122255,0.336959215,0.683126644,-0.601056129,-0.241925619
1497535151591170000,110422,1.362572368,-0.054476969,1.032241102,0.337459708,0.684117147,-0.600073384,-0.24086637
1497535151601160000,110423,1.364454094,-0.065822251,1.032657769,0.33499839,0.682249552,-0.603624791,-0.240725442
1497535151611130000,110424,1.366666376,-0.076809066,1.033122346,0.334352715,0.680453577,-0.6064341,-0.239643221
1497535151621170000,110425,1.369188077,-0.087782126,1.033731962,0.333924741,0.679339152,-0.608619021,-0.237855989
1497535151631170000,110426,1.371916587,-0.098389242,1.034548314,0.334363226,0.680037195,-0.60898579,-0.234279651
1497535151641100000,110427,1.374984576,-0.108697692,1.035851609,0.333297473,0.677246513,-0.613969173,-0.23085019
1497535151651190000,110428,1.377864805,-0.119083025,1.037422111,0.330586658,0.676048683,-0.618509074,-0.226091056
1497535151661150000,110429,1.381692671,-0.128701689,1.038727445,0.332771845,0.673295936,-0.621792143,-0.22205858
1497535151671180000,110430,1.386263077,-0.138141516,1.039952434,0.338537646,0.674520012,-0.618335884,-0.21926183
1497535151681160000,110431,1.384985244,-0.14536648,1.042452857,0.31739512,0.673648436,-0.634303358,-0.207647231
1497535151691200000,110432,1.388044628,-0.154013758,1.043926952,0.314079835,0.666858641,-0.642462798,-0.209511247
1497535151701190000,110433,1.391204313,-0.162808512,1.045257569,0.310077417,0.661019962,-0.64956018,-0.212075876
1497535151711220000,110434,1.393701183,-0.171090015,1.046687913,0.30761275,0.656989291,-0.654936945,-0.211653172
1497535151721310000,110435,1.396283545,-0.179185819,1.047952977,-0.306742172,-0.653879609,0.658829989,0.210460787
1497535151731200000,110436,1.398123947,-0.18689563,1.049269797,-0.306316869,-0.649263403,0.663340802,0.211201301
1497535151741220000,110437,1.400024412,-0.194644867,1.050969061,-0.306760317,-0.646449232,0.666728134,0.208506819
1497535151751200000,110438,1.402017909,-0.201826981,1.052347024,-0.306950107,-0.640076696,0.672798882,0.208386946
1497535151761220000,110439,1.405247229,-0.208635735,1.053362172,-0.30759535,-0.631364252,0.679806189,0.211252991
1497535151771210000,110440,1.40488651,-0.215809053,1.055540883,-0.311302957,-0.627705572,0.681940142,0.209842387
1497535151781250000,110441,1.406483949,-0.222428722,1.056985773,-0.31343756,-0.622535941,0.685585386,0.210187003
1497535151791210000,110442,1.406770652,-0.229063384,1.058559764,-0.315117199,-0.618227751,0.689438315,0.207774899
1497535151801190000,110443,1.407931408,-0.235558123,1.060269332,-0.317940798,-0.614366287,0.692079296,0.206140636
1497535151811170000,110444,1.409383744,-0.242081371,1.061704898,-0.318883007,-0.608637966,0.696330676,0.207357286
1497535151821170000,110445,1.410286979,-0.248326186,1.063293934,-0.319009485,-0.603815959,0.700598058,0.206885467
1497535151831230000,110446,1.41201881,-0.254690673,1.06460839,-0.318936605,-0.599046112,0.704681738,0.206994798
1497535151841270000,110447,1.412467762,-0.261198942,1.066227025,-0.318636339,-0.5967408,0.707384612,0.204886096
1497535151851240000,110448,1.413232032,-0.267700636,1.067819188,-0.318613064,-0.594568022,0.709750199,0.203049841
1497535151861260000,110449,1.414342133,-0.274263338,1.069174854,-0.318181902,-0.591880718,0.71280558,0.200862388
1497535151871220000,110450,1.416388709,-0.2812569,1.069521862,-0.318197325,-0.587679951,0.717574969,0.196134909
1497535151881280000,110451,1.417168914,-0.288404653,1.070738161,-0.316899375,-0.587018841,0.719362909,0.193650901
1497535151891150000,110452,1.418044683,-0.295376868,1.071996141,-0.31509656,-0.586438769,0.721298126,0.191135402
1497535151901310000,110453,1.420316171,-0.302414148,1.072966744,-0.310209108,-0.582142337,0.726989394,0.190701418
1497535151911170000,110454,1.41334248,-0.312237574,1.078390313,-0.347680748,-0.563672225,0.722307587,0.199156897
1497535151921220000,110455,1.423588363,-0.317113649,1.074461506,-0.305216144,-0.56826285,0.737848936,0.198744524
1497535151931230000,110456,1.424455256,-0.324327677,1.075258128,-0.301688689,-0.570428719,0.738400385,0.19585679
1497535151941220000,110457,1.424981465,-0.331854477,1.076061918,-0.299098709,-0.574492913,0.737315952,0.191997505
1497535151951220000,110458,1.425767276,-0.339613012,1.076658632,-0.296153465,-0.578979343,0.735968868,0.188217613
1497535151961240000,110459,1.426825816,-0.346874559,1.077230187,-0.293131194,-0.580003063,0.736822755,0.186447788
1497535151971190000,110460,1.428214958,-0.354650635,1.077578112,-0.290434811,-0.580481203,0.737961225,0.184668417
1497535151981170000,110461,1.42937614,-0.362129355,1.077502844,-0.287145682,-0.581578653,0.738865938,0.182731372
1497535151991150000,110462,1.431258459,-0.369252974,1.077262155,-0.284229562,-0.577490819,0.743023237,0.183396781
1497535152001220000,110463,1.432085619,-0.376814007,1.076691152,-0.282047184,-0.579906045,0.742404546,0.181642108
1497535152011210000,110464,1.432383219,-0.38520393,1.075984653,-0.281613726,-0.587173525,0.73795064,0.177058787
1497535152021240000,110465,1.433580607,-0.392858982,1.075015648,-0.278991919,-0.587398391,0.73880564,0.176897899
1497535152031250000,110466,1.434326996,-0.40086496,1.073671106,-0.27768462,-0.591018657,0.736901744,0.17482568
1497535152041170000,110467,1.435837232,-0.408620126,1.072319955,-0.275454944,-0.589235378,0.738919064,0.175854656
1497535152051260000,110468,1.436627945,-0.416689472,1.070637681,-0.273937815,-0.592441508,0.737153752,0.174858454
1497535152061230000,110469,1.435513068,-0.426374942,1.068696557,-0.275192967,-0.608458928,0.724704248,0.169853808
1497535152071250000,110470,1.436400083,-0.434723961,1.066735155,-0.273901959,-0.611061807,0.7231646,0.169157165
1497535152081240000,110471,1.437051589,-0.443133683,1.064587043,-0.272177135,-0.615002699,0.720707293,0.168143646
1497535152091150000,110472,1.437695731,-0.451765158,1.062531068,-0.269878956,-0.617693547,0.719475203,0.167258673
1497535152101250000,110473,1.438480869,-0.460407118,1.060522847,-0.267962873,-0.619268589,0.718876546,0.167089271
1497535152111230000,110474,1.439347684,-0.469151154,1.058609903,-0.266531841,-0.62024033,0.718799407,0.16610275
1497535152121240000,110475,1.440422648,-0.478110458,1.057100659,-0.265501044,-0.622017623,0.718137554,0.163956473
1497535152131250000,110476,1.441209416,-0.486290091,1.055188289,-0.264507452,-0.62350375,0.717910224,0.160884406
1497535152141190000,110477,1.441989528,-0.494290682,1.053538628,-0.26371437,-0.622904747,0.71931562,0.158206972
1497535152151230000,110478,1.442907868,-0.502391011,1.052175609,-0.262884201,-0.620650951,0.722191328,0.155318959
1497535152161220000,110479,1.443930304,-0.510467009,1.050955976,-0.262706145,-0.618597377,0.724244441,0.154249008
1497535152171240000,110480,1.444835765,-0.518559831,1.049787408,-0.262455367,-0.616898432,0.725951397,0.153453817
1497535152181230000,110481,1.445566666,-0.526863471,1.048856744,-0.262626234,-0.614565394,0.727540049,0.154991338
1497535152191170000,110482,1.446306296,-0.53574131,1.04829818,-0.262250994,-0.6097979,0.731822609,0.154293896
1497535152201220000,110483,1.446898032,-0.544745517,1.047522089,-0.262364582,-0.607669122,0.73365184,0.153811708
1497535152211180000,110484,1.447193816,-0.554359206,1.046801578,-0.263414532,-0.605797431,0.73488567,0.153509967
1497535152221220000,110485,1.447674918,-0.564140767,1.046407453,-0.262944861,-0.60120089,0.739122835,0.152035935
1497535152231210000,110486,1.447944597,-0.574202795,1.04578149,-0.263081612,-0.601104358,0.739391582,0.150869824
1497535152241120000,110487,1.448350646,-0.584981688,1.045886462,-0.261575307,-0.595726941,0.744500358,0.14968964
1497535152251160000,110488,1.448919457,-0.595674908,1.046182199,-0.259873727,-0.596340122,0.745067252,0.147373319
1497535152261230000,110489,1.449163369,-0.606775291,1.046951194,-0.257356924,-0.594291621,0.747640887,0.147030565
1497535152271310000,110490,1.449532266,-0.617688014,1.047845128,-0.254435698,-0.593118744,0.749964001,0.145005612
1497535152281200000,110491,1.449743946,-0.628773484,1.048955156,-0.252398734,-0.593395069,0.75058956,0.144195992
1497535152291220000,110492,1.450053218,-0.639546454,1.050332117,-0.249749062,-0.594157271,0.751182293,0.142575267
1497535152301240000,110493,1.450070425,-0.65042518,1.052057793,-0.249080714,-0.593936862,0.751510081,0.14293495
1497535152311190000,110494,1.449739131,-0.660897995,1.053637497,-0.24863803,-0.595061492,0.750700766,0.143280532
1497535152321270000,110495,1.44911462,-0.671515974,1.055540471,-0.248280572,-0.59722775,0.749142575,0.143042565
1497535152331250000,110496,1.447930226,-0.681993868,1.057313552,-0.248741284,-0.599840455,0.746886955,0.143105128
1497535152341230000,110497,1.446744096,-0.692942806,1.059596231,-0.250558931,-0.603432333,0.743247125,0.14378231
1497535152351240000,110498,1.445157875,-0.703357806,1.061333331,-0.254414451,-0.606192568,0.739351509,0.145475787
1497535152361210000,110499,1.443506762,-0.71365883,1.062967209,-0.259179833,-0.607114006,0.736223183,0.149043023
1497535152371230000,110500,1.441854335,-0.723497413,1.064080324,-0.264043082,-0.606078094,0.734319181,0.154032256
1497535152381190000,110501,1.440329576,-0.733191146,1.065191474,-0.267682868,-0.605326384,0.732392139,0.15977361
1497535152391190000,110502,1.439012475,-0.742671755,1.066247961,-0.26999187,-0.605970474,0.729547963,0.166324817
1497535152401240000,110503,1.437855177,-0.752238639,1.067235228,-0.27176237,-0.606986871,0.726736477,0.17194838
1497535152411220000,110504,1.436743762,-0.761609614,1.068189908,-0.273429133,-0.608117909,0.723733094,0.177875031
1497535152421160000,110505,1.435899059,-0.770925559,1.069323933,-0.275028817,-0.611387205,0.719325868,0.182030575
1497535152431240000,110506,1.434869557,-0.77947213,1.070100548,-0.276877139,-0.613786791,0.715953756,0.184431678
1497535152441230000,110507,1.434059526,-0.788169573,1.071219231,-0.279225333,-0.616783088,0.712447866,0.18447188
1497535152451260000,110508,1.433163139,-0.796475456,1.072238389,-0.281478051,-0.620312555,0.70862758,0.183927685
1497535152461220000,110509,1.432285402,-0.804758171,1.073235833,-0.283794341,-0.623443058,0.705145076,0.183166447
1497535152471250000,110510,1.431591003,-0.813086303,1.074275573,-0.285770651,-0.625807593,0.702553525,0.181984991
1497535152481120000,110511,1.430858622,-0.820993266,1.075050824,-0.287078704,-0.627906725,0.700378853,0.181075739
1497535152491160000,110512,1.430321727,-0.828896256,1.07586933,-0.288167521,-0.629715911,0.698573933,0.180032807
1497535152501250000,110513,1.429913104,-0.836517957,1.076602422,-0.288936547,-0.631568678,0.696740213,0.17941503
1497535152511200000,110514,1.429259089,-0.843546528,1.076722895,-0.289147258,-0.632426743,0.696172339,0.178253617
1497535152521180000,110515,1.428895315,-0.850838024,1.077327405,-0.289416355,-0.633722674,0.694797206,0.178579359
1497535152531180000,110516,1.428605564,-0.858008501,1.077971689,-0.289368697,-0.635551151,0.693133717,0.178622908
1497535152541380000,110517,1.42801382,-0.864801459,1.078043933,-0.290137396,-0.637963622,0.690389854,0.179400552
1497535152551240000,110518,1.427358931,-0.871420433,1.078003742,-0.291044741,-0.639813012,0.68794986,0.180713193
1497535152561200000,110519,1.426888,-0.878312592,1.078328953,-0.292269659,-0.64167891,0.685634792,0.18091864
1497535152571240000,110520,1.42612018,-0.884713627,1.07815332,-0.293835193,-0.643160003,0.683556846,0.180986541
1497535152581270000,110521,1.425752071,-0.891287128,1.078374055,-0.295849341,-0.644323286,0.681743922,0.18040481
1497535152591300000,110522,1.425210365,-0.897456823,1.078294453,-0.297704638,-0.645470371,0.679926746,0.18010988
1497535152601250000,110523,1.424697374,-0.903482163,1.077991019,-0.299809998,-0.645668195,0.678848254,0.17997665
1497535152611200000,110524,1.424217576,-0.909751823,1.077702148,-0.301644536,-0.646074287,0.677776764,0.179491639
1497535152621250000,110525,1.423885756,-0.91626174,1.077459623,-0.303402733,-0.647056181,0.676081138,0.179386108
1497535152631250000,110526,1.423549587,-0.922800257,1.07688986,-0.305058302,-0.648810324,0.673729667,0.179089173
1497535152641270000,110527,1.423382876,-0.929402231,1.076422825,-0.306343182,-0.65009763,0.671883366,0.179163804
1497535152651250000,110528,1.423347311,-0.936233265,1.076009485,-0.306713181,-0.651497737,0.670353013,0.179177457
1497535152661230000,110529,1.423307439,-0.943137069,1.075268716,-0.307037381,-0.653885372,0.668165032,0.178093957
1497535152671240000,110530,1.423670046,-0.950192472,1.074932441,-0.306845154,-0.655204565,0.66679865,0.178696921
1497535152681090000,110531,1.423992172,-0.957334563,1.074356405,-0.307155916,-0.657191411,0.664694698,0.178705488
1497535152691280000,110532,1.424187386,-0.964200304,1.073345837,-0.306863948,-0.659866734,0.662123766,0.178892508
1497535152701250000,110533,1.424663449,-0.971394415,1.072564429,0.306486222,0.66241896,-0.659690921,-0.179095524
1497535152711220000,110534,1.425296808,-0.97912409,1.072005811,0.305558049,0.66273948,-0.659774823,-0.179186618
1497535152721250000,110535,1.425823587,-0.98658515,1.071063993,0.304584876,0.66619477,-0.656929944,-0.178481456
1497535152731270000,110536,1.426690521,-0.994300643,1.070314751,0.305183544,0.669695848,-0.653016447,-0.178717641
1497535152741250000,110537,1.42739788,-1.002310866,1.06946958,0.302816329,0.67113172,-0.652773714,-0.178244112
1497535152751250000,110538,1.428180323,-1.009933856,1.068314672,0.303117943,0.675212621,-0.648403997,-0.178268579
1497535152761230000,110539,1.42895329,-1.018041579,1.067312652,0.30171491,0.677244421,-0.647015597,-0.177985745
1497535152771250000,110540,1.429569359,-1.026185151,1.065959185,0.300220624,0.679070051,-0.645762224,-0.178108375
1497535152781250000,110541,1.430729658,-1.034499681,1.065056761,0.301035509,0.682938082,-0.641356546,-0.177862247
1497535152791230000,110542,1.431181269,-1.04287931,1.063543043,0.299011507,0.685069376,-0.640181493,-0.177312505
1497535152801250000,110543,1.432115674,-1.0512751,1.062434505,0.297696956,0.687031009,-0.638598109,-0.177643942
1497535152811220000,110544,1.433048857,-1.059795794,1.061246427,0.297065748,0.688979564,-0.636714617,-0.177914583
1497535152821250000,110545,1.433963573,-1.068382667,1.059998201,0.296553194,0.6905899,-0.635077854,-0.178375762
1497535152831240000,110546,1.434912968,-1.076809871,1.058585519,0.297221826,0.69272082,-0.632278687,-0.178943328
1497535152841200000,110547,1.435831991,-1.08551151,1.057257448,0.297032311,0.693378734,-0.631451285,-0.179630211
1497535152851250000,110548,1.436822345,-1.094066318,1.055927719,0.297664376,0.694578425,-0.629577593,-0.180523641
1497535152861230000,110549,1.43756672,-1.102605893,1.054194364,0.298216506,0.69617364,-0.627605098,-0.180335851
1497535152871210000,110550,1.438598377,-1.111054822,1.052750649,0.299291324,0.696419918,-0.626460659,-0.181579303
1497535152881230000,110551,1.43969298,-1.119733476,1.051304829,0.299464941,0.696919775,-0.625910384,-0.181272636
1497535152891240000,110552,1.440993945,-1.128253793,1.049803476,0.300590924,0.697978103,-0.62413182,-0.181469378
1497535152901250000,110553,1.442444482,-1.13690478,1.048337056,0.301230378,0.697861181,-0.62371401,-0.182293349
1497535152911270000,110554,1.444031498,-1.146028543,1.047051102,0.300587881,0.698378174,-0.623747791,-0.181255469
1497535152921120000,110555,1.445791329,-1.155129138,1.045705246,0.301573961,0.698958758,-0.622295376,-0.182368489
1497535152931240000,110556,1.447636007,-1.1642859,1.044508839,0.302679203,0.701058569,-0.619192576,-0.183037529
1497535152941230000,110557,1.449387711,-1.17388726,1.043502657,0.302646719,0.70096791,-0.618985907,-0.184134189
1497535152951230000,110558,1.45140477,-1.183074911,1.042751348,0.305395368,0.703880356,-0.613721161,-0.186097961
1497535152961130000,110559,1.453381883,-1.192864682,1.042417761,0.305628022,0.703843046,-0.613388984,-0.186950352
1497535152971190000,110560,1.45524796,-1.202612746,1.042046935,0.305680572,0.703599833,-0.613714526,-0.186711389
1497535152981160000,110561,1.457298935,-1.212469168,1.042107282,0.305449606,0.703572823,-0.613910185,-0.186547866
1497535152991270000,110562,1.459464821,-1.222381687,1.042403949,0.305514152,0.703687404,-0.613821258,-0.186302451
1497535153001200000,110563,1.461550852,-1.233190694,1.043271143,0.292628101,0.694419313,-0.633100273,-0.17701598
1497535153011210000,110564,1.464062839,-1.243213017,1.044162261,0.292262046,0.694492926,-0.633475018,-0.175988278
1497535153021290000,110565,1.466905363,-1.252355229,1.044812836,0.303500856,0.70180257,-0.618268137,-0.181947503
1497535153031220000,110566,1.469732816,-1.262098018,1.046136897,0.301909175,0.700648859,-0.620800232,-0.180413686
1497535153041250000,110567,1.472499814,-1.271684481,1.047547624,0.300042706,0.698888719,-0.624043544,-0.179160788
1497535153051260000,110568,1.475529305,-1.280898025,1.049449021,0.299170935,0.696917445,-0.626952556,-0.178138484
1497535153061230000,110569,1.478063644,-1.290339012,1.051211231,0.294612927,0.689961039,-0.637419823,-0.175650099
1497535153071260000,110570,1.480714175,-1.298978256,1.052982055,0.293303441,0.686863069,-0.641270721,-0.175966128
1497535153081250000,110571,1.483226949,-1.307269666,1.054730208,0.291402722,0.683539671,-0.645770464,-0.175608884
1497535153091190000,110572,1.485403048,-1.315252764,1.056202136,0.289797586,0.67974179,-0.65016832,-0.176775604
1497535153101250000,110573,1.487497034,-1.32305298,1.057708861,0.289256212,0.676219531,-0.653553462,-0.178678099
1497535153111230000,110574,1.489248478,-1.330406766,1.058909782,0.289081824,0.671403791,-0.657876965,-0.181236165
1497535153121250000,110575,1.490472204,-1.33749098,1.059734842,0.289960341,0.667334292,-0.661124791,-0.183035388
1497535153131290000,110576,1.491628981,-1.344520312,1.060660077,-0.291683035,-0.662236592,0.664935187,0.184999729
1497535153141190000,110577,1.492472708,-1.351220894,1.061554073,-0.294343056,-0.656339171,0.669160515,0.186561688
1497535153151260000,110578,1.492999752,-1.357847891,1.062201447,-0.297817798,-0.650901966,0.672483851,0.18814
1497535153161230000,110579,1.493472039,-1.364098569,1.063064377,-0.301158896,-0.645148239,0.676143745,0.18951703
1497535153171240000,110580,1.493971627,-1.370341718,1.064173375,-0.304760572,-0.639267865,0.679768869,0.190714121
1497535153181250000,110581,1.494122677,-1.376403533,1.065070805,-0.307892691,-0.633681101,0.683188074,0.192105202
1497535153191250000,110582,1.494322961,-1.382399155,1.06631528,-0.311210111,-0.627893553,0.686664799,0.193363403
1497535153201250000,110583,1.494345909,-1.388234088,1.067493648,-0.313508763,-0.623562803,0.689427964,0.193831804
1497535153211230000,110584,1.49427917,-1.394169741,1.068879106,-0.31584418,-0.619582516,0.691617382,0.195000914
1497535153221260000,110585,1.494206047,-1.400217743,1.070539245,-0.317357734,-0.616897241,0.69318603,0.195486548
1497535153231260000,110586,1.493974874,-1.406148913,1.072103041,-0.318030739,-0.614252128,0.695035019,0.196155793
1497535153241250000,110587,1.493942541,-1.412095844,1.074305393,-0.318330373,-0.611320882,0.697208351,0.197111814
1497535153251250000,110588,1.493782416,-1.417984395,1.076255844,-0.318470095,-0.60906632,0.698895826,0.19788795
1497535153261230000,110589,1.493773842,-1.423742155,1.078390007,-0.318564115,-0.604940342,0.701811247,0.200062643
1497535153271260000,110590,1.493502011,-1.429420018,1.080174705,-0.318468166,-0.602044283,0.704011146,0.201218825
1497535153281250000,110591,1.493300099,-1.43526926,1.082090395,-0.318520949,-0.599495912,0.705945712,0.201964624
1497535153291250000,110592,1.492788462,-1.441057786,1.083571106,-0.31874251,-0.598231517,0.70698364,0.20173348
1497535153301260000,110593,1.492302375,-1.447009899,1.08493265,-0.318635692,-0.597472306,0.70788032,0.201006448
1497535153311210000,110594,1.491977027,-1.452911251,1.086410043,-0.318357057,-0.595940169,0.709306332,0.200969217
1497535153321250000,110595,1.491488744,-1.458642962,1.087225455,-0.317952436,-0.593874727,0.710967452,0.201852271
1497535153331270000,110596,1.491248675,-1.464565965,1.088166651,-0.317222922,-0.590925742,0.713237809,0.203637454
1497535153341190000,110597,1.490867096,-1.470477162,1.088605484,-0.316221833,-0.58867868,0.715083561,0.205223448
1497535153351270000,110598,1.490506179,-1.476962477,1.089209399,-0.314792735,-0.588483435,0.715697871,0.205838136
1497535153361240000,110599,1.489852473,-1.483703595,1.089456923,-0.312639032,-0.589309853,0.716209814,0.204973741
1497535153371280000,110600,1.489224841,-1.490485908,1.089449318,-0.310268868,-0.590088062,0.716621821,0.204896253
1497535153381150000,110601,1.490610181,-1.495203592,1.089269007,-0.316681646,-0.587158456,0.713092058,0.215539786
1497535153391240000,110602,1.490058731,-1.50205737,1.088805559,-0.315411235,-0.58780357,0.713040711,0.215813948
1497535153401260000,110603,1.487201106,-1.511704986,1.08857747,-0.302864111,-0.594553011,0.716197158,0.204552385
1497535153411230000,110604,1.488640845,-1.516619023,1.087062082,-0.313715979,-0.590424863,0.711964976,0.214677988
1497535153421250000,110605,1.487786953,-1.52414642,1.085694314,-0.31285214,-0.592121068,0.71108971,0.214167233
1497535153431260000,110606,1.4867283,-1.532025312,1.08423357,-0.312192993,-0.595024292,0.709351031,0.21284441
1497535153441250000,110607,1.485804035,-1.539967132,1.082314239,-0.311933788,-0.597735277,0.707108061,0.213091625
1497535153451260000,110608,1.48472716,-1.548110042,1.080027914,-0.312939317,-0.600872984,0.704153433,0.212576066
1497535153461240000,110609,1.483296534,-1.556731304,1.077691466,-0.311619111,-0.604902033,0.701790107,0.210897383
1497535153471260000,110610,1.482117743,-1.565220863,1.075244561,-0.312266042,-0.60762316,0.699337148,0.210265471
1497535153481290000,110611,1.480346416,-1.574071475,1.072715363,-0.311116612,-0.612124261,0.696570653,0.208085723
1497535153491260000,110612,1.478885583,-1.582610859,1.070318988,-0.311209532,-0.614678238,0.694324021,0.207926539
1497535153501260000,110613,1.477079761,-1.591434713,1.067802894,-0.310541901,-0.618069129,0.692316279,0.205554006
1497535153511220000,110614,1.475371553,-1.600327372,1.065487577,-0.309917048,-0.619893393,0.691754034,0.202879178
1497535153521230000,110615,1.474296876,-1.608714821,1.063324021,-0.31020582,-0.621165309,0.690654583,0.202292499
1497535153531270000,110616,1.473122803,-1.617212791,1.061172934,-0.308257966,-0.620767541,0.692810819,0.199092581
1497535153541260000,110617,1.472396666,-1.625354878,1.05931445,-0.305953663,-0.62005482,0.695105992,0.196855369
1497535153551280000,110618,1.471839361,-1.633273547,1.057611382,-0.303091097,-0.61851661,0.697995141,0.195897354
1497535153561250000,110619,1.47097718,-1.641700231,1.056296151,-0.299298842,-0.6168649,0.701487686,0.194455458
1497535153571260000,110620,1.469906683,-1.650064768,1.055123244,-0.297462182,-0.614703153,0.703984878,0.19509376
1497535153581260000,110621,1.468560377,-1.658667232,1.054020535,-0.297683568,-0.61169583,0.706181501,0.196266127
1497535153591230000,110622,1.466369185,-1.66816314,1.053098963,-0.29581658,-0.610015905,0.708874339,0.194602978
1497535153601260000,110623,1.464448567,-1.67725591,1.052352213,-0.296098628,-0.607021737,0.710981741,0.195844777
1497535153611200000,110624,1.461938359,-1.687045914,1.05186205,-0.29412975,-0.604546646,0.714348524,0.194209242
1497535153621260000,110625,1.459350202,-1.696950445,1.051856134,-0.291889852,-0.602163374,0.717670143,0.192741153
1497535153631260000,110626,1.456898878,-1.707008925,1.052425911,-0.289299449,-0.600122298,0.72073592,0.19156928
1497535153641220000,110627,1.454498869,-1.717024896,1.053533637,-0.285711306,-0.598594226,0.723386526,0.191744453
1497535153651260000,110628,1.451834346,-1.727093479,1.055009751,-0.281762726,-0.598846899,0.724908627,0.19104879
1497535153661240000,110629,1.448867495,-1.737054123,1.056953416,-0.277192944,-0.600211436,0.725529336,0.191095488
1497535153671240000,110630,1.44522449,-1.746722107,1.058719312,-0.27314877,-0.6020008,0.725585913,0.191075561
1497535153681250000,110631,1.441603112,-1.755518559,1.060448565,-0.273014576,-0.602781738,0.72450036,0.192915645
1497535153691220000,110632,1.437230684,-1.764372672,1.06242374,-0.27078528,-0.60418271,0.723926235,0.19382825
1497535153701190000,110633,1.432712669,-1.772661938,1.06429549,-0.270639926,-0.603553744,0.723908015,0.196046153
1497535153711230000,110634,1.427797078,-1.780788472,1.066032688,-0.27127308,-0.602250024,0.72399235,0.198848946
1497535153721150000,110635,1.422633481,-1.788809485,1.067665988,-0.274171571,-0.600980635,0.723354218,0.201024627
1497535153731170000,110636,1.417126366,-1.796744036,1.068976867,-0.278793183,-0.599783929,0.722079396,0.202817517
1497535153741280000,110637,1.411460402,-1.804605178,1.07002544,-0.284029022,-0.599053522,0.720032725,0.20497626
1497535153751280000,110638,1.405923579,-1.812217064,1.070871367,-0.290862192,-0.598805645,0.716900558,0.20708591
1497535153761180000,110639,1.40055689,-1.819842919,1.071615397,-0.297104989,-0.598669339,0.714064766,0.208411032
1497535153771280000,110640,1.395479715,-1.82724468,1.072288369,-0.301540236,-0.600005605,0.710544764,0.210221069
1497535153781260000,110641,1.390883394,-1.834319249,1.072551996,-0.304624667,-0.600973355,0.707673151,0.212681807
1497535153791250000,110642,1.386591807,-1.841476228,1.073065108,-0.305545536,-0.603738085,0.704985527,0.212456249
1497535153801270000,110643,1.382617578,-1.848414286,1.073523657,-0.305108743,-0.606507013,0.702834853,0.212323027
1497535153811210000,110644,1.379415753,-1.854601766,1.073870849,-0.307118379,-0.605927804,0.701734378,0.214705983
1497535153821270000,110645,1.376072812,-1.860912036,1.074155088,-0.308740936,-0.605132893,0.701687513,0.214773949
1497535153831270000,110646,1.372368222,-1.866861923,1.074517183,-0.309426118,-0.605703221,0.700665832,0.215514447
1497535153841320000,110647,1.369034353,-1.872338601,1.074703694,-0.313315468,-0.605228362,0.699209768,0.215957745
1497535153851270000,110648,1.365046811,-1.877444348,1.075160974,-0.315579184,-0.60595953,0.697461325,0.216264948
1497535153861250000,110649,1.361170073,-1.882202928,1.07538197,-0.318751115,-0.606297314,0.695649346,0.216502379
1497535153871270000,110650,1.357465009,-1.886470936,1.075364381,-0.324320562,-0.604939312,0.693805567,0.217941362
1497535153881290000,110651,1.35298002,-1.890441475,1.075622029,-0.326596057,-0.60614981,0.69126821,0.219238876
1497535153891250000,110652,1.349302849,-1.893968331,1.075465208,-0.33351026,-0.602970836,0.690009211,0.221549919
1497535153901190000,110653,1.344708776,-1.897180644,1.075476985,-0.338376871,-0.602565185,0.687221214,0.223926982
1497535153911190000,110654,1.340846412,-1.899891692,1.075267832,-0.34734984,-0.600163409,0.683696177,0.227401646
1497535153921200000,110655,1.336862528,-1.902638834,1.074911128,-0.356266056,-0.594774453,0.682436044,0.231514349
1497535153931270000,110656,1.332338052,-1.90537441,1.074701013,-0.363794145,-0.593627309,0.678757762,0.233555858
1497535153941260000,110657,1.327973222,-1.907678566,1.074568259,-0.37261035,-0.592511256,0.673750086,0.236965735
1497535153951250000,110658,1.323730612,-1.910051149,1.07421532,-0.381112698,-0.589827746,0.670004118,0.240729774
1497535153961180000,110659,1.318862527,-1.912623363,1.074383931,-0.385020072,-0.594026689,0.664154695,0.240396293
1497535153971230000,110660,1.315907689,-1.914683455,1.073467229,-0.396032236,-0.587710601,0.660518608,0.247931214
1497535153981250000,110661,1.311225806,-1.917622276,1.073525552,-0.397844513,-0.592642781,0.654599644,0.248985105
1497535153991230000,110662,1.307189987,-1.919890121,1.073292689,-0.402705795,-0.594976907,0.649056785,0.2501116
1497535154001260000,110663,1.304351422,-1.921240489,1.072672083,-0.405984938,-0.592068096,0.647964201,0.254507354
1497535154011220000,110664,1.300625667,-1.923601523,1.072190591,-0.41066616,-0.592069676,0.643510771,0.258264769
1497535154021260000,110665,1.297210186,-1.925688061,1.071510748,-0.416692475,-0.591087133,0.638784406,0.262560212
1497535154031290000,110666,1.293282399,-1.928009058,1.071153621,-0.420779708,-0.589421263,0.636056598,0.266381334
1497535154041260000,110667,1.290283482,-1.929553678,1.070031992,-0.428295628,-0.590820625,0.62855557,0.269094295
1497535154051250000,110668,1.286159768,-1.931695147,1.069507974,-0.435363603,-0.587058378,0.624250613,0.27592058
1497535154061250000,110669,1.282719351,-1.933346387,1.068751135,-0.439859874,-0.586304805,0.619996676,0.279953727
1497535154071260000,110670,1.279257217,-1.934938214,1.067778981,-0.445647904,-0.583848615,0.615820506,0.285103217
1497535154081310000,110671,1.275513729,-1.936672243,1.067116846,-0.452322149,-0.581728196,0.610907133,0.28946408
1497535154091150000,110672,1.272168229,-1.938105888,1.066182308,-0.460338895,-0.580795448,0.603743201,0.29369865
1497535154101280000,110673,1.268069175,-1.939984594,1.065545155,-0.465289653,-0.57782426,0.600672107,0.298022958
1497535154111260000,110674,1.264623612,-1.941288718,1.064487714,-0.470200773,-0.576927338,0.595864773,0.301680711
1497535154121270000,110675,1.260772054,-1.943182757,1.063695239,-0.47770215,-0.575821407,0.589986398,0.303556277
1497535154131280000,110676,1.257524292,-1.944569036,1.062705035,-0.484588972,-0.572701658,0.58491236,0.308324294
1497535154141180000,110677,1.253929204,-1.946230092,1.061964546,-0.490023895,-0.567542319,0.582256224,0.31424511
1497535154151280000,110678,1.250142812,-1.948215956,1.061275598,-0.495611529,-0.568361818,0.576349946,0.314888546
1497535154161180000,110679,1.246673709,-1.950144239,1.060566529,-0.500287618,-0.564795097,0.573135295,0.319741662
1497535154171250000,110680,1.243847559,-1.951804748,1.059799459,-0.505932233,-0.561669556,0.568856347,0.323978921
1497535154181270000,110681,1.240107594,-1.954181748,1.059184015,-0.509203495,-0.561133574,0.564822131,0.326828506
1497535154191310000,110682,1.237382942,-1.955832711,1.058458207,-0.51378958,-0.557493024,0.561962662,0.330786581
1497535154201170000,110683,1.233176255,-1.958340636,1.058016833,0.518103432,0.556766681,-0.55654413,-0.334422381
1497535154211270000,110684,1.230649063,-1.959984563,1.056855963,0.522255325,0.554010672,-0.552833394,-0.338669146
1497535154221280000,110685,1.226501646,-1.962668924,1.056757786,0.527438626,0.553235622,-0.54720941,-0.341028891
1497535154231280000,110686,1.222988501,-1.964831062,1.055878633,0.532073802,0.552391585,-0.54201056,-0.34349026
1497535154241260000,110687,1.220051756,-1.966724451,1.055244679,0.536180067,0.548880948,-0.538416755,-0.348350453
1497535154251280000,110688,1.217377687,-1.968725522,1.054336436,0.540704578,0.54190796,-0.536342481,-0.35540268
1497535154261260000,110689,1.214398381,-1.970792438,1.053456927,0.545071176,0.540483879,-0.53129912,-0.358463156
1497535154271290000,110690,1.211111773,-1.973045593,1.052715057,0.54901059,0.537254641,-0.52747809,-0.362921049
1497535154281270000,110691,1.207186336,-1.976028223,1.052022975,0.552391116,0.53540067,-0.523087956,-0.366863964
1497535154291300000,110692,1.203769893,-1.978604871,1.051286921,0.55576673,0.532604084,-0.51948803,-0.370929129
1497535154301280000,110693,1.200432958,-1.981347145,1.050218823,0.559700106,0.529985716,-0.51501758,-0.374977099
1497535154311260000,110694,1.196962867,-1.984110169,1.049199756,0.562026118,0.526852418,-0.511797973,-0.380284113
1497535154321210000,110695,1.192952779,-1.987478686,1.048286262,0.566530685,0.524826023,-0.506494924,-0.383488619
1497535154331280000,110696,1.189336584,-1.990364365,1.047041838,0.568949383,0.521603913,-0.502662523,-0.389302383
1497535154341220000,110697,1.18548439,-1.993743647,1.045921822,0.573214215,0.519933674,-0.497271937,-0.39219263
1497535154351290000,110698,1.181363042,-1.997206145,1.044907988,0.576485907,0.51660224,-0.493664765,-0.396334738
1497535154361260000,110699,1.177477945,-2.000673923,1.043653023,0.580123426,0.513184637,-0.488532404,-0.401789034
1497535154371260000,110700,1.17326731,-2.004460914,1.042553253,0.583825954,0.51025895,-0.484088119,-0.405514184
1497535154381270000,110701,1.16898542,-2.008420553,1.041569061,0.586960116,0.506271717,-0.4800743,-0.4107255
1497535154391280000,110702,1.164364744,-2.012585377,1.040531084,0.591595598,0.503978408,-0.473726321,-0.414250874
1497535154401280000,110703,1.160092198,-2.016808252,1.039545719,0.594040439,0.498912871,-0.470459231,-0.420559171
1497535154411240000,110704,1.155531572,-2.021140595,1.03865056,0.597284045,0.496080298,-0.465400639,-0.424921585
1497535154421230000,110705,1.150405514,-2.025829267,1.037830178,0.60110686,0.493025574,-0.460315056,-0.428609817
1497535154431270000,110706,1.145043066,-2.030691374,1.037261725,0.604680951,0.490040971,-0.455798262,-0.431820262
1497535154441210000,110707,1.139819666,-2.03550246,1.036736284,0.607790854,0.486412555,-0.452520907,-0.434991877
1497535154451270000,110708,1.134571754,-2.040396481,1.036448918,0.610185155,0.481670683,-0.449857539,-0.439653983
1497535154461250000,110709,1.129100759,-2.045507724,1.036266132,0.613050947,0.4788821,-0.446686974,-0.441940287
1497535154471240000,110710,1.123357539,-2.050705735,1.036298182,0.615804134,0.477601738,-0.443497611,-0.442709518
1497535154481190000,110711,1.117699992,-2.056073796,1.036655849,0.617600824,0.473579552,-0.443356846,-0.444664297
1497535154491170000,110712,1.11214529,-2.061772176,1.037261759,0.618911784,0.470423026,-0.443549004,-0.445998499
1497535154501200000,110713,1.106827423,-2.067508051,1.037802077,0.619717227,0.468464119,-0.444029672,-0.446463412
1497535154511160000,110714,1.101426273,-2.073482767,1.038620797,0.620293768,0.466789545,-0.44441967,-0.447028321
1497535154521310000,110715,1.096134239,-2.079312541,1.039624146,0.619381919,0.464130137,-0.446602912,-0.448882047
1497535154531270000,110716,1.090715755,-2.085142304,1.041093928,0.619279929,0.462221847,-0.449023325,-0.448577069
1497535154541220000,110717,1.08565468,-2.090890399,1.042488626,0.618714518,0.459761729,-0.451211576,-0.449688349
1497535154551270000,110718,1.081030665,-2.096557566,1.043979254,0.618034627,0.456467147,-0.453607695,-0.45156506
1497535154561230000,110719,1.076841814,-2.102060956,1.045771816,0.615739874,0.453564122,-0.456027793,-0.455173206
1497535154571280000,110720,1.073057679,-2.107471877,1.047198781,0.613842079,0.450539597,-0.458680336,-0.458065851
1497535154581280000,110721,1.068578452,-2.112982646,1.049207137,0.611136827,0.446031395,-0.461168874,-0.463563419
1497535154591280000,110722,1.065116159,-2.117949268,1.050467062,0.608526351,0.442279862,-0.464062636,-0.467685871
1497535154601280000,110723,1.061493498,-2.122444216,1.051727101,0.605815694,0.438775667,-0.465524424,-0.473022483
1497535154611250000,110724,1.057671119,-2.126803061,1.052695367,0.604297635,0.434202825,-0.466853498,-0.477849439
1497535154621270000,110725,1.05427681,-2.130521996,1.053583935,0.602570392,0.428960683,-0.467783117,-0.483818778
1497535154631270000,110726,1.05043721,-2.134129362,1.054700337,0.602038614,0.422073109,-0.469000949,-0.489328017
1497535154641340000,110727,1.04665365,-2.137390712,1.055622209,0.60179574,0.416269108,-0.468946168,-0.494622491
1497535154651270000,110728,1.043203472,-2.140139073,1.056601896,0.602516022,0.408620904,-0.469855687,-0.499238453
1497535154661260000,110729,1.039933296,-2.142432635,1.057619829,-0.602821457,-0.401035861,0.469968487,0.504882314
1497535154671280000,110730,1.036397946,-2.144578077,1.058690584,-0.603484892,-0.392938472,0.469696834,0.510676243
1497535154681220000,110731,1.033268932,-2.146446659,1.059739631,-0.604308782,-0.386163204,0.469963417,0.514609816
1497535154691290000,110732,1.029897918,-2.148042105,1.060835944,-0.605159224,-0.378577717,0.469865037,0.519315004
1497535154701280000,110733,1.02671063,-2.149482674,1.062002051,-0.606126569,-0.372091038,0.468961911,0.523673151
1497535154711260000,110734,1.023226542,-2.151209631,1.063289098,-0.607107159,-0.365660281,0.468470689,0.527492816
1497535154721270000,110735,1.020271828,-2.152638874,1.064472722,-0.606197553,-0.35811409,0.470035483,0.532302048
1497535154731250000,110736,1.017090787,-2.154415191,1.066029857,-0.604832156,-0.351995471,0.471209534,0.536878782
1497535154741300000,110737,1.014194906,-2.156129175,1.067437578,-0.60264744,-0.346342908,0.473532372,0.540952628
1497535154751240000,110738,1.011126526,-2.158051666,1.068835558,-0.60046667,-0.342275075,0.474836614,0.544809822
1497535154761260000,110739,1.007632542,-2.160195484,1.070350034,-0.598229542,-0.339389846,0.475861829,0.54817102
1497535154771280000,110740,1.004676703,-2.162208276,1.071610277,-0.59580556,-0.337981455,0.476723799,0.550925303
1497535154781210000,110741,1.00154298,-2.164236349,1.072592418,-0.592764263,-0.335242,0.47768525,0.555031649
1497535154791250000,110742,0.998132026,-2.166215047,1.073479252,-0.589739642,-0.332840469,0.478851465,0.558682066
1497535154801280000,110743,0.994826488,-2.168131589,1.074146886,-0.588086972,-0.33062434,0.478380969,0.562132464
1497535154811270000,110744,0.991577649,-2.170042987,1.074816405,-0.586180926,-0.327464656,0.478785212,0.565617841
1497535154821290000,110745,0.988085033,-2.171597243,1.075134955,-0.585361999,-0.325636397,0.477003012,0.569017042
1497535154831240000,110746,0.984125688,-2.173239494,1.075392457,-0.585111445,-0.323465331,0.475666062,0.571626254
1497535154841270000,110747,0.980593739,-2.174775197,1.075799974,-0.583781265,-0.321122871,0.474985815,0.574863472
1497535154851250000,110748,0.976633279,-2.176293231,1.075986464,-0.584736951,-0.319452015,0.472369301,0.576975173
1497535154861270000,110749,0.972585292,-2.177776478,1.076108648,-0.58443677,-0.317189143,0.470693054,0.579890299
1497535154871240000,110750,0.968474024,-2.179049665,1.076223425,-0.582824256,-0.315197747,0.470553394,0.582705561
1497535154881290000,110751,0.964040829,-2.180267484,1.076630192,-0.581092082,-0.316919309,0.469188216,0.584599488
1497535154891270000,110752,0.958894471,-2.181927092,1.077011496,-0.580720998,-0.314429915,0.467712219,0.587488069
1497535154901290000,110753,0.953628664,-2.183727469,1.077065023,-0.582441174,-0.313135235,0.466636388,0.587332176
1497535154911270000,110754,0.947794565,-2.185643091,1.077530043,-0.583275699,-0.31329136,0.463445009,0.588945419
1497535154921220000,110755,0.942004214,-2.187153154,1.077434158,-0.583612662,-0.313969164,0.462659679,0.588868106
1497535154931250000,110756,0.935935125,-2.189074665,1.077176089,-0.58460716,-0.31369609,0.460904938,0.589402978
1497535154941290000,110757,0.92997142,-2.190593725,1.076658489,-0.58721577,-0.31441867,0.458024816,0.588669522
1497535154951320000,110758,0.923835766,-2.192076329,1.075586993,-0.589045373,-0.31422611,0.456797638,0.587897455
1497535154961160000,110759,0.917580096,-2.193740093,1.074607259,-0.590713724,-0.315389839,0.45464259,0.587270517
1497535154971290000,110760,0.911102174,-2.195279819,1.073267577,-0.592311877,-0.316603946,0.452761968,0.586459872
1497535154981290000,110761,0.904512615,-2.196863328,1.071872781,-0.591454108,-0.318902478,0.452625611,0.586185383
1497535154991300000,110762,0.897583317,-2.198515186,1.070327686,-0.594142043,-0.321268954,0.450420835,0.583868618
1497535155001290000,110763,0.890731372,-2.200020979,1.068461091,-0.594710252,-0.323294806,0.44894924,0.583305035
1497535155011260000,110764,0.883542845,-2.201930065,1.066573217,-0.597097607,-0.324945254,0.447240699,0.581257935
1497535155021280000,110765,0.876500781,-2.203814942,1.064637436,-0.59824387,-0.327049797,0.446073585,0.57979398
1497535155031280000,110766,0.869485285,-2.205590311,1.062841078,-0.597687166,-0.330890619,0.445787235,0.578407461
1497535155041280000,110767,0.863008449,-2.207508559,1.060891817,-0.598538899,-0.331864327,0.445638197,0.577082189
1497535155051270000,110768,0.856908208,-2.209402631,1.059081398,-0.597594899,-0.33257049,0.447132757,0.576497618
1497535155061270000,110769,0.851176106,-2.211215935,1.057052071,-0.596594891,-0.331737976,0.448786052,0.576728299
1497535155071260000,110770,0.845705946,-2.213006802,1.055188178,-0.594595903,-0.329915719,0.450215729,0.57872025
1497535155081290000,110771,0.839444834,-2.214583239,1.053683832,-0.592273834,-0.328759709,0.450632232,0.581428715
1497535155091290000,110772,0.832549733,-2.2160905,1.052264754,-0.590853567,-0.326463731,0.450695284,0.584112366
1497535155101290000,110773,0.825306186,-2.217209531,1.050708299,-0.589937394,-0.323488748,0.452050191,0.585644539
1497535155111240000,110774,0.817232427,-2.218414597,1.049388194,-0.589979223,-0.322090685,0.452796407,0.585796484
1497535155121270000,110775,0.808895301,-2.219431129,1.048034467,-0.589562803,-0.31921594,0.453918982,0.586919452
1497535155131220000,110776,0.800299561,-2.220712458,1.046741389,-0.588332731,-0.31680724,0.456889782,0.587153726
1497535155141240000,110777,0.791270742,-2.222017189,1.045596896,-0.585271988,-0.31429164,0.460324661,0.588879165
1497535155151270000,110778,0.781959418,-2.223295209,1.044223084,-0.582841196,-0.31471566,0.4634471,0.588614458
1497535155161270000,110779,0.772229519,-2.224703882,1.04290139,-0.579756674,-0.314025306,0.466517805,0.589602785
1497535155171220000,110780,0.762349925,-2.225941526,1.04168689,-0.574972412,-0.318159182,0.469813525,0.589454589
1497535155181290000,110781,0.751832137,-2.227188006,1.040530204,-0.571384459,-0.320837844,0.472176966,0.589603079
1497535155191250000,110782,0.740486692,-2.229139184,1.040149899,-0.569572514,-0.325573687,0.473638758,0.587584251
1497535155201290000,110783,0.727477608,-2.232252412,1.041270964,-0.564833435,-0.328941476,0.476313574,0.588120801
1497535155211230000,110784,0.716642111,-2.23338551,1.041035163,-0.562866443,-0.33497957,0.476287109,0.586617972
1497535155221130000,110785,0.706221422,-2.234595468,1.041487576,-0.559433396,-0.338872944,0.476944542,0.587131423
1497535155231240000,110786,0.695913931,-2.235307465,1.042225334,-0.559568039,-0.342266932,0.474745731,0.586816366
1497535155241280000,110787,0.686059285,-2.235916353,1.043876009,-0.558077737,-0.343548457,0.473545105,0.588454528
1497535155251270000,110788,0.676884898,-2.23577761,1.04550493,-0.557829783,-0.345021268,0.472528302,0.588645276
1497535155261330000,110789,0.668042638,-2.23493803,1.047301703,-0.557218424,-0.343195296,0.47189893,0.590792702
1497535155271370000,110790,0.65902938,-2.23370954,1.049059902,-0.558810294,-0.342987503,0.470492543,0.590531451
1497535155281300000,110791,0.650032587,-2.232522771,1.050933651,-0.560437864,-0.340590574,0.469309945,0.591316867
1497535155291300000,110792,0.640990795,-2.230896805,1.052270233,-0.563021401,-0.339042575,0.46813527,0.590682997
1497535155301290000,110793,0.633021425,-2.228305298,1.052693447,-0.565261648,-0.337522228,0.465776689,0.591278353
1497535155311280000,110794,0.62380259,-2.227078315,1.053934913,-0.567555719,-0.33667556,0.463393076,0.591436327
1497535155321310000,110795,0.614956252,-2.225968148,1.054995835,-0.569579599,-0.336809208,0.461098202,0.591208158
1497535155331270000,110796,0.606373978,-2.224894497,1.055870116,-0.570718223,-0.335324304,0.458159774,0.593235149
1497535155341290000,110797,0.598085445,-2.223928136,1.056357766,-0.572844981,-0.335482497,0.455471328,0.593166073
1497535155351230000,110798,0.589969864,-2.223241672,1.057053192,-0.574861373,-0.337209556,0.452146642,0.592779496
1497535155361330000,110799,0.582530789,-2.222005467,1.057052052,-0.577892036,-0.338632424,0.448382608,0.591879982
1497535155371290000,110800,0.574896128,-2.22144488,1.057608851,-0.580410074,-0.341018726,0.446084071,0.589779091
1497535155381300000,110801,0.567861734,-2.220425666,1.057796517,-0.584143054,-0.342859185,0.442943811,0.587388501
1497535155391300000,110802,0.561090992,-2.219587253,1.05823226,-0.586521497,-0.343138351,0.440793989,0.58647188
1497535155401280000,110803,0.554564668,-2.218875268,1.058719087,-0.589402054,-0.342399345,0.437667642,0.58635735
1497535155411270000,110804,0.548744982,-2.21787475,1.058911212,-0.59230104,-0.342534543,0.435674072,0.584839865
1497535155421320000,110805,0.543158521,-2.216903328,1.059105694,-0.595097753,-0.342585078,0.433533078,0.583560793
1497535155431280000,110806,0.537844328,-2.215549361,1.059189643,-0.59725498,-0.341339354,0.431409107,0.58366096
1497535155441290000,110807,0.53228382,-2.214640749,1.059605344,-0.599832805,-0.339670878,0.429581493,0.583338702
1497535155451310000,110808,0.526834201,-2.213676568,1.060021894,-0.603773475,-0.336741708,0.427043032,0.582835192
1497535155461270000,110809,0.521204226,-2.212584929,1.060592418,-0.608127562,-0.333203213,0.423724201,0.582764352
1497535155471300000,110810,0.516446788,-2.210886261,1.060623213,-0.611415202,-0.328809341,0.421464333,0.583458382
1497535155481300000,110811,0.511694989,-2.209363201,1.060702555,-0.616251639,-0.325284655,0.417407138,0.583262456
1497535155491300000,110812,0.50750158,-2.207545437,1.060586743,-0.620130946,-0.320811745,0.414154699,0.583946333
1497535155501290000,110813,0.502868354,-2.205930277,1.060771661,-0.624030414,-0.316273329,0.410929734,0.584545958
1497535155511270000,110814,0.498360539,-2.204199282,1.060650805,-0.628045399,-0.312146869,0.40662474,0.585473851
1497535155521300000,110815,0.49413181,-2.202594509,1.060418098,-0.63338176,-0.308880857,0.401877095,0.584734951
1497535155531290000,110816,0.489099379,-2.201412092,1.060608703,-0.637063857,-0.304821713,0.398188092,0.585388426
1497535155541290000,110817,0.484807214,-2.200098026,1.06035554,-0.6410041,-0.302211166,0.394694626,0.584806213
1497535155551320000,110818,0.479964249,-2.199157425,1.060374791,-0.644414548,-0.299600717,0.390233694,0.585394709
1497535155561270000,110819,0.475459395,-2.198143514,1.059834382,-0.648072237,-0.296945692,0.386356509,0.585281367
1497535155571280000,110820,0.470807145,-2.197398455,1.059621806,-0.650580272,-0.295873423,0.382938107,0.585288505
1497535155581300000,110821,0.466043398,-2.196666493,1.059178286,-0.653330292,-0.294540373,0.378314196,0.585904316
1497535155591300000,110822,0.461178143,-2.196022996,1.058621925,-0.656271862,-0.293828767,0.374309495,0.585546156
1497535155601230000,110823,0.456232064,-2.195389174,1.058118728,-0.658659935,-0.292938925,0.37090279,0.585478434
1497535155611290000,110824,0.45135621,-2.194641277,1.057550661,-0.661223712,-0.292367141,0.366861641,0.585420527
1497535155621240000,110825,0.44647504,-2.193952739,1.056953282,-0.663888359,-0.290724376,0.362705313,0.585812631
1497535155631280000,110826,0.441736486,-2.193237698,1.056365357,-0.665707293,-0.289228818,0.359023003,0.586756316
1497535155641300000,110827,0.436778628,-2.192430339,1.055717603,-0.668481892,-0.28709573,0.354674336,0.587293893
1497535155651240000,110828,0.432164916,-2.191392926,1.054978276,-0.671576005,-0.285330251,0.35053248,0.587110976
1497535155661280000,110829,0.42723544,-2.190512985,1.054312546,-0.674860009,-0.282376433,0.3466765,0.587062962
1497535155671320000,110830,0.422361367,-2.189432259,1.053583009,-0.676942284,-0.278834288,0.343013552,0.588508528
1497535155681290000,110831,0.417388378,-2.188410765,1.05297384,-0.679482633,-0.275943831,0.338777796,0.589396266
1497535155691300000,110832,0.412566841,-2.187248634,1.052207381,-0.681974953,-0.273598823,0.334204403,0.590221369
1497535155701290000,110833,0.407468189,-2.18626433,1.051456744,-0.684518869,-0.270973748,0.330152732,0.590767568
1497535155711280000,110834,0.40252867,-2.185166997,1.050545518,-0.687480067,-0.268889727,0.32565245,0.590779107
1497535155721310000,110835,0.39752525,-2.18414748,1.049677898,-0.691118439,-0.267467743,0.31995684,0.590291395
1497535155731270000,110836,0.392277068,-2.183325447,1.048929345,-0.694474774,-0.265743837,0.314811137,0.589897406
1497535155741300000,110837,0.386859563,-2.182494367,1.048003192,-0.692972179,-0.262854682,0.317213816,0.591669139
1497535155751230000,110838,0.381343563,-2.181743902,1.047218761,-0.698239074,-0.260737049,0.3101869,0.590137674
1497535155761280000,110839,0.375776268,-2.180967936,1.046410053,-0.701586919,-0.258192384,0.30382027,0.590597775
1497535155771300000,110840,0.370093405,-2.180223121,1.045557908,-0.703837414,-0.256398106,0.299223492,0.591048397
1497535155781240000,110841,0.365222842,-2.178989422,1.044000313,-0.707019369,-0.253560508,0.2944347,0.590879758
1497535155791300000,110842,0.358748974,-2.178566053,1.043290411,-0.709231316,-0.252283438,0.291950755,0.590007427
1497535155801320000,110843,0.352454747,-2.178155678,1.042616809,-0.710459662,-0.250273382,0.287892509,0.591378226
1497535155811260000,110844,0.346318422,-2.177778682,1.041646272,-0.712663224,-0.248309365,0.283938804,0.591466266
1497535155821250000,110845,0.339438431,-2.177409885,1.040717594,-0.714127932,-0.246938757,0.281976789,0.591212007
1497535155831200000,110846,0.332798296,-2.177299761,1.039798136,-0.715144178,-0.245584664,0.278568945,0.592162411
1497535155841290000,110847,0.326320027,-2.177074961,1.038542785,-0.717918327,-0.244747361,0.274364149,0.591114471
1497535155851300000,110848,0.319259736,-2.177136472,1.0374325,-0.718360252,-0.243900748,0.272591658,0.59174721
1497535155861280000,110849,0.312366781,-2.177275181,1.03625494,-0.719448645,-0.242641438,0.269557105,0.592332464
1497535155871310000,110850,0.30499865,-2.177584786,1.035035598,-0.72096732,-0.242619046,0.267256106,0.591537231
1497535155881290000,110851,0.297740574,-2.177991802,1.033865443,-0.721014935,-0.241224853,0.264356058,0.593349735
1497535155891300000,110852,0.290195052,-2.178332072,1.032339901,-0.721918389,-0.239854604,0.26188005,0.59390441
1497535155901180000,110853,0.282658222,-2.179002151,1.031195654,-0.722864914,-0.238971734,0.258429298,0.594620151
1497535155911270000,110854,0.274860497,-2.179580903,1.029870611,-0.723449718,-0.238372465,0.256971073,0.594781423
1497535155921300000,110855,0.267266554,-2.179995327,1.028337778,-0.724799345,-0.236595486,0.252402721,0.595803115
1497535155931240000,110856,0.258836234,-2.180825118,1.027208321,-0.724824609,-0.235215305,0.250555223,0.597097251
1497535155941290000,110857,0.250882947,-2.1815704,1.025907381,-0.726102025,-0.234167223,0.24612827,0.597797989
1497535155951310000,110858,0.242465909,-2.182429451,1.024692933,-0.726541351,-0.232267349,0.24393036,0.59890527
1497535155961240000,110859,0.233250084,-2.183614409,1.023749946,-0.72674176,-0.231418083,0.2439478,0.598983769
1497535155971260000,110860,0.224502264,-2.184498092,1.022793508,-0.727661708,-0.230410897,0.240595668,0.599610692
1497535155981260000,110861,0.215229048,-2.185624825,1.022004719,-0.728095404,-0.229232938,0.239228405,0.600082589
1497535155991330000,110862,0.206019164,-2.186676142,1.021338149,-0.728113357,-0.228906841,0.23858131,0.6004428
1497535156001220000,110863,0.196416961,-2.188037109,1.021076053,-0.727442616,-0.227738207,0.239474497,0.601343924
1497535156011280000,110864,0.187219286,-2.189240883,1.020635382,-0.728261663,-0.22726012,0.238651841,0.600860288
1497535156021330000,110865,0.177324093,-2.190653373,1.020736188,-0.72791506,-0.22737341,0.239941124,0.600723943
1497535156031340000,110866,0.167401535,-2.192259297,1.020993266,-0.726846358,-0.227093426,0.243443663,0.600714684
1497535156041250000,110867,0.158340008,-2.194039141,1.021345324,-0.727179105,-0.226047544,0.242779905,0.60097502
1497535156051310000,110868,0.148760814,-2.196132603,1.022113836,-0.725372513,-0.225919992,0.24494575,0.60232587
1497535156061290000,110869,0.139151246,-2.198560634,1.023201199,-0.72357503,-0.225242953,0.248581049,0.603251399
1497535156071310000,110870,0.130229299,-2.201005676,1.024237713,-0.722117458,-0.224471776,0.248640359,0.605257607
1497535156081310000,110871,0.121065422,-2.203711786,1.025597774,-0.717434313,-0.223449349,0.253312074,0.609254781
1497535156091300000,110872,0.112767883,-2.206486463,1.027033436,-0.715819404,-0.221542887,0.253867747,0.611614663
1497535156101240000,110873,0.104223993,-2.209531047,1.028357491,-0.710505218,-0.219407227,0.258346284,0.616684686
1497535156111290000,110874,0.096167804,-2.212758059,1.029780542,-0.706495242,-0.217336944,0.260518453,0.621095211
1497535156121300000,110875,0.088159057,-2.215778146,1.031076973,-0.702098853,-0.2158037,0.263314094,0.625421179
1497535156131330000,110876,0.08046273,-2.218818442,1.032166004,-0.697695753,-0.214122864,0.264935451,0.630223169
1497535156141420000,110877,0.072941603,-2.221459267,1.033002027,-0.692604861,-0.212943353,0.267759266,0.635026465
1497535156151270000,110878,0.06545354,-2.223736781,1.033719748,-0.68893924,-0.211391385,0.270307827,0.638443486
1497535156161290000,110879,0.057975775,-2.226064912,1.034547295,-0.685198513,-0.208121622,0.271864518,0.642867072
1497535156171270000,110880,0.050740437,-2.227910558,1.035280096,-0.681754469,-0.204167601,0.274521274,0.646656404
1497535156181280000,110881,0.04366373,-2.229427233,1.036178952,-0.679450079,-0.200288947,0.275937943,0.649684677
1497535156191320000,110882,0.037048259,-2.230543795,1.036863199,-0.676441432,-0.194541837,0.278057617,0.653654668
1497535156201170000,110883,0.030171642,-2.231903236,1.038045744,-0.674887039,-0.189015985,0.27975501,0.656153622
1497535156211240000,110884,0.023467771,-2.232671933,1.039157808,-0.673509476,-0.185148697,0.282859741,0.657339572
1497535156221310000,110885,0.016475238,-2.233856308,1.040383852,-0.671794675,-0.179774098,0.28731825,0.658651206
1497535156231340000,110886,0.009867008,-2.234857238,1.041538006,-0.671372093,-0.174936226,0.288805261,0.659733545
1497535156241310000,110887,0.003097816,-2.235550537,1.042814237,-0.669618687,-0.172398158,0.292427381,0.660587553
1497535156251270000,110888,-0.00396,-2.236850532,1.044196653,-0.666932315,-0.168181245,0.295952062,0.662818779
1497535156261280000,110889,-0.010374087,-2.23793979,1.045492068,-0.665314286,-0.165810036,0.297042436,0.664552274
1497535156271330000,110890,-0.016902966,-2.238919591,1.046764906,-0.661802119,-0.164216943,0.299251496,0.667457334
1497535156281310000,110891,-0.023037131,-2.24017433,1.047973695,-0.657237196,-0.162009795,0.299312989,0.672461024
1497535156291220000,110892,-0.030350333,-2.241281341,1.049250722,-0.654893391,-0.1619127,0.303233963,0.673014181
1497535156301410000,110893,-0.038070397,-2.241725936,1.050625272,-0.654186619,-0.165867197,0.308508641,0.670336004
1497535156311280000,110894,-0.045470346,-2.242533415,1.051749521,-0.652443938,-0.166743052,0.31174057,0.670321923
1497535156321310000,110895,-0.052815967,-2.243233564,1.052749346,-0.650771767,-0.16787081,0.315357468,0.669974004
1497535156331310000,110896,-0.059406947,-2.244084971,1.053432082,-0.64858109,-0.166631736,0.316367019,0.671928823
1497535156341300000,110897,-0.066359033,-2.244552643,1.054092735,-0.647289104,-0.167340047,0.318909165,0.671796896
1497535156351320000,110898,-0.073338382,-2.244929473,1.054331642,-0.646007083,-0.16729268,0.321674172,0.671724449
1497535156361280000,110899,-0.079607152,-2.245384806,1.054491102,-0.645046938,-0.166711949,0.320529439,0.673336804
1497535156371320000,110900,-0.087030462,-2.245760788,1.054446908,-0.64414081,-0.167445084,0.324085527,0.672319368
1497535156381310000,110901,-0.093654257,-2.245946589,1.054200662,-0.64378561,-0.168865954,0.324357009,0.672173273
1497535156391220000,110902,-0.100961636,-2.246208983,1.053726933,-0.64242895,-0.169620419,0.327091381,0.671956238
1497535156401220000,110903,-0.108238,-2.246202542,1.053383387,-0.642570076,-0.172967656,0.328120647,0.670464562
1497535156411290000,110904,-0.115923048,-2.246379137,1.05276948,-0.642792625,-0.175955333,0.330366931,0.668367453
1497535156421290000,110905,-0.123443018,-2.246131061,1.052346228,-0.640529027,-0.180668214,0.331923119,0.668512233
1497535156431260000,110906,-0.131127362,-2.24608655,1.05174734,-0.640021957,-0.185024738,0.333480202,0.667029756
1497535156441280000,110907,-0.13908547,-2.246174042,1.050958819,-0.639647608,-0.188026598,0.335963071,0.665301248
1497535156451320000,110908,-0.147449763,-2.246111916,1.04995705,-0.639987928,-0.191625182,0.339775273,0.662003025
1497535156461290000,110909,-0.15653424,-2.245557003,1.049159613,-0.640941668,-0.198847574,0.344969239,0.656239014
1497535156471320000,110910,-0.164853945,-2.245467891,1.047788388,-0.640437689,-0.200821859,0.348241556,0.654398935
1497535156481310000,110911,-0.173068301,-2.245296996,1.046491443,-0.64194902,-0.204365296,0.348133261,0.651873848
1497535156491330000,110912,-0.181619436,-2.245004079,1.045131641,-0.64354524,-0.209051545,0.348227926,0.648755954
1497535156501350000,110913,-0.190009584,-2.244894767,1.043403902,-0.643565083,-0.211520963,0.348262817,0.647916566
1497535156511270000,110914,-0.198615026,-2.244294072,1.041430565,-0.645581062,-0.216795874,0.347553603,0.644539475
1497535156521300000,110915,-0.207254925,-2.244125814,1.039297165,-0.646273234,-0.218757885,0.347500746,0.643210017
1497535156531310000,110916,-0.216120182,-2.24365016,1.037512111,-0.647213745,-0.224033357,0.346544884,0.64096027
1497535156541210000,110917,-0.224923711,-2.243214889,1.035331327,-0.648953998,-0.227623611,0.345470796,0.638510868
1497535156551330000,110918,-0.233848603,-2.242740974,1.033181636,-0.648013728,-0.230243198,0.346828516,0.637790137
1497535156561290000,110919,-0.24262883,-2.242444121,1.031050395,-0.648933996,-0.232451595,0.347230558,0.635831632
1497535156571300000,110920,-0.251733628,-2.242307278,1.029463789,-0.647386694,-0.23425457,0.350060501,0.635195175
1497535156581320000,110921,-0.260557462,-2.241955455,1.028169906,-0.64842789,-0.237572938,0.351569798,0.632059371
1497535156591360000,110922,-0.269359166,-2.24149107,1.026703299,-0.64573894,-0.237860202,0.356861131,0.631738774
1497535156601320000,110923,-0.277878964,-2.241061698,1.025256161,-0.644188582,-0.238758639,0.360189679,0.63109332
1497535156611290000,110924,-0.286547345,-2.240871938,1.024079585,-0.641721205,-0.239044595,0.364352114,0.631109431
1497535156621290000,110925,-0.294981703,-2.240314823,1.022460767,-0.637924071,-0.236322615,0.369882126,0.632765134
1497535156631310000,110926,-0.304095117,-2.239637482,1.021489889,-0.635963137,-0.236852416,0.372102642,0.633238854
1497535156641310000,110927,-0.313622387,-2.239255637,1.020462873,-0.633717195,-0.23610533,0.375329205,0.633864953
1497535156651270000,110928,-0.323537578,-2.238567528,1.019476009,-0.631600768,-0.235403957,0.378869089,0.63413221
1497535156661290000,110929,-0.333902333,-2.238102657,1.018574262,-0.629285651,-0.234914881,0.382239555,0.634592382
1497535156671310000,110930,-0.344749715,-2.237411955,1.017659883,-0.62667947,-0.236263945,0.385791202,0.634521346
1497535156681280000,110931,-0.355842418,-2.236629108,1.016827385,-0.623477173,-0.237733094,0.389817553,0.634666421
1497535156691310000,110932,-0.367004048,-2.235947537,1.016529989,-0.621126698,-0.240172917,0.392614777,0.634328174
1497535156701310000,110933,-0.378322137,-2.235055196,1.016357083,-0.617326159,-0.242660179,0.396208816,0.634856696
1497535156711250000,110934,-0.389787772,-2.234604809,1.017116427,-0.611450157,-0.244488177,0.400420091,0.637195407
1497535156721280000,110935,-0.401290943,-2.234057238,1.01848563,-0.608097089,-0.247027941,0.4042068,0.637033743
1497535156731230000,110936,-0.412467855,-2.232848204,1.020270516,-0.6056965,-0.249856095,0.40695975,0.636464801
1497535156741310000,110937,-0.423548384,-2.231442882,1.022629502,-0.603764906,-0.251625102,0.408605232,0.636548907
1497535156751290000,110938,-0.434294975,-2.229689188,1.025549902,-0.604200228,-0.255368874,0.408323914,0.634823128
1497535156761330000,110939,-0.444328048,-2.227071415,1.027618905,-0.603245178,-0.255153564,0.40935879,0.635151395
1497535156771330000,110940,-0.455020891,-2.224366601,1.029959035,-0.600079663,-0.254720559,0.412174186,0.636501591
1497535156781370000,110941,-0.46496736,-2.221870444,1.032058335,-0.606094345,-0.253236565,0.407345792,0.634500034
1497535156791310000,110942,-0.475429743,-2.218785813,1.033875885,-0.606602451,-0.251004576,0.406622393,0.635364776
1497535156801330000,110943,-0.485955196,-2.215562672,1.035255406,-0.608495404,-0.24889436,0.405660637,0.634999518
1497535156811310000,110944,-0.496826482,-2.212523651,1.036722619,-0.610274001,-0.248105288,0.40479245,0.634154936
1497535156821150000,110945,-0.507514254,-2.209768652,1.038071005,-0.612550484,-0.24855804,0.402534773,0.633219205
1497535156831290000,110946,-0.518281047,-2.206918264,1.038719517,-0.613343614,-0.251389022,0.402194975,0.631547601
1497535156841320000,110947,-0.528972531,-2.204862761,1.039584839,-0.615521624,-0.25531923,0.400368631,0.629007297
1497535156851330000,110948,-0.538877015,-2.202551413,1.039709779,-0.618047962,-0.260456229,0.397241957,0.626400907
1497535156861290000,110949,-0.548991535,-2.201032749,1.040243918,-0.619548174,-0.266127689,0.396037731,0.623289844
1497535156871330000,110950,-0.559181769,-2.199768298,1.041030373,-0.619839367,-0.271587074,0.397410938,0.619761378
1497535156881340000,110951,-0.56813635,-2.197617844,1.040545878,-0.620876675,-0.277299188,0.39667716,0.616655938
1497535156891260000,110952,-0.576793611,-2.196566079,1.040891209,-0.622505657,-0.282805116,0.395675461,0.613146722
1497535156901310000,110953,-0.585190808,-2.19508676,1.040843501,-0.622576671,-0.287600967,0.396517813,0.610293041
1497535156911310000,110954,-0.593052836,-2.19350532,1.040668402,-0.622171108,-0.292303157,0.397565329,0.607785971
1497535156921250000,110955,-0.60058947,-2.192455115,1.040847083,-0.623388761,-0.295130931,0.398100912,0.604813898
1497535156931210000,110956,-0.607698781,-2.190777394,1.040660016,-0.623581846,-0.296740995,0.399545293,0.602871481
1497535156941320000,110957,-0.614212593,-2.18858079,1.040232533,-0.62563392,-0.296722279,0.399453135,0.600812184
1497535156951340000,110958,-0.620517216,-2.186228001,1.039974991,-0.628663241,-0.295640785,0.39830123,0.598945061
1497535156961290000,110959,-0.626728218,-2.184143756,1.040177123,-0.632493635,-0.29322455,0.396605598,0.597222877
1497535156971330000,110960,-0.632464808,-2.181512647,1.039976461,-0.636941519,-0.289527376,0.394288938,0.595831883
1497535156981380000,110961,-0.637878641,-2.178402024,1.039324217,-0.641140281,-0.285340638,0.392117489,0.594780409
1497535156991280000,110962,-0.643425878,-2.176015176,1.039153493,-0.646112639,-0.28065914,0.389564939,0.593302674
1497535157001320000,110963,-0.648838053,-2.173387481,1.038645598,-0.650330208,-0.276529264,0.387250639,0.592147894
1497535157011340000,110964,-0.654374671,-2.170288043,1.037532988,-0.653187556,-0.273983327,0.386095105,0.590939695
1497535157021210000,110965,-0.660326032,-2.168491179,1.037417898,-0.657546235,-0.27270669,0.384269193,0.587878557
1497535157031320000,110966,-0.666666079,-2.166587338,1.036982061,-0.659096657,-0.273468859,0.384969595,0.585324517
1497535157041300000,110967,-0.672734448,-2.164797911,1.036333866,-0.661786513,-0.274731737,0.382814774,0.583107136
1497535157051330000,110968,-0.679159649,-2.163041481,1.03566037,-0.663141648,-0.277949588,0.382299249,0.580374418
1497535157061300000,110969,-0.684400177,-2.162075098,1.034871972,-0.667154814,-0.277777975,0.376176988,0.579857503
1497535157071260000,110970,-0.69108886,-2.160873791,1.034134679,-0.668134495,-0.280205721,0.376485205,0.577355991
1497535157081320000,110971,-0.697177058,-2.160252264,1.033774122,-0.671295769,-0.281440019,0.371837798,0.576099087
1497535157091320000,110972,-0.703451356,-2.158971469,1.032279732,-0.6747198,-0.281820034,0.370192704,0.572964241
1497535157101320000,110973,-0.709548508,-2.157246534,1.031191469,-0.676341353,-0.283390283,0.366953938,0.572361013
1497535157111300000,110974,-0.716231465,-2.156738655,1.030789423,-0.679032742,-0.284018121,0.364607398,0.570359262
1497535157121290000,110975,-0.722624005,-2.155040542,1.029018457,-0.68157047,-0.284136547,0.364459434,0.56736006
1497535157131340000,110976,-0.72898666,-2.15412169,1.028236886,-0.684260763,-0.285068359,0.361193887,0.565740413
1497535157141390000,110977,-0.735278864,-2.152517228,1.026437937,-0.687608897,-0.285276439,0.359552332,0.562613081
1497535157151350000,110978,-0.741693714,-2.15149591,1.025325179,-0.690032626,-0.286366732,0.357543542,0.560367456
1497535157161310000,110979,-0.748127167,-2.150671671,1.024311111,-0.693093384,-0.287425283,0.35460911,0.557907382
1497535157171330000,110980,-0.754715585,-2.149350569,1.022642483,-0.695672443,-0.288330054,0.354166017,0.554501636
1497535157181400000,110981,-0.761090038,-2.148954376,1.022007674,-0.698461181,-0.288782136,0.351050395,0.552739067
1497535157191330000,110982,-0.767235089,-2.146990904,1.020364644,-0.70025781,-0.290578077,0.347884845,0.551524718
1497535157201220000,110983,-0.773761382,-2.146387222,1.018974899,-0.703970757,-0.28960217,0.347660946,0.547437323
1497535157211180000,110984,-0.779529824,-2.143594596,1.015876822,-0.707197718,-0.289338372,0.346302523,0.54426947
1497535157221160000,110985,-0.784617693,-2.143528619,1.015881757,-0.709240359,-0.286422332,0.338763512,0.547886524
1497535157231080000,110986,-0.79094163,-2.141380474,1.013843794,-0.711695665,-0.287368279,0.338811559,0.544164939
1497535157241210000,110987,-0.796137689,-2.141106938,1.013554186,-0.714809701,-0.283779481,0.332957225,0.545578394
1497535157251320000,110988,-0.801954605,-2.138340952,1.01145958,-0.716496347,-0.285244439,0.33048423,0.544103638
1497535157261310000,110989,-0.807365181,-2.137473875,1.010607214,-0.719205117,-0.282513399,0.326857338,0.544145624
1497535157271330000,110990,-0.812674919,-2.135676955,1.008874837,-0.72206804,-0.280047615,0.323686704,0.543523685
1497535157281330000,110991,-0.817177515,-2.134122874,1.007471552,-0.72488094,-0.276082218,0.316364179,0.546113485
1497535157291340000,110992,-0.822553479,-2.132069037,1.005953558,-0.726656113,-0.275121395,0.313231374,0.54604507
1497535157301330000,110993,-0.828403863,-2.130803392,1.004957349,-0.728846007,-0.273910732,0.312489597,0.544156834
1497535157311300000,110994,-0.832425927,-2.13109407,1.00476514,-0.732287194,-0.265269522,0.304405514,0.548383833
1497535157321350000,110995,-0.838374881,-2.128810034,1.003050355,-0.733030356,-0.26618028,0.304506364,0.546891607
1497535157331330000,110996,-0.843619137,-2.127467615,1.001890466,-0.73445242,-0.263795702,0.301866984,0.547601857
1497535157341360000,110997,-0.848853684,-2.126004171,1.000485562,-0.736102291,-0.26089792,0.299032291,0.548329629
1497535157351320000,110998,-0.854344268,-2.125633983,1.000203719,-0.73870051,-0.257848884,0.295095119,0.548410776
1497535157361300000,110999,-0.858857833,-2.123931562,0.998528002,-0.740173286,-0.252441793,0.288348655,0.552513983
1497535157371330000,111000,-0.864291653,-2.1225882,0.997464018,-0.741494289,-0.249631825,0.284072717,0.554231777
1497535157381320000,111001,-0.869443215,-2.121513225,0.996207636,-0.743188846,-0.24419121,0.279162951,0.556874348
1497535157391330000,111002,-0.875272973,-2.120705257,0.995539896,-0.744658161,-0.240625874,0.275647135,0.558213283
1497535157401320000,111003,-0.880762739,-2.119422742,0.994317363,-0.745814456,-0.235685355,0.270743705,0.561169365
1497535157411300000,111004,-0.887108124,-2.118523495,0.993275501,-0.745417048,-0.230989876,0.270445666,0.56378741
1497535157421320000,111005,-0.892963504,-2.118206201,0.992197366,-0.746864545,-0.222439257,0.265410814,0.567689376
1497535157431310000,111006,-0.900118068,-2.117850933,0.991536629,-0.746572657,-0.217038209,0.268078298,0.568909229
1497535157441320000,111007,-0.906507153,-2.116677647,0.990442965,-0.745774036,-0.20936584,0.263876536,0.574766219
1497535157451310000,111008,-0.912548323,-2.11649658,0.990576779,-0.744812008,-0.200857876,0.258018212,0.581668108
1497535157461310000,111009,-0.917971856,-2.112819763,0.989349509,-0.744276903,-0.197898725,0.246682775,0.588247903
1497535157471290000,111010,-0.924681055,-2.112065968,0.989320003,-0.747867081,-0.19405784,0.244512752,0.585875326
1497535157481300000,111011,-0.931238775,-2.110247591,0.988928458,-0.746186556,-0.187004161,0.242255339,0.591225353
1497535157491320000,111012,-0.937703325,-2.108931901,0.989193485,-0.749061352,-0.18193241,0.239526815,0.590283486
1497535157501340000,111013,-0.944538676,-2.107532396,0.989694654,-0.747531105,-0.176053934,0.23973712,0.593909398
1497535157511350000,111014,-0.951123365,-2.106025318,0.990319236,-0.749820253,-0.173971918,0.239947675,0.591547524
1497535157521320000,111015,-0.957014282,-2.104165705,0.991085272,-0.749979318,-0.168860131,0.236620234,0.594161715
1497535157531320000,111016,-0.963939617,-2.103326732,0.992250426,-0.747645564,-0.162924927,0.242131929,0.596534749
1497535157541340000,111017,-0.969871831,-2.102467996,0.994315243,-0.748439914,-0.159947612,0.242683496,0.596120103
1497535157551340000,111018,-0.975878083,-2.101820303,0.996275311,-0.743522605,-0.153590846,0.245445501,0.602777317
1497535157561250000,111019,-0.980991679,-2.100947392,0.998053127,-0.742702118,-0.148273273,0.241626714,0.606650749
1497535157571320000,111020,-0.987364303,-2.101323611,0.99969981,-0.739758172,-0.14426872,0.239356631,0.612088872
1497535157581330000,111021,-0.993382828,-2.102883553,1.001474782,-0.738247713,-0.143208033,0.237369421,0.614928884
1497535157591340000,111022,-0.99565407,-2.10223192,1.003274535,-0.729556369,-0.142404124,0.239928237,0.624422142
1497535157601290000,111023,-1.000641434,-2.103224926,1.005033579,-0.723860139,-0.141004461,0.238635444,0.631820675
1497535157611310000,111024,-1.005735646,-2.105630061,1.00665492,-0.721299773,-0.139170923,0.240205921,0.634554338
1497535157621300000,111025,-1.008377329,-2.103948573,1.007174455,-0.7126091,-0.138056542,0.235558405,0.646251421
1497535157631340000,111026,-1.011787461,-2.104758145,1.008221937,-0.70526021,-0.134409666,0.235263663,0.655128297
1497535157641330000,111027,-1.014363609,-2.103698123,1.009153918,-0.702007949,-0.126632427,0.229746724,0.662091769
1497535157651360000,111028,-1.017119073,-2.103475188,1.009577322,-0.69607477,-0.122155343,0.227717287,0.669852838
1497535157661200000,111029,-1.019551061,-2.102247853,1.009882153,-0.692318694,-0.11345902,0.223401861,0.676693051
1497535157671330000,111030,-1.022033581,-2.100994834,1.01120276,-0.692169154,-0.101636782,0.216300413,0.681018325
1497535157681300000,111031,-1.02239266,-2.099775967,1.012651794,-0.689364902,-0.091720985,0.214145495,0.685933671
1497535157691340000,111032,-1.023338365,-2.098165659,1.013787347,-0.68666289,-0.081687642,0.209913764,0.691199982
1497535157701330000,111033,-1.024916505,-2.096261772,1.01572802,-0.684737098,-0.066437931,0.205195421,0.696143626
1497535157711320000,111034,-1.025607705,-2.094611554,1.016832303,-0.683927437,-0.058003517,0.197636072,0.699870585
1497535157721260000,111035,-1.025974696,-2.092724806,1.018864073,-0.681994135,-0.04623665,0.190772847,0.704522457
1497535157731350000,111036,-1.026577873,-2.090885765,1.020468652,-0.679119558,-0.03691739,0.183321061,0.709807806
1497535157741330000,111037,-1.027492236,-2.089463214,1.022616402,-0.675559166,-0.029957268,0.179351707,0.714531553
1497535157751340000,111038,-1.029537605,-2.088297668,1.024326546,-0.672523848,-0.024509818,0.172191008,0.71934776
1497535157761340000,111039,-1.032009108,-2.087046423,1.026175703,-0.669311779,-0.019019935,0.170578456,0.722885174
1497535157771320000,111040,-1.034769633,-2.085591267,1.027978567,-0.667582459,-0.017586105,0.163340337,0.726184772
1497535157781330000,111041,-1.038065426,-2.083973322,1.029543727,-0.665159359,-0.014994855,0.159084487,0.729404077
1497535157791340000,111042,-1.041862467,-2.082517128,1.030914214,-0.663336383,-0.016483504,0.154482517,0.73201659
1497535157801320000,111043,-1.045218785,-2.080711024,1.032109887,-0.662297021,-0.013240875,0.151820316,0.733578848
1497535157811310000,111044,-1.048505533,-2.079127179,1.033055636,-0.660812381,-0.01339114,0.146552511,0.735982361
1497535157821360000,111045,-1.05267591,-2.077235252,1.033529541,-0.661321734,-0.010861845,0.144657887,0.735941356
1497535157831350000,111046,-1.055248682,-2.075299699,1.034549825,-0.65876242,-0.008037901,0.138299035,0.739486878
1497535157841340000,111047,-1.058486828,-2.073265744,1.035036623,-0.659068436,-0.005125014,0.134334445,0.739970802
1497535157851340000,111048,-1.061934643,-2.07075929,1.034782304,-0.658575304,0.000577977,0.129451823,0.741296472
1497535157861320000,111049,-1.064765477,-2.06841377,1.035240457,-0.658927537,0.004056885,0.123369815,0.742009388
1497535157871340000,111050,-1.067927317,-2.065742615,1.034805396,-0.659811113,0.006732161,0.119361569,0.741860357
1497535157881340000,111051,-1.071687082,-2.062745788,1.033745136,-0.66086501,0.009886475,0.114397207,0.741669047
1497535157891330000,111052,-1.074804009,-2.059777413,1.03304517,-0.662538477,0.013482748,0.110501183,0.740709438
1497535157901330000,111053,-1.077449244,-2.056336914,1.032404314,-0.661738742,0.016932779,0.102783512,0.74246257
1497535157911320000,111054,-1.080758575,-2.052878326,1.031253976,-0.663720604,0.019628851,0.09934015,0.741094598
1497535157921370000,111055,-1.084456737,-2.049091212,1.029943586,-0.665940131,0.02351602,0.096906893,0.739310349
1497535157931340000,111056,-1.088590431,-2.0450865,1.02813438,-0.668115789,0.025931941,0.093933563,0.737648502
1497535157941340000,111057,-1.092283239,-2.040589347,1.025954733,-0.670165923,0.028073769,0.090384783,0.73615222
1497535157951350000,111058,-1.096652621,-2.03599707,1.023630538,-0.672237416,0.031014715,0.087279483,0.73451837
1497535157961310000,111059,-1.100054618,-2.03084517,1.020996614,-0.674484091,0.033358715,0.084432807,0.7326865
1497535157971350000,111060,-1.105423609,-2.02563318,1.017579205,-0.678368518,0.034854093,0.083132991,0.729170935
1497535157981340000,111061,-1.10853356,-2.019626617,1.015139191,-0.679543945,0.037125786,0.079239999,0.728397368
1497535157991290000,111062,-1.113805646,-2.013588074,1.012337261,-0.681596655,0.040270517,0.078191505,0.726422999
1497535158001330000,111063,-1.118363506,-2.00750707,1.009415229,-0.683072803,0.040794679,0.076653573,0.725170028
1497535158011320000,111064,-1.12312356,-2.000984039,1.006487949,-0.684371966,0.041336434,0.071919927,0.724398948
1497535158021340000,111065,-1.128357989,-1.994655112,1.00376077,-0.686240952,0.042819994,0.071380396,0.722595767
1497535158031350000,111066,-1.133533542,-1.988884632,1.001497859,-0.687909117,0.041445651,0.071826072,0.72104391
1497535158041350000,111067,-1.138233382,-1.983667674,0.999810125,-0.687608051,0.039549559,0.072426077,0.721377476
1497535158051350000,111068,-1.143600537,-1.978472863,0.998121176,-0.684503355,0.040074367,0.072898735,0.72424787
1497535158061300000,111069,-1.1479125,-1.972765484,0.996656935,-0.680029813,0.041154892,0.071221622,0.728555563
1497535158071350000,111070,-1.152900088,-1.964967787,0.995508169,-0.67188954,0.051748188,0.064558207,0.736015495
1497535158081250000,111071,-1.157890954,-1.958723973,0.995189758,-0.669917848,0.052328685,0.069341521,0.737335432
1497535158091340000,111072,-1.161768257,-1.951191916,0.994257411,-0.667070605,0.054074643,0.069039009,0.739815082
1497535158101340000,111073,-1.165835336,-1.943348758,0.994584503,-0.664855688,0.057223253,0.072027328,0.741285692
1497535158111320000,111074,-1.170914557,-1.935846812,0.995123415,-0.661722535,0.057911972,0.075739971,0.74366185
1497535158121340000,111075,-1.175550062,-1.927922731,0.997128749,-0.658403464,0.058963074,0.074923852,0.74660207
1497535158131350000,111076,-1.179754263,-1.919755702,0.999916097,-0.656289545,0.05868981,0.072566036,0.748714705
1497535158141340000,111077,-1.183414676,-1.911885561,1.003780254,-0.656382657,0.056861721,0.072653441,0.74876567
1497535158151330000,111078,-1.186325252,-1.904064182,1.007855845,-0.656896328,0.055978268,0.071525195,0.748490343
1497535158161310000,111079,-1.189463406,-1.896551492,1.0116293,-0.656274298,0.053789636,0.067777503,0.749544482
1497535158171340000,111080,-1.192280579,-1.888470119,1.014765682,-0.655049084,0.056299264,0.062202513,0.750914068
1497535158181470000,111081,-1.194237705,-1.881312418,1.017290861,-0.655190163,0.052920164,0.06054167,0.751172426
1497535158191310000,111082,-1.197744673,-1.872916349,1.019401936,-0.65624439,0.056755572,0.058162225,0.75015949
1497535158201270000,111083,-1.199320404,-1.864245842,1.021082733,-0.658317307,0.06272179,0.05488685,0.748112113
1497535158211280000,111084,-1.201195841,-1.855770982,1.021583478,-0.66062997,0.064722601,0.051907853,0.746112996
1497535158221300000,111085,-1.203963472,-1.847590672,1.021719946,-0.662921822,0.06794528,0.04877352,0.744002178
1497535158231430000,111086,-1.205729441,-1.839526336,1.021564163,-0.664734641,0.072389863,0.045747172,0.742155483
1497535158241340000,111087,-1.207816566,-1.831553478,1.021280728,-0.668374115,0.076130194,0.043661532,0.73862975
1497535158251320000,111088,-1.210467204,-1.823886413,1.020581944,-0.670398971,0.077445843,0.040918989,0.736812729
1497535158261330000,111089,-1.212752832,-1.816147348,1.020626254,-0.674374878,0.079258255,0.037448651,0.733167274
1497535158271320000,111090,-1.214946358,-1.808759166,1.020092364,-0.676728248,0.080567724,0.035050634,0.73097139
1497535158281330000,111091,-1.216508088,-1.801364212,1.020451453,-0.680549838,0.083900844,0.033619676,0.727105414
1497535158291330000,111092,-1.218807169,-1.794598024,1.020438233,-0.683371601,0.085488799,0.031958339,0.724343554
1497535158301340000,111093,-1.221191067,-1.788331616,1.020501746,-0.68491964,0.085222343,0.027732198,0.723085862
1497535158311320000,111094,-1.222310232,-1.782275242,1.021095146,-0.685333404,0.088150972,0.027592478,0.722347691
1497535158321350000,111095,-1.223566698,-1.776557131,1.021894988,-0.686903321,0.091050477,0.028367786,0.720464369
1497535158331170000,111096,-1.225017435,-1.770992836,1.021682196,-0.688865207,0.092869316,0.027235889,0.718399765
1497535158341350000,111097,-1.226150327,-1.765593383,1.022066094,-0.690148593,0.095004738,0.027381703,0.716881623
1497535158351370000,111098,-1.227364475,-1.760442406,1.022108502,-0.691522847,0.096934992,0.026425084,0.715333121
1497535158361320000,111099,-1.228397903,-1.755315008,1.022289924,-0.693679329,0.099650684,0.026258151,0.712873929
1497535158371360000,111100,-1.228303697,-1.750457905,1.022462633,-0.694862922,0.101783707,0.023946157,0.71149995
1497535158381310000,111101,-1.228696363,-1.745670701,1.021998698,-0.696262455,0.104910092,0.021464345,0.70975471
1497535158391340000,111102,-1.229083172,-1.741215897,1.021748238,-0.699016183,0.107187867,0.02020688,0.706738154
1497535158401290000,111103,-1.229455782,-1.736853002,1.021468885,-0.700930764,0.110744863,0.0180744,0.704347184
1497535158411330000,111104,-1.229462605,-1.732626976,1.021135211,-0.703746224,0.114416718,0.015026511,0.701016598
1497535158421340000,111105,-1.229889669,-1.728040153,1.020348604,-0.708903591,0.118016986,0.015357834,0.695191935
1497535158431350000,111106,-1.229634865,-1.724214446,1.020616985,-0.703798719,0.127398757,0.004727231,0.698866634
1497535158441350000,111107,-1.229721548,-1.719787923,1.02002625,-0.708030603,0.1303006,0.000907054,0.694055903
1497535158451340000,111108,-1.22955408,-1.715524564,1.019814612,-0.703423571,0.139770626,-0.009866585,0.696822863
1497535158461330000,111109,-1.229802017,-1.711511518,1.019314888,-0.704106966,0.14514162,-0.01585743,0.694921458
1497535158471340000,111110,-1.230291339,-1.70735914,1.018861771,-0.703722605,0.150645151,-0.019599198,0.694043518
1497535158481350000,111111,-1.229852362,-1.703383902,1.01822889,-0.705552559,0.154318848,-0.02616174,0.691156164
1497535158491350000,111112,-1.230087871,-1.699171773,1.017553352,-0.707221104,0.158914903,-0.031547489,0.688178116
1497535158501320000,111113,-1.230521117,-1.69535518,1.016803919,-0.70659738,0.162655394,-0.040079702,0.687500532
1497535158511330000,111114,-1.230342111,-1.69089358,1.015887925,-0.710409526,0.169409189,-0.043762621,0.681691767
1497535158521350000,111115,-1.230277148,-1.68651036,1.015020296,-0.71234923,0.173294506,-0.048633214,0.67835271
1497535158531370000,111116,-1.230200123,-1.682249095,1.014217375,-0.714528207,0.179049947,-0.053282691,0.674204355
1497535158541310000,111117,-1.230434069,-1.677850058,1.013329302,-0.716036255,0.183496724,-0.059246553,0.670903033
1497535158551370000,111118,-1.230752229,-1.673168109,1.012218463,-0.71889704,0.18809086,-0.063527509,0.666162991
1497535158561330000,111119,-1.23079628,-1.668322851,1.011367915,-0.721564559,0.192952196,-0.067396698,0.661492043
1497535158571340000,111120,-1.231207272,-1.663467773,1.010400304,-0.723756977,0.197600901,-0.070574618,0.657380366
1497535158581260000,111121,-1.23192502,-1.658377014,1.009287088,-0.72619934,0.200807356,-0.074119266,0.653312527
1497535158591360000,111122,-1.233195236,-1.653446246,1.008199891,-0.729029198,0.20412418,-0.075215118,0.6489934
1497535158601290000,111123,-1.233807215,-1.648398499,1.007098412,-0.730820057,0.205768161,-0.079890898,0.645893917
1497535158611330000,111124,-1.234684234,-1.643400733,1.006053463,-0.732639319,0.20713669,-0.083395725,0.6429457
1497535158621350000,111125,-1.236095338,-1.638516853,1.004970325,-0.734101818,0.20963555,-0.086476922,0.640054059
1497535158631340000,111126,-1.237159889,-1.633690623,1.003878747,-0.735271539,0.211526704,-0.088323255,0.637833223
1497535158641340000,111127,-1.237939888,-1.628986592,1.003235949,-0.735783211,0.213594916,-0.092270199,0.635992522
1497535158651350000,111128,-1.239571078,-1.624184167,1.002157571,-0.735254037,0.217210118,-0.097128337,0.634655301
1497535158661320000,111129,-1.239797857,-1.619467148,1.001673023,-0.735671205,0.21920398,-0.100166757,0.633011938
1497535158671360000,111130,-1.237664396,-1.61382246,1.00335964,-0.731900729,0.210681317,-0.10570141,0.639344913
1497535158681310000,111131,-1.239108693,-1.609113904,1.002906018,-0.731122558,0.213485218,-0.110576535,0.638479989
1497535158691350000,111132,-1.239920257,-1.604252505,1.002661401,-0.729919519,0.217615189,-0.113207681,0.638000898
1497535158701360000,111133,-1.241660376,-1.599022932,1.00203188,-0.72709614,0.220591781,-0.115309817,0.639823503
1497535158711320000,111134,-1.2438532,-1.593206919,1.002233939,-0.726204726,0.219400173,-0.119262753,0.640520613
1497535158721350000,111135,-1.248411133,-1.589174077,0.998762797,-0.728511074,0.238253369,-0.119182706,0.631112058
1497535158731350000,111136,-1.250353306,-1.583679557,0.99849259,-0.727859923,0.240139552,-0.119938392,0.631005317
1497535158741350000,111137,-1.25207466,-1.577922111,0.997967626,-0.726315602,0.24128835,-0.123154578,0.631726625
1497535158751350000,111138,-1.254664985,-1.572042757,0.997458278,-0.725652803,0.243128574,-0.125223935,0.631375856
1497535158761330000,111139,-1.256850629,-1.566152254,0.997047813,-0.725092052,0.244975519,-0.125345207,0.6312821
1497535158771350000,111140,-1.259669958,-1.560090043,0.996274914,-0.72547289,0.247466482,-0.126223015,0.629696098
1497535158781350000,111141,-1.261924804,-1.553918701,0.995511935,-0.724821235,0.247559125,-0.127484352,0.630155851
1497535158791340000,111142,-1.264581004,-1.547700598,0.994540481,-0.723216419,0.247530501,-0.128323449,0.631838393
1497535158801390000,111143,-1.266982083,-1.541327475,0.993563991,-0.721724805,0.248878931,-0.131343256,0.632393495
1497535158811320000,111144,-1.269336106,-1.534576404,0.992539122,-0.721118142,0.251196817,-0.134289368,0.6315498
1497535158821340000,111145,-1.272188354,-1.52765062,0.991844132,-0.720778072,0.254326469,-0.135539144,0.630417448
1497535158831350000,111146,-1.274849176,-1.520832237,0.991162228,-0.720812103,0.254926909,-0.136784548,0.629866788
1497535158841340000,111147,-1.27775982,-1.513602074,0.989938662,-0.719545968,0.255867391,-0.13924597,0.630393558
1497535158851340000,111148,-1.280936877,-1.505998466,0.989271806,-0.716652343,0.257095382,-0.145528782,0.631769544
1497535158861320000,111149,-1.283456217,-1.498545625,0.989028552,-0.717340371,0.258422989,-0.14511492,0.630541047
1497535158871320000,111150,-1.286565279,-1.490474568,0.988419355,-0.717414674,0.258331381,-0.147580262,0.629921542
1497535158881280000,111151,-1.290125863,-1.482128409,0.988451643,-0.71485673,0.260829564,-0.15128806,0.630919738
1497535158891300000,111152,-1.293414566,-1.473845851,0.988507055,-0.71527134,0.259277204,-0.151657132,0.631001074
1497535158901300000,111153,-1.29416256,-1.463245561,0.991228903,-0.710143948,0.244744913,-0.158422822,0.640857012
1497535158911300000,111154,-1.297737954,-1.454521921,0.991767664,-0.708667337,0.242850946,-0.156341184,0.643716908
1497535158921370000,111155,-1.30061018,-1.445322442,0.992352998,-0.708134481,0.245124941,-0.159739544,0.642606099
1497535158931300000,111156,-1.303687074,-1.437014228,0.993145719,-0.709075693,0.245482684,-0.155458295,0.64248162
1497535158941240000,111157,-1.307649226,-1.427065451,0.99433094,-0.704289865,0.244437708,-0.156994278,0.647749017
1497535158951390000,111158,-1.311224091,-1.418740759,0.995701751,-0.703477392,0.242968274,-0.151864239,0.65040236
1497535158961350000,111159,-1.314961083,-1.410658263,0.99709592,-0.701854791,0.243628343,-0.151828416,0.651915036
1497535158971390000,111160,-1.318975052,-1.401964043,0.99856035,-0.69799045,0.241510991,-0.148773501,0.657531914
1497535158981320000,111161,-1.326003306,-1.394661967,0.997629811,-0.697502164,0.256467417,-0.14157617,0.653965889
1497535158991380000,111162,-1.328929362,-1.387053233,1.000056683,-0.696302488,0.254516822,-0.141873611,0.655938953
1497535159001370000,111163,-1.331055827,-1.378356782,1.00423509,-0.690523623,0.238773573,-0.146099327,0.666947744
1497535159011310000,111164,-1.33206601,-1.371161749,1.007137327,-0.683300413,0.248011565,-0.143563783,0.671550631
1497535159021310000,111165,-1.335450244,-1.364348412,1.008642695,-0.678450928,0.245441532,-0.144986573,0.67708322
1497535159031360000,111166,-1.338541367,-1.35782877,1.00984084,-0.672592276,0.24412583,-0.146441045,0.683064587
1497535159041340000,111167,-1.34095032,-1.35210776,1.010033324,-0.667128025,0.243998075,-0.148516956,0.688002799
1497535159051260000,111168,-1.343400938,-1.346084345,1.01077279,-0.660883539,0.244803947,-0.15078639,0.693229717
1497535159061340000,111169,-1.345556331,-1.340186685,1.011359112,-0.654591458,0.246523177,-0.153094641,0.698067602
1497535159071330000,111170,-1.34670389,-1.335193619,1.010898677,-0.649391568,0.250790223,-0.154359192,0.701119174
1497535159081360000,111171,-1.34841373,-1.329913291,1.011490595,-0.640717063,0.255582489,-0.156723583,0.706821728
1497535159091370000,111172,-1.349618892,-1.324639139,1.011932849,-0.634647016,0.260029916,-0.158021603,0.710377914
1497535159101360000,111173,-1.350646378,-1.319664431,1.012232179,-0.628709551,0.265068766,-0.15894295,0.713582503
1497535159111300000,111174,-1.352110667,-1.314253453,1.013374608,-0.621361611,0.268317779,-0.160587406,0.718419795
1497535159121490000,111175,-1.35316246,-1.308883875,1.014280088,-0.616429342,0.271428933,-0.161114045,0.721376091
1497535159131370000,111176,-1.354427812,-1.303431168,1.015610906,-0.610795033,0.274235348,-0.162833256,0.724713552
1497535159141360000,111177,-1.355753854,-1.297893983,1.017085402,-0.605922254,0.275538993,-0.165364994,0.727729966
1497535159151370000,111178,-1.357009364,-1.292011771,1.019005003,-0.602567959,0.27593827,-0.167215284,0.729937651
1497535159161250000,111179,-1.35682617,-1.284017411,1.021103024,-0.615215475,0.277660889,-0.163411309,0.719521434
1497535159171360000,111180,-1.358454916,-1.277546081,1.023938321,-0.612803307,0.275169744,-0.165212965,0.722120762
1497535159181330000,111181,-1.359575576,-1.272068646,1.025517458,-0.610527475,0.274150245,-0.166516525,0.724134029
1497535159191380000,111182,-1.361199686,-1.265587932,1.028244252,-0.608674037,0.272448003,-0.167988858,0.725994315
1497535159201370000,111183,-1.3625886,-1.259273772,1.030512922,-0.60690041,0.270863566,-0.169468326,0.727726121
1497535159211270000,111184,-1.36415373,-1.252674164,1.032817566,-0.605144873,0.269972378,-0.17052371,0.729271049
1497535159221360000,111185,-1.365592315,-1.245832039,1.035084476,-0.604605425,0.268319252,-0.171292775,0.730147823
1497535159231370000,111186,-1.366921946,-1.239305189,1.036497495,-0.603799134,0.2677074,-0.171067331,0.73109187
1497535159241350000,111187,-1.368207461,-1.232717949,1.037679926,-0.60321946,0.267239484,-0.17128834,0.731689583
1497535159251380000,111188,-1.368589404,-1.228237858,1.036429736,-0.599109638,0.267016649,-0.173349222,0.734656245
1497535159261360000,111189,-1.3698248,-1.221298975,1.03726395,-0.599528063,0.265836901,-0.174298914,0.734518027
1497535159271370000,111190,-1.371212726,-1.214168152,1.038059099,-0.59987172,0.264247632,-0.175026344,0.734637929
1497535159281300000,111191,-1.372511215,-1.206964526,1.038520351,-0.600478726,0.262632702,-0.176361643,0.734401753
1497535159291370000,111192,-1.373687888,-1.200040652,1.03842946,-0.601305031,0.260875795,-0.17714251,0.734163885
1497535159301360000,111193,-1.374763564,-1.192891371,1.038042772,-0.601691968,0.259436696,-0.178164212,0.73410959
1497535159311340000,111194,-1.375645034,-1.185898223,1.037151154,-0.602155945,0.258080916,-0.178603549,0.734100287
1497535159321330000,111195,-1.37641098,-1.178455672,1.036127902,-0.60318122,0.2571359,-0.178738156,0.733557234
1497535159331210000,111196,-1.377152619,-1.170870209,1.034840963,-0.603887074,0.257224523,-0.179046208,0.732869976
1497535159341310000,111197,-1.37734196,-1.163503122,1.032621173,-0.605502195,0.257654002,-0.178329208,0.731560114
1497535159351330000,111198,-1.378704575,-1.153842385,1.032780149,-0.607205319,0.256878282,-0.177713901,0.730570338
1497535159361340000,111199,-1.378777097,-1.145688155,1.030369885,-0.608512362,0.257860171,-0.176863652,0.729342229
1497535159371370000,111200,-1.37875424,-1.137344142,1.027730718,-0.611349184,0.258654738,-0.175539349,0.727004703
1497535159381380000,111201,-1.378790817,-1.128530428,1.02528475,-0.613933563,0.258842332,-0.17460119,0.724983208
1497535159391360000,111202,-1.378534548,-1.120023242,1.02203988,-0.616466237,0.260451914,-0.172998474,0.722638019
1497535159401350000,111203,-1.378393802,-1.110913168,1.019275471,-0.619704746,0.260821746,-0.171739234,0.720030332
1497535159411340000,111204,-1.378329661,-1.101871793,1.016357405,-0.622762223,0.262440992,-0.170153435,0.717174838
1497535159421380000,111205,-1.378400942,-1.092906232,1.013393564,-0.625556854,0.263174062,-0.168668159,0.714821018
1497535159431380000,111206,-1.378697103,-1.084105142,1.010587035,-0.626977259,0.264612162,-0.167397421,0.713342852
1497535159441330000,111207,-1.378995916,-1.07589534,1.007613752,-0.627189607,0.264907404,-0.165462234,0.713498082
1497535159451360000,111208,-1.379540761,-1.067834004,1.005157988,-0.62650605,0.264724313,-0.163727096,0.714566054
1497535159461330000,111209,-1.380125446,-1.059788844,1.003556415,-0.624954657,0.262584524,-0.163507663,0.71676097
1497535159471360000,111210,-1.380604411,-1.052194992,1.001883174,-0.622118616,0.260680382,-0.163683203,0.719876361
1497535159481360000,111211,-1.380932245,-1.044365961,1.000497728,-0.617542705,0.260233891,-0.165542026,0.72354348
1497535159491370000,111212,-1.38088242,-1.03590722,0.999553762,-0.613655447,0.259768054,-0.16828247,0.726380452
1497535159501350000,111213,-1.380581112,-1.026957869,0.998791881,-0.608856381,0.260705397,-0.170608879,0.729533559
1497535159511320000,111214,-1.380211936,-1.017290832,0.998532561,-0.605196476,0.261968887,-0.171384601,0.731940466
1497535159521350000,111215,-1.379827593,-1.007179944,0.99862634,-0.600960273,0.261875726,-0.171932695,0.73532782
1497535159531340000,111216,-1.378546574,-0.998257966,0.996575906,-0.597921589,0.263280787,-0.170665734,0.737594881
1497535159541310000,111217,-1.379294173,-0.986215345,0.999133841,-0.595385624,0.260148001,-0.170508946,0.7407872
1497535159551360000,111218,-1.379348439,-0.974915504,1.000394077,-0.594842184,0.25592037,-0.168861946,0.743070107
1497535159561310000,111219,-1.379277038,-0.963425535,1.002004732,-0.594969786,0.250657685,-0.168057904,0.744941756
1497535159571390000,111220,-1.379111104,-0.951994114,1.003892019,-0.596662663,0.245131524,-0.166808751,0.745707076
1497535159581360000,111221,-1.378591696,-0.940670861,1.006017742,-0.598233567,0.241157358,-0.166640448,0.745781931
1497535159591370000,111222,-1.377703427,-0.929690449,1.008242341,-0.600082775,0.238291523,-0.16702377,0.745131447
1497535159601370000,111223,-1.37629466,-0.919138291,1.010357078,-0.602216173,0.237263858,-0.167932288,0.743532305
1497535159611310000,111224,-1.374421417,-0.908561697,1.012846228,-0.604027892,0.237496582,-0.169216774,0.741694926
1497535159621360000,111225,-1.372078972,-0.898241563,1.015164521,-0.606223903,0.238438634,-0.170303803,0.739348505
1497535159631370000,111226,-1.368528346,-0.889142914,1.015331839,-0.607507094,0.243305157,-0.171567639,0.736411758
1497535159641320000,111227,-1.366249533,-0.878530904,1.018120956,-0.608381608,0.247445341,-0.174094753,0.733712232
1497535159651370000,111228,-1.363603774,-0.868577724,1.020025667,-0.608240216,0.252039314,-0.177945469,0.731338112
1497535159661230000,111229,-1.360932865,-0.859314378,1.021290497,-0.607181846,0.257028824,-0.182173791,0.729437523
1497535159671270000,111230,-1.358554541,-0.850387747,1.022236398,-0.606272362,0.261696127,-0.18660181,0.727412349
1497535159681270000,111231,-1.356557354,-0.841547554,1.023224292,-0.60614399,0.264289175,-0.191208447,0.725382675
1497535159691380000,111232,-1.355137,-0.832701915,1.024549437,-0.606699548,0.26460974,-0.195603316,0.72362745
1497535159701390000,111233,-1.353750465,-0.82456169,1.024935778,-0.608274661,0.265042988,-0.198342224,0.721397611
1497535159711430000,111234,-1.352982173,-0.816132207,1.026122947,-0.611025529,0.263387637,-0.200061783,0.719200973
1497535159721370000,111235,-1.352098454,-0.80799242,1.026800552,-0.614154962,0.26201057,-0.200448692,0.716927099
1497535159731390000,111236,-1.351183876,-0.799938954,1.02738903,-0.617686724,0.260785626,-0.200064679,0.714442504
1497535159741380000,111237,-1.350142141,-0.791993635,1.027828602,-0.621450287,0.260146587,-0.198735455,0.711777713
1497535159751370000,111238,-1.349351764,-0.783859915,1.02876666,-0.625275185,0.259372443,-0.197452139,0.709062431
1497535159761350000,111239,-1.348450025,-0.776111101,1.029153397,-0.62844397,0.259182673,-0.195840292,0.706773725
1497535159771370000,111240,-1.347449827,-0.768894926,1.028842316,-0.630976711,0.259710422,-0.193929071,0.704847787
1497535159781380000,111241,-1.34669992,-0.761615917,1.028891465,-0.633003403,0.25941758,-0.192438944,0.703545637
1497535159791390000,111242,-1.345993774,-0.754508671,1.028809005,-0.634985742,0.259313812,-0.190963936,0.702198141
1497535159801480000,111243,-1.345344846,-0.74736295,1.028838825,-0.636063905,0.259729954,-0.190278307,0.701254038
1497535159811330000,111244,-1.344509601,-0.740463145,1.02851356,-0.637907903,0.260958256,-0.189143735,0.699427583
1497535159821370000,111245,-1.343677806,-0.733412368,1.028297072,-0.639045101,0.262352101,-0.188467312,0.698049286
1497535159831390000,111246,-1.342840983,-0.726366639,1.028111365,-0.64069909,0.264630568,-0.187042346,0.696053518
1497535159841380000,111247,-1.34186331,-0.719239826,1.02763438,-0.642971927,0.266906728,-0.185566723,0.693478832
1497535159851380000,111248,-1.341225648,-0.711904167,1.027626749,-0.644923613,0.268745814,-0.184520544,0.691231791
1497535159861380000,111249,-1.340632834,-0.704588273,1.027418495,-0.646304238,0.270424135,-0.183477596,0.689563334
1497535159871320000,111250,-1.340121511,-0.697271175,1.027117087,-0.648375667,0.271150775,-0.182266902,0.687651822
1497535159881290000,111251,-1.33977608,-0.689883275,1.026764941,-0.650052656,0.271413807,-0.181608546,0.686137323
1497535159891370000,111252,-1.339560032,-0.68233802,1.026469523,-0.65172322,0.271361614,-0.180714629,0.684807959
1497535159901380000,111253,-1.339659458,-0.674351656,1.026723234,-0.653515752,0.270946659,-0.180744206,0.683254419
1497535159911340000,111254,-1.339549355,-0.666485011,1.026357792,-0.655371751,0.270538873,-0.180295891,0.681755071
1497535159921370000,111255,-1.339493786,-0.65843368,1.025898073,-0.657601182,0.270595971,-0.179841236,0.679702609
1497535159931360000,111256,-1.339361106,-0.650298772,1.02526929,-0.659712084,0.270231685,-0.179687426,0.677840123
1497535159941380000,111257,-1.339245664,-0.641960987,1.024619522,-0.661947758,0.269434827,-0.179525115,0.676018322
1497535159951380000,111258,-1.339057218,-0.633646655,1.023582881,-0.66391442,0.269626262,-0.179247037,0.674084432
1497535159961350000,111259,-1.338949022,-0.625100772,1.022674104,-0.665829997,0.269535914,-0.179130232,0.672259746
1497535159971380000,111260,-1.338977216,-0.616300577,1.022079384,-0.667747982,0.26913075,-0.179181167,0.670503827
1497535159981380000,111261,-1.338765103,-0.607601582,1.020947888,-0.669562723,0.268998244,-0.179615746,0.668628364
1497535159991380000,111262,-1.338742247,-0.598596635,1.020106246,-0.671058973,0.268067549,-0.179739577,0.667467848
1497535160001390000,111263,-1.338635099,-0.589566043,1.018946076,-0.672616394,0.267748548,-0.180148819,0.665916139
1497535160011340000,111264,-1.338574956,-0.58066494,1.017537835,-0.676381689,0.268285273,-0.181694364,0.66145142
1497535160021380000,111265,-1.338892721,-0.571972709,1.01642952,-0.683106539,0.270242207,-0.185434447,0.652647433
1497535160031380000,111266,-1.339027142,-0.56253903,1.014894945,-0.686017249,0.270235921,-0.185207532,0.649654563
1497535160041380000,111267,-1.339298888,-0.553028265,1.013040901,-0.689140096,0.272184367,-0.18395621,0.64588057
1497535160051380000,111268,-1.339599712,-0.54337182,1.011281799,-0.692411472,0.272499081,-0.183792631,0.642285663
1497535160061370000,111269,-1.339815616,-0.533533432,1.009465098,-0.695435809,0.270979745,-0.183600946,0.639710642
1497535160071340000,111270,-1.340320621,-0.523714849,1.007800988,-0.698490002,0.270350603,-0.184156322,0.636481514
1497535160081390000,111271,-1.340869631,-0.513949057,1.00583831,-0.701496356,0.271048089,-0.183961541,0.632924914
1497535160091380000,111272,-1.341568277,-0.504653583,1.004075746,-0.706344343,0.271470334,-0.187602161,0.626248319
1497535160101380000,111273,-1.342169496,-0.495220316,1.001837595,-0.707985452,0.272254896,-0.188069231,0.623910119
1497535160111320000,111274,-1.342927189,-0.485665942,0.999938792,-0.708738376,0.272006633,-0.188619345,0.622996828
1497535160121380000,111275,-1.343764849,-0.476239216,0.9980709,-0.708971139,0.271955693,-0.18883267,0.622689527
1497535160131380000,111276,-1.344688115,-0.46691646,0.996344951,-0.709560888,0.271609191,-0.189076913,0.622094619
1497535160141380000,111277,-1.345624178,-0.457638937,0.994426754,-0.709957075,0.272452853,-0.188218782,0.621533656
1497535160151370000,111278,-1.346666616,-0.44845152,0.992549675,-0.709950864,0.272671664,-0.188070366,0.62148972
1497535160161340000,111279,-1.347797454,-0.439364007,0.990714908,-0.709528921,0.273105547,-0.188083962,0.621776884
1497535160171360000,111280,-1.348913515,-0.430615064,0.989020654,-0.710527096,0.273826365,-0.190323423,0.619634862
1497535160181340000,111281,-1.349990371,-0.421790448,0.987875059,-0.712201212,0.272979944,-0.196155748,0.616258312
1497535160191380000,111282,-1.351163132,-0.412803633,0.986622494,-0.712650304,0.275578119,-0.198495305,0.613828851
1497535160201370000,111283,-1.352345984,-0.403578291,0.98594436,-0.711820891,0.277575454,-0.200623506,0.613199066
1497535160211300000,111284,-1.353366312,-0.394485452,0.985374666,-0.709818859,0.28016108,-0.203172414,0.613504626
1497535160221320000,111285,-1.354477326,-0.385492448,0.984973228,-0.708542688,0.284198715,-0.204985596,0.61251878
1497535160231400000,111286,-1.355755929,-0.376301107,0.985050675,-0.708634956,0.288002306,-0.204920088,0.610654508
1497535160241380000,111287,-1.357221633,-0.36716483,0.985181035,-0.707312715,0.2919683,-0.204423047,0.610470681
1497535160251320000,111288,-1.359089314,-0.357957568,0.986214773,-0.70495654,0.294559802,-0.203642756,0.612209464
1497535160261350000,111289,-1.361284718,-0.348698161,0.987266965,-0.702348631,0.295933385,-0.203219308,0.614680197
1497535160271320000,111290,-1.363895232,-0.339419311,0.988008229,-0.699708956,0.29760169,-0.200600002,0.617738012
1497535160281320000,111291,-1.366809338,-0.329906655,0.989747695,-0.697121103,0.295329951,-0.198839483,0.622306394
1497535160291390000,111292,-1.370006969,-0.321248413,0.991680761,-0.694526075,0.295006217,-0.199126969,0.625262596
1497535160301390000,111293,-1.37368106,-0.312962492,0.993163857,-0.690106965,0.296632596,-0.199334339,0.629307
1497535160311380000,111294,-1.376782078,-0.303996485,0.995420954,-0.687125398,0.292097399,-0.197906111,0.635114925
1497535160321390000,111295,-1.380203875,-0.29572979,0.997214447,-0.68317156,0.290983741,-0.197215289,0.640086879
1497535160331390000,111296,-1.384045504,-0.288361643,0.99861108,-0.677289631,0.291982012,-0.199811958,0.645058479
1497535160341360000,111297,-1.386823608,-0.27962794,1.000674004,-0.674549934,0.284340157,-0.197395417,0.652049163
1497535160351270000,111298,-1.390226274,-0.27228735,1.001811143,-0.668943054,0.283037525,-0.199306174,0.657785678
1497535160361400000,111299,-1.393034701,-0.264484328,1.003025035,-0.665577379,0.279553785,-0.198695061,0.662854967
1497535160371310000,111300,-1.396209946,-0.258174766,1.002993476,-0.65867746,0.282934837,-0.202928654,0.667017124
1497535160381290000,111301,-1.398018582,-0.250192565,1.004111848,-0.655114533,0.278942272,-0.200896006,0.672797854
1497535160391340000,111302,-1.400877079,-0.244606706,1.003936144,-0.646623848,0.286763975,-0.207112341,0.67583171
1497535160401340000,111303,-1.401899989,-0.236934425,1.00505305,-0.641863508,0.284232562,-0.204547243,0.682190232
1497535160411390000,111304,-1.404329342,-0.231711794,1.005348226,-0.632263497,0.293119705,-0.209341393,0.685929946
1497535160421300000,111305,-1.405244987,-0.22493692,1.006893156,-0.62628781,0.292516691,-0.208332034,0.69195038
1497535160431300000,111306,-1.406553922,-0.219010613,1.008100633,-0.619279301,0.29647166,-0.2089103,0.696386522
1497535160441350000,111307,-1.407721955,-0.213057354,1.00946109,-0.612526905,0.299762384,-0.208822632,0.700961063
1497535160451350000,111308,-1.409106594,-0.207053446,1.011342913,-0.60653725,0.302327075,-0.208791175,0.705065352
1497535160461370000,111309,-1.411097646,-0.201766222,1.012730305,-0.599883431,0.308509778,-0.21080395,0.7074767
1497535160471350000,111310,-1.412169201,-0.195103416,1.014900899,-0.596474489,0.306495907,-0.209052934,0.711741044
1497535160481380000,111311,-1.413484595,-0.188340247,1.017236903,-0.593985086,0.304236798,-0.207097172,0.715354772
1497535160491390000,111312,-1.415775168,-0.182614382,1.018771103,-0.58912881,0.306915522,-0.20985739,0.717418973
1497535160501390000,111313,-1.417590606,-0.176094498,1.020702649,-0.586391805,0.305930453,-0.209907452,0.720062546
1497535160511350000,111314,-1.418649423,-0.168597629,1.023070736,-0.586044798,0.300079225,-0.206929182,0.723660326
1497535160521370000,111315,-1.421184258,-0.162611811,1.024487341,-0.581938004,0.303673249,-0.2096833,0.724681745
1497535160531400000,111316,-1.422133774,-0.154914417,1.026492371,-0.582449422,0.298144544,-0.206482391,0.727480257
1497535160541390000,111317,-1.423287556,-0.147322184,1.02816075,-0.582753524,0.293933612,-0.204017704,0.729642473
1497535160551400000,111318,-1.425102868,-0.140283911,1.029386454,-0.581586442,0.293414845,-0.203316283,0.730977037
1497535160561350000,111319,-1.427247802,-0.133694046,1.029990456,-0.579306193,0.295505499,-0.20503533,0.731465207
1497535160571340000,111320,-1.428351022,-0.125697695,1.030963179,-0.580817811,0.291142261,-0.201847129,0.732901487
1497535160581400000,111321,-1.42940244,-0.11739667,1.032013756,-0.582480776,0.285623241,-0.197520866,0.73492926
1497535160591400000,111322,-1.431115004,-0.109879791,1.032295446,-0.582514393,0.285194037,-0.197304208,0.735127467
1497535160601390000,111323,-1.434008658,-0.103738741,1.031173914,-0.579160796,0.293594222,-0.20153142,0.733321411
1497535160611360000,111324,-1.433844488,-0.093468354,1.032481057,-0.584898189,0.280112728,-0.191981225,0.736596346
1497535160621390000,111325,-1.436742603,-0.087202147,1.030863537,-0.58200784,0.28864182,-0.197910446,0.73401923
1497535160631380000,111326,-1.436367853,-0.076545479,1.031566678,-0.588249498,0.274208174,-0.188672524,0.737004128
1497535160641400000,111327,-1.437705259,-0.067858141,1.030929697,-0.590005342,0.271468247,-0.186856114,0.737077662
1497535160651350000,111328,-1.440925877,-0.061621915,1.028257557,-0.587020992,0.283968961,-0.192312353,0.733337537
1497535160661260000,111329,-1.442146965,-0.052985566,1.026821557,-0.589040575,0.283384503,-0.18895958,0.732815599
1497535160671390000,111330,-1.44344736,-0.044464773,1.025000457,-0.590836579,0.284129029,-0.185673203,0.731920961
1497535160681330000,111331,-1.444448876,-0.035841674,1.022858553,-0.593549929,0.284788075,-0.182105218,0.730364241
1497535160691330000,111332,-1.443167453,-0.026424321,1.021719251,-0.589264217,0.27268371,-0.186057848,0.737423728
1497535160701350000,111333,-1.443733245,-0.017707827,1.019138716,-0.595036027,0.2732285,-0.183069067,0.73332396
1497535160711370000,111334,-1.444426472,-0.009204787,1.016363782,-0.596763509,0.275276077,-0.182731629,0.731235631
1497535160721390000,111335,-1.444681718,-5.20E-05,1.013755409,-0.59834176,0.274416391,-0.181127339,0.730667961
1497535160731410000,111336,-1.445259861,0.008701111,1.010897603,-0.603321588,0.275651812,-0.179406837,0.7265207
1497535160741400000,111337,-1.445526092,0.018207464,1.008439555,-0.605119704,0.272982108,-0.177743227,0.726442192
1497535160751410000,111338,-1.448972805,0.026435493,1.004186783,-0.607122773,0.288291468,-0.171524758,0.720325777
1497535160761330000,111339,-1.447933713,0.037324654,1.003165437,-0.612481996,0.273859334,-0.167324888,0.722405185
1497535160771400000,111340,-1.448639823,0.04497174,1.000808319,-0.6131176,0.273372445,-0.174518706,0.720345428
1497535160781390000,111341,-1.450136608,0.054069439,0.998888927,-0.614105162,0.273309446,-0.172470446,0.720021348
1497535160791390000,111342,-1.452815854,0.061491521,0.99644488,-0.617207981,0.281023936,-0.173659051,0.714088502
1497535160801390000,111343,-1.454398833,0.070472298,0.995213874,-0.613290318,0.278669853,-0.174965275,0.718056579
1497535160811370000,111344,-1.454922446,0.07968451,0.994981164,-0.605828919,0.269690287,-0.176356121,0.727418029
1497535160821380000,111345,-1.457258115,0.086264623,0.993269059,-0.602673816,0.258820425,-0.170973687,0.735230751
1497535160831360000,111346,-1.458402281,0.095924666,0.992484412,-0.599182094,0.259588922,-0.172142993,0.737537253
1497535160841370000,111347,-1.459814508,0.106351457,0.991994081,-0.597574211,0.260292794,-0.170265204,0.739028067
1497535160851380000,111348,-1.46058085,0.116889212,0.991763175,-0.593823878,0.256615585,-0.16995676,0.743395146
1497535160861330000,111349,-1.461541006,0.12844496,0.992096616,-0.591601605,0.249106175,-0.166262454,0.748538877
1497535160871380000,111350,-1.463093955,0.140134896,0.992436902,-0.592625592,0.244765709,-0.161133273,0.75028043
1497535160881310000,111351,-1.464588693,0.151856331,0.993145753,-0.594269804,0.245830114,-0.160003305,0.748872417
1497535160891410000,111352,-1.465835219,0.163887827,0.994373032,-0.593559303,0.238759535,-0.156658067,0.752422413
1497535160901400000,111353,-1.467591352,0.175528213,0.995586595,-0.596007771,0.237548629,-0.154294053,0.751357925
1497535160911380000,111354,-1.468831405,0.187162903,0.997267974,-0.595404676,0.235322803,-0.152383802,0.752924715
1497535160921400000,111355,-1.469465144,0.198532056,0.99925772,-0.593186095,0.230523226,-0.152526729,0.756124921
1497535160931390000,111356,-1.471000276,0.208216829,1.000642317,-0.599408053,0.239102296,-0.152056004,0.748611415
1497535160941350000,111357,-1.470485421,0.219672153,1.003279952,-0.597935736,0.2328997,-0.15151325,0.751847272
1497535160951380000,111358,-1.469663609,0.230362804,1.005674938,-0.601879978,0.231121856,-0.149659173,0.749616776
1497535160961340000,111359,-1.468989721,0.240601664,1.007230043,-0.608738143,0.241694181,-0.150223429,0.740577286
1497535160971400000,111360,-1.467520216,0.251334739,1.009138161,-0.614242596,0.245316502,-0.149697659,0.734926158
1497535160981400000,111361,-1.465923538,0.261553234,1.010683683,-0.613807989,0.249762956,-0.153588122,0.732986294
1497535160991400000,111362,-1.464450923,0.27153498,1.011886548,-0.616530577,0.254543636,-0.156987367,0.728321736
1497535161001540000,111363,-1.463355205,0.281015851,1.012869031,-0.613277565,0.258161222,-0.163300448,0.728406738
1497535161011370000,111364,-1.462586444,0.289977327,1.013661819,-0.611824153,0.26222077,-0.170389489,0.726552748
1497535161021400000,111365,-1.461449042,0.2994929,1.014884699,-0.608832262,0.255741384,-0.176861525,0.729821637
1497535161031320000,111366,-1.46188958,0.307526914,1.015112987,-0.607773545,0.266249678,-0.184664036,0.724997669
1497535161041390000,111367,-1.461997167,0.316146477,1.016276008,-0.610345006,0.265703871,-0.188160521,0.722132983
1497535161051350000,111368,-1.461663529,0.32530771,1.017330161,-0.613766199,0.25834104,-0.18876767,0.721746304
1497535161061340000,111369,-1.462049433,0.333337307,1.017969542,-0.617827409,0.265189275,-0.191292481,0.715102179
1497535161071400000,111370,-1.462237218,0.341607475,1.018972877,-0.62084105,0.267023691,-0.190073239,0.712128432
1497535161081390000,111371,-1.461993885,0.350331863,1.020115358,-0.625843723,0.266853462,-0.188675691,0.708173953
1497535161091390000,111372,-1.46124247,0.359021817,1.021392713,-0.627246642,0.2615977,-0.187018979,0.709332218
1497535161101360000,111373,-1.461223656,0.367307035,1.022300893,-0.628091071,0.264143819,-0.187391647,0.707540826
1497535161111340000,111374,-1.461911596,0.374493951,1.022393322,-0.633089564,0.268397007,-0.185508544,0.701959565
1497535161121290000,111375,-1.461875408,0.382082774,1.02289071,-0.633249722,0.269049315,-0.187280004,0.70109447
1497535161131350000,111376,-1.461966896,0.389492139,1.023078386,-0.634798241,0.269101778,-0.187318315,0.699662258
1497535161141410000,111377,-1.462334768,0.396857967,1.023469173,-0.635940708,0.26858854,-0.1873619,0.698809795
1497535161151460000,111378,-1.462406542,0.404422689,1.023491529,-0.637274311,0.268764453,-0.187194083,0.697571141
1497535161161400000,111379,-1.462272316,0.411998678,1.023687632,-0.641209094,0.268802264,-0.187268086,0.693921396
1497535161171410000,111380,-1.46238189,0.419494398,1.023665208,-0.643363978,0.269537583,-0.184754664,0.692313511
1497535161181350000,111381,-1.462438584,0.426890594,1.023584545,-0.64681246,0.271928,-0.184136618,0.688318611
1497535161191410000,111382,-1.462232216,0.4344985,1.023574812,-0.649360425,0.273570854,-0.183813028,0.685348668
1497535161201390000,111383,-1.462462584,0.441742012,1.023462602,-0.648629719,0.275198103,-0.18271,0.685683999
1497535161211370000,111384,-1.462781658,0.449086609,1.023363631,-0.653076687,0.276893319,-0.180834831,0.681263308
1497535161221410000,111385,-1.462781787,0.456516934,1.023315915,-0.654932383,0.277140272,-0.179069786,0.679846199
1497535161231410000,111386,-1.463176507,0.463749467,1.022911941,-0.654378164,0.279231248,-0.17916117,0.679500114
1497535161241400000,111387,-1.463542184,0.471326165,1.022571493,-0.656883388,0.280220349,-0.178117501,0.67694529
1497535161251400000,111388,-1.463746215,0.479023245,1.022066341,-0.658238881,0.281357297,-0.178187288,0.675136236
1497535161261370000,111389,-1.463878777,0.486847113,1.021392536,-0.662487809,0.282545218,-0.176470761,0.670921883
1497535161271410000,111390,-1.464390419,0.494836523,1.020473047,-0.663765889,0.283989501,-0.175784132,0.669226977
1497535161281400000,111391,-1.464939753,0.502877158,1.019525122,-0.665637015,0.284171647,-0.175778141,0.667289955
1497535161291410000,111392,-1.465153411,0.511613783,1.018523898,-0.669043307,0.284367158,-0.174221776,0.664201133
1497535161301400000,111393,-1.466075867,0.519767288,1.017403279,-0.672280568,0.284410311,-0.174126485,0.660930843
1497535161311370000,111394,-1.46649466,0.529359821,1.016832292,-0.676565204,0.281418877,-0.173084203,0.658106981
1497535161321400000,111395,-1.467393891,0.537598767,1.015523534,-0.680656522,0.280966461,-0.171997325,0.654355764
1497535161331410000,111396,-1.468597073,0.546454553,1.014268852,-0.681905145,0.281328775,-0.172397468,0.652792928
1497535161341390000,111397,-1.469442774,0.555277064,1.013051228,-0.684570798,0.278655729,-0.171659791,0.651342248
1497535161351410000,111398,-1.470956639,0.564514407,1.011655485,-0.686904566,0.278586218,-0.171842578,0.648862054
1497535161361380000,111399,-1.471980258,0.5738235,1.010040878,-0.690126513,0.274238412,-0.171651803,0.647344072
1497535161371400000,111400,-1.47379726,0.582964475,1.008560287,-0.691213523,0.274804644,-0.172705297,0.645661795
1497535161381360000,111401,-1.474916097,0.592522014,1.007088311,-0.693860977,0.272660024,-0.171406526,0.644075507
1497535161391390000,111402,-1.476522364,0.60242951,1.005385024,-0.696033547,0.272091827,-0.17320433,0.641485463
1497535161401310000,111403,-1.478082782,0.61206281,1.003895876,-0.698588333,0.268720925,-0.173190982,0.640131462
1497535161411350000,111404,-1.47931724,0.621718023,1.002428462,-0.699276455,0.270535133,-0.174687289,0.638206497
1497535161421370000,111405,-1.481001063,0.631105379,1.000531494,-0.700953403,0.267123438,-0.175186802,0.637666825
1497535161431350000,111406,-1.481836335,0.640789687,0.998940355,-0.703430148,0.269056774,-0.176528886,0.633744453
1497535161441320000,111407,-1.483468009,0.649705691,0.997306728,-0.704020329,0.267671413,-0.177821687,0.63331417
1497535161451380000,111408,-1.484586644,0.658781857,0.995620779,-0.703572166,0.271125839,-0.181819566,0.631204112
1497535161461380000,111409,-1.486092668,0.667710708,0.993680947,-0.703942894,0.271146063,-0.181708253,0.630814018
1497535161471390000,111410,-1.487692715,0.676878528,0.991720221,-0.703694689,0.273357272,-0.182393286,0.629938312
1497535161481400000,111411,-1.488941174,0.686457498,0.989733797,-0.705094915,0.27511127,-0.182334361,0.627621806
1497535161491320000,111412,-1.491184621,0.695513506,0.987912304,-0.705170971,0.275041074,-0.180550386,0.628082691
1497535161501370000,111413,-1.493182629,0.705199959,0.986210645,-0.706512977,0.276242481,-0.179953445,0.626215828
1497535161511320000,111414,-1.49509913,0.715258555,0.984801193,-0.706537423,0.277150434,-0.179716375,0.62585504
1497535161521430000,111415,-1.497556529,0.724930783,0.983936172,-0.706075729,0.276474145,-0.180086452,0.626568418
1497535161531440000,111416,-1.500044624,0.734910176,0.98328611,-0.706970283,0.27673881,-0.179928835,0.625487222
1497535161541410000,111417,-1.502647133,0.744874262,0.982924752,-0.70623703,0.277601846,-0.179950677,0.625926694
1497535161551420000,111418,-1.505233168,0.754851458,0.982962425,-0.705162071,0.278198005,-0.179991474,0.626861542
1497535161561350000,111419,-1.507800893,0.764602795,0.983224161,-0.704658991,0.278348151,-0.17807771,0.627906316
1497535161571400000,111420,-1.510291363,0.774855663,0.984025603,-0.705052252,0.278405551,-0.174519926,0.628438117
1497535161581410000,111421,-1.513131759,0.784661274,0.985046756,-0.703993332,0.277945757,-0.17209212,0.630494922
1497535161591410000,111422,-1.516135779,0.794323203,0.986406901,-0.703096984,0.277431896,-0.168552467,0.632673881
1497535161601360000,111423,-1.519276854,0.80397741,0.987999493,-0.701764077,0.275664018,-0.166309386,0.635513743
1497535161611410000,111424,-1.522443496,0.813215483,0.9899527,-0.699235319,0.274764883,-0.164644462,0.639113784
1497535161621410000,111425,-1.524734497,0.815085716,0.993979317,-0.697906892,0.272975386,-0.162563577,0.641859402
1497535161631400000,111426,-1.527959147,0.823729475,0.996437796,-0.694432154,0.271609145,-0.163195987,0.646033688
1497535161641410000,111427,-1.53100807,0.831633213,0.998640173,-0.689053165,0.270879083,-0.163888372,0.65189789
1497535161651420000,111428,-1.534003993,0.839164151,1.001033178,-0.684977661,0.268345724,-0.165873951,0.656720647
1497535161661410000,111429,-1.53669573,0.846232114,1.002734278,-0.68105441,0.265893189,-0.16891284,0.661009951
1497535161671410000,111430,-1.538940193,0.852205997,1.003430573,-0.676349154,0.263117079,-0.172771012,0.665936485
1497535161681380000,111431,-1.541265645,0.859111883,1.005424628,-0.670446214,0.262765827,-0.176864897,0.670950671
1497535161691420000,111432,-1.542895609,0.864990918,1.005963506,-0.664223567,0.263902887,-0.18055784,0.675693115
1497535161701320000,111433,-1.544240833,0.871003368,1.006687086,-0.65793336,0.266198599,-0.185202497,0.679677891
1497535161711380000,111434,-1.545184836,0.876795241,1.007437957,-0.651191415,0.270616816,-0.189498953,0.683232337
1497535161721390000,111435,-1.545896296,0.882344758,1.008352756,-0.644418368,0.276388764,-0.193849465,0.686117047
1497535161731400000,111436,-1.546308085,0.887556431,1.009114899,-0.638236523,0.281791913,-0.198013643,0.688504216
1497535161741420000,111437,-1.546695142,0.89287507,1.009936741,-0.630601945,0.289009104,-0.200221981,0.691900342
1497535161751400000,111438,-1.547007885,0.898087866,1.011104285,-0.624799151,0.294340028,-0.203863682,0.693851259
1497535161761380000,111439,-1.547108267,0.903612192,1.013131162,-0.616818673,0.301815134,-0.20577028,0.697209395
1497535161771410000,111440,-1.547315296,0.90845636,1.014006863,-0.612326186,0.305928212,-0.209164931,0.698365665
1497535161781420000,111441,-1.547595932,0.913731956,1.016177376,-0.606771477,0.310323972,-0.212386015,0.700299642
1497535161791410000,111442,-1.548158566,0.919055851,1.017909914,-0.599672954,0.315488704,-0.213535778,0.703748319
1497535161801430000,111443,-1.548443157,0.924077184,1.01954804,-0.595003594,0.3175568,-0.215743809,0.706104107
1497535161811380000,111444,-1.54906796,0.92961388,1.021705502,-0.589806515,0.31912369,-0.217944978,0.709075689
1497535161821410000,111445,-1.549916946,0.93563449,1.024320732,-0.585106821,0.31960431,-0.219954551,0.712125754
1497535161831330000,111446,-1.550518223,0.941217051,1.02611876,-0.582003264,0.319349183,-0.221425805,0.714324095
1497535161841370000,111447,-1.551247182,0.947580139,1.028223857,-0.578204565,0.318913283,-0.222720058,0.717195632
1497535161851400000,111448,-1.551647495,0.953319742,1.029498865,-0.576683972,0.317535973,-0.22402209,0.718624106
1497535161861330000,111449,-1.55213766,0.959665269,1.030862369,-0.575085474,0.316759046,-0.22518988,0.719881881
1497535161871380000,111450,-1.552585684,0.966356258,1.032255324,-0.574563924,0.315419917,-0.226418246,0.720500764
1497535161881440000,111451,-1.553083372,0.972658994,1.033202909,-0.572781728,0.315471853,-0.227383217,0.721592319
1497535161891440000,111452,-1.553314366,0.979316611,1.033965722,-0.571587031,0.316099307,-0.228863808,0.72179696
1497535161901460000,111453,-1.55353784,0.985161979,1.033913025,-0.571172701,0.315179095,-0.230809614,0.721907754
1497535161911390000,111454,-1.553703911,0.991896076,1.034241485,-0.570217031,0.315109495,-0.232620229,0.722112438
1497535161921400000,111455,-1.55403595,0.998335615,1.034310649,-0.568016387,0.316705365,-0.233287743,0.722932863
1497535161931370000,111456,-1.554067478,1.005159827,1.034203941,-0.568598605,0.316474085,-0.236026945,0.721686262
1497535161941500000,111457,-1.554247557,1.011977283,1.033786158,-0.568813143,0.315423043,-0.236552924,0.721805116
1497535161951410000,111458,-1.554164519,1.018989906,1.032992478,-0.56779054,0.316828692,-0.237831659,0.721574379
1497535161961360000,111459,-1.55393871,1.025956377,1.031625324,-0.569801156,0.317825261,-0.238096205,0.71946087
1497535161971420000,111460,-1.55382372,1.033338981,1.03043091,-0.57005124,0.318226556,-0.238227324,0.719041852
1497535161981420000,111461,-1.553607201,1.040670862,1.028270071,-0.57035594,0.319754289,-0.23819499,0.718132608
1497535161991420000,111462,-1.553243135,1.048982196,1.026788906,-0.571527307,0.320909891,-0.238241849,0.716668822
1497535162001420000,111463,-1.552758368,1.056950281,1.024332698,-0.573831312,0.322509882,-0.237656588,0.7142999
1497535162011330000,111464,-1.552141751,1.065009288,1.021695381,-0.574924302,0.323003586,-0.237554892,0.713230961
1497535162021420000,111465,-1.551492224,1.073516456,1.019063944,-0.578398548,0.322769694,-0.237142183,0.710660559
1497535162031340000,111466,-1.550619547,1.082345638,1.016365008,-0.582423872,0.32272896,-0.236408412,0.707629504
1497535162041410000,111467,-1.549525087,1.090986907,1.013488883,-0.586216178,0.322166021,-0.235361429,0.705099032
1497535162051420000,111468,-1.548651785,1.100175473,1.010736691,-0.589219364,0.322128747,-0.234971478,0.702738939
1497535162061380000,111469,-1.547511622,1.109400577,1.007804444,-0.593247357,0.323576971,-0.233131035,0.699289237
1497535162071420000,111470,-1.546306056,1.118313713,1.004791818,-0.596276387,0.324693957,-0.232444768,0.696417787
1497535162081420000,111471,-1.545472049,1.127318896,1.002170279,-0.598583163,0.326927222,-0.230810128,0.693933334
1497535162091400000,111472,-1.544798469,1.135779723,0.999360823,-0.600864563,0.327224003,-0.227785107,0.692820448
1497535162101420000,111473,-1.54480135,1.144107681,0.997104068,-0.600102228,0.326746587,-0.225803394,0.69435352
1497535162111360000,111474,-1.544648918,1.151748546,0.995229729,-0.597771697,0.324841522,-0.224775825,0.697583552
1497535162121400000,111475,-1.544732289,1.159937727,0.993552842,-0.594097579,0.322402003,-0.225388956,0.701644379
1497535162131330000,111476,-1.544496505,1.168533518,0.992443052,-0.590159026,0.32066619,-0.227112818,0.705198756
1497535162141380000,111477,-1.543820723,1.177712375,0.991014809,-0.587089772,0.31948314,-0.228333078,0.707898389
1497535162151410000,111478,-1.542598217,1.187615907,0.990063403,-0.585292155,0.318358344,-0.227718798,0.710088168
1497535162161380000,111479,-1.541233134,1.198210523,0.989559596,-0.583479481,0.317170487,-0.224268308,0.713202849
1497535162171390000,111480,-1.539971281,1.209509728,0.989451722,-0.582330442,0.31433311,-0.219833376,0.716770004
1497535162181350000,111481,-1.538827703,1.221080987,0.989461751,-0.581212317,0.310457559,-0.215727737,0.720603838
1497535162191410000,111482,-1.537715408,1.232564556,0.990168956,-0.580273453,0.304220581,-0.212336973,0.725014185
1497535162201420000,111483,-1.536637679,1.244167472,0.991515206,-0.58040934,0.297258991,-0.209859797,0.728505976
1497535162211390000,111484,-1.535796841,1.255891476,0.993742106,-0.581427038,0.288475068,-0.208293227,0.731668413
1497535162221420000,111485,-1.534424439,1.266895764,0.996478066,-0.58325542,0.280558167,-0.207704487,0.733456935
1497535162231430000,111486,-1.532813715,1.277385709,0.999417853,-0.586032969,0.273383929,-0.209367292,0.733479327
1497535162241380000,111487,-1.530611525,1.28729565,1.002128143,-0.589096569,0.270098334,-0.208893703,0.73237664
1497535162251430000,111488,-1.527867854,1.296807297,1.00539346,-0.592480809,0.265978838,-0.21150793,0.730401358
1497535162261390000,111489,-1.524583047,1.305767537,1.007544575,-0.592661278,0.264758407,-0.21206922,0.730535585
1497535162271430000,111490,-1.520837407,1.314509276,1.009924564,-0.592854473,0.263017794,-0.213091789,0.730709999
1497535162281420000,111491,-1.516682198,1.323073817,1.012328654,-0.593186246,0.26358539,-0.216150059,0.729336665
1497535162291430000,111492,-1.512322594,1.33143418,1.013494072,-0.590932519,0.268581475,-0.215827976,0.729438848
1497535162301420000,111493,-1.507692296,1.339831599,1.015104132,-0.590724559,0.273691568,-0.215676019,0.727750834
1497535162311390000,111494,-1.502868488,1.348070514,1.016428522,-0.591952231,0.276729689,-0.218448721,0.724771269
1497535162321410000,111495,-1.498335079,1.356065676,1.01717515,-0.593534641,0.281100707,-0.21780622,0.721983015
1497535162331410000,111496,-1.494394369,1.364126349,1.018059285,-0.594488841,0.285932772,-0.218204493,0.719174713
1497535162341400000,111497,-1.490818206,1.3718471,1.018620581,-0.596068879,0.288185127,-0.218841313,0.716770329
1497535162351440000,111498,-1.487830756,1.379426229,1.019577194,-0.600525819,0.28568722,-0.222558582,0.712894965
1497535162361360000,111499,-1.485630784,1.386587581,1.020233633,-0.604377206,0.283490574,-0.223544673,0.710203539
1497535162371430000,111500,-1.483618143,1.393410567,1.020240749,-0.606008751,0.283640882,-0.222077709,0.709212758
1497535162381420000,111501,-1.481638201,1.399639255,1.02092359,-0.60821129,0.28179625,-0.222496205,0.707930321
1497535162391430000,111502,-1.479585095,1.405551347,1.021731042,-0.610744893,0.281060642,-0.222505044,0.706036186
1497535162401430000,111503,-1.477581349,1.410965991,1.022261859,-0.611143701,0.281979411,-0.222759004,0.705244224
1497535162411350000,111504,-1.475317317,1.415906153,1.022809162,-0.611638808,0.283731032,-0.223546895,0.703861816
1497535162421420000,111505,-1.473028658,1.420592137,1.023700718,-0.613150424,0.284042158,-0.226267237,0.701548107
1497535162431470000,111506,-1.470666399,1.424606018,1.024012935,-0.609637447,0.2907627,-0.225579959,0.702077572
1497535162441330000,111507,-1.468161989,1.428324137,1.024452262,-0.60782983,0.295804819,-0.22656964,0.70121937
1497535162451410000,111508,-1.465309294,1.431362287,1.024797631,-0.605742221,0.300906336,-0.229359863,0.699946992
1497535162461400000,111509,-1.462423466,1.434417166,1.02534219,-0.60276038,0.309229423,-0.229814619,0.698743393
1497535162471400000,111510,-1.459176315,1.437055789,1.025496685,-0.601054255,0.316585917,-0.232127007,0.696149548
1497535162481430000,111511,-1.455960903,1.43989412,1.025713548,-0.598879775,0.325486148,-0.234575501,0.693091709
1497535162491430000,111512,-1.452831431,1.442814832,1.025927181,-0.597981716,0.334942451,-0.234928105,0.689231607
1497535162501400000,111513,-1.449702747,1.445858692,1.025669648,-0.597546492,0.343735097,-0.235605248,0.68503616
1497535162511440000,111514,-1.446688372,1.448909976,1.02569807,-0.597405133,0.35071151,-0.237209473,0.681058154
1497535162521410000,111515,-1.443939669,1.452408234,1.025710441,-0.598253821,0.356449927,-0.238870089,0.676739903
1497535162531430000,111516,-1.441315111,1.455618371,1.025341938,-0.596360125,0.361511462,-0.241584976,0.674759781
1497535162541370000,111517,-1.439023925,1.459108838,1.025017409,-0.596270383,0.365570824,-0.243574176,0.671930966
1497535162551420000,111518,-1.437000213,1.462823213,1.024621539,-0.596326597,0.369147668,-0.245828717,0.669098521
1497535162561390000,111519,-1.434989613,1.466911492,1.024373379,-0.597509356,0.372027517,-0.248798843,0.665339937
1497535162571390000,111520,-1.433210963,1.46993792,1.023443668,-0.599205748,0.38023842,-0.249286409,0.658959408
1497535162581390000,111521,-1.431196669,1.47376652,1.023148756,-0.601607479,0.381758635,-0.252823062,0.654529819
1497535162591360000,111522,-1.42928546,1.477831752,1.022766766,-0.60207353,0.38501215,-0.25327188,0.652017226
1497535162601420000,111523,-1.427360399,1.481529522,1.022184048,-0.602503245,0.388007707,-0.25541505,0.649001549
1497535162611310000,111524,-1.425589543,1.485305511,1.022124005,-0.603696289,0.389802381,-0.256173159,0.646513888
1497535162621400000,111525,-1.423639988,1.488839514,1.022059302,-0.604481627,0.391685479,-0.258291828,0.643793274
1497535162631420000,111526,-1.423203308,1.490561213,1.019794431,-0.597552592,0.40031155,-0.26486486,0.642283557
1497535162641410000,111527,-1.42090388,1.494223556,1.020305897,-0.598667549,0.40100078,-0.26528863,0.64063834
1497535162651460000,111528,-1.418667556,1.502730185,1.021691967,-0.600913363,0.397005158,-0.270688723,0.638762593
1497535162661410000,111529,-1.416869323,1.505582072,1.021547229,-0.600567306,0.399575323,-0.271648966,0.637075593
1497535162671290000,111530,-1.414938182,1.508287367,1.021430375,-0.599371476,0.402550493,-0.273757684,0.635424004
1497535162681480000,111531,-1.413194573,1.511393465,1.021496909,-0.598680889,0.405321482,-0.275316441,0.633637552
1497535162691430000,111532,-1.411660924,1.513824023,1.021358294,-0.59671041,0.407729992,-0.27810024,0.632734697
1497535162701440000,111533,-1.40993455,1.516592672,1.02144089,-0.596821483,0.407784939,-0.280400471,0.631578291
1497535162711350000,111534,-1.408469803,1.51925648,1.021436232,-0.595872233,0.408795992,-0.282195762,0.631021133
1497535162721360000,111535,-1.406884809,1.522280207,1.021652784,-0.59490417,0.410419985,-0.285642226,0.629327406
1497535162731430000,111536,-1.405617178,1.525104368,1.021719308,-0.593593654,0.411593252,-0.288299932,0.628586285
1497535162741390000,111537,-1.404277082,1.528032298,1.021698324,-0.593634636,0.413372044,-0.29056951,0.626331247
1497535162751430000,111538,-1.402935266,1.530826763,1.021731743,-0.59182414,0.414043678,-0.294116969,0.625945068
1497535162761390000,111539,-1.401832522,1.53381251,1.021544017,-0.591237612,0.416121189,-0.296072751,0.624197219
1497535162771430000,111540,-1.400690833,1.536580595,1.021607338,-0.591399765,0.415294182,-0.298619633,0.623380602
1497535162781390000,111541,-1.399242399,1.539780832,1.02136928,-0.590342008,0.418218835,-0.300236689,0.621648816
1497535162791420000,111542,-1.39796876,1.542562363,1.021185961,-0.590919006,0.418818022,-0.302757649,0.619470741
1497535162801420000,111543,-1.396762933,1.545468707,1.0209101,-0.589778742,0.419267808,-0.304417937,0.619439472
1497535162811390000,111544,-1.395632229,1.548416326,1.020574476,-0.589054261,0.42229174,-0.306317774,0.617133848
1497535162821400000,111545,-1.394214918,1.55148898,1.020266489,-0.588460918,0.423106598,-0.308836231,0.615885327
1497535162831400000,111546,-1.392961509,1.554359987,1.019604462,-0.588500535,0.424658231,-0.310062095,0.614161221
1497535162841350000,111547,-1.391575552,1.557543254,1.019057487,-0.588859538,0.426967639,-0.310581246,0.611949646
1497535162851430000,111548,-1.389956531,1.561026464,1.018574804,-0.587898258,0.429778973,-0.311838473,0.610264238
1497535162861400000,111549,-1.388415613,1.564409308,1.017789214,-0.588659228,0.431446609,-0.312124587,0.608204224
1497535162871480000,111550,-1.386985136,1.567920008,1.017146155,-0.589213001,0.433470564,-0.312497401,0.606033566
1497535162881670000,111551,-1.385306857,1.571748861,1.016481463,-0.589463536,0.435461603,-0.312442146,0.604388814
1497535162891430000,111552,-1.383773901,1.575772866,1.015805527,-0.590752296,0.436475956,-0.312470348,0.602380898
1497535162901440000,111553,-1.382279334,1.57998512,1.015206513,-0.591358246,0.438246665,-0.312112024,0.600684085
1497535162911300000,111554,-1.38083995,1.584365854,1.014556417,-0.593319546,0.438937886,-0.311538075,0.598539453
1497535162921380000,111555,-1.379495548,1.588868583,1.013809151,-0.595697487,0.439148126,-0.311229605,0.596179134
1497535162931430000,111556,-1.378132862,1.593675571,1.013108914,-0.59785793,0.43955451,-0.310849076,0.593911256
1497535162941310000,111557,-1.376771534,1.598693953,1.012496802,-0.59894721,0.439848733,-0.311526585,0.592238565
1497535162951440000,111558,-1.37549385,1.603620864,1.01168135,-0.601468485,0.439206775,-0.311167058,0.590345773
1497535162961390000,111559,-1.374264542,1.608799755,1.010933028,-0.604015372,0.439195553,-0.310366152,0.58817136
1497535162971430000,111560,-1.372968074,1.614088545,1.010142051,-0.605861069,0.438671501,-0.310183695,0.586758685
1497535162981420000,111561,-1.371809469,1.619504185,1.009379025,-0.608464508,0.438536197,-0.309749599,0.584390394
1497535162991440000,111562,-1.370736329,1.624948518,1.008679891,-0.610536286,0.437935056,-0.309716388,0.582695537
1497535163001440000,111563,-1.369732149,1.63038184,1.007948538,-0.612321315,0.437567787,-0.309837879,0.581031434
1497535163011360000,111564,-1.368776578,1.635872883,1.007316134,-0.614192714,0.436858783,-0.310187414,0.579400969
1497535163021380000,111565,-1.367836961,1.641460741,1.006656501,-0.615339229,0.436286072,-0.311219931,0.578060767
1497535163031440000,111566,-1.366946275,1.647103433,1.006079515,-0.616320064,0.435988613,-0.312183066,0.576719378
1497535163041350000,111567,-1.366131508,1.652622219,1.005425375,-0.617252366,0.435512733,-0.313016636,0.575629014
1497535163051440000,111568,-1.365298945,1.6583312,1.004899258,-0.618335904,0.43518342,-0.313652435,0.574367697
1497535163061410000,111569,-1.364426823,1.664038097,1.004164115,-0.61953425,0.435112373,-0.314790353,0.572504645
1497535163071430000,111570,-1.363610154,1.669698723,1.003388506,-0.619635057,0.434564629,-0.316399542,0.571924217
1497535163081420000,111571,-1.362759712,1.675773525,1.002904691,-0.620108687,0.434696722,-0.317676617,0.570601037
1497535163091420000,111572,-1.361831634,1.681811206,1.002299721,-0.620331979,0.434394987,-0.319676367,0.569470149
1497535163101430000,111573,-1.360965275,1.688118914,1.001900011,-0.620445188,0.433799932,-0.321022502,0.569043005
1497535163111410000,111574,-1.360069339,1.694421344,1.001233969,-0.621057431,0.433208534,-0.322581592,0.56794291
1497535163121360000,111575,-1.35920086,1.700777047,1.000703295,-0.621132868,0.43244574,-0.323949205,0.567663242
1497535163131440000,111576,-1.358326596,1.707404492,1.000228934,-0.621468561,0.43213675,-0.324561136,0.567181387
1497535163141410000,111577,-1.357264577,1.714243049,0.999802188,-0.622395604,0.431517867,-0.324476411,0.566684305
1497535163151430000,111578,-1.356346733,1.720813567,0.999558312,-0.622026765,0.430695997,-0.324528595,0.567683761
1497535163161410000,111579,-1.355269821,1.727754259,0.999437794,-0.622535097,0.42971671,-0.323782379,0.568294442
1497535163171440000,111580,-1.354291502,1.734700162,0.999350527,-0.622812965,0.429068811,-0.322969505,0.568941707
1497535163181400000,111581,-1.353403637,1.741472891,0.9994198,-0.623826243,0.428290566,-0.320224493,0.569968669
1497535163191360000,111582,-1.35263147,1.748392751,0.999501254,-0.622318812,0.427057104,-0.319443447,0.572972434
1497535163201440000,111583,-1.35192396,1.755646164,1.000011471,-0.621402872,0.426344738,-0.317758001,0.57542896
1497535163211350000,111584,-1.351478514,1.76296944,1.000771704,-0.621618163,0.424383158,-0.315334852,0.57797381
1497535163221480000,111585,-1.351086247,1.770222646,1.001268878,-0.621533885,0.422400593,-0.31300431,0.580776782
1497535163231430000,111586,-1.3506263,1.777973483,1.002407187,-0.621735067,0.420943919,-0.309240277,0.583628456
1497535163241440000,111587,-1.350455162,1.78536354,1.003154377,-0.62229855,0.418818725,-0.306966101,0.585753535
1497535163251440000,111588,-1.350464427,1.792812116,1.004381616,-0.621796773,0.415232734,-0.304669428,0.590022957
1497535163261380000,111589,-1.350425712,1.800181711,1.00543273,-0.621034154,0.412520599,-0.303327568,0.593410248
1497535163271430000,111590,-1.35087835,1.807170437,1.006559137,-0.620022636,0.408944573,-0.301856814,0.597677782
1497535163281390000,111591,-1.350976263,1.814236509,1.007784447,-0.619027054,0.404744963,-0.30091314,0.60202849
1497535163291430000,111592,-1.351490006,1.820814336,1.008711258,-0.617927347,0.399671282,-0.300233525,0.60686777
1497535163301430000,111593,-1.351716957,1.827338125,1.009751958,-0.616574456,0.394456215,-0.299064054,0.612209871
1497535163311400000,111594,-1.352137904,1.833409367,1.010564956,-0.614160206,0.388603356,-0.299261782,0.618253232
1497535163321400000,111595,-1.35257328,1.839001925,1.011050626,-0.611958784,0.383155425,-0.299010696,0.623931864
1497535163331390000,111596,-1.352876303,1.844235753,1.011458591,-0.60913366,0.378184962,-0.29892495,0.629742958
1497535163341440000,111597,-1.353585593,1.846664343,1.010649448,-0.600339905,0.376758329,-0.299492999,0.638708934
1497535163351450000,111598,-1.353813845,1.851066316,1.010411023,-0.594748634,0.373554211,-0.301278944,0.644951402
1497535163361370000,111599,-1.353114619,1.85807435,1.011711648,-0.595907124,0.369385238,-0.301457853,0.646198427
1497535163371470000,111600,-1.352835716,1.862213076,1.011862355,-0.590605272,0.369401147,-0.301576966,0.650983517
1497535163381440000,111601,-1.352373307,1.866190373,1.012143626,-0.584979978,0.369880592,-0.30156805,0.655777008
1497535163391450000,111602,-1.35175337,1.870197957,1.012636659,-0.580900722,0.369827414,-0.300047025,0.660116519
1497535163401420000,111603,-1.351163229,1.8741015,1.013355462,-0.576892794,0.369789401,-0.297782001,0.664662608
1497535163411410000,111604,-1.35036134,1.878158064,1.014224769,-0.573875872,0.369870952,-0.295045446,0.668438589
1497535163421430000,111605,-1.349375682,1.882382698,1.015250752,-0.571347239,0.370393858,-0.292670719,0.671352793
1497535163431430000,111606,-1.348570829,1.886534083,1.016427789,-0.568594992,0.370645982,-0.290927797,0.674301348
1497535163441390000,111607,-1.347465413,1.891129966,1.018295043,-0.56698273,0.368671703,-0.287595067,0.67815989
1497535163451440000,111608,-1.346947539,1.895403747,1.019718508,-0.565333674,0.366964892,-0.284935551,0.681576362
1497535163461400000,111609,-1.346054185,1.899927775,1.021625908,-0.565838807,0.36449506,-0.280712103,0.684229868
1497535163471410000,111610,-1.345490864,1.904587611,1.023635869,-0.562981039,0.360739946,-0.278165713,0.68959617
1497535163481390000,111611,-1.345063152,1.906467675,1.024296725,-0.558833511,0.360150828,-0.274128268,0.694874219
1497535163491410000,111612,-1.344505487,1.911219231,1.026141156,-0.556749043,0.356304761,-0.271259308,0.69963977
1497535163501410000,111613,-1.344037322,1.916965305,1.028134045,-0.558308917,0.349717346,-0.268045304,0.702951383
1497535163511440000,111614,-1.343661276,1.922200586,1.029586077,-0.558877999,0.344836478,-0.264378793,0.706291044
1497535163521440000,111615,-1.34297468,1.926929647,1.030326032,-0.560056394,0.340780923,-0.261184534,0.708511
1497535163531440000,111616,-1.342192376,1.931818938,1.031281332,-0.560900891,0.337006354,-0.256214823,0.711456866
1497535163541380000,111617,-1.341475671,1.936466369,1.031655407,-0.563347953,0.333628487,-0.251304796,0.712865356
1497535163551400000,111618,-1.340524662,1.945007492,1.033454892,-0.567915821,0.326099723,-0.247790184,0.713954211
1497535163561420000,111619,-1.339792841,1.950439579,1.033715707,-0.570624829,0.323237742,-0.243453746,0.714587251
1497535163571450000,111620,-1.339184321,1.955662529,1.033570672,-0.573811841,0.31898609,-0.23794692,0.715799629
1497535163581450000,111621,-1.338571338,1.961215427,1.033423158,-0.574231004,0.31593717,-0.233662703,0.718222946
1497535163591450000,111622,-1.338058273,1.966952676,1.033176266,-0.575252965,0.312872381,-0.229821086,0.719984144
1497535163601430000,111623,-1.337668847,1.972767405,1.032712229,-0.579220231,0.308753588,-0.223471981,0.720579919
1497535163611420000,111624,-1.337205622,1.978571968,1.032142769,-0.580540823,0.305480891,-0.219514091,0.722126957
1497535163621420000,111625,-1.337022546,1.984487308,1.031256152,-0.583729285,0.301669716,-0.212736519,0.723186475
1497535163631440000,111626,-1.336784187,1.990559191,1.030479325,-0.586569552,0.298126775,-0.207968564,0.723744197
1497535163641430000,111627,-1.336422948,1.996902492,1.029622804,-0.589510195,0.294780708,-0.202760632,0.724203141
1497535163651450000,111628,-1.336297928,2.003354743,1.028618849,-0.593124169,0.290176609,-0.195577442,0.725086698
1497535163661400000,111629,-1.336195048,2.009746333,1.027510785,-0.596336495,0.286165894,-0.190383967,0.725428019
1497535163671450000,111630,-1.336219039,2.016026703,1.026725743,-0.59909026,0.279823764,-0.184398772,0.727177155
1497535163681440000,111631,-1.336246216,2.022556043,1.025930517,-0.60364767,0.273406457,-0.178992792,0.727200097
1497535163691440000,111632,-1.336679759,2.028580605,1.025441738,-0.607065444,0.265967469,-0.172313076,0.728725639
1497535163701440000,111633,-1.336998432,2.034441913,1.02491469,-0.610802178,0.25893823,-0.168737025,0.728971542
1497535163711420000,111634,-1.337363407,2.040249595,1.024853592,-0.615519894,0.252664739,-0.163304817,0.728441711
1497535163721400000,111635,-1.337746738,2.04517818,1.024799014,-0.618854722,0.248061223,-0.15822798,0.728318865
1497535163731340000,111636,-1.338110345,2.049828971,1.025262297,-0.623549606,0.24324491,-0.152436605,0.727173215
1497535163741450000,111637,-1.338374813,2.054118693,1.025725364,-0.623653538,0.241890898,-0.149896257,0.728063301
1497535163751440000,111638,-1.338634768,2.058129761,1.026609118,-0.624040702,0.239446252,-0.147715511,0.728984788
1497535163761450000,111639,-1.338468572,2.061797426,1.027696855,-0.623249184,0.23772137,-0.146558785,0.730458436
1497535163771520000,111640,-1.338074533,2.065523233,1.028788985,-0.62163826,0.238179884,-0.146697814,0.731652901
1497535163781460000,111641,-1.33768502,2.069130282,1.029768801,-0.619922205,0.237812102,-0.14543164,0.73347904
1497535163791410000,111642,-1.337147615,2.073253534,1.030787279,-0.61971519,0.235954811,-0.143427737,0.734647463
1497535163801460000,111643,-1.336667512,2.077371358,1.03136692,-0.622713409,0.232891235,-0.141098946,0.733539891
1497535163811430000,111644,-1.336082309,2.08214469,1.0319965,-0.625861834,0.229871426,-0.139105911,0.73219235
1497535163821480000,111645,-1.33589223,2.086865515,1.032561768,-0.629911455,0.222316966,-0.135213566,0.7317814
1497535163831480000,111646,-1.33596882,2.091771506,1.032872012,-0.63321769,0.214098087,-0.132595369,0.731857796
1497535163841450000,111647,-1.33595838,2.096900481,1.033560985,-0.637191375,0.205536977,-0.128090155,0.731665644
1497535163851450000,111648,-1.336188505,2.101969643,1.0336758,-0.642102352,0.196135141,-0.124520324,0.730568454
1497535163861440000,111649,-1.336094507,2.107326486,1.033932769,-0.645647711,0.191010797,-0.120710095,0.729440183
1497535163871460000,111650,-1.336131468,2.112378688,1.034204495,-0.650560031,0.18461116,-0.114939409,0.727653281
1497535163881450000,111651,-1.335939033,2.116154909,1.03364103,-0.660683322,0.171588536,-0.107842161,0.722789727
1497535163891460000,111652,-1.335106789,2.120737909,1.034083722,-0.664244111,0.168495281,-0.100762151,0.721273935
1497535163901450000,111653,-1.334972293,2.125531658,1.034222898,-0.666058142,0.164987318,-0.095607821,0.721113639
1497535163911430000,111654,-1.334722495,2.130029268,1.034138484,-0.671430696,0.161204406,-0.090353691,0.717656025
1497535163921470000,111655,-1.334521871,2.134511556,1.033739048,-0.6752174,0.156881116,-0.087718078,0.715384734
1497535163931450000,111656,-1.334175015,2.138714644,1.033641338,-0.676601004,0.153447581,-0.083216696,0.715359981
1497535163941380000,111657,-1.333919786,2.142860995,1.033569392,-0.679830613,0.150563365,-0.077868752,0.713510664
1497535163951460000,111658,-1.333731822,2.147064208,1.033529934,-0.684591787,0.145568531,-0.072742497,0.710529673
1497535163961420000,111659,-1.333746766,2.150991283,1.033274579,-0.688338529,0.142317709,-0.068880236,0.707948623
1497535163971450000,111660,-1.334062162,2.154726367,1.032638573,-0.689556983,0.139883705,-0.067219904,0.70740738
1497535163981470000,111661,-1.334151448,2.158395107,1.032622835,-0.69183613,0.136752126,-0.062071755,0.706263919
1497535163991450000,111662,-1.334248185,2.161952076,1.033041975,-0.696098629,0.131030661,-0.05639499,0.703631487
1497535164001430000,111663,-1.334951196,2.164983473,1.032295852,-0.696456719,0.129688596,-0.054201141,0.703698191
1497535164011420000,111664,-1.335299633,2.16814703,1.032343389,-0.698368671,0.125080362,-0.050096911,0.702941251
1497535164021440000,111665,-1.335561383,2.171231208,1.032479343,-0.702002373,0.119675159,-0.044897294,0.700610276
1497535164031450000,111666,-1.3363256,2.174216473,1.031966012,-0.702796736,0.117553038,-0.041827962,0.700363086
1497535164041430000,111667,-1.336679379,2.177180732,1.031565855,-0.707161356,0.11145905,-0.038181049,0.697167056
1497535164051450000,111668,-1.33708842,2.18007537,1.031233259,-0.709745823,0.108495108,-0.032885927,0.695275624
1497535164061430000,111669,-1.337578474,2.182757656,1.030648235,-0.711575819,0.105628284,-0.029617281,0.693992317
1497535164071420000,111670,-1.338001753,2.18536653,1.030158311,-0.714413891,0.101946422,-0.024699156,0.691816212
1497535164081450000,111671,-1.338516664,2.187718965,1.029165386,-0.715122485,0.100583549,-0.022070659,0.691372307
1497535164091440000,111672,-1.338892385,2.189791885,1.028522708,-0.716882234,0.097976666,-0.017905321,0.690043357
1497535164101450000,111673,-1.339315916,2.191877485,1.028252131,-0.718165757,0.094276804,-0.013468682,0.689324615
1497535164111410000,111674,-1.340046968,2.19387655,1.027688143,-0.718303042,0.092863218,-0.010908841,0.689418712
1497535164121480000,111675,-1.3405474,2.195496753,1.027364985,-0.718990092,0.090265171,-0.007883174,0.689088747
1497535164131470000,111676,-1.341244758,2.197278628,1.027282035,-0.717825485,0.087058649,-0.004256504,0.690745429
1497535164141390000,111677,-1.342017661,2.198845779,1.026944268,-0.718762342,0.084502109,-0.001385338,0.690100116
1497535164151460000,111678,-1.342947474,2.200694986,1.026849697,-0.718863145,0.081733727,0.002841909,0.690324055
1497535164161440000,111679,-1.343790658,2.202319685,1.026545497,-0.719797776,0.07791906,0.005814776,0.689772405
1497535164171460000,111680,-1.344649136,2.203950053,1.02635821,-0.721858514,0.073592681,0.010586813,0.688035117
1497535164181430000,111681,-1.345813473,2.205785996,1.025942149,-0.72260478,0.070662035,0.014465071,0.687488161
1497535164191460000,111682,-1.346689817,2.207397871,1.025462942,-0.724620615,0.067004727,0.017750982,0.685653144
1497535164201450000,111683,-1.347828832,2.209110743,1.025247596,-0.725249203,0.06216279,0.023822724,0.685260432
1497535164211450000,111684,-1.348869673,2.210498214,1.024803776,-0.727923592,0.058668573,0.027364955,0.682595342
1497535164221420000,111685,-1.349955805,2.212141068,1.024511466,-0.727840622,0.054720912,0.031233108,0.682845622
1497535164231450000,111686,-1.350846276,2.213329114,1.024321944,-0.728536591,0.051070504,0.035627067,0.682170764
1497535164241450000,111687,-1.351916824,2.214680974,1.023946889,-0.729949894,0.047711188,0.039222674,0.680704324
1497535164251430000,111688,-1.35278348,2.216004341,1.023669078,-0.729092236,0.044533556,0.042879204,0.68161767
1497535164261350000,111689,-1.353364491,2.216972666,1.023466539,-0.730142165,0.040190413,0.047027728,0.680489193
1497535164271490000,111690,-1.354036166,2.218263201,1.023233813,-0.730073059,0.037055455,0.050071543,0.680524109
1497535164281470000,111691,-1.354892324,2.219379612,1.023100167,-0.731704706,0.034602034,0.053840985,0.678610397
1497535164291470000,111692,-1.35543804,2.22039831,1.022852308,-0.731613473,0.033438821,0.056148084,0.678580109
1497535164301450000,111693,-1.355764635,2.221377555,1.022500383,-0.733200994,0.030569532,0.058259559,0.676821712
1497535164311400000,111694,-1.356104307,2.22232219,1.022334251,-0.732250134,0.029858089,0.060206069,0.677711934
1497535164321460000,111695,-1.356316562,2.223267651,1.022030355,-0.733655849,0.027997829,0.061353239,0.676166397
1497535164331450000,111696,-1.356330062,2.224119181,1.021858303,-0.733196614,0.026735138,0.063375155,0.676529045
1497535164341470000,111697,-1.356795866,2.224376801,1.022768083,-0.734333514,0.029651368,0.071178953,0.67439502
1497535164351390000,111698,-1.356660249,2.225068138,1.022469287,-0.735528643,0.028969987,0.07121286,0.673117437
1497535164361420000,111699,-1.356447364,2.225726755,1.022234934,-0.736240958,0.029166043,0.071757035,0.67227191
1497535164371450000,111700,-1.356097956,2.226146164,1.021886753,-0.735977522,0.030024588,0.071639361,0.672535064
1497535164381430000,111701,-1.35579308,2.226514931,1.021602236,-0.736851364,0.031002428,0.07125841,0.671573642
1497535164391430000,111702,-1.355434416,2.227036123,1.021320082,-0.737481104,0.032195455,0.070410026,0.670915421
1497535164401450000,111703,-1.354674908,2.230462591,1.020788813,-0.729424459,0.045643512,0.053732088,0.680418615
1497535164411440000,111704,-1.353894919,2.230541449,1.020665581,-0.730181845,0.04642279,0.053872785,0.679541846
1497535164421420000,111705,-1.352969158,2.230796739,1.020500948,-0.730187316,0.046905024,0.052593456,0.679603068
1497535164431440000,111706,-1.352005936,2.231111778,1.020668843,-0.729328604,0.050218244,0.05079253,0.680424892
1497535164441380000,111707,-1.351260654,2.231278172,1.020530054,-0.730184645,0.052201061,0.049402172,0.67945924
1497535164451400000,111708,-1.350463605,2.23141361,1.020470304,-0.730833557,0.052844048,0.048098049,0.678805124
1497535164461430000,111709,-1.349483792,2.231668894,1.020543398,-0.729511707,0.055515782,0.046159748,0.680147003
1497535164471460000,111710,-1.348655401,2.231745954,1.0203519,-0.729778409,0.056312633,0.044947179,0.679876542
1497535164481450000,111711,-1.347859691,2.231936932,1.020379348,-0.730197394,0.057748181,0.043933106,0.679372354
1497535164491450000,111712,-1.346899218,2.231903828,1.020502188,-0.729540909,0.058768265,0.043789485,0.679999143
1497535164501460000,111713,-1.345835403,2.231828578,1.020458552,-0.729328764,0.061275179,0.044530556,0.679957304
1497535164511420000,111714,-1.34445673,2.229962831,1.020021304,-0.731355315,0.051389057,0.052772037,0.678007138
1497535164521430000,111715,-1.343362569,2.229774229,1.020044516,-0.730920484,0.053998692,0.054216488,0.678159244
1497535164531460000,111716,-1.342325902,2.229529063,1.019776906,-0.731033329,0.055540987,0.055617285,0.677799519
1497535164541410000,111717,-1.341298156,2.229334808,1.019793583,-0.729960975,0.056626285,0.055880104,0.678843025
1497535164551430000,111718,-1.340416763,2.229063702,1.019696391,-0.729725792,0.057572114,0.057531376,0.678878384
1497535164561420000,111719,-1.339357798,2.22877792,1.019607558,-0.728394084,0.058133066,0.057848264,0.680232448
1497535164571440000,111720,-1.338532182,2.22865351,1.019451259,-0.727015662,0.059119578,0.056889442,0.681701323
1497535164581370000,111721,-1.338000652,2.228425251,1.019366669,-0.726875664,0.060301707,0.057468026,0.681698539
1497535164591480000,111722,-1.337181754,2.228354205,1.01942416,-0.726444335,0.061277687,0.057901693,0.682034506
1497535164601470000,111723,-1.336176591,2.228334082,1.019329789,-0.727650769,0.062884693,0.060112109,0.680409001
1497535164611430000,111724,-1.334858484,2.228615366,1.019193385,-0.726328391,0.065664231,0.058531532,0.681695927
1497535164621470000,111725,-1.33370604,2.228589255,1.019248061,-0.727667406,0.069488271,0.062044227,0.679574897
1497535164631480000,111726,-1.332345323,2.228882781,1.019058444,-0.727410236,0.074079198,0.061339765,0.679429212
1497535164641460000,111727,-1.331030744,2.228848061,1.019132083,-0.727891199,0.077317532,0.063343741,0.678368611
1497535164651470000,111728,-1.329845051,2.22896484,1.019127463,-0.72766587,0.080671976,0.062225149,0.67832326
1497535164661450000,111729,-1.328971874,2.229049136,1.019194682,-0.727963968,0.084352349,0.06124522,0.677644572
1497535164671470000,111730,-1.32806271,2.229112868,1.019301945,-0.727458401,0.086848305,0.060308139,0.677956175
1497535164681460000,111731,-1.327186255,2.228847028,1.019598825,-0.727598361,0.089506212,0.061438409,0.677358535
1497535164691430000,111732,-1.326528134,2.228735394,1.01966746,-0.727905814,0.092690714,0.061068556,0.67663298
1497535164701470000,111733,-1.325658998,2.22871988,1.020047654,-0.726674423,0.096659124,0.060153135,0.677482765
1497535164711420000,111734,-1.324820091,2.228668784,1.020299255,-0.725781455,0.099247716,0.059370728,0.678134416
1497535164721460000,111735,-1.324173963,2.228616405,1.02047205,-0.725716045,0.101669947,0.059998014,0.677790293
1497535164731470000,111736,-1.323526996,2.228501176,1.020716382,-0.725333087,0.10401882,0.059940828,0.677848874
1497535164741470000,111737,-1.322905175,2.228192587,1.020978541,-0.7251317,0.106959125,0.061228687,0.677491559
1497535164751470000,111738,-1.322412987,2.228198063,1.021197259,-0.724543485,0.109583195,0.061249714,0.67769959
1497535164761450000,111739,-1.321815878,2.228314685,1.021588864,-0.722743139,0.113496212,0.06061529,0.679033689
1497535164771390000,111740,-1.321380761,2.228311317,1.022104735,-0.722821582,0.114988373,0.061871091,0.678585737
1497535164781460000,111741,-1.320980171,2.228362555,1.022659756,-0.722105082,0.117126182,0.063051496,0.678874228
1497535164791450000,111742,-1.320644697,2.228338454,1.023197666,-0.721203455,0.118498575,0.063620755,0.679541068
1497535164801460000,111743,-1.320459016,2.228474955,1.02361504,-0.720816364,0.120055277,0.062644916,0.679769163
1497535164811440000,111744,-1.320364815,2.228627662,1.024068053,-0.720191645,0.121283243,0.062315551,0.680243443
1497535164821360000,111745,-1.320438123,2.228817981,1.024511174,-0.719885137,0.12241202,0.061747821,0.680417441
1497535164831270000,111746,-1.320445689,2.228872855,1.025000476,-0.720017438,0.123155179,0.062178419,0.680104062
1497535164841430000,111747,-1.320542395,2.228999132,1.025439986,-0.71971653,0.123931332,0.061453398,0.680347427
1497535164851480000,111748,-1.320609477,2.228848912,1.026014721,-0.719927065,0.124561486,0.062905027,0.679876764
1497535164861470000,111749,-1.320696988,2.228902726,1.02654844,-0.719553429,0.12522758,0.062417819,0.680194775
1497535164871570000,111750,-1.320882501,2.229096735,1.026969568,-0.719715084,0.12563508,0.061760692,0.68000856
1497535164881470000,111751,-1.321021198,2.229287124,1.027368185,-0.719344518,0.126023909,0.060743949,0.680420172
1497535164891460000,111752,-1.321046472,2.22938226,1.027799569,-0.718874051,0.126856865,0.060312797,0.680800853
1497535164901470000,111753,-1.321140413,2.229504169,1.028170389,-0.718786164,0.127307425,0.059391197,0.680890561
1497535164911390000,111754,-1.321265326,2.229552965,1.028642819,-0.719012548,0.127396826,0.059038194,0.68066548
1497535164921470000,111755,-1.321448125,2.22961882,1.029068907,-0.71899157,0.127198968,0.058018391,0.680812317
1497535164931470000,111756,-1.321695232,2.229731917,1.029492622,-0.719155836,0.126440726,0.056933087,0.680871684
1497535164941480000,111757,-1.32193466,2.229767947,1.0301247,-0.719555214,0.126177007,0.056928954,0.680498898
1497535164951480000,111758,-1.322037021,2.22984466,1.030779418,-0.719869678,0.12611224,0.054853123,0.680348796
1497535164961410000,111759,-1.322266538,2.230204357,1.031310406,-0.720050263,0.126258224,0.052430693,0.680321617
1497535164971460000,111760,-1.322371183,2.230462785,1.031925085,-0.720298199,0.126818021,0.050478435,0.680102655
1497535164981470000,111761,-1.322418486,2.230551117,1.032840416,-0.721761732,0.126602908,0.050022012,0.678623242
1497535164991480000,111762,-1.322607347,2.230755558,1.033699859,-0.722853425,0.125995811,0.048808983,0.67766191
1497535165001470000,111763,-1.32297382,2.23111463,1.03438644,-0.724486584,0.124569386,0.047012962,0.676307207
1497535165011440000,111764,-1.323141971,2.231366647,1.03494947,-0.724530343,0.124251467,0.044167385,0.676510604
1497535165021470000,111765,-1.323406233,2.231550399,1.035446134,-0.726380311,0.122971096,0.043192262,0.674821593
1497535165031410000,111766,-1.323564768,2.231799987,1.035855843,-0.727475652,0.123248153,0.042206934,0.673652464
1497535165041460000,111767,-1.323793373,2.232326616,1.036106434,-0.728940164,0.124052797,0.039624907,0.672076638
1497535165051490000,111768,-1.323941075,2.232807899,1.036700166,-0.731508049,0.124557824,0.039431523,0.669198384
1497535165061450000,111769,-1.324194811,2.233424168,1.037134346,-0.732282591,0.125774838,0.035967912,0.668318192
1497535165071470000,111770,-1.324452916,2.234138368,1.038081925,-0.735157189,0.125219527,0.03431496,0.665346873
1497535165081470000,111771,-1.3251288,2.235967725,1.038796788,-0.735205378,0.128466387,0.025184577,0.665082835
1497535165091460000,111772,-1.325313685,2.239206553,1.039541106,-0.734641641,0.136807487,0.01099287,0.66442797
1497535165101470000,111773,-1.325180807,2.240732099,1.040947974,-0.738437199,0.136873043,0.001765362,0.660282635
1497535165111410000,111774,-1.325409746,2.24341009,1.042091815,-0.740902157,0.138872511,-0.009564958,0.657028866
1497535165121470000,111775,-1.326287245,2.24496703,1.044493062,-0.7431244,0.136700864,-0.008938102,0.654980237
1497535165131480000,111776,-1.326724865,2.245997823,1.046274673,-0.748119328,0.130957862,-0.013261888,0.650378069
1497535165141480000,111777,-1.327666751,2.247431855,1.048430847,-0.751084887,0.126696711,-0.01559209,0.647747113
1497535165151480000,111778,-1.328581518,2.248403668,1.050761995,-0.753804784,0.121784655,-0.016481358,0.645503842
1497535165161450000,111779,-1.329477267,2.249731282,1.053111455,-0.754581207,0.119797068,-0.020407207,0.644856115
1497535165171480000,111780,-1.330662055,2.245821987,1.056979867,-0.766897887,0.094898405,0.006933287,0.63467618
1497535165181480000,111781,-1.331376021,2.246562448,1.059807583,-0.768861582,0.091198435,0.006456541,0.632845184
1497535165191470000,111782,-1.332658764,2.247609069,1.062059697,-0.769699735,0.087401666,0.004944394,0.632375537
1497535165201470000,111783,-1.33335016,2.248323566,1.064447057,-0.772493952,0.082641992,0.001523724,0.629619785
1497535165211450000,111784,-1.333916876,2.249304805,1.067067101,-0.77350382,0.080409788,0.002468932,0.628665262
1497535165221360000,111785,-1.334222933,2.249995866,1.069379091,-0.775778262,0.07800268,0.001023602,0.626165012
1497535165231280000,111786,-1.334477663,2.250947959,1.071841665,-0.777258043,0.07780448,0.002653767,0.624347143
1497535165241270000,111787,-1.334447603,2.251980684,1.074293082,-0.778326987,0.07820108,0.000449262,0.622969895
1497535165251280000,111788,-1.334160651,2.253038763,1.077143272,-0.782547494,0.076754749,0.002128285,0.617837842
1497535165261440000,111789,-1.33420423,2.254438464,1.080367287,-0.783970887,0.077796694,0.004963417,0.615883664
1497535165271460000,111790,-1.334137239,2.255936273,1.083572424,-0.787659156,0.075068122,0.003232077,0.611512375
1497535165281480000,111791,-1.334298347,2.257676783,1.08711083,-0.791424483,0.071801945,0.005031004,0.607014381
1497535165291480000,111792,-1.334455756,2.259455678,1.090775038,-0.79414262,0.069070949,0.004240411,0.603778703
1497535165301460000,111793,-1.334572061,2.261180436,1.094910879,-0.797151896,0.06697955,0.004664472,0.60003403
1497535165311470000,111794,-1.334729491,2.262905804,1.098883701,-0.800435045,0.063283251,0.002637641,0.596063764
1497535165321480000,111795,-1.335069061,2.264657806,1.103330905,-0.800736275,0.06342085,0.000916052,0.59564954
1497535165331480000,111796,-1.33516743,2.266324164,1.107932803,-0.803398911,0.061174068,-0.002395189,0.592285561
1497535165341450000,111797,-1.335415517,2.268324171,1.112535007,-0.805368112,0.059649551,-0.005584413,0.589739731
1497535165351490000,111798,-1.335733336,2.270339249,1.117242206,-0.80604652,0.05911222,-0.007615464,0.588843576
1497535165361460000,111799,-1.336172079,2.272631716,1.121700736,-0.806890776,0.058432629,-0.009162204,0.587732046
1497535165371440000,111800,-1.336325041,2.275048869,1.12618257,-0.807487044,0.05877436,-0.009399756,0.586874683
1497535165381470000,111801,-1.336648169,2.277727389,1.130104037,-0.808932879,0.056998187,-0.009148746,0.585059916
1497535165391490000,111802,-1.336731274,2.280643193,1.134244355,-0.810400892,0.05707127,-0.005440925,0.583064029
1497535165401500000,111803,-1.336439341,2.283438593,1.137813685,-0.811568893,0.056903653,-0.005611506,0.581451991
1497535165411470000,111804,-1.336119248,2.286572211,1.141284255,-0.813297106,0.057084754,-0.002481504,0.57903626
1497535165421470000,111805,-1.335547644,2.289698185,1.144710193,-0.815175439,0.057414283,0.001886875,0.576358433
1497535165431410000,111806,-1.335139888,2.29310646,1.14768935,-0.816503386,0.057885493,0.004397413,0.574414618
1497535165441420000,111807,-1.334710298,2.296644218,1.150354184,-0.817920085,0.058487568,0.005735901,0.572322495
1497535165451480000,111808,-1.334099556,2.300245803,1.152811427,-0.818334238,0.060595591,0.008714115,0.571472933
1497535165461450000,111809,-1.333520229,2.304056932,1.155022421,-0.818299615,0.062347376,0.011972484,0.571275069
1497535165471480000,111810,-1.333154767,2.308059114,1.156257367,-0.818789275,0.062320544,0.012468878,0.570565334
1497535165481470000,111811,-1.332355084,2.31233094,1.158060637,-0.823622883,0.05915108,0.017306228,0.563779204
1497535165491490000,111812,-1.331091247,2.31666876,1.160209348,-0.825159304,0.05966525,0.024896752,0.561188322
1497535165501480000,111813,-1.330230805,2.320946995,1.160937056,-0.824622667,0.059832526,0.028202251,0.561802598
1497535165511450000,111814,-1.329319251,2.324874264,1.161020923,-0.819680489,0.062497261,0.029978504,0.568611711
1497535165521470000,111815,-1.328280879,2.329340896,1.16141168,-0.81825616,0.061774895,0.034753393,0.570467282
1497535165531470000,111816,-1.327237716,2.333939913,1.161357948,-0.817312296,0.060653808,0.039154118,0.571654338
1497535165541440000,111817,-1.326351922,2.338625306,1.161314792,-0.814926976,0.058509507,0.043876384,0.574930886
1497535165551450000,111818,-1.325465942,2.343493273,1.160751572,-0.812858895,0.054994109,0.04759197,0.577902301
1497535165561400000,111819,-1.324509976,2.348404057,1.159948669,-0.809729495,0.051226557,0.051408191,0.582298191
1497535165571510000,111820,-1.323248895,2.353085319,1.159804149,-0.799681467,0.051812022,0.05470123,0.595678471
1497535165581540000,111821,-1.322596289,2.358280042,1.158560479,-0.794743955,0.047274985,0.057945597,0.602320039
1497535165591490000,111822,-1.32163973,2.363345291,1.157143692,-0.790329473,0.041345538,0.0631629,0.60801342
1497535165601460000,111823,-1.320459665,2.36829251,1.155389817,-0.784761224,0.035137877,0.0722026,0.614574597
1497535165611450000,111824,-1.319666174,2.373668776,1.153417647,-0.778102736,0.029247999,0.07658433,0.622764424
1497535165621460000,111825,-1.318627241,2.378987643,1.151208647,-0.770792394,0.022712027,0.08416959,0.631093281
1497535165631490000,111826,-1.318220553,2.384792267,1.148039756,-0.765421665,0.013353255,0.098534009,0.635800609
1497535165641390000,111827,-1.31719529,2.390294267,1.145308574,-0.756536211,0.006267814,0.104770063,0.645474174
1497535165651480000,111828,-1.316237598,2.395577246,1.142756575,-0.750216527,-0.002661776,0.112503031,0.651545198
1497535165661440000,111829,-1.315244906,2.400867929,1.140147247,-0.740652052,-0.010854527,0.120088164,0.660980748
1497535165671480000,111830,-1.314094873,2.406207274,1.137480555,-0.730351962,-0.017390805,0.125959592,0.671131696
1497535165681470000,111831,-1.313151901,2.411549203,1.134580552,-0.721129741,-0.026061136,0.134449411,0.679128905
1497535165691430000,111832,-1.312234451,2.416805421,1.131597625,-0.712338801,-0.034993492,0.14151558,0.686529117
1497535165701480000,111833,-1.311145512,2.422036089,1.128637289,-0.701100444,-0.042019401,0.148677571,0.696123205
1497535165711370000,111834,-1.309809822,2.426648296,1.125640648,-0.6959004,-0.05320152,0.153205327,0.699585849
1497535165721480000,111835,-1.309244145,2.431522298,1.122819243,-0.68110718,-0.059207656,0.162478777,0.71146898
1497535165731460000,111836,-1.307986176,2.435532923,1.120164593,-0.674794903,-0.069114585,0.166210571,0.715715767
1497535165741490000,111837,-1.307526018,2.439849471,1.11734604,-0.663598406,-0.075676688,0.170437727,0.724473033
1497535165751490000,111838,-1.307007947,2.443682212,1.11449555,-0.653891507,-0.083532477,0.175937881,0.731091023
1497535165761440000,111839,-1.30738522,2.448293951,1.110903091,-0.641305834,-0.087163912,0.176146854,0.741688321
1497535165771470000,111840,-1.307031434,2.451668524,1.108067478,-0.629649228,-0.09229694,0.182179509,0.749555703
1497535165781370000,111841,-1.306571668,2.454566117,1.10506413,-0.620788143,-0.09738195,0.186090431,0.755320587
1497535165791470000,111842,-1.306064314,2.457301788,1.102329105,-0.610461026,-0.099391895,0.19004589,0.762457308
1497535165801480000,111843,-1.304779059,2.458626991,1.100102815,-0.603605484,-0.104667542,0.198988077,0.764924095
1497535165811460000,111844,-1.304188063,2.46097098,1.097477731,-0.590528182,-0.099882516,0.201816942,0.774964432
1497535165821480000,111845,-1.304116339,2.46318878,1.094997925,-0.585764527,-0.10035577,0.202648436,0.778294449
1497535165831480000,111846,-1.30390946,2.46515471,1.092328296,-0.581258774,-0.101050772,0.206967858,0.780443006
1497535165841470000,111847,-1.303947487,2.467089692,1.089956941,-0.579636242,-0.101896523,0.206999421,0.781530655
1497535165851460000,111848,-1.304008649,2.468593732,1.087604373,-0.579555017,-0.103456688,0.207516835,0.781248654
1497535165861560000,111849,-1.303894422,2.469790729,1.085337197,-0.580658039,-0.104792933,0.206902129,0.780414116
1497535165871470000,111850,-1.303878238,2.470859937,1.082786498,-0.580069946,-0.103288854,0.207606918,0.780864673
1497535165881490000,111851,-1.303767506,2.471482749,1.080428936,-0.58201268,-0.10113085,0.204305427,0.78057228
1497535165891480000,111852,-1.303870762,2.472648498,1.077712819,-0.573889067,-0.090728755,0.203876922,0.787942785
1497535165901490000,111853,-1.303361655,2.471969067,1.075786067,-0.579777593,-0.085537549,0.195077914,0.786438731
1497535165911430000,111854,-1.303715603,2.472170504,1.073657254,-0.573183823,-0.076872164,0.191287624,0.793069997
1497535165921460000,111855,-1.304183668,2.472220332,1.071885137,-0.567083076,-0.072373787,0.190862379,0.797966398
1497535165931450000,111856,-1.305136326,2.472789271,1.070041399,-0.55994927,-0.069144575,0.190714764,0.803307986
1497535165941440000,111857,-1.30584763,2.473317452,1.068248427,-0.554660531,-0.069396957,0.192223985,0.806588927
1497535165951500000,111858,-1.306695002,2.473819894,1.066831353,-0.552389138,-0.072287046,0.191247915,0.808124407
1497535165961430000,111859,-1.307558462,2.474460116,1.065365745,-0.549614063,-0.075728702,0.19214764,0.80948677
1497535165971430000,111860,-1.30841528,2.4751944,1.063897763,-0.547703867,-0.078339432,0.191121863,0.81077484
1497535165981480000,111861,-1.309173127,2.475908626,1.062664865,-0.546033817,-0.080305392,0.189468914,0.812095835
1497535165991440000,111862,-1.311212418,2.47797721,1.060734082,-0.547955243,-0.081221144,0.182774671,0.812244789
1497535166001490000,111863,-1.311951269,2.47871866,1.059351818,-0.547429445,-0.081634784,0.181196742,0.81291113
1497535166011470000,111864,-1.311185132,2.478122072,1.058861124,-0.541213097,-0.079107583,0.185757605,0.816287012
1497535166021480000,111865,-1.311908835,2.478883035,1.057583386,-0.539761501,-0.077313988,0.184954531,0.817601303
1497535166031510000,111866,-1.313853103,2.481167934,1.055501106,-0.54346625,-0.076302927,0.178707886,0.816630755
1497535166041460000,111867,-1.314444989,2.482020375,1.054107967,-0.541142913,-0.073390995,0.177688794,0.81866037
1497535166051470000,111868,-1.315000533,2.482779472,1.052356306,-0.541746421,-0.073050133,0.178052362,0.818212594
1497535166061480000,111869,-1.315491786,2.483801301,1.050722999,-0.539063053,-0.06933897,0.177722748,0.820376595
1497535166071430000,111870,-1.315487155,2.484393942,1.049545482,-0.536460905,-0.064431461,0.177368382,0.822556224
1497535166081450000,111871,-1.314861823,2.484068237,1.047971334,-0.531187349,-0.062961784,0.183000924,0.824855427
1497535166091450000,111872,-1.314903846,2.485358881,1.045773163,-0.520355627,-0.059810108,0.19192566,0.829950187
1497535166101500000,111873,-1.316217605,2.486236649,1.044084989,-0.530464819,-0.062756106,0.183130874,0.825307112
1497535166111460000,111874,-1.315363939,2.486390171,1.042698007,-0.522382316,-0.058477542,0.18636944,0.830038267
1497535166121490000,111875,-1.315989899,2.487425391,1.041209699,-0.51815814,-0.057012015,0.187188615,0.83259966
1497535166131490000,111876,-1.31727432,2.488850535,1.040122137,-0.515217347,-0.054606249,0.180709216,0.83601042
1497535166141510000,111877,-1.317779642,2.489281114,1.038613552,-0.524381548,-0.062979322,0.177179467,0.830460736
1497535166151490000,111878,-1.318909796,2.490299455,1.038393208,-0.509271416,-0.053199259,0.178266756,0.840257953
1497535166161470000,111879,-1.321485913,2.494611763,1.03820936,-0.506198004,-0.033198699,0.162071609,0.846400744
1497535166171480000,111880,-1.321666828,2.493502617,1.036221755,-0.507799741,-0.044627386,0.166797553,0.84399431
1497535166181430000,111881,-1.32230546,2.494199119,1.035397422,-0.506000224,-0.039843827,0.162309622,0.84618664
1497535166191470000,111882,-1.322809422,2.494775686,1.034563331,-0.502322667,-0.034490909,0.157273804,0.8495571
1497535166201500000,111883,-1.323668111,2.496432687,1.034263365,-0.485057025,-0.030722281,0.157114604,0.859703917
1497535166211470000,111884,-1.323786653,2.495745145,1.032858245,-0.493919406,-0.025101919,0.150898435,0.855945779
1497535166221490000,111885,-1.323900319,2.496153383,1.032104285,-0.490183013,-0.01975609,0.14780319,0.858769193
1497535166231490000,111886,-1.323049462,2.496001282,1.031000857,-0.490717621,-0.016567324,0.138877634,0.860020199
1497535166241490000,111887,-1.324415787,2.496364179,1.029702254,-0.482926813,-0.013335957,0.140828097,0.864159298
1497535166251500000,111888,-1.323182715,2.496316237,1.030034245,-0.477339203,0.002575033,0.130308271,0.86899966
1497535166261460000,111889,-1.325547009,2.496373194,1.027646144,-0.474696388,-0.00328656,0.132401614,0.870127778
1497535166271520000,111890,-1.326192699,2.496520654,1.026840303,-0.469728817,0.003662653,0.12753131,0.873542895
1497535166281460000,111891,-1.326918575,2.496605737,1.025542783,-0.46466497,0.008035551,0.123024608,0.876861928
1497535166291480000,111892,-1.327101978,2.496711904,1.024804799,-0.465735247,0.014518549,0.113685368,0.877471098
1497535166301490000,111893,-1.326681382,2.497294824,1.025337441,-0.455423707,0.032373868,0.107043507,0.883223
1497535166311430000,111894,-1.327678114,2.497646404,1.024319942,-0.453927829,0.03506729,0.103345798,0.884329948
1497535166321380000,111895,-1.3295663,2.498008696,1.022616302,-0.45745772,0.030834161,0.101680203,0.882860592
1497535166331470000,111896,-1.331548178,2.498791698,1.021182154,-0.452166498,0.030049143,0.10730999,0.884944672
1497535166341420000,111897,-1.331822484,2.499331468,1.020215128,-0.453783446,0.030762352,0.102593041,0.884651869
1497535166351520000,111898,-1.332465291,2.499804153,1.019341678,-0.451105909,0.030420757,0.103641811,0.885909934
1497535166361510000,111899,-1.332760899,2.500402593,1.018841828,-0.446846355,0.034022199,0.103103761,0.887997995
1497535166371560000,111900,-1.334722336,2.501232777,1.017621431,-0.441511266,0.030972433,0.109725252,0.889982516
1497535166381500000,111901,-1.333628447,2.502059665,1.018421907,-0.437563406,0.045784441,0.100980965,0.892325555
1497535166391500000,111902,-1.334714791,2.502747986,1.018030361,-0.436190983,0.048052857,0.099221543,0.893075268
1497535166401500000,111903,-1.337491434,2.503461939,1.015873403,-0.436833309,0.040044935,0.105519851,0.892434101
1497535166411460000,111904,-1.336517978,2.504211764,1.0167095,-0.433146969,0.053996703,0.095799295,0.894589601
1497535166421490000,111905,-1.339307798,2.504965171,1.014630822,-0.434443501,0.046548105,0.101007049,0.893806296
1497535166431390000,111906,-1.338374124,2.505104532,1.014858437,-0.432088743,0.055930546,0.093620859,0.89521295
1497535166441400000,111907,-1.341030805,2.506328111,1.013399923,-0.431386741,0.051792678,0.099569793,0.895158564
1497535166451510000,111908,-1.342104089,2.507143892,1.012629666,-0.431034378,0.052029918,0.099869114,0.895281192
1497535166461490000,111909,-1.342842076,2.507959949,1.012125006,-0.430392768,0.052530497,0.100197655,0.895523893
1497535166471470000,111910,-1.341667054,2.508236876,1.012624641,-0.429338115,0.058897378,0.094504882,0.896252592
1497535166481480000,111911,-1.344151531,2.509508002,1.011084666,-0.429557908,0.051657433,0.101666025,0.895809987
1497535166491500000,111912,-1.344999036,2.510292697,1.0102914,-0.430426254,0.049675866,0.103515712,0.895293273
1497535166501500000,111913,-1.344560764,2.510568205,1.00997844,-0.435695913,0.047622905,0.098414765,0.89342916
1497535166511470000,111914,-1.344285541,2.512360919,1.011157834,-0.428309796,0.063830213,0.095463814,0.89630524
1497535166521500000,111915,-1.346645183,2.513137357,1.009309293,-0.435912185,0.050993711,0.099089574,0.893062968
1497535166531540000,111916,-1.345707751,2.514308083,1.010497621,-0.42896371,0.065418326,0.095666552,0.895856288
1497535166541500000,111917,-1.346450313,2.515069456,1.010170762,-0.429699372,0.065575874,0.096412232,0.89541216
1497535166551490000,111918,-1.34833341,2.515353797,1.00871426,-0.436330932,0.053590234,0.099265994,0.892686769
1497535166561460000,111919,-1.348088393,2.516443622,1.009468183,-0.429598725,0.065140286,0.097714227,0.895351109
1497535166571500000,111920,-1.348964376,2.517018597,1.009000523,-0.428858898,0.065293085,0.0982289,0.895638287
1497535166581500000,111921,-1.350119371,2.517349126,1.008563519,-0.428377174,0.063211984,0.098133853,0.896028453
1497535166591500000,111922,-1.351411526,2.517719086,1.007951616,-0.426954523,0.062333486,0.097742444,0.896811455
1497535166601480000,111923,-1.354819879,2.517743656,1.00586198,-0.428931399,0.046643646,0.104694894,0.896036385
1497535166611480000,111924,-1.35585626,2.515958912,1.004509102,-0.416119948,0.014583241,0.121350211,0.901058069
1497535166621490000,111925,-1.356245725,2.515155774,1.004219833,-0.415186091,0.02935826,0.124714047,0.900669201
1497535166631480000,111926,-1.357451312,2.518662281,1.005861725,-0.42309114,0.060178584,0.090822311,0.899513053
1497535166641460000,111927,-1.360988284,2.518808721,1.00399611,-0.424126845,0.048780465,0.096714699,0.899101303
1497535166651300000,111928,-1.360809026,2.519302592,1.004899028,-0.421041164,0.061240706,0.086522627,0.900826148
1497535166661480000,111929,-1.36252709,2.519440088,1.004189403,-0.420116088,0.060332776,0.085462588,0.90142031
1497535166671520000,111930,-1.364446775,2.519646768,1.003632153,-0.419573114,0.059702256,0.083484442,0.901900433
1497535166681460000,111931,-1.368406857,2.519596034,1.001422871,-0.422014166,0.0447667,0.089861506,0.901013261
1497535166691490000,111932,-1.368284781,2.520027604,1.002430163,-0.417716735,0.058816736,0.079583072,0.903172107
1497535166701500000,111933,-1.370240636,2.52015921,1.001712556,-0.416652468,0.057588233,0.077553373,0.903919128
1497535166711430000,111934,-1.372189824,2.520404113,1.001033992,-0.414788108,0.058192566,0.075305727,0.904927344
1497535166721500000,111935,-1.374136509,2.520402005,1.000250407,-0.413972273,0.056153011,0.073376494,0.905588033
1497535166731510000,111936,-1.377466091,2.520162352,0.998146473,-0.420945853,0.041207005,0.074842786,0.903053226
1497535166741500000,111937,-1.379032821,2.520208735,0.997445169,-0.419318267,0.041668711,0.073913833,0.903865397
1497535166751460000,111938,-1.378730975,2.520526974,0.998020416,-0.410674312,0.054317522,0.070439999,0.907432875
1497535166761480000,111939,-1.380072021,2.52048233,0.99722478,-0.409604927,0.053260916,0.070231785,0.90799481
1497535166771510000,111940,-1.382846628,2.520124846,0.995205488,-0.416435095,0.038186544,0.073211792,0.905407992
1497535166781520000,111941,-1.382191107,2.520409457,0.995740247,-0.407772905,0.052111213,0.070535074,0.908862191
1497535166791510000,111942,-1.383349291,2.520157411,0.99494718,-0.40720507,0.049846801,0.070847029,0.90921946
1497535166801500000,111943,-1.384279313,2.519985442,0.994232065,-0.40575539,0.049515258,0.071370926,0.909844489
1497535166811370000,111944,-1.385303593,2.519842168,0.993436749,-0.404452689,0.049063272,0.071298761,0.910454449
1497535166821500000,111945,-1.386173051,2.51971466,0.992716762,-0.402970184,0.048441834,0.071406178,0.911136421
1497535166831510000,111946,-1.387233758,2.51943629,0.99179264,-0.402507755,0.046470996,0.071747789,0.911416594
1497535166841490000,111947,-1.388270924,2.519329566,0.99117191,-0.401808716,0.045970922,0.070742429,0.911828898
1497535166851430000,111948,-1.391742721,2.520533006,0.990151264,-0.386169643,0.020562014,0.08272839,0.918480388
1497535166861460000,111949,-1.393789039,2.520026975,0.988058606,-0.398169638,0.015586143,0.084026787,0.913322238
1497535166871510000,111950,-1.394963576,2.520245631,0.987503025,-0.409022225,0.014037705,0.084572986,0.9084884
1497535166881510000,111951,-1.396035391,2.520248778,0.987036535,-0.409737226,0.013026534,0.08390992,0.908242721
1497535166891510000,111952,-1.397319024,2.52005492,0.986259163,-0.409722968,0.01192546,0.083535078,0.908298829
1497535166901500000,111953,-1.398589518,2.519848476,0.985567073,-0.409770855,0.009422676,0.083487062,0.908311053
1497535166911490000,111954,-1.399985628,2.519680231,0.98484605,-0.409881222,0.007195716,0.083148584,0.908312677
1497535166921490000,111955,-1.399889369,2.519077872,0.985533105,-0.389932204,0.010237373,0.079482746,0.917349751
1497535166931510000,111956,-1.402878909,2.51884734,0.982919274,-0.411972896,0.000769028,0.083537229,0.907358404
1497535166941480000,111957,-1.404200426,2.518609618,0.982331703,-0.410719088,-0.002125575,0.083680962,0.907911234
1497535166951540000,111958,-1.405481258,2.51846434,0.981716883,-0.411255359,-0.003415156,0.083603391,0.907671659
1497535166961480000,111959,-1.406513712,2.51859396,0.981610469,-0.410698736,-0.004377553,0.082754354,0.907997303
1497535166971500000,111960,-1.408057763,2.517846881,0.980311284,-0.4093689,-0.007243654,0.082688634,0.908585287
1497535166981500000,111961,-1.408983655,2.51801393,0.980093359,-0.407105852,-0.007811248,0.081497731,0.909704309
1497535166991510000,111962,-1.40897953,2.517310026,0.980777051,-0.388810731,-0.000634615,0.075946507,0.918181867
1497535167001500000,111963,-1.410096569,2.517242774,0.98029563,-0.387168856,-0.001471129,0.074841978,0.918965065
1497535167011540000,111964,-1.411230535,2.516923773,0.979510311,-0.386056524,-0.003084699,0.074600139,0.919448565
1497535167021470000,111965,-1.413726212,2.517352153,0.97780478,-0.406618245,-0.009430501,0.077783199,0.910232082
1497535167031470000,111966,-1.413541189,2.516749124,0.978710446,-0.385711657,-0.00126484,0.072046822,0.91980116
1497535167041500000,111967,-1.414815872,2.516725771,0.978069393,-0.3857581,-0.002401005,0.071702663,0.919806312
1497535167051520000,111968,-1.417370635,2.516237547,0.975659957,-0.39886112,-0.011285306,0.074160195,0.913938025
1497535167061520000,111969,-1.41809347,2.517016159,0.975871877,-0.406344898,-0.01206735,0.074441046,0.910602401
1497535167071540000,111970,-1.419051026,2.517112813,0.975664211,-0.407290785,-0.011631793,0.073841492,0.910234229
1497535167081500000,111971,-1.4201245,2.517001219,0.975179937,-0.406991502,-0.013383667,0.073727393,0.910353265
1497535167091510000,111972,-1.419788002,2.516415911,0.975983045,-0.3890805,-0.008085474,0.069134141,0.918570335
1497535167101500000,111973,-1.422190608,2.516445464,0.973991875,-0.404511375,-0.016378699,0.072536555,0.911504654
1497535167111480000,111974,-1.423017432,2.517019166,0.974125411,-0.408898376,-0.017573139,0.072436663,0.909530776
1497535167121460000,111975,-1.424050644,2.516987766,0.973658621,-0.408282451,-0.018186638,0.071357936,0.909880614
1497535167131490000,111976,-1.425219071,2.516709288,0.972947669,-0.408730276,-0.020089656,0.07062417,0.909696759
1497535167141510000,111977,-1.426148244,2.516743041,0.972673618,-0.409745844,-0.020652853,0.069773301,0.909292851
1497535167151500000,111978,-1.425843958,2.515956112,0.973351626,-0.388343747,-0.015506546,0.06529691,0.919067459
1497535167161310000,111979,-1.427026127,2.515964976,0.972777333,-0.389228631,-0.015477781,0.063249265,0.918836787
1497535167171520000,111980,-1.427803201,2.516014287,0.972594125,-0.38735315,-0.013717484,0.060727958,0.919826877
1497535167181500000,111981,-1.428877402,2.515825855,0.971925407,-0.387460464,-0.014273126,0.060173298,0.919809677
1497535167191500000,111982,-1.430031344,2.515627302,0.971110522,-0.389549592,-0.013622701,0.058554886,0.919041274
1497535167201510000,111983,-1.429276895,2.511875575,0.969636303,-0.403489103,-0.015151387,0.065267665,0.912527869
1497535167211480000,111984,-1.429413707,2.51155718,0.968761174,-0.408770388,-0.01964944,0.056333757,0.910685004
1497535167221550000,111985,-1.430938068,2.511839017,0.968787581,-0.403359897,-0.014395533,0.062353964,0.912800934
1497535167231500000,111986,-1.431141422,2.511434296,0.968078867,-0.408270798,-0.019434928,0.054050964,0.911051992
1497535167241550000,111987,-1.431665373,2.511520562,0.967130741,-0.407998158,-0.019647635,0.052907496,0.911236671
1497535167251440000,111988,-1.43256745,2.511358695,0.966989841,-0.407769422,-0.020791979,0.052025169,0.911364457
1497535167261480000,111989,-1.434318412,2.511998249,0.966754214,-0.397113263,-0.014611382,0.063528557,0.91545163
1497535167271510000,111990,-1.436334776,2.515214404,0.967228769,-0.386369594,-0.008933002,0.046809033,0.921112182
1497535167281510000,111991,-1.437062764,2.516835112,0.967675957,-0.37593217,-0.013747056,0.0449695,0.925453276
1497535167291490000,111992,-1.437779706,2.516884351,0.967370827,-0.374060026,-0.013191783,0.043305193,0.926298944
1497535167301510000,111993,-1.43620336,2.510662373,0.963525267,-0.40515844,-0.024898093,0.046107904,0.912743548
1497535167311490000,111994,-1.437061154,2.510409009,0.963060598,-0.404585483,-0.023906371,0.044653681,0.913096447
1497535167321510000,111995,-1.437597741,2.510151668,0.962075623,-0.403345124,-0.02289871,0.042759575,0.913761445
1497535167331510000,111996,-1.438056728,2.509907256,0.961176348,-0.401720907,-0.021646117,0.041090519,0.914583691
1497535167341520000,111997,-1.43869013,2.509616232,0.96052815,-0.400710544,-0.020456291,0.03930649,0.915132559
1497535167351510000,111998,-1.440593779,2.512897804,0.960868152,-0.39371167,-0.001712281,0.024380695,0.918909011
1497535167361500000,111999,-1.439444078,2.512324737,0.960755274,-0.385273313,0.009549584,0.022499453,0.922478755
1497535167371520000,112000,-1.439778518,2.508653733,0.957818688,-0.394658802,-0.015622458,0.035014946,0.918027408
1497535167381510000,112001,-1.440141098,2.508295395,0.957123105,-0.393493605,-0.014443991,0.033477822,0.918604044
1497535167391510000,112002,-1.44241564,2.509731974,0.95630358,-0.389727428,-0.010857718,0.032636815,0.920287716
1497535167401480000,112003,-1.441433081,2.507976366,0.956088807,-0.384781205,-0.006205167,0.038290883,0.922192349
1497535167411490000,112004,-1.441542965,2.507706581,0.955372131,-0.383349266,-0.005469831,0.037649261,0.922819568
1497535167421500000,112005,-1.441622809,2.507371017,0.954651968,-0.382077956,-0.004734235,0.037149327,0.923370971
1497535167431440000,112006,-1.441000708,2.506887054,0.953315859,-0.385506095,-0.008711227,0.028612035,0.922220428
1497535167441490000,112007,-1.441143548,2.50669332,0.952650206,-0.384336753,-0.007961845,0.027363054,0.922753018
1497535167451510000,112008,-1.441279955,2.506523385,0.95202038,-0.38289469,-0.007155184,0.026264218,0.923390844
1497535167461490000,112009,-1.441473584,2.506287298,0.951547827,-0.381522777,-0.006506637,0.025359381,0.923988602
1497535167471530000,112010,-1.441697845,2.506080157,0.951090457,-0.38015249,-0.005909446,0.024438829,0.924582017
1497535167481590000,112011,-1.441846864,2.505990897,0.950571948,-0.379201447,-0.005499882,0.023585529,0.924997155
1497535167491510000,112012,-1.441927857,2.505942558,0.950019697,-0.378705119,-0.005222376,0.022969465,0.925217576
1497535167501510000,112013,-1.442008558,2.505919623,0.949559028,-0.378284461,-0.005115113,0.022416149,0.925403814
1497535167511500000,112014,-1.442091092,2.5059683,0.949145311,-0.378114795,-0.005688765,0.021975878,0.925480362
1497535167521520000,112015,-1.442292705,2.505960533,0.948966737,-0.378483602,-0.006815096,0.021747459,0.925327383
1497535167531450000,112016,-1.442411293,2.506054637,0.948681055,-0.379070615,-0.007979797,0.02160405,0.925081108
1497535167541520000,112017,-1.442594608,2.506098272,0.948506133,-0.379124289,-0.009303351,0.021364421,0.925052314
1497535167551510000,112018,-1.44275894,2.506199968,0.948370463,-0.379319295,-0.010542071,0.021209237,0.924962651
1497535167561500000,112019,-1.442925237,2.50629723,0.948242128,-0.37954966,-0.011890371,0.021113261,0.924853991
1497535167571520000,112020,-1.443050471,2.506405923,0.948199843,-0.379959554,-0.01328777,0.021247173,0.924663577
1497535167581520000,112021,-1.443144776,2.506494846,0.948258291,-0.380699136,-0.014465591,0.02144986,0.924336961
1497535167591500000,112022,-1.443117223,2.506591547,0.948256813,-0.381439762,-0.015578682,0.021883901,0.924003305
1497535167601510000,112023,-1.443037267,2.506680848,0.948295701,-0.382282911,-0.016641145,0.022264733,0.92362716
1497535167611490000,112024,-1.442899106,2.506761539,0.948404589,-0.383038012,-0.017561583,0.022638809,0.923288122
1497535167621520000,112025,-1.442661376,2.506811107,0.948383795,-0.383437145,-0.018174419,0.022843015,0.923105543
1497535167631560000,112026,-1.442396472,2.506816541,0.948454027,-0.383290705,-0.018359627,0.022826686,0.923163096
1497535167641480000,112027,-1.442096101,2.506761341,0.948513562,-0.383483596,-0.018360354,0.022772969,0.923084298
1497535167651510000,112028,-1.441682184,2.506713663,0.94847225,-0.383180319,-0.01753232,0.022678834,0.923228645
1497535167661500000,112029,-1.441397679,2.506568609,0.948762631,-0.382931653,-0.016830284,0.022749723,0.923343133
1497535167671520000,112030,-1.440942679,2.506507182,0.948840796,-0.382941055,-0.01596067,0.02278015,0.923353925
1497535167681470000,112031,-1.440321847,2.506465726,0.948696324,-0.382112772,-0.014877659,0.022982388,0.92371007
1497535167691480000,112032,-1.43984283,2.506297762,0.94863574,-0.381232282,-0.01412282,0.023101414,0.92408269
1497535167701480000,112033,-1.439440294,2.50611077,0.948634074,-0.381163612,-0.013955738,0.023173481,0.924111751
1497535167711490000,112034,-1.439122799,2.505957936,0.948659087,-0.381080641,-0.014468386,0.023251951,0.924136114
1497535167721480000,112035,-1.438818633,2.505743756,0.948573752,-0.380081526,-0.014867058,0.02343715,0.924536481
1497535167731470000,112036,-1.438505151,2.505557491,0.948477841,-0.379093056,-0.015061978,0.023687776,0.92493269
1497535167741480000,112037,-1.438265162,2.505396167,0.948393201,-0.37865225,-0.015648391,0.023987382,0.925095782
1497535167751500000,112038,-1.438033009,2.505215321,0.948279092,-0.378307044,-0.016359679,0.024290256,0.925216799
1497535167761470000,112039,-1.437795746,2.505044599,0.948129562,-0.377871773,-0.016493696,0.024354036,0.9253906
1497535167771490000,112040,-1.437579583,2.504861457,0.947977141,-0.377097926,-0.016323462,0.024208998,0.925713035
1497535167781480000,112041,-1.437436609,2.504688886,0.947930261,-0.376453246,-0.015866885,0.023973404,0.925989455
1497535167791420000,112042,-1.43729029,2.504539735,0.94785195,-0.376016513,-0.015508249,0.023668097,0.926180813
1497535167801440000,112043,-1.437093064,2.504465386,0.947646733,-0.375623486,-0.014935944,0.023295695,0.926359123
1497535167811520000,112044,-1.43694702,2.504402571,0.947554838,-0.375324857,-0.01430411,0.022882076,0.926500434
1497535167821590000,112045,-1.436875283,2.504304236,0.947551075,-0.375102637,-0.014007368,0.022651773,0.926600616
1497535167831530000,112046,-1.436795268,2.504212464,0.947481901,-0.374738658,-0.013995396,0.022547436,0.926750603
1497535167841530000,112047,-1.436732537,2.504132393,0.94744935,-0.374606141,-0.014178857,0.022521226,0.926802025
1497535167851510000,112048,-1.43665498,2.504098718,0.947423845,-0.374550717,-0.014746829,0.022654494,0.926812314
1497535167861500000,112049,-1.436566401,2.504053758,0.947393604,-0.374514588,-0.01558415,0.022921841,0.926806639
1497535167871460000,112050,-1.436470551,2.504032651,0.947382249,-0.374726761,-0.016470415,0.02329695,0.926696192
1497535167881530000,112051,-1.436374519,2.503986409,0.9473362,-0.374718016,-0.017094766,0.023689599,0.926678467
1497535167891510000,112052,-1.436257126,2.503991409,0.947239732,-0.374806733,-0.017738324,0.023987841,0.926622819
1497535167901540000,112053,-1.436183823,2.504010446,0.947182499,-0.375030984,-0.018198624,0.02427611,0.926515645
1497535167911510000,112054,-1.436145034,2.504040531,0.947134176,-0.375166817,-0.018748756,0.024488158,0.926444102
1497535167921520000,112055,-1.436154808,2.504062846,0.947092355,-0.375379639,-0.019109011,0.024670776,0.926345683
1497535167931530000,112056,-1.436169153,2.504060307,0.946976938,-0.37523938,-0.019634644,0.024770856,0.926388846
1497535167941440000,112057,-1.436209946,2.504065026,0.946869917,-0.37507384,-0.020169844,0.02493886,0.926439877
1497535167951550000,112058,-1.436305602,2.504025523,0.946819002,-0.375023815,-0.020666432,0.025094853,0.926444971
1497535167961480000,112059,-1.436394707,2.503998523,0.946698766,-0.374650776,-0.021103367,0.025206007,0.926583025
1497535167971530000,112060,-1.436493991,2.503977088,0.946584621,-0.374648474,-0.021251938,0.0251998,0.926580728
1497535167981540000,112061,-1.43658461,2.503954244,0.946457316,-0.374421527,-0.021260162,0.025029347,0.926676889
1497535167991530000,112062,-1.436645999,2.503937001,0.946319559,-0.374178551,-0.021072517,0.024859115,0.926783894
1497535168001520000,112063,-1.436719447,2.50392748,0.946316705,-0.374188657,-0.020879609,0.024777392,0.926786368
1497535168011510000,112064,-1.436711111,2.503984817,0.946166742,-0.374200346,-0.020877603,0.024668341,0.926784603
1497535168021520000,112065,-1.438870227,2.507661888,0.947633522,-0.363779487,-0.002361307,0.017926448,0.93130959
1497535168031510000,112066,-1.438818073,2.507706172,0.947697452,-0.363835711,-0.002244451,0.0179369,0.931287713
1497535168041530000,112067,-1.436401151,2.507548854,0.948055983,-0.361488668,0.006423578,0.012077465,0.932276147
1497535168051540000,112068,-1.436748049,2.504218986,0.946210151,-0.374244631,-0.022216878,0.025251777,0.926719868
1497535168061510000,112069,-1.436806999,2.504297569,0.946240976,-0.37448051,-0.023123618,0.025475075,0.92659628
1497535168071530000,112070,-1.436907888,2.504419619,0.946306597,-0.375291936,-0.02410535,0.025668948,0.926237551
1497535168081530000,112071,-1.437051283,2.50452907,0.946404728,-0.376019167,-0.025534563,0.025766996,0.925901525
1497535168091530000,112072,-1.438354246,2.508340355,0.947616762,-0.370886131,-0.008681329,0.011916944,0.928561306
1497535168101520000,112073,-1.437202881,2.50475034,0.946444516,-0.376710514,-0.026900596,0.025471803,0.925589938
1497535168111520000,112074,-1.438450707,2.508541184,0.94757615,-0.37057722,-0.008717826,0.011402725,0.928690746
1497535168121530000,112075,-1.438391104,2.508686757,0.947617897,-0.370464047,-0.007684371,0.010812862,0.928752078
1497535168131540000,112076,-1.438292841,2.508854667,0.947728265,-0.370547766,-0.006883682,0.010261214,0.928731218
1497535168141540000,112077,-1.436129491,2.505774778,0.944858697,-0.376902503,-0.025207787,0.023600021,0.925609048
1497535168151480000,112078,-1.436120406,2.505957238,0.945176431,-0.377406602,-0.024912541,0.023147437,0.925423048
1497535168161510000,112079,-1.436003645,2.506261103,0.945231342,-0.377626965,-0.024603728,0.022815187,0.925349663
1497535168171520000,112080,-1.436021465,2.506572653,0.94555178,-0.377896169,-0.024401636,0.022504781,0.925252712
1497535168181530000,112081,-1.435662231,2.507110772,0.945000081,-0.378431892,-0.024894976,0.022111243,0.925030073
1497535168191520000,112082,-1.436137725,2.507272101,0.946240325,-0.379964887,-0.024897141,0.022210381,0.924399003
1497535168201530000,112083,-1.43609435,2.507711491,0.946303793,-0.381037394,-0.025167472,0.022102932,0.923952685
1497535168211510000,112084,-1.43608171,2.508070684,0.946353226,-0.381146,-0.025506614,0.021935498,0.923902578
1497535168221530000,112085,-1.436377171,2.508249009,0.947117696,-0.381880226,-0.025833092,0.021949813,0.923589925
1497535168231540000,112086,-1.436421804,2.508577308,0.947315318,-0.382857388,-0.026369725,0.021898821,0.923171327
1497535168241500000,112087,-1.435901285,2.509103686,0.946299157,-0.383684538,-0.027268976,0.021818982,0.922803614
1497535168251520000,112088,-1.435902366,2.509293505,0.946460133,-0.384299922,-0.027636786,0.022023672,0.922531699
1497535168261510000,112089,-1.436405417,2.509180602,0.947707085,-0.384891882,-0.027776292,0.022431168,0.922270871
1497535168271540000,112090,-1.436343786,2.50932554,0.947713534,-0.385161312,-0.028440002,0.022672797,0.922132243
1497535168281510000,112091,-1.436316112,2.509393555,0.947789681,-0.385288177,-0.028948733,0.022932634,0.922056986
1497535168291540000,112092,-1.436367546,2.509417876,0.947908059,-0.385453974,-0.029359659,0.023184168,0.921968404
1497535168301530000,112093,-1.436318778,2.509468578,0.947751341,-0.385442621,-0.029762623,0.023218718,0.921959361
1497535168311510000,112094,-1.436401408,2.509452327,0.947706859,-0.385431972,-0.030162544,0.023198187,0.921951333
1497535168321530000,112095,-1.436464068,2.509463069,0.947515782,-0.385094244,-0.030266702,0.022937884,0.92209555
1497535168331530000,112096,-1.436566319,2.509488493,0.947232769,-0.385146474,-0.030548858,0.022489248,0.922075482
1497535168341530000,112097,-1.436836532,2.509496864,0.947170151,-0.385077534,-0.030452073,0.021913184,0.922121346
1497535168351500000,112098,-1.43711972,2.509490255,0.946935765,-0.384605904,-0.030427933,0.021119612,0.922337466
1497535168361500000,112099,-1.437470676,2.509485308,0.946759206,-0.384081194,-0.030364713,0.020351615,0.922575435
1497535168371490000,112100,-1.43780964,2.509508152,0.946500317,-0.383658723,-0.030626086,0.01966119,0.922757533
1497535168381490000,112101,-1.438104529,2.509631529,0.946049408,-0.383731901,-0.031044532,0.019166552,0.922723528
1497535168391360000,112102,-1.438481911,2.51339779,0.948599584,-0.368531109,0.000949547,0.004166465,0.929605594
1497535168401470000,112103,-1.438656868,2.514057519,0.948523897,-0.365823916,0.005918654,0.002593674,0.930661649
1497535168411470000,112104,-1.439043501,2.514227667,0.948317834,-0.365725189,0.00573165,0.002026569,0.930703029
1497535168421560000,112105,-1.43945924,2.514332375,0.948170315,-0.366013811,0.004940195,0.001576033,0.930594971
1497535168431540000,112106,-1.439828182,2.514578389,0.947974037,-0.366215369,0.004491587,0.000732631,0.930518991
1497535168441480000,112107,-1.440442999,2.513942294,0.947657342,-0.370116607,-0.003424801,0.00144012,0.928977876
1497535168451530000,112108,-1.440405773,2.515142701,0.947822288,-0.366127806,0.004718541,-0.001289593,0.930551719
1497535168461510000,112109,-1.442283831,2.514381285,0.947078033,-0.377853289,-0.013898847,-0.000576398,0.925760974
1497535168471570000,112110,-1.44248353,2.514527796,0.947050977,-0.377864554,-0.014167989,-0.000530933,0.925752324
1497535168481540000,112111,-1.441643219,2.514742841,0.947332619,-0.372752203,-0.006910022,-5.37E-06,0.927905193
1497535168491530000,112112,-1.441493799,2.511664968,0.944410646,-0.385788506,-0.035257429,0.013415041,0.921815697
1497535168501530000,112113,-1.441607375,2.511930688,0.944385243,-0.386475631,-0.035897371,0.013439743,0.921502761
1497535168511500000,112114,-1.44174323,2.512167093,0.94440318,-0.386910724,-0.036283698,0.013586281,0.92130288
1497535168521500000,112115,-1.441625573,2.512555356,0.943908842,-0.387283818,-0.036860443,0.013476451,0.921124822
1497535168531480000,112116,-1.441785726,2.512804972,0.943978423,-0.387822481,-0.0371774,0.013403038,0.920886487
1497535168541420000,112117,-1.44501944,2.516910841,0.947559861,-0.365695248,-0.022107813,0.009933809,0.930419018
1497535168551450000,112118,-1.447765178,2.515900369,0.943114051,-0.373633668,-0.035261553,0.011205271,0.926838145
1497535168561530000,112119,-1.444475591,2.517169971,0.947108829,-0.384474406,-0.0199066,-0.000897946,0.922920556
1497535168571560000,112120,-1.442621705,2.513924262,0.944662635,-0.391206078,-0.038620775,0.01286722,0.919402347
1497535168581450000,112121,-1.442828817,2.514288007,0.944706473,-0.392308732,-0.039211873,0.012524784,0.918912084
1497535168591550000,112122,-1.443132254,2.514546072,0.944983535,-0.392654073,-0.039674444,0.012451197,0.918745713
1497535168601490000,112123,-1.443258057,2.514943554,0.944859126,-0.393418566,-0.040347246,0.012372143,0.918390365
1497535168611520000,112124,-1.443590796,2.515300821,0.945153835,-0.394114352,-0.04110478,0.01226106,0.918059879
1497535168621540000,112125,-1.443835222,2.515682288,0.945159707,-0.395210845,-0.042335229,0.012491675,0.917529332
1497535168631540000,112126,-1.444086658,2.516078427,0.945149677,-0.396303567,-0.044267185,0.012757525,0.916963001
1497535168641540000,112127,-1.444645676,2.516442403,0.94594371,-0.398535457,-0.046666144,0.013138646,0.915870699
1497535168651460000,112128,-1.444929222,2.516859042,0.946072135,-0.399133018,-0.048459345,0.013781976,0.915507828
1497535168661510000,112129,-1.445116864,2.517256257,0.946112003,-0.40049826,-0.050381406,0.014528595,0.91479603
1497535168671540000,112130,-1.445246397,2.517775506,0.946198221,-0.402953364,-0.052368609,0.015216403,0.913594317
1497535168681540000,112131,-1.445384829,2.518181893,0.946363067,-0.403939328,-0.053622904,0.015881428,0.913074687
1497535168691510000,112132,-1.445471774,2.518640277,0.946567903,-0.405490065,-0.055197754,0.016645402,0.912279533
1497535168701520000,112133,-1.445583305,2.519017101,0.946954595,-0.406982156,-0.056529632,0.017589745,0.911515511
1497535168711530000,112134,-1.445594951,2.519316897,0.94720017,-0.407801659,-0.057449474,0.018282316,0.911078
1497535168721520000,112135,-1.445552274,2.51972619,0.947376704,-0.409340205,-0.058658204,0.019062491,0.910294696
1497535168731480000,112136,-1.445506014,2.520060663,0.947588472,-0.410409319,-0.059567149,0.01984567,0.909737377
1497535168741520000,112137,-1.445453777,2.52036272,0.947819458,-0.411319001,-0.060567405,0.020530705,0.909245159
1497535168751530000,112138,-1.445440659,2.520660398,0.948104196,-0.412692366,-0.061463993,0.021058142,0.908550353
1497535168761520000,112139,-1.445476881,2.520806273,0.948347486,-0.412784398,-0.062018657,0.021549909,0.908459316
1497535168771540000,112140,-1.44553131,2.521027073,0.948564265,-0.414035934,-0.062796327,0.022020078,0.907824864
1497535168781500000,112141,-1.445559936,2.521234363,0.948626385,-0.415029505,-0.063702501,0.022379186,0.907299109
1497535168791540000,112142,-1.445590607,2.521398058,0.948638199,-0.415666473,-0.064499208,0.022748083,0.906941983
1497535168801540000,112143,-1.445661289,2.521555123,0.948708593,-0.416312092,-0.065322163,0.022995336,0.906580648
1497535168811520000,112144,-1.445732979,2.521668887,0.948757724,-0.416720975,-0.065829956,0.023185295,0.906351195
1497535168821510000,112145,-1.445811921,2.521773854,0.948808681,-0.417165397,-0.066325092,0.023302704,0.906107608
1497535168831550000,112146,-1.445883818,2.521847872,0.948819659,-0.417095258,-0.066682576,0.023477678,0.906109143
1497535168841540000,112147,-1.445973552,2.521857597,0.948811821,-0.416931455,-0.067094522,0.023636472,0.90614999
1497535168851530000,112148,-1.446055952,2.521871875,0.948796674,-0.417052396,-0.067566643,0.023767795,0.906055815
1497535168861510000,112149,-1.446147223,2.521889087,0.948826454,-0.417140727,-0.068085085,0.023905435,0.905972718
1497535168871550000,112150,-1.446186304,2.521908189,0.948765004,-0.417233215,-0.068548241,0.024032416,0.90589184
1497535168881540000,112151,-1.446204623,2.521928906,0.948714332,-0.417446486,-0.069119861,0.024263645,0.905743977
1497535168891540000,112152,-1.44621721,2.521951369,0.948690823,-0.417665618,-0.069553601,0.024482988,0.905603838
1497535168901480000,112153,-1.446125273,2.525923335,0.950206529,-0.403881463,-0.040342467,0.011626874,0.913847397
1497535168911530000,112154,-1.44610292,2.52596068,0.950146514,-0.403996101,-0.04045327,0.011803623,0.913789559
1497535168921550000,112155,-1.446121111,2.525975736,0.950119909,-0.404283197,-0.040934944,0.011904381,0.913639815
1497535168931540000,112156,-1.44612084,2.526004425,0.95006152,-0.404173742,-0.04099332,0.012047598,0.913683747
1497535168941470000,112157,-1.446174318,2.525953256,0.949978578,-0.404503402,-0.041927472,0.01213693,0.913494269
1497535168951540000,112158,-1.446235988,2.525949917,0.949885726,-0.404450898,-0.042192349,0.012140873,0.913505269
1497535168961500000,112159,-1.446312862,2.525933734,0.949765514,-0.404515012,-0.042695573,0.012095422,0.913454101
1497535168971540000,112160,-1.446411413,2.525849477,0.949623808,-0.404531891,-0.043499542,0.012110714,0.91340849
1497535168981530000,112161,-1.446511062,2.525753757,0.94942756,-0.404512553,-0.044449919,0.01211175,0.913371285
1497535168991550000,112162,-1.446619661,2.525622724,0.949237105,-0.404336729,-0.045151798,0.012076912,0.91341517
1497535169001540000,112163,-1.446676804,2.525516419,0.949008737,-0.403917332,-0.045032998,0.011879393,0.91360916
1497535169011490000,112164,-1.446727423,2.525405614,0.948861602,-0.403577091,-0.044855663,0.011499457,0.913773092
1497535169021550000,112165,-1.446748433,2.525313177,0.948691425,-0.403502451,-0.044507781,0.011166477,0.913827193
1497535169031590000,112166,-1.44676145,2.525242871,0.948542048,-0.403144614,-0.043949864,0.010875314,0.914015622
1497535169041550000,112167,-1.446801343,2.525142178,0.948420908,-0.403199991,-0.043886497,0.010501055,0.913998616
1497535169051550000,112168,-1.446820008,2.525048853,0.948321237,-0.403151003,-0.043549833,0.010065027,0.914041233
1497535169061490000,112169,-1.44684293,2.524943267,0.948250569,-0.403018113,-0.043241398,0.009596475,0.914119516
1497535169071560000,112170,-1.446837161,2.524880318,0.948159144,-0.402568574,-0.042465253,0.009107529,0.914358955
1497535169081530000,112171,-1.446838475,2.524841229,0.94809726,-0.402144198,-0.04169963,0.008434693,0.914587361
1497535169091550000,112172,-1.446838759,2.524768903,0.948029696,-0.402093608,-0.04157297,0.008084926,0.914618528
1497535169101520000,112173,-1.446836877,2.524717894,0.947967953,-0.401901198,-0.041098175,0.00772659,0.914727646
1497535169111530000,112174,-1.446820501,2.52467481,0.947907958,-0.401718301,-0.040811479,0.007511196,0.914822612
1497535169121550000,112175,-1.446798021,2.524641784,0.947865256,-0.40154835,-0.040515186,0.007173579,0.914913101
1497535169131550000,112176,-1.446751656,2.524607606,0.94778689,-0.401296237,-0.040046635,0.007049102,0.915045304
1497535169141560000,112177,-1.446688535,2.524572048,0.947738659,-0.401082182,-0.039461597,0.006807144,0.915166394
1497535169151540000,112178,-1.44663277,2.52451454,0.947649003,-0.400888742,-0.039086987,0.00661182,0.915268653
1497535169161480000,112179,-1.446554782,2.524431034,0.947626265,-0.400592906,-0.038573976,0.006319785,0.915421997
1497535169171510000,112180,-1.446478653,2.524332068,0.947556373,-0.400378608,-0.037975551,0.006148346,0.91554193
1497535169181530000,112181,-1.446417423,2.524173197,0.947512117,-0.400296992,-0.037464404,0.005899108,0.915600315
1497535169191530000,112182,-1.446281357,2.524037226,0.94741409,-0.399633397,-0.036238466,0.00538915,0.915942618
1497535169201540000,112183,-1.446187014,2.523839086,0.947373159,-0.398519033,-0.035055578,0.004733157,0.91647765
1497535169211510000,112184,-1.446078134,2.523629859,0.947223498,-0.397514079,-0.033655348,0.004176112,0.916969157
1497535169221530000,112185,-1.446053533,2.522874259,0.946993186,-0.397809114,-0.035898759,0.004208645,0.916755952
1497535169231510000,112186,-1.446034551,2.52253411,0.946820542,-0.397593091,-0.035703486,0.003898363,0.916858657
1497535169241560000,112187,-1.445914029,2.522183325,0.946619442,-0.396151495,-0.034315835,0.003477394,0.917537097
1497535169251530000,112188,-1.445663742,2.522382354,0.94665443,-0.393247812,-0.028312351,0.002040379,0.918994236
1497535169261470000,112189,-1.445569201,2.521980953,0.94655213,-0.392224104,-0.027661365,0.001634419,0.919452244
1497535169271560000,112190,-1.44548334,2.521624714,0.946457219,-0.391439976,-0.027353024,0.00139355,0.919795964
1497535169281510000,112191,-1.445340894,2.521329415,0.946310245,-0.390229139,-0.026154459,0.00109377,0.920345569
1497535169291610000,112192,-1.445198524,2.520984827,0.946170271,-0.389186659,-0.025128298,0.000850271,0.92081572
1497535169301580000,112193,-1.445114523,2.520605514,0.94605218,-0.388701142,-0.024777245,0.000587563,0.921030491
1497535169311540000,112194,-1.444955598,2.520218271,0.945850414,-0.388686391,-0.024381441,0.000187923,0.921047447
1497535169321540000,112195,-1.444749088,2.519969293,0.945767555,-0.387946559,-0.023447312,-0.000342811,0.92138351
1497535169331550000,112196,-1.44452537,2.5196948,0.945597988,-0.386910978,-0.022555664,-0.000399897,0.92184108
1497535169341430000,112197,-1.445540405,2.51822305,0.944491024,-0.396314267,-0.04020263,0.001260518,0.917233428
1497535169351540000,112198,-1.443878051,2.51925464,0.945172061,-0.383427214,-0.019373905,-0.000823242,0.923367503
1497535169361490000,112199,-1.443592466,2.518989804,0.945102609,-0.382186305,-0.018067701,-0.001225648,0.923907833
1497535169371550000,112200,-1.444852077,2.517460104,0.944527814,-0.392919076,-0.035968099,-0.000497574,0.918869222
1497535169381550000,112201,-1.443364116,2.517451292,0.94485499,-0.385016806,-0.023142204,-0.000761436,0.922619053
1497535169391560000,112202,-1.442751028,2.51805575,0.944949589,-0.379017173,-0.01341467,-0.002751436,0.925288311
1497535169401530000,112203,-1.442717153,2.516810288,0.94489593,-0.382177997,-0.019380936,-0.001877633,0.92388356
1497535169411530000,112204,-1.443649177,2.516165681,0.944290699,-0.388837567,-0.02953196,-0.002298628,0.92083002
1497535169421550000,112205,-1.441723901,2.516682385,0.94469705,-0.375258373,-0.010210438,-0.003429414,0.926857669
1497535169431560000,112206,-1.44142922,2.512005212,0.941488278,-0.391496502,-0.045829172,0.010789081,0.918974304
1497535169441550000,112207,-1.441017524,2.511520524,0.941303993,-0.390198908,-0.044460121,0.010375142,0.919597992
1497535169451440000,112208,-1.440564359,2.510999205,0.94103068,-0.38844492,-0.04322819,0.010354631,0.920399179
1497535169461580000,112209,-1.440164399,2.510448679,0.941023969,-0.38690971,-0.041602366,0.010269648,0.921121411
1497535169471510000,112210,-1.439609225,2.509907449,0.940574807,-0.385524439,-0.040486032,0.010364347,0.921750708
1497535169481560000,112211,-1.439196268,2.50920221,0.9405013,-0.383831492,-0.038747721,0.010728351,0.922527453
1497535169491580000,112212,-1.440614404,2.512190589,0.942581379,-0.37648049,-0.019024008,-0.003347309,0.92622315
1497535169501570000,112213,-1.438360621,2.511205107,0.942888863,-0.366595598,-0.006551793,-0.001977241,0.930355218
1497535169511540000,112214,-1.438138048,2.507989856,0.940031502,-0.388536413,-0.040524482,0.010518458,0.920481713
1497535169521560000,112215,-1.437348424,2.51007716,0.942374193,-0.36155336,-0.002211338,-0.002233858,0.93234612
1497535169531560000,112216,-1.437008862,2.509171925,0.942208676,-0.360158502,-0.002601715,-0.001927207,0.932885508
1497535169541560000,112217,-1.436541505,2.508570758,0.941998637,-0.357430575,0.000358983,-0.001936965,0.933937634
1497535169551490000,112218,-1.437780589,2.508183025,0.941004076,-0.362600821,-0.008570605,-0.002660108,0.931901343
1497535169561550000,112219,-1.435738233,2.507141694,0.941295472,-0.353743522,0.003277654,-0.001999075,0.935334583
1497535169571540000,112220,-1.435756464,2.503064512,0.939144886,-0.364745581,-0.023029426,0.011442176,0.930752053
1497535169581540000,112221,-1.435313413,2.502481265,0.938683894,-0.362714461,-0.021681357,0.011964545,0.931571247
1497535169591550000,112222,-1.434901656,2.501978572,0.938213471,-0.360388774,-0.020407939,0.012140608,0.932499895
1497535169601590000,112223,-1.434593703,2.501451994,0.937798833,-0.359201972,-0.019471569,0.012411739,0.932974142
1497535169611530000,112224,-1.435320053,2.501209599,0.938288058,-0.351321041,-0.011601062,0.020504207,0.93595861
1497535169621550000,112225,-1.434222464,2.500524934,0.93729695,-0.355809331,-0.017071112,0.012207268,0.934322899
1497535169631550000,112226,-1.434001251,2.500259127,0.936910979,-0.355344651,-0.016654122,0.012517751,0.934503143
1497535169641510000,112227,-1.433857326,2.499917747,0.936623414,-0.354288734,-0.01596177,0.012750565,0.934912904
1497535169651560000,112228,-1.433748111,2.499598027,0.936416439,-0.353073285,-0.015559338,0.013055331,0.935375176
1497535169661480000,112229,-1.433708199,2.499322,0.936285039,-0.352156157,-0.015251737,0.013279773,0.935722754
1497535169671460000,112230,-1.433653152,2.499117109,0.936127691,-0.351964724,-0.015629614,0.013671817,0.935782897
1497535169681560000,112231,-1.433626003,2.498904874,0.935930151,-0.351489568,-0.016561461,0.014340106,0.935935448
1497535169691450000,112232,-1.433641939,2.498664144,0.93581601,-0.351302631,-0.017577659,0.015008382,0.935976621
1497535169701600000,112233,-1.433574495,2.498517906,0.935435975,-0.351234934,-0.018816897,0.015813492,0.935964678
1497535169711560000,112234,-1.433670382,2.498326782,0.935342724,-0.351075944,-0.019966432,0.016425571,0.93598997
1497535169721560000,112235,-1.433837475,2.498126951,0.935279048,-0.351431678,-0.021335266,0.016906348,0.935817695
1497535169731570000,112236,-1.433933057,2.497933207,0.935089568,-0.351182082,-0.02240322,0.017255624,0.935880059
1497535169741520000,112237,-1.43400484,2.497762907,0.934858951,-0.351377201,-0.023362555,0.017459949,0.93577957
1497535169751570000,112238,-1.434077391,2.497570167,0.934718896,-0.351588357,-0.024015007,0.017573466,0.935681612
1497535169761530000,112239,-1.434103422,2.497359687,0.934486679,-0.350840341,-0.024340926,0.017559821,0.93595418
1497535169771570000,112240,-1.434809497,2.500779701,0.936121962,-0.341444076,-0.003100562,0.002845297,0.939892671
1497535169781520000,112241,-1.43484768,2.500546274,0.935882941,-0.341411016,-0.004323625,0.003423654,0.939897921
1497535169791540000,112242,-1.435382915,2.502918486,0.938412351,-0.331646422,0.017490066,-0.004547343,0.943230656
1497535169801550000,112243,-1.433324477,2.500642876,0.935578072,-0.333508153,0.006392818,0.004339961,0.94271555
1497535169811540000,112244,-1.432919819,2.501451939,0.935726173,-0.328891224,0.014478554,0.002775485,0.944252737
1497535169821650000,112245,-1.433588292,2.499895801,0.935182236,-0.335354096,-0.000346605,0.006090507,0.942072405
1497535169831540000,112246,-1.436675974,2.500882187,0.934054497,-0.359596877,-0.025201835,0.014234143,0.932658749
1497535169841520000,112247,-1.436663618,2.500808469,0.933937702,-0.359247715,-0.025739813,0.014131608,0.932780166
1497535169851530000,112248,-1.436662755,2.500795951,0.933893173,-0.35973791,-0.026518405,0.014566162,0.932562726
1497535169861540000,112249,-1.436680932,2.500843761,0.933854474,-0.360125442,-0.027034382,0.014792794,0.932394756
1497535169871580000,112250,-1.436713741,2.500876835,0.933776247,-0.360060828,-0.027698301,0.015201364,0.932393652
1497535169881560000,112251,-1.437350569,2.501799924,0.9339791,-0.342636473,-0.031844409,0.020272988,0.93870932
1497535169891560000,112252,-1.437254903,2.50204266,0.934194066,-0.343795493,-0.032949287,0.020699049,0.938238004
1497535169901560000,112253,-1.437202684,2.502203223,0.934250992,-0.344895872,-0.034296172,0.02119159,0.937774774
1497535169911540000,112254,-1.436633031,2.503091948,0.935332807,-0.347403665,-0.036865846,0.022173666,0.936728312
1497535169921560000,112255,-1.436550199,2.503206685,0.935359642,-0.348254979,-0.037749948,0.022634173,0.936365903
1497535169931560000,112256,-1.43623544,2.503611199,0.935826816,-0.349805985,-0.038739202,0.023248091,0.935732106
1497535169941570000,112257,-1.436011891,2.503723383,0.935913954,-0.350553169,-0.039060308,0.023606795,0.935430108
1497535169951530000,112258,-1.435803517,2.50378127,0.935914186,-0.350694944,-0.039151593,0.023815271,0.935367865
1497535169961530000,112259,-1.43552719,2.503862552,0.936005694,-0.350510702,-0.038427379,0.02385066,0.93546605
1497535169971550000,112260,-1.435184826,2.503874629,0.936038674,-0.350939079,-0.037335128,0.023850235,0.935349677
1497535169981550000,112261,-1.434556185,2.504277412,0.936685729,-0.351821073,-0.036393045,0.023927643,0.935053446
1497535169991550000,112262,-1.434432317,2.503827539,0.936101794,-0.351784605,-0.034716768,0.023582381,0.935139674
1497535170001530000,112263,-1.434055707,2.503745624,0.936005865,-0.352684216,-0.034292583,0.023658378,0.934814497
1497535170011510000,112264,-1.433794049,2.503539705,0.935791429,-0.353058863,-0.033525145,0.023853279,0.934695953
1497535170021540000,112265,-1.43339568,2.503473768,0.935821317,-0.352799775,-0.032490309,0.023997633,0.934826621
1497535170031540000,112266,-1.433246376,2.503137816,0.935329853,-0.350806827,-0.030541113,0.023550422,0.935653348
1497535170041600000,112267,-1.432850975,2.503293594,0.935577882,-0.350447736,-0.029287268,0.023344481,0.935833145
1497535170051560000,112268,-1.430399386,2.502968558,0.936368894,-0.37890378,-0.020413346,0.01284592,0.925121723
1497535170061580000,112269,-1.429352366,2.504722658,0.938378487,-0.393323489,-0.018817408,0.014574854,0.919092004
1497535170071590000,112270,-1.430906242,2.502337906,0.93539026,-0.365693081,-0.017802503,0.008198329,0.930529112
1497535170081580000,112271,-1.43099143,2.502528504,0.935301165,-0.366249568,-0.017593286,0.007249768,0.930322079
1497535170091580000,112272,-1.431106946,2.502796526,0.935285469,-0.368315831,-0.017618689,0.00661054,0.929510264
1497535170101580000,112273,-1.429693992,2.505295146,0.938519375,-0.394247182,-0.01522654,0.010704334,0.918815939
1497535170111550000,112274,-1.431718432,2.502784743,0.935214508,-0.363624766,-0.014188005,0.004452105,0.931426813
1497535170121570000,112275,-1.430225094,2.505467106,0.938406637,-0.394326079,-0.014323879,0.009249451,0.918812395
1497535170131580000,112276,-1.433971315,2.503707669,0.934808974,-0.350372931,-0.02156332,0.015201119,0.936238623
1497535170141580000,112277,-1.434200758,2.503714096,0.934680249,-0.349347539,-0.021040766,0.014524825,0.936644336
1497535170151560000,112278,-1.434482172,2.503579436,0.934359061,-0.348893978,-0.020115249,0.013961144,0.936842279
1497535170161560000,112279,-1.434610909,2.503591975,0.934314342,-0.348512992,-0.019486545,0.013491154,0.937004246
1497535170171580000,112280,-1.43474789,2.503540013,0.934196445,-0.347463241,-0.018344139,0.012877059,0.937425714
1497535170181580000,112281,-1.434870691,2.503448215,0.934082332,-0.346912663,-0.017173804,0.012497521,0.937656908
1497535170191590000,112282,-1.43496312,2.503357025,0.933984101,-0.346386812,-0.016430183,0.012166632,0.937868967
1497535170201540000,112283,-1.435010944,2.50331596,0.934023377,-0.345718028,-0.015537855,0.011922589,0.938134037
1497535170211560000,112284,-1.435158217,2.503091756,0.933784997,-0.345473707,-0.014806693,0.011846407,0.938236827
1497535170221600000,112285,-1.435207097,2.502978896,0.933761467,-0.346003385,-0.015011608,0.012107216,0.938035034
1497535170231590000,112286,-1.435291819,2.502864029,0.933718409,-0.346173732,-0.015807035,0.012563708,0.937953111
1497535170241570000,112287,-1.435333019,2.502777931,0.933706251,-0.346618622,-0.017204632,0.013357901,0.937753218
1497535170251580000,112288,-1.435363658,2.502685088,0.933649309,-0.346928434,-0.018128783,0.013939294,0.937612769
1497535170261560000,112289,-1.435361301,2.502645387,0.933669631,-0.346915533,-0.018451616,0.01415786,0.93760797
1497535170271580000,112290,-1.435475541,2.502444781,0.933433924,-0.346832007,-0.017876837,0.013988255,0.937652551
1497535170281570000,112291,-1.435509857,2.502336401,0.933332218,-0.346067291,-0.017476611,0.013660922,0.937947428
1497535170291570000,112292,-1.433577815,2.501950163,0.934204024,-0.364664423,-0.008550358,0.002335422,0.931096824
1497535170301570000,112293,-1.433013303,2.502703237,0.934995435,-0.376363136,-0.009697245,0.004350899,0.92641126
1497535170311550000,112294,-1.432967772,2.502709196,0.935024105,-0.377244112,-0.009123391,0.004206832,0.926059364
1497535170321530000,112295,-1.432987255,2.502712956,0.934996078,-0.377239984,-0.008745096,0.004022276,0.926065515
1497535170331470000,112296,-1.433349951,2.502129233,0.934387167,-0.369474396,-0.007153472,0.002147424,0.929210895
1497535170341470000,112297,-1.43301519,2.502761759,0.934929238,-0.376610416,-0.008347143,0.003531062,0.9263274
1497535170351610000,112298,-1.433114456,2.502802987,0.934876477,-0.376400458,-0.008663872,0.00374263,0.926408995
1497535170361580000,112299,-1.433155167,2.502868171,0.934858381,-0.37618628,-0.009089026,0.003611848,0.926492432
1497535170371580000,112300,-1.433555039,2.502296743,0.934325293,-0.36766838,-0.007719868,0.00196613,0.929922846
1497535170381580000,112301,-1.433419771,2.5026373,0.934686341,-0.37063943,-0.00812048,0.002425711,0.928738169
1497535170391570000,112302,-1.434102805,2.501626935,0.93342918,-0.358564909,-0.009500142,0.001059621,0.933455853
1497535170401780000,112303,-1.433788926,2.502367876,0.934270045,-0.365583638,-0.009643116,0.002395786,0.930725456
1497535170411540000,112304,-1.434010365,2.501856527,0.933704855,-0.362576542,-0.011469439,0.003038732,0.931878463
1497535170421570000,112305,-1.435820497,2.502631701,0.933316341,-0.347604433,-0.021215766,0.015630238,0.937270903
1497535170431570000,112306,-1.435855318,2.502547773,0.933228919,-0.348410853,-0.022941244,0.016656328,0.936913093
1497535170441560000,112307,-1.435937046,2.502417037,0.933055923,-0.348463344,-0.024368374,0.017591213,0.93684045
1497535170451530000,112308,-1.436003826,2.502297264,0.932935901,-0.348498743,-0.025916,0.018512795,0.936767988
1497535170461510000,112309,-1.436167143,2.502073729,0.932639367,-0.348384226,-0.027189417,0.019369986,0.936757156
1497535170471580000,112310,-1.434062618,2.500602206,0.933504634,-0.348411068,-0.012506588,0.006828813,0.937233525
1497535170481570000,112311,-1.434226513,2.500368674,0.933127224,-0.348832956,-0.014743154,0.008212075,0.937032961
1497535170491580000,112312,-1.434410208,2.500103199,0.932698621,-0.348957348,-0.017267331,0.009698132,0.936929322
1497535170501570000,112313,-1.434593269,2.499847648,0.932354383,-0.348484461,-0.019308567,0.011219216,0.937048499
1497535170511560000,112314,-1.434685926,2.499582127,0.932072202,-0.347971164,-0.020466518,0.011931606,0.937205862
1497535170521580000,112315,-1.432726811,2.499595658,0.931872059,-0.338432349,-0.006153156,0.012457641,0.940888139
1497535170531570000,112316,-1.433485544,2.496486854,0.928854407,-0.365548509,-0.048634458,0.024313953,0.929202781
1497535170541530000,112317,-1.433707072,2.495354096,0.929465704,-0.353693525,-0.041473091,0.02633316,0.93407036
1497535170551560000,112318,-1.433929202,2.495196025,0.9293954,-0.353087011,-0.041266851,0.026234769,0.934311697
1497535170561550000,112319,-1.434097915,2.495054538,0.929292636,-0.352715126,-0.04070747,0.025920184,0.934485466
1497535170571580000,112320,-1.434140972,2.494953709,0.929152619,-0.352700149,-0.040072289,0.025625292,0.934526704
1497535170581570000,112321,-1.434102002,2.494876986,0.929001152,-0.352729083,-0.03956338,0.025768434,0.934533531
1497535170591570000,112322,-1.434015972,2.494794058,0.928891081,-0.352696142,-0.039454265,0.026217417,0.934538089
1497535170601580000,112323,-1.433903469,2.494757785,0.928823916,-0.352308499,-0.039785065,0.026956803,0.93464924
1497535170611550000,112324,-1.433801428,2.494718994,0.9287997,-0.352235659,-0.041001813,0.028345354,0.934583026
1497535170621580000,112325,-1.433772666,2.49471898,0.928903631,-0.352952373,-0.042721571,0.02958188,0.934197196
1497535170631580000,112326,-1.433461209,2.496092853,0.927334087,-0.367557026,-0.054709599,0.028251349,0.927960427
1497535170641500000,112327,-1.43345274,2.49634188,0.927318653,-0.369243075,-0.057930479,0.029329633,0.927061694
1497535170651510000,112328,-1.433464505,2.49657625,0.927553688,-0.371211653,-0.059964927,0.030760962,0.926099282
1497535170661540000,112329,-1.433534396,2.496523542,0.927916728,-0.370454302,-0.061163604,0.032396068,0.926268384
1497535170671580000,112330,-1.433559854,2.496688238,0.92813714,-0.371571422,-0.063560841,0.033533938,0.925618805
1497535170681560000,112331,-1.433623485,2.496904906,0.928246497,-0.373110307,-0.066164902,0.034552327,0.924779455
1497535170691550000,112332,-1.43372574,2.497027627,0.928308253,-0.373492586,-0.06873385,0.034972193,0.924421923
1497535170701570000,112333,-1.434483564,2.500029578,0.931212954,-0.36989935,-0.083694732,0.05072412,0.923902985
1497535170711550000,112334,-1.433978065,2.497230879,0.928495083,-0.375579504,-0.072464418,0.037018176,0.923211026
1497535170721570000,112335,-1.434107007,2.497289418,0.928530288,-0.375693282,-0.074404939,0.037915436,0.922973934
1497535170731470000,112336,-1.434230281,2.497361643,0.928504034,-0.376444252,-0.076414775,0.038457332,0.922481187
1497535170741490000,112337,-1.434357377,2.497507116,0.928433055,-0.377432482,-0.078930245,0.038852221,0.921848818
1497535170751470000,112338,-1.434479705,2.497590612,0.928462651,-0.378451479,-0.08097239,0.039628717,0.921220666
1497535170761450000,112339,-1.434631678,2.497542443,0.92858291,-0.377646116,-0.081963249,0.04031418,0.921433776
1497535170771610000,112340,-1.435120101,2.499371858,0.929526095,-0.394155062,-0.089369902,0.043495567,0.913653623
1497535170781620000,112341,-1.435224483,2.499573359,0.929637733,-0.395260813,-0.090707126,0.044206039,0.913009821
1497535170791610000,112342,-1.435284008,2.499650628,0.929678532,-0.395856786,-0.092543179,0.04513235,0.91252191
1497535170801610000,112343,-1.434864425,2.497054442,0.9294952,-0.369635772,-0.080802615,0.045676068,0.924529086
1497535170811560000,112344,-1.434913036,2.497053738,0.929455437,-0.369635929,-0.081868236,0.046492234,0.924394582
1497535170821560000,112345,-1.434956138,2.496965866,0.929324831,-0.369517323,-0.083136975,0.047119263,0.924297012
1497535170831540000,112346,-1.434990867,2.496861426,0.929123066,-0.368750576,-0.083952573,0.047496183,0.92451019
1497535170841500000,112347,-1.435050086,2.496811778,0.928967168,-0.368382697,-0.083914506,0.047381882,0.924666157
1497535170851440000,112348,-1.435026227,2.496791042,0.928761875,-0.368105462,-0.083644952,0.046983894,0.924821282
1497535170861550000,112349,-1.434967689,2.496777667,0.928578408,-0.368037028,-0.082650788,0.046327766,0.92497099
1497535170871500000,112350,-1.434769893,2.496764822,0.928327648,-0.368049273,-0.081497101,0.045462734,0.925111396
1497535170881580000,112351,-1.434538036,2.496754348,0.928164286,-0.367889622,-0.080183371,0.044889663,0.925317659
1497535170891590000,112352,-1.436739615,2.501410272,0.930613446,-0.338168188,-0.069517332,0.042410901,0.937555829
1497535170901580000,112353,-1.435240041,2.499695603,0.929516348,-0.362959302,-0.062268806,0.032101573,0.929167708
1497535170911550000,112354,-1.434829432,2.499648595,0.929587614,-0.362525439,-0.06135558,0.032308349,0.929390644
1497535170921570000,112355,-1.433302452,2.49664728,0.927773275,-0.368338593,-0.07882579,0.04560086,0.925220913
1497535170931570000,112356,-1.433124803,2.496644073,0.92776006,-0.368380325,-0.078627175,0.045723837,0.925215129
1497535170941570000,112357,-1.435589997,2.501382768,0.930486526,-0.337508079,-0.068392724,0.042646495,0.937865667
1497535170951590000,112358,-1.435584851,2.501317783,0.930298458,-0.33860547,-0.067469086,0.041484612,0.937589081
1497535170961530000,112359,-1.435680073,2.501359154,0.930081247,-0.339393016,-0.066426394,0.039769889,0.937453077
1497535170971500000,112360,-1.435710049,2.50139998,0.929975133,-0.339469678,-0.064203733,0.038597695,0.937629157
1497535170981560000,112361,-1.435689841,2.501372788,0.92995034,-0.339085304,-0.062422183,0.038095689,0.937909029
1497535170991620000,112362,-1.435672671,2.501329558,0.929948804,-0.339370477,-0.060057571,0.037352301,0.937990177
1497535171001620000,112363,-1.435670425,2.501519154,0.930245321,-0.339007132,-0.055026969,0.035971715,0.938484008
1497535171011580000,112364,-1.435647736,2.501557915,0.930217177,-0.33941975,-0.052702116,0.035915905,0.938470441
1497535171021580000,112365,-1.435150252,2.499492968,0.928875531,-0.349328638,-0.066285249,0.045620802,0.933538704
1497535171031540000,112366,-1.433551345,2.499383745,0.928652191,-0.33655435,-0.056337348,0.047351944,0.938783823
1497535171041580000,112367,-1.435222716,2.500783816,0.929755689,-0.355140618,-0.041558778,0.030611828,0.933386804
1497535171051540000,112368,-1.433170526,2.499493859,0.927852106,-0.385198405,-0.069401505,0.036160129,0.919509687
1497535171061570000,112369,-1.434993967,2.49950417,0.929498014,-0.351285827,-0.057277342,0.04516805,0.933422424
1497535171071590000,112370,-1.435372512,2.499150894,0.92968831,-0.356353073,-0.051655163,0.046237969,0.931775875
1497535171081600000,112371,-1.435311564,2.499191188,0.929777772,-0.356457808,-0.050977526,0.046213993,0.931774323
1497535171091600000,112372,-1.435142274,2.499161976,0.92989345,-0.356165993,-0.050551794,0.045861796,0.931926498
1497535171101600000,112373,-1.435073675,2.499182377,0.929959871,-0.356189712,-0.050354375,0.045760432,0.931933103
1497535171111570000,112374,-1.434695758,2.499471518,0.929825075,-0.352977924,-0.054297177,0.044676204,0.932985765
1497535171121580000,112375,-1.434696113,2.499365963,0.929872108,-0.353846278,-0.053344095,0.045071349,0.932692764
1497535171131590000,112376,-1.432911397,2.499628893,0.929481988,-0.336818897,-0.050057933,0.046263752,0.939098982
1497535171141500000,112377,-1.432895493,2.499612463,0.929474755,-0.336577102,-0.050359501,0.046140984,0.939175588
1497535171151650000,112378,-1.432916717,2.49956598,0.929475464,-0.336764906,-0.050222921,0.046137505,0.939115747
1497535171161560000,112379,-1.432951897,2.499480362,0.929509165,-0.337190441,-0.04991571,0.046156958,0.938978468
1497535171171610000,112380,-1.432903979,2.499476894,0.929479729,-0.336793539,-0.050381772,0.046010486,0.939103202
1497535171181610000,112381,-1.432897834,2.499442294,0.929480384,-0.337073441,-0.050428933,0.046075115,0.938997072
1497535171191590000,112382,-1.432915367,2.499360214,0.92947549,-0.337554826,-0.049921978,0.046216685,0.938844265
1497535171201550000,112383,-1.431992294,2.497223828,0.928396817,-0.366617691,-0.054550111,0.035215473,0.92810324
1497535171211580000,112384,-1.4327621,2.499258314,0.929370638,-0.337337292,-0.049128676,0.045799155,0.938984751
1497535171221600000,112385,-1.432513173,2.499287036,0.929237269,-0.336066156,-0.049230149,0.04525856,0.939461332
1497535171231570000,112386,-1.43233697,2.499194109,0.929161105,-0.336159742,-0.048174817,0.044723519,0.939508181
1497535171241460000,112387,-1.432125051,2.499175019,0.929024527,-0.335692652,-0.046887821,0.044212375,0.939764461
1497535171251590000,112388,-1.431891003,2.499177588,0.928916619,-0.334691807,-0.04600268,0.043720264,0.940188112
1497535171261530000,112389,-1.430547614,2.497218693,0.926591806,-0.363998832,-0.048396342,0.033267231,0.929546091
1497535171271570000,112390,-1.430443577,2.497157585,0.926472867,-0.36371167,-0.047487107,0.032995103,0.929715074
1497535171281560000,112391,-1.430882379,2.500166984,0.929796019,-0.35057062,-0.017510704,0.020469016,0.936148832
1497535171291610000,112392,-1.430375892,2.501207533,0.929870053,-0.345220449,-0.00681748,0.018183622,0.938320691
1497535171301610000,112393,-1.430973528,2.497738529,0.927137372,-0.37422936,-0.052323966,0.030808162,0.925346122
1497535171311570000,112394,-1.430955607,2.497675862,0.927062729,-0.373743008,-0.051946371,0.030782683,0.925564781
1497535171321590000,112395,-1.430940541,2.497679934,0.926889381,-0.373810629,-0.052301384,0.030673521,0.925521104
1497535171331510000,112396,-1.430951085,2.497685171,0.926802267,-0.374131333,-0.053044441,0.030976631,0.925339117
1497535171341630000,112397,-1.430964805,2.49762884,0.926571293,-0.374102537,-0.054602219,0.031292712,0.92524951
1497535171351560000,112398,-1.431034181,2.497559369,0.926295013,-0.374537585,-0.056068155,0.031503085,0.924978657
1497535171361400000,112399,-1.431094782,2.497590241,0.925963712,-0.375315209,-0.057299343,0.031245317,0.924596674
1497535171371330000,112400,-1.431171455,2.49750152,0.925812566,-0.375506447,-0.057208924,0.031443301,0.92451791
1497535171381520000,112401,-1.431263243,2.497456174,0.925578136,-0.375524728,-0.05720447,0.031087502,0.924522793
1497535171391590000,112402,-1.431768035,2.498926983,0.926235273,-0.390371955,-0.063087084,0.033284792,0.917889906
1497535171401590000,112403,-1.431543971,2.497250796,0.924881352,-0.374381436,-0.057235748,0.029723469,0.925029256
1497535171411560000,112404,-1.432898278,2.499022305,0.92680809,-0.38557279,-0.059670759,0.038106353,0.919957026
1497535171421580000,112405,-1.432178736,2.498785527,0.925474177,-0.388525034,-0.062236393,0.032179569,0.918770594
1497535171431590000,112406,-1.432230964,2.498655988,0.925182901,-0.386982144,-0.061629953,0.031703115,0.919478919
1497535171441580000,112407,-1.432331138,2.498621327,0.924979724,-0.386689503,-0.061489849,0.031515815,0.919617845
1497535171451620000,112408,-1.43244005,2.498642362,0.9248483,-0.387108618,-0.061776659,0.031676792,0.919416741
1497535171461560000,112409,-1.43253458,2.498596698,0.924685138,-0.387632927,-0.062394482,0.031896005,0.919146499
1497535171471570000,112410,-1.433366792,2.496615565,0.924892041,-0.346021575,-0.043010998,0.043887778,0.936212041
1497535171481500000,112411,-1.433446478,2.496635101,0.924731979,-0.346294018,-0.043816452,0.044020552,0.936067713
1497535171491580000,112412,-1.433480198,2.496648046,0.924549172,-0.346003151,-0.045516207,0.044484522,0.936072231
1497535171501460000,112413,-1.433493962,2.496650081,0.924364711,-0.347015085,-0.047225516,0.043979258,0.935636738
1497535171511560000,112414,-1.432893691,2.497021237,0.923123624,-0.37374402,-0.060103758,0.030009841,0.925095863
1497535171521610000,112415,-1.432595338,2.496048346,0.922895183,-0.361072408,-0.053334799,0.032082029,0.930458413
1497535171531630000,112416,-1.432768058,2.496070794,0.922743763,-0.360805857,-0.05378035,0.032151637,0.930533761
1497535171541600000,112417,-1.432986946,2.496067267,0.922608359,-0.360725247,-0.054546539,0.032356914,0.9305133
1497535171551550000,112418,-1.43328221,2.496092146,0.922577994,-0.3607566,-0.05509269,0.032391161,0.930467777
1497535171561560000,112419,-1.433581871,2.496158092,0.92255443,-0.361275617,-0.056061101,0.032445507,0.930206628
1497535171571550000,112420,-1.433393497,2.496499235,0.921427924,-0.361732551,-0.057708808,0.03225548,0.929934858
1497535171581610000,112421,-1.433685152,2.496609091,0.921274563,-0.362084133,-0.058254426,0.032365014,0.929760188
1497535171591590000,112422,-1.43663123,2.501858113,0.927220551,-0.349029082,-0.019373993,0.013161111,0.936819157
1497535171601580000,112423,-1.434660947,2.50084433,0.924820743,-0.345809095,-0.022378418,0.01943823,0.93783657
1497535171611530000,112424,-1.435060349,2.501061565,0.924811626,-0.346443941,-0.02383888,0.019515393,0.937564639
1497535171621540000,112425,-1.436956266,2.500218119,0.924883029,-0.35803078,-0.04323145,0.020160485,0.932490513
1497535171631550000,112426,-1.43616761,2.497288611,0.922997695,-0.365388971,-0.06415908,0.033326881,0.928043012
1497535171641580000,112427,-1.436469245,2.497548557,0.923026347,-0.366552982,-0.06555629,0.033591381,0.927476632
1497535171651430000,112428,-1.436782544,2.497771526,0.923167931,-0.36711942,-0.066500967,0.03401666,0.92716979
1497535171661620000,112429,-1.437052027,2.498136987,0.923279104,-0.368747634,-0.068006969,0.034153302,0.926409082
1497535171671610000,112430,-1.437403865,2.49845611,0.923525834,-0.370023075,-0.069297865,0.034209673,0.925802586
1497535171681620000,112431,-1.437670159,2.498828048,0.923598413,-0.370493937,-0.07042028,0.034416259,0.925521879
1497535171691590000,112432,-1.437971448,2.499206264,0.923797906,-0.371298949,-0.071578854,0.034623621,0.925102569
1497535171701580000,112433,-1.438240532,2.499674109,0.923964823,-0.372907378,-0.072908799,0.034734828,0.924347276
1497535171711520000,112434,-1.438528814,2.500053173,0.924101765,-0.37457789,-0.074339097,0.035012837,0.923547077
1497535171721600000,112435,-1.438918076,2.500361449,0.924521026,-0.375900625,-0.075697381,0.035417175,0.92288366
1497535171731620000,112436,-1.439137778,2.500791556,0.924808717,-0.377391465,-0.077234448,0.035954771,0.922126768
1497535171741610000,112437,-1.439294807,2.50119887,0.925124116,-0.378850702,-0.078506692,0.03652957,0.921398087
1497535171751610000,112438,-1.4394173,2.501464945,0.925520629,-0.379704889,-0.079576571,0.036990492,0.920936192
1497535171761570000,112439,-1.439374548,2.501798577,0.925860913,-0.381162151,-0.080618723,0.037486093,0.920223249
1497535171771600000,112440,-1.439245486,2.50205622,0.926222445,-0.382132435,-0.081445907,0.037975473,0.919727802
1497535171781610000,112441,-1.439020167,2.502329088,0.926476692,-0.383208946,-0.08217862,0.038483037,0.919193469
1497535171791620000,112442,-1.438769978,2.502594946,0.92680205,-0.384241494,-0.082999361,0.039204488,0.918658037
1497535171801610000,112443,-1.438447922,2.50278983,0.926986244,-0.384375,-0.083418031,0.039930492,0.918532986
1497535171811520000,112444,-1.438200104,2.502939436,0.927321965,-0.385458179,-0.083512052,0.040652538,0.918038725
1497535171821590000,112445,-1.43801351,2.50311767,0.927703108,-0.386242007,-0.0836589,0.041234738,0.917669874
1497535171831610000,112446,-1.437857978,2.503265398,0.928048529,-0.386948327,-0.083485976,0.04171787,0.917366177
1497535171841610000,112447,-1.437694473,2.503420051,0.928165503,-0.387448493,-0.08398681,0.0420303,0.917095052
1497535171851620000,112448,-1.437609864,2.50362839,0.92838544,-0.388320089,-0.084823948,0.042282834,0.916637643
1497535171861600000,112449,-1.437581147,2.503855786,0.928464942,-0.388873538,-0.085901137,0.042515044,0.916291895
1497535171871540000,112450,-1.437220593,2.507564448,0.929475376,-0.376829294,-0.058627369,0.030919887,0.923908261
1497535171881590000,112451,-1.437247899,2.507669719,0.92944452,-0.377759856,-0.060860138,0.031683121,0.923357847
1497535171891590000,112452,-1.437201224,2.507757567,0.929419659,-0.377961318,-0.062202728,0.032026646,0.923174066
1497535171901550000,112453,-1.437180696,2.507790369,0.929326579,-0.378385691,-0.063253577,0.032200813,0.922922728
1497535171911500000,112454,-1.438402032,2.507597174,0.929642629,-0.384500246,-0.072737759,0.030683595,0.91974306
1497535171921580000,112455,-1.438333529,2.507595335,0.929602565,-0.384572222,-0.07249299,0.030344884,0.91974353
1497535171931610000,112456,-1.438281306,2.50762516,0.929589928,-0.384578779,-0.07209912,0.029944701,0.919784863
1497535171941610000,112457,-1.436993139,2.508406235,0.929292968,-0.376733682,-0.0585324,0.030265386,0.923974944
1497535171951620000,112458,-1.436967549,2.508397544,0.929204262,-0.376515722,-0.058285684,0.029903039,0.924091174
1497535171961590000,112459,-1.436982242,2.508335471,0.929096759,-0.376189909,-0.057865084,0.029299277,0.924269623
1497535171971550000,112460,-1.436999395,2.508315115,0.928949766,-0.375599983,-0.056505793,0.02824399,0.924626425
1497535171981610000,112461,-1.437056077,2.508266679,0.928802265,-0.374768628,-0.05539876,0.027259677,0.925060194
1497535171991600000,112462,-1.437190532,2.508182772,0.928650168,-0.374280192,-0.054520025,0.026308959,0.925337637
1497535172001610000,112463,-1.437342526,2.50808674,0.9284962,-0.37370548,-0.053675954,0.025466332,0.925642789
1497535172011590000,112464,-1.437522595,2.507980415,0.928384932,-0.373447498,-0.053124882,0.024622219,0.925801523
1497535172021520000,112465,-1.437667611,2.50794358,0.928280611,-0.372851208,-0.052145803,0.023915767,0.92611599
1497535172031620000,112466,-1.437802843,2.507952423,0.928196896,-0.3725588,-0.051017174,0.022872007,0.92632287
1497535172041630000,112467,-1.437900998,2.507976986,0.92816911,-0.372255676,-0.04981665,0.021922249,0.926533015
1497535172051550000,112468,-1.43797012,2.508013073,0.928148656,-0.372060605,-0.048321289,0.020926475,0.92671357
1497535172061580000,112469,-1.438045231,2.507981875,0.928121927,-0.371878822,-0.04755471,0.020286849,0.926840404
1497535172071640000,112470,-1.43809948,2.507975931,0.928055918,-0.371761609,-0.046687835,0.019640505,0.926945415
1497535172081590000,112471,-1.438152283,2.507935594,0.928035944,-0.371795282,-0.046134932,0.019225527,0.926968293
1497535172091610000,112472,-1.438174144,2.507916431,0.928035669,-0.371680091,-0.045451384,0.018783444,0.927057314
1497535172101590000,112473,-1.438164275,2.507895104,0.928031483,-0.371589842,-0.044508299,0.018319463,0.927148531
1497535172111580000,112474,-1.438138562,2.507906771,0.928028919,-0.371399527,-0.043453413,0.017718004,0.927286506
1497535172121600000,112475,-1.438002557,2.508083085,0.928097866,-0.37025836,-0.040331164,0.016941144,0.927898239
1497535172131600000,112476,-1.437985524,2.508076161,0.928165981,-0.369909264,-0.039390087,0.016297051,0.928089416
1497535172141610000,112477,-1.438100462,2.507283822,0.92796403,-0.372646661,-0.044805207,0.016755516,0.92673956
1497535172151600000,112478,-1.438045205,2.507287774,0.927919896,-0.371903182,-0.043042417,0.016289588,0.927129993
1497535172161580000,112479,-1.437889256,2.507971118,0.928117569,-0.368792056,-0.035726991,0.014652476,0.928709485
1497535172171610000,112480,-1.439255311,2.506959806,0.927730313,-0.378698688,-0.051089565,0.014297807,0.923998232
1497535172181630000,112481,-1.439233168,2.506915386,0.927606914,-0.378271802,-0.049872251,0.013694433,0.924248703
1497535172191590000,112482,-1.43920249,2.506805667,0.927464464,-0.377942459,-0.048935166,0.013166901,0.924441172
1497535172201560000,112483,-1.439128295,2.506693203,0.927337593,-0.377160611,-0.047251818,0.012507162,0.92485713
1497535172211590000,112484,-1.437774365,2.503491849,0.925667283,-0.381345326,-0.061538062,0.024722625,0.922050758
1497535172221580000,112485,-1.43764319,2.503495751,0.925548001,-0.380053179,-0.059995077,0.023865841,0.922708293
1497535172231600000,112486,-1.437519918,2.503474493,0.925383539,-0.379656251,-0.058342496,0.023045044,0.922998489
1497535172241590000,112487,-1.437398578,2.503393848,0.925182522,-0.379503513,-0.056407203,0.021992614,0.923207255
1497535172251600000,112488,-1.436798316,2.503526108,0.923917148,-0.377296338,-0.053841912,0.02104348,0.924286586
1497535172261570000,112489,-1.436636593,2.503513207,0.923729222,-0.376332752,-0.05156943,0.02015644,0.924828617
1497535172271540000,112490,-1.436489721,2.503526378,0.923580306,-0.375594513,-0.049501176,0.019301439,0.925259882
1497535172281520000,112491,-1.436376223,2.503554986,0.923489571,-0.374525014,-0.0474688,0.018558015,0.925814953
1497535172291550000,112492,-1.43779372,2.506809657,0.926369111,-0.367255399,-0.025896378,0.003939563,0.929751219
1497535172301630000,112493,-1.436402083,2.50693604,0.926300966,-0.360547482,-0.015709622,0.004309616,0.9325986
1497535172311550000,112494,-1.43623414,2.507042506,0.926103063,-0.360083669,-0.01465815,0.003672189,0.932797623
1497535172321540000,112495,-1.43608955,2.507061728,0.92590334,-0.360083135,-0.01455846,0.003378767,0.932800499
1497535172331630000,112496,-1.435387419,2.508282078,0.925882695,-0.354048335,-0.002972035,0.001595458,0.935221042
1497535172341610000,112497,-1.435732527,2.50726959,0.925575379,-0.359334537,-0.013150641,0.003025379,0.933111246
1497535172351610000,112498,-1.435053401,2.50842766,0.925619759,-0.35339677,-0.001980835,0.001489249,0.935470246
1497535172361580000,112499,-1.434848121,2.508504858,0.92542754,-0.353074358,-0.001673281,0.001340842,0.935592807
1497535172371610000,112500,-1.435216915,2.505123541,0.922072411,-0.383585887,-0.047666552,0.014574077,0.922159077
1497535172381610000,112501,-1.434988645,2.505284639,0.921685313,-0.384034665,-0.047840094,0.014138792,0.921970062
1497535172391620000,112502,-1.43474735,2.505290802,0.921542969,-0.383365103,-0.046856882,0.014306001,0.922296573
1497535172401610000,112503,-1.434438551,2.505380693,0.921313141,-0.383001171,-0.046148933,0.014412824,0.922481788
1497535172411590000,112504,-1.434057472,2.50541025,0.921059578,-0.38134064,-0.04484666,0.014462106,0.923232874
1497535172421650000,112505,-1.433663145,2.505613917,0.920600789,-0.38160659,-0.044896991,0.014067343,0.923126633
1497535172431620000,112506,-1.433219144,2.505787009,0.920295824,-0.381782762,-0.044729947,0.014038072,0.923062342
1497535172441600000,112507,-1.43278179,2.505956114,0.919960836,-0.381779474,-0.044416937,0.013729223,0.923083462
1497535172451610000,112508,-1.432329622,2.505968952,0.919989582,-0.379816301,-0.04256785,0.014308681,0.923971221
1497535172461580000,112509,-1.431891532,2.506184936,0.91973185,-0.37937064,-0.041895204,0.013546409,0.924196518
1497535172471620000,112510,-1.431304369,2.505186367,0.920073237,-0.367356075,-0.032989545,0.015974694,0.92935785
1497535172481590000,112511,-1.430567354,2.505414476,0.919472433,-0.365851451,-0.031602084,0.01577839,0.930002724
1497535172491580000,112512,-1.429992546,2.505509444,0.919643906,-0.365488112,-0.029569894,0.015860898,0.930210994
1497535172501610000,112513,-1.429408751,2.505604176,0.920021803,-0.365507417,-0.028152615,0.016102838,0.930243225
1497535172511550000,112514,-1.428656285,2.505754316,0.92017946,-0.364493847,-0.026428418,0.015945072,0.930694111
1497535172521620000,112515,-1.427715169,2.506019684,0.920182616,-0.364058416,-0.02487086,0.016400342,0.930899532
1497535172531620000,112516,-1.428050913,2.510078368,0.921594221,-0.35726119,-0.004977242,0.002744107,0.933987226
1497535172541610000,112517,-1.426430113,2.510141164,0.921961944,-0.355670881,-0.001684338,0.00287177,0.934605339
1497535172551600000,112518,-1.424447445,2.506832344,0.920408654,-0.362701722,-0.020992975,0.018099764,0.931492971
1497535172561590000,112519,-1.423418911,2.507169605,0.920741974,-0.363110939,-0.019512925,0.018761142,0.931352625
1497535172571610000,112520,-1.422161465,2.507522783,0.920944361,-0.362735014,-0.018599167,0.019569961,0.931501153
1497535172581610000,112521,-1.421005963,2.507997971,0.921355176,-0.362794855,-0.018418956,0.02027422,0.931466366
1497535172591630000,112522,-1.419738062,2.508458268,0.921675203,-0.363042277,-0.017849162,0.021581914,0.93135167
1497535172601620000,112523,-1.418440076,2.50885559,0.922046191,-0.364332392,-0.018449719,0.022502459,0.930814243
1497535172611590000,112524,-1.417015126,2.509433353,0.922308532,-0.364391434,-0.017597771,0.023763303,0.930776292
1497535172621580000,112525,-1.415752282,2.509977207,0.92291542,-0.365164254,-0.018162344,0.025193556,0.930424893
1497535172631620000,112526,-1.414274568,2.510556533,0.923109004,-0.36540519,-0.018339871,0.026114924,0.930301407
1497535172641610000,112527,-1.412992943,2.51109835,0.923783562,-0.365444578,-0.017659609,0.027466651,0.930260169
1497535172651600000,112528,-1.412191934,2.515307802,0.925605073,-0.359184251,0.001924732,0.013885957,0.933161374
1497535172661580000,112529,-1.411210705,2.516251003,0.925632828,-0.360139654,0.000541713,0.015994468,0.932761123
1497535172671610000,112530,-1.407890555,2.517011289,0.926749557,-0.352986107,0.013625365,0.016390528,0.935385754
1497535172681540000,112531,-1.406210234,2.517999774,0.927289545,-0.351535368,0.015843135,0.01767366,0.935873668
1497535172691610000,112532,-1.404625229,2.51905358,0.927637173,-0.352226525,0.016559376,0.01810709,0.935593071
1497535172701570000,112533,-1.403162397,2.519393878,0.928078615,-0.354803871,0.012671374,0.020453151,0.934631113
1497535172711590000,112534,-1.401720775,2.516685607,0.926265918,-0.368664587,-0.018202238,0.036445696,0.928669377
1497535172721650000,112535,-1.399989302,2.517675569,0.926942909,-0.369491062,-0.018639922,0.038103204,0.928265616
1497535172731620000,112536,-1.398028179,2.518620175,0.927398506,-0.369760868,-0.018389575,0.04092828,0.928042887
1497535172741620000,112537,-1.395928144,2.519652465,0.928028036,-0.370843592,-0.018383289,0.042647027,0.927533458
1497535172751610000,112538,-1.393614927,2.520886525,0.928346019,-0.371341431,-0.018810645,0.045202821,0.927204619
1497535172761590000,112539,-1.391332073,2.522058614,0.928989236,-0.372536791,-0.018739498,0.0477547,0.926598435
1497535172771610000,112540,-1.388996256,2.523340155,0.92954639,-0.373719657,-0.01980764,0.050161282,0.925972527
1497535172781610000,112541,-1.386557605,2.524780502,0.930147422,-0.374838596,-0.021046973,0.052506301,0.925362707
1497535172791600000,112542,-1.384085227,2.526157343,0.930870878,-0.377077817,-0.022636396,0.055303108,0.924251849
1497535172801620000,112543,-1.381531091,2.527549802,0.931674144,-0.379140642,-0.024312383,0.058450293,0.923171081
1497535172811590000,112544,-1.378870348,2.529132725,0.93252613,-0.380496576,-0.026389665,0.061677154,0.922345851
1497535172821640000,112545,-1.376177244,2.530592102,0.933427807,-0.3820711,-0.028132625,0.064713317,0.921434977
1497535172831620000,112546,-1.375981234,2.534011021,0.93495546,-0.373422004,-0.026622065,0.077447101,0.92403962
1497535172841610000,112547,-1.371259557,2.535856609,0.935712406,-0.35941451,-0.025523989,0.080564858,0.929343338
1497535172851510000,112548,-1.37015787,2.537240431,0.936506036,-0.376273377,-0.029209492,0.083879685,0.922241481
1497535172861590000,112549,-1.364583475,2.537142165,0.936438733,-0.388980976,-0.034306042,0.076756835,0.917401376
1497535172871620000,112550,-1.364054484,2.540805673,0.937940563,-0.379366483,-0.032092634,0.09046927,0.920253468
1497535172881620000,112551,-1.359001935,2.542724682,0.938755522,-0.366474859,-0.029957944,0.094837359,0.925097062
1497535172891610000,112552,-1.357171877,2.545668664,0.939686804,-0.37205092,-0.03857262,0.091967045,0.922839276
1497535172901640000,112553,-1.353903381,2.547661293,0.940341233,-0.374474353,-0.040228278,0.096725554,0.921300609
1497535172911600000,112554,-1.348727238,2.548524546,0.941209088,-0.369577541,-0.036709385,0.107734014,0.92220293
1497535172921560000,112555,-1.346779757,2.551572095,0.941955757,-0.376829643,-0.043866265,0.106234206,0.919124292
1497535172931580000,112556,-1.341392648,2.552691412,0.942829004,-0.370482764,-0.041333989,0.116722254,0.920548716
1497535172941590000,112557,-1.337588566,2.554869172,0.943662368,-0.3692679,-0.043696925,0.121332421,0.920331593
1497535172951610000,112558,-1.333756471,2.556808021,0.944171065,-0.372327502,-0.0448697,0.126398464,0.918358519
1497535172961590000,112559,-1.32989607,2.558997195,0.945050775,-0.373400167,-0.04866057,0.130404017,0.917169154
1497535172971600000,112560,-1.325580666,2.562153249,0.946500895,-0.395130844,-0.026698745,0.113924429,0.91114215
1497535172981580000,112561,-1.324223689,2.563491568,0.946124396,-0.390605917,-0.054696024,0.134635617,0.909015189
1497535172991580000,112562,-1.320225989,2.566400751,0.947618593,-0.383420109,-0.05938583,0.140135202,0.910947018
1497535173001570000,112563,-1.314123607,2.568637957,0.948648139,-0.366526476,-0.059362705,0.148378396,0.916579655
1497535173011600000,112564,-1.31006848,2.570973844,0.949407759,-0.367955946,-0.060405151,0.153503481,0.915093613
1497535173021660000,112565,-1.309348625,2.574917397,0.949627618,-0.403207437,-0.065602244,0.153440304,0.899764514
1497535173031600000,112566,-1.305184635,2.577358446,0.950471973,-0.404499521,-0.067647252,0.159460435,0.897984608
1497535173041620000,112567,-1.3009279,2.579845179,0.95130824,-0.404908313,-0.070250713,0.165187251,0.896564146
1497535173051600000,112568,-1.296808771,2.582404251,0.952178211,-0.406522056,-0.072961182,0.170867484,0.894550606
1497535173061590000,112569,-1.292617227,2.585044527,0.953119805,-0.406809767,-0.074729494,0.176249328,0.893228689
1497535173071580000,112570,-1.288342961,2.587796437,0.954197564,-0.406981885,-0.077031006,0.181713148,0.891858902
1497535173081620000,112571,-1.284297979,2.590368589,0.954891298,-0.408132773,-0.078370377,0.186802161,0.890163286
1497535173091560000,112572,-1.280125966,2.593104766,0.955849831,-0.409020189,-0.081014161,0.192054805,0.888399765
1497535173101620000,112573,-1.275948772,2.595834608,0.956818982,-0.409532245,-0.083639949,0.197230791,0.886785044
1497535173111600000,112574,-1.271744653,2.598638959,0.957751853,-0.409908379,-0.085574928,0.202166065,0.885314031
1497535173121620000,112575,-1.267547942,2.60148363,0.95875009,-0.409311283,-0.087550607,0.207154007,0.884243395
1497535173131630000,112576,-1.263602234,2.604075617,0.959278671,-0.410524081,-0.089719398,0.212152844,0.882276362
1497535173141630000,112577,-1.259376995,2.606970211,0.960160048,-0.409734572,-0.091667372,0.21731868,0.881185148
1497535173151580000,112578,-1.255356577,2.609881567,0.960843624,-0.410917398,-0.095182241,0.22280703,0.878888082
1497535173161480000,112579,-1.25144474,2.612786476,0.961453242,-0.410879684,-0.096831235,0.228202332,0.877339896
1497535173171620000,112580,-1.247428624,2.61587105,0.962312891,-0.41062334,-0.098910048,0.233618643,0.875801121
1497535173181620000,112581,-1.243597162,2.618899472,0.962828168,-0.411673603,-0.101779394,0.238639494,0.873622911
1497535173191620000,112582,-1.239682279,2.622098953,0.963538383,-0.412032964,-0.103641781,0.244030918,0.871743155
1497535173201570000,112583,-1.235910383,2.625305648,0.96412626,-0.412035067,-0.106563529,0.249509551,0.86983694
1497535173211600000,112584,-1.232184669,2.628672509,0.96472012,-0.412847894,-0.108755654,0.254642356,0.867690092
1497535173221610000,112585,-1.228315123,2.632025633,0.96529331,-0.413206817,-0.109592093,0.259830541,0.865874003
1497535173231640000,112586,-1.22451237,2.635348448,0.965731672,-0.413824089,-0.111437349,0.265272959,0.863690684
1497535173241620000,112587,-1.220761279,2.638724384,0.966133733,-0.414813069,-0.113579589,0.270153892,0.861421308
1497535173251590000,112588,-1.217028674,2.642037869,0.966393445,-0.414162251,-0.11428702,0.275544987,0.859932013
1497535173261600000,112589,-1.21339454,2.645547626,0.966876338,-0.41408732,-0.116079931,0.280516742,0.858118581
1497535173271630000,112590,-1.209856348,2.64887682,0.967100948,-0.414085786,-0.117433514,0.285516261,0.856284296
1497535173281620000,112591,-1.206358683,2.652045649,0.967122909,-0.412864876,-0.119105725,0.290768921,0.854874175
1497535173291640000,112592,-1.202871945,2.655420282,0.967351013,-0.412562001,-0.121524184,0.295645453,0.853005413
1497535173301610000,112593,-1.199599555,2.658604055,0.967321976,-0.412580658,-0.122879812,0.300752894,0.851014365
1497535173311610000,112594,-1.196148618,2.661824867,0.967502408,-0.412006401,-0.125521537,0.305904139,0.849068741
1497535173321620000,112595,-1.192894997,2.664767314,0.967273683,-0.410260579,-0.127423186,0.311124796,0.847732829
1497535173331630000,112596,-1.189489087,2.667905699,0.967460716,-0.408916396,-0.129160292,0.316030886,0.84630342
1497535173341620000,112597,-1.186200482,2.670848374,0.967324442,-0.408182845,-0.131046113,0.320645467,0.844630195
1497535173351620000,112598,-1.182991137,2.673736487,0.967315572,-0.406820536,-0.131953498,0.325228054,0.84339317
1497535173361600000,112599,-1.179873882,2.676326101,0.96692398,-0.405514727,-0.13438525,0.329733424,0.841887332
1497535173371640000,112600,-1.176637289,2.679030689,0.966880834,-0.404299123,-0.135878668,0.334150366,0.840489583
1497535173381630000,112601,-1.173498324,2.681656248,0.966839797,-0.403688787,-0.136834207,0.338065365,0.839061125
1497535173391620000,112602,-1.170403824,2.684100161,0.966504712,-0.402779813,-0.138193146,0.341809582,0.837757296
1497535173401630000,112603,-1.167281555,2.686543184,0.966333064,-0.401012186,-0.138416528,0.345886055,0.836894813
1497535173411600000,112604,-1.164178139,2.688837502,0.966064359,-0.400109683,-0.138741456,0.349991127,0.835565234
1497535173421630000,112605,-1.161034776,2.691064258,0.96583673,-0.39868791,-0.139729456,0.354147839,0.834327836
1497535173431540000,112606,-1.157794037,2.693411852,0.965798995,-0.398116666,-0.140734542,0.358570364,0.832540812
1497535173441620000,112607,-1.154681723,2.695583066,0.965582761,-0.396899184,-0.140820861,0.362921299,0.831221182
1497535173451620000,112608,-1.151614376,2.697525105,0.965281641,-0.395093672,-0.142030265,0.367477565,0.829872661
1497535173461610000,112609,-1.148556209,2.699465127,0.965121357,-0.394440946,-0.1429822,0.371417745,0.828264022
1497535173471630000,112610,-1.145567122,2.70119133,0.96485975,-0.39367449,-0.143692835,0.375374334,0.826720554
1497535173481630000,112611,-1.142489634,2.702965736,0.964669003,-0.392050977,-0.145196104,0.37938014,0.825399801
1497535173491630000,112612,-1.139503309,2.704667666,0.964510636,-0.391386929,-0.146868124,0.383303292,0.823604646
1497535173501480000,112613,-1.136392847,2.706193287,0.964343077,-0.390537911,-0.148266231,0.387076247,0.821991024
1497535173511610000,112614,-1.133295353,2.707782002,0.964113811,-0.389241708,-0.149164449,0.390952818,0.820607552
1497535173521620000,112615,-1.130292606,2.709225375,0.963601001,-0.388109314,-0.150147117,0.394566177,0.819234115
1497535173531660000,112616,-1.127200261,2.710729795,0.96327508,-0.387161395,-0.152297526,0.398564823,0.817347906
1497535173541620000,112617,-1.124028418,2.712086226,0.962764459,-0.385477852,-0.153295604,0.402766489,0.815896096
1497535173551620000,112618,-1.120886973,2.713400869,0.962042425,-0.384439869,-0.154389399,0.406597985,0.814277581
1497535173561610000,112619,-1.117758694,2.714678332,0.961351998,-0.38272366,-0.155385488,0.410312773,0.813032212
1497535173571620000,112620,-1.114447348,2.716170035,0.96087182,-0.381859199,-0.157864528,0.414396566,0.810887063
1497535173581630000,112621,-1.108628137,2.716089081,0.95962051,-0.380633152,-0.180919163,0.429004579,0.79896291
1497535173591630000,112622,-1.107942537,2.718820602,0.959254538,-0.37810918,-0.160041539,0.422535676,0.808012226
1497535173601630000,112623,-1.104623807,2.720144893,0.95826443,-0.37563762,-0.161683546,0.426975624,0.806502713
1497535173611600000,112624,-1.101351598,2.721342926,0.957015059,-0.373678946,-0.162921566,0.431183702,0.804923117
1497535173621520000,112625,-1.098020276,2.722713155,0.955925248,-0.37202966,-0.164994045,0.435760133,0.802797611
1497535173631610000,112626,-1.094664444,2.724042471,0.954590604,-0.36930174,-0.165777641,0.440070617,0.801543418
1497535173641630000,112627,-1.091250904,2.725434687,0.95332269,-0.367453779,-0.168041112,0.444887073,0.799259281
1497535173651630000,112628,-1.087906207,2.726605059,0.951830983,-0.364317185,-0.168597204,0.449515334,0.797987428
1497535173661550000,112629,-1.084528332,2.727931695,0.950209044,-0.361232066,-0.170753243,0.454117111,0.796324289
1497535173671630000,112630,-1.081142443,2.729026606,0.948416502,-0.357740411,-0.172012968,0.459226133,0.794697864
1497535173681600000,112631,-1.077632299,2.730321034,0.946702561,-0.353686777,-0.173699979,0.463776318,0.793502053
1497535173691620000,112632,-1.074239354,2.731458527,0.944707415,-0.350897628,-0.176294603,0.468861706,0.791176193
1497535173701550000,112633,-1.070660977,2.732703421,0.942879075,-0.346674806,-0.177331179,0.473845119,0.789836081
1497535173711600000,112634,-1.067097982,2.73403468,0.94084438,-0.343173792,-0.180098095,0.478919513,0.787675393
1497535173721590000,112635,-1.063431926,2.73526348,0.938799089,-0.339018334,-0.181722331,0.484172672,0.785888279
1497535173731570000,112636,-1.059736389,2.736584326,0.936537526,-0.334663135,-0.183040014,0.48923604,0.784311824
1497535173741520000,112637,-1.055960263,2.737958637,0.934358705,-0.331234995,-0.184012043,0.49430449,0.782359264
1497535173751630000,112638,-1.052007707,2.739532623,0.932367022,-0.327524707,-0.185367902,0.4994182,0.780351055
1497535173761650000,112639,-1.048175899,2.741000745,0.929928645,-0.323876029,-0.185633119,0.504353351,0.778634934
1497535173771670000,112640,-1.044212625,2.742598831,0.927737038,-0.320197171,-0.186715786,0.509129868,0.776786821
1497535173781630000,112641,-1.040344314,2.744303034,0.925659311,-0.316699993,-0.187424971,0.513846414,0.774941841
1497535173791640000,112642,-1.036490182,2.746014539,0.923738264,-0.313448039,-0.188510493,0.518622787,0.772815971
1497535173801630000,112643,-1.032700106,2.747650729,0.921418712,-0.309834206,-0.190263897,0.523430403,0.770599136
1497535173811620000,112644,-1.029040006,2.749171416,0.91892632,-0.305951298,-0.192606427,0.52832885,0.768222099
1497535173821620000,112645,-1.025337169,2.751017568,0.916919938,-0.302353556,-0.194831799,0.533611788,0.765428871
1497535173831640000,112646,-1.021639441,2.752926195,0.915075828,-0.297831593,-0.19697586,0.538418762,0.763283754
1497535173841630000,112647,-1.018285982,2.754578969,0.912933783,-0.294741634,-0.200358897,0.542749131,0.760530777
1497535173851640000,112648,-1.014864301,2.756283194,0.911074677,-0.291681869,-0.203948289,0.547288916,0.757496947
1497535173861610000,112649,-1.011397985,2.757990285,0.909270583,-0.287984016,-0.207707004,0.551331648,0.754954582
1497535173871630000,112650,-1.008208887,2.759450701,0.90708865,-0.284794047,-0.2117732,0.555790605,0.751758782
1497535173881630000,112651,-1.004987562,2.760966049,0.905142942,-0.28058025,-0.215205814,0.560150979,0.749127533
1497535173891640000,112652,-1.001759798,2.762494442,0.903191682,-0.276646113,-0.218978787,0.564149156,0.74649243
1497535173901610000,112653,-0.998544442,2.76401952,0.901200241,-0.272868681,-0.22222326,0.568084692,0.743935003
1497535173911500000,112654,-0.99543592,2.765695342,0.899342357,-0.269026701,-0.224990732,0.57208203,0.741435065
1497535173921640000,112655,-0.992205899,2.76747144,0.897598139,-0.26429729,-0.227567375,0.575956465,0.739347133
1497535173931650000,112656,-0.9891346,2.769169978,0.895567443,-0.259936028,-0.229702541,0.579810869,0.737217308
1497535173941630000,112657,-0.986015386,2.771127066,0.893714853,-0.256061368,-0.231701852,0.583405115,0.735109039
1497535173951630000,112658,-0.982832599,2.773220452,0.891900058,-0.251326661,-0.23353082,0.587506353,0.732894638
1497535173961590000,112659,-0.979872947,2.775255327,0.889888531,-0.247464908,-0.23411821,0.591500286,0.730805853
1497535173971610000,112660,-0.976822335,2.777607524,0.888219626,-0.243985809,-0.23504281,0.595008916,0.728827958
1497535173981620000,112661,-0.97388624,2.77987764,0.886143211,-0.239774199,-0.235267643,0.598868858,0.726989382
1497535173991610000,112662,-0.971067858,2.78221123,0.884000094,-0.235430973,-0.23503596,0.602960865,0.725098993
1497535174001680000,112663,-0.968276979,2.784816748,0.882270322,-0.231349376,-0.236834266,0.606727272,0.72268182
1497535174011620000,112664,-0.965624809,2.787666528,0.880885841,-0.227473105,-0.237538612,0.610843903,0.720209081
1497535174021630000,112665,-0.962875825,2.790733255,0.879751865,-0.223415561,-0.240330549,0.615030271,0.716982901
1497535174031650000,112666,-0.960358549,2.793710635,0.878273672,-0.21967914,-0.241718429,0.619276901,0.714009381
1497535174041640000,112667,-0.957822088,2.796871106,0.876954254,-0.215439109,-0.243556954,0.624159669,0.71041587
1497535174051640000,112668,-0.955360807,2.799958501,0.875119152,-0.210683164,-0.245223836,0.628818513,0.707152849
1497535174061620000,112669,-0.95276747,2.803687003,0.874368216,-0.206661168,-0.247847282,0.633510307,0.703226548
1497535174071600000,112670,-0.950231185,2.807122269,0.872859722,-0.201823463,-0.249423279,0.638595575,0.699464802
1497535174081640000,112671,-0.94774468,2.810781404,0.871446186,-0.197824208,-0.250494937,0.6434488,0.695766851
1497535174091640000,112672,-0.945128664,2.814743312,0.870432205,-0.193437293,-0.252553398,0.648692909,0.691372768
1497535174101640000,112673,-0.942658644,2.818540152,0.869115026,-0.190157787,-0.253358183,0.653693244,0.687266171
1497535174111620000,112674,-0.940177527,2.822618038,0.867924317,-0.186694847,-0.255048426,0.658277678,0.683202629
1497535174121640000,112675,-0.937623832,2.826974631,0.867319609,-0.183389495,-0.255574477,0.663068518,0.679257036
1497535174131650000,112676,-0.935053564,2.831188188,0.866304739,-0.180489859,-0.256090385,0.667690654,0.675300167
1497535174141640000,112677,-0.932633765,2.835443965,0.865067335,-0.1778577,-0.256460471,0.671839448,0.671733892
1497535174151640000,112678,-0.930232019,2.839729596,0.863920005,-0.175906858,-0.256045813,0.676247678,0.667971853
1497535174161640000,112679,-0.927746857,2.844412171,0.863248372,-0.17372758,-0.256800047,0.680288926,0.664138119
1497535174171570000,112680,-0.925419912,2.848987438,0.862203862,-0.171276554,-0.257133959,0.684416125,0.660394607
1497535174181640000,112681,-0.923097869,2.853519095,0.861207032,-0.169050329,-0.256431207,0.688730512,0.656745997
1497535174191650000,112682,-0.920734537,2.858393414,0.860658481,-0.166485573,-0.257442184,0.692926627,0.652578551
1497535174201600000,112683,-0.918525813,2.863063427,0.859747426,-0.163490741,-0.257045599,0.697033843,0.649108742
1497535174211620000,112684,-0.91649138,2.867846656,0.858786767,-0.160510024,-0.257468341,0.701038888,0.645361188
1497535174221640000,112685,-0.914524468,2.872633819,0.85793151,-0.157911396,-0.258357267,0.705111549,0.641196707
1497535174231660000,112686,-0.912736736,2.877414025,0.857035872,-0.156644841,-0.259375775,0.708826254,0.636986611
1497535174241650000,112687,-0.911069845,2.882412269,0.856381637,-0.154461057,-0.259598744,0.712853122,0.632922349
1497535174251640000,112688,-0.909492919,2.887289977,0.855586494,-0.153022921,-0.259792243,0.716615463,0.628931041
1497535174261620000,112689,-0.90809967,2.892253296,0.854701027,-0.152635943,-0.26160077,0.719736738,0.624696993
1497535174271570000,112690,-0.90674592,2.897195386,0.854164959,-0.152019885,-0.260967286,0.723538828,0.620707335
1497535174281640000,112691,-0.905484725,2.902367093,0.853447881,-0.151352941,-0.261703298,0.726968048,0.61653964
1497535174291640000,112692,-0.904349079,2.907309285,0.852352678,-0.14987257,-0.261261859,0.730469077,0.612939949
1497535174301640000,112693,-0.903254231,2.912525567,0.851963736,-0.150252807,-0.261694872,0.734076971,0.60833452
1497535174311620000,112694,-0.902231006,2.917859385,0.851500532,-0.148949232,-0.261874824,0.73788517,0.603954616
1497535174321550000,112695,-0.901472208,2.922696716,0.850090177,-0.148163466,-0.261055939,0.741794052,0.599699065
1497535174331650000,112696,-0.900620317,2.927866336,0.849555008,-0.146850608,-0.261368147,0.745071964,0.595809835
1497535174341640000,112697,-0.899945476,2.933018403,0.849025547,-0.14623959,-0.26092742,0.748405679,0.591962671
1497535174351650000,112698,-0.899166491,2.938312221,0.848960209,-0.145148073,-0.260501797,0.751917711,0.587954596
1497535174361630000,112699,-0.898621644,2.943297398,0.848286076,-0.144652776,-0.259593272,0.754759031,0.584829644
1497535174371570000,112700,-0.89802341,2.948177533,0.847377791,-0.143707237,-0.258070156,0.757675087,0.58195918
1497535174381640000,112701,-0.897479412,2.953179303,0.846703392,-0.142990957,-0.256213256,0.760813609,0.578853182
1497535174391640000,112702,-0.897059905,2.958244842,0.845922943,-0.142293266,-0.255101274,0.763834986,0.575527655
1497535174401640000,112703,-0.89669329,2.963438122,0.845270569,-0.139995425,-0.254156434,0.76709219,0.572167249
1497535174411590000,112704,-0.896482689,2.968579365,0.84413024,-0.13794669,-0.251889219,0.770902088,0.568535402
1497535174421600000,112705,-0.896297144,2.97416105,0.843562886,-0.136293722,-0.252289016,0.774136503,0.564346479
1497535174431640000,112706,-0.896192895,2.979662939,0.843415629,-0.133879327,-0.251586001,0.778034379,0.559860085
1497535174441600000,112707,-0.896334775,2.985208017,0.843044136,-0.131191969,-0.252393487,0.781763692,0.554915962
1497535174451600000,112708,-0.896511419,2.990749666,0.842690395,-0.12973794,-0.255287454,0.784719487,0.549737856
1497535174461580000,112709,-0.896723201,2.996461356,0.84254017,-0.125907024,-0.256962127,0.788676085,0.544157992
1497535174471670000,112710,-0.897145388,3.001922498,0.841466653,-0.122631723,-0.260294594,0.792282912,0.538048299
1497535174481670000,112711,-0.897623927,3.008082311,0.842184278,-0.117506918,-0.264071198,0.795782834,0.532154308
1497535174491650000,112712,-0.898242783,3.013655277,0.841006735,-0.113857162,-0.267263591,0.799482293,0.525770656
1497535174501650000,112713,-0.898851769,3.020322032,0.841572816,-0.108858115,-0.271504966,0.80296335,0.519311874
1497535174511630000,112714,-0.899871796,3.026647095,0.841282842,-0.104445318,-0.274786541,0.80659863,0.512817885
1497535174521580000,112715,-0.900757544,3.033756215,0.842212693,-0.100895793,-0.279544211,0.810120056,0.505351924
1497535174531660000,112716,-0.901973209,3.04079463,0.842808869,-0.097180754,-0.282494547,0.813650328,0.498724248
1497535174541650000,112717,-0.903207738,3.047903627,0.842940064,-0.095913141,-0.286792282,0.816875032,0.491188394
1497535174551640000,112718,-0.904504176,3.055476007,0.843755689,-0.095955833,-0.290487958,0.819638865,0.484356641
1497535174561620000,112719,-0.905939734,3.062821933,0.843481309,-0.095152109,-0.293797086,0.822978365,0.476797608
1497535174571650000,112720,-0.907537771,3.070154661,0.842588637,-0.092656679,-0.296902745,0.826769554,0.468738311
1497535174581640000,112721,-0.909064125,3.077725179,0.84220612,-0.090635034,-0.300155526,0.830859676,0.45974357
1497535174591650000,112722,-0.910727106,3.085709759,0.842123069,-0.089259153,-0.304315432,0.834278874,0.451002974
1497535174601640000,112723,-0.912383576,3.093626842,0.841582303,-0.086005658,-0.307628243,0.838114496,0.442189984
1497535174611630000,112724,-0.914073877,3.101801704,0.841165414,-0.083383182,-0.310938669,0.842135786,0.432633455
1497535174621710000,112725,-0.915921997,3.109944604,0.840651035,-0.080796246,-0.313778968,0.845718718,0.42399832
1497535174631660000,112726,-0.917844727,3.118146784,0.839939828,-0.078215808,-0.31595244,0.849605145,0.41500294
1497535174641650000,112727,-0.919895353,3.126276782,0.839228948,-0.075819398,-0.318277587,0.853249435,0.406098754
1497535174651640000,112728,-0.922151812,3.134492123,0.838650773,-0.074489164,-0.318723594,0.856982389,0.398055046
1497535174661630000,112729,-0.92457684,3.142550797,0.838047484,-0.073555664,-0.319229307,0.860630842,0.389867629
1497535174671650000,112730,-0.927230314,3.150500235,0.837385015,-0.072441047,-0.320222982,0.864129512,0.38143115
1497535174681650000,112731,-0.929975342,3.158665983,0.83713335,-0.071871722,-0.321281273,0.867405759,0.373122029
1497535174691650000,112732,-0.932953502,3.166626308,0.836749031,-0.071146519,-0.32214566,0.871039644,0.363937199
1497535174701600000,112733,-0.936100448,3.17436147,0.836263241,-0.070038713,-0.322397266,0.874746955,0.354925831
1497535174711630000,112734,-0.939345363,3.182027996,0.835747639,-0.068454435,-0.323086814,0.87837958,0.345511526
1497535174721650000,112735,-0.942624954,3.189445342,0.83498742,-0.066450861,-0.323770971,0.881756864,0.33654342
1497535174731680000,112736,-0.945929949,3.196757036,0.834682763,-0.063751637,-0.324985731,0.884969822,0.327335331
1497535174741660000,112737,-0.949284282,3.203863774,0.834142009,-0.060057753,-0.326028577,0.887970173,0.318759165
1497535174751640000,112738,-0.952728486,3.210672282,0.833510905,-0.057764902,-0.327004371,0.890753806,0.310304713
1497535174761600000,112739,-0.956130034,3.217346691,0.83322698,-0.055016199,-0.327359048,0.89370042,0.301842395
1497535174771660000,112740,-0.959800017,3.223754402,0.832645234,-0.051210223,-0.328029691,0.896402753,0.293659904
1497535174781660000,112741,-0.963437957,3.22996931,0.83221424,-0.048645374,-0.329506359,0.898540997,0.285802842
1497535174791650000,112742,-0.967263406,3.235915226,0.831998989,-0.045232291,-0.330444214,0.900937885,0.277617703
1497535174801660000,112743,-0.971196829,3.241657108,0.831477277,-0.042997908,-0.331176274,0.903092666,0.269994615
1497535174811630000,112744,-0.975214206,3.247215632,0.831255336,-0.040172755,-0.333954194,0.904553706,0.261998738
1497535174821650000,112745,-0.979212983,3.252589622,0.831108441,-0.038504246,-0.334957865,0.906544619,0.253963592
1497535174831670000,112746,-0.983236563,3.257728699,0.830851165,-0.037072914,-0.337785743,0.907768685,0.245931707
1497535174841650000,112747,-0.987140954,3.262820323,0.831119754,-0.034792154,-0.339841303,0.909112155,0.238353697
1497535174851620000,112748,-0.990976017,3.267710385,0.830279274,-0.031807892,-0.340990005,0.910769193,0.230680627
1497535174861550000,112749,-0.994500367,3.272494165,0.82978012,-0.028875041,-0.342496958,0.912205416,0.223032159
1497535174871660000,112750,-0.997836788,3.277288798,0.829422676,-0.025207543,-0.342978239,0.913862842,0.215836078
1497535174881660000,112751,-1.001053478,3.281859046,0.828569288,-0.02093811,-0.342938406,0.915594716,0.208904671
1497535174891650000,112752,-1.003950433,3.28646495,0.828111177,-0.017600822,-0.34222482,0.917398819,0.202365487
1497535174901660000,112753,-1.006824527,3.290977524,0.827290034,-0.013879369,-0.342257721,0.918844167,0.195939818
1497535174911570000,112754,-1.009398564,3.295262173,0.826629586,-0.011148673,-0.342495888,0.920012054,0.190131783
1497535174921660000,112755,-1.011856106,3.299540314,0.826067711,-0.007899807,-0.341419277,0.921498117,0.184964025
1497535174931660000,112756,-1.014145155,3.303816272,0.825318856,-0.005238315,-0.339153273,0.923360275,0.179870565
1497535174941650000,112757,-1.016310828,3.30781744,0.824889592,-0.002257962,-0.337635323,0.92484,0.175123567
1497535174951570000,112758,-1.018463611,3.31173758,0.823998873,-0.000103938,-0.336001845,0.926316693,0.170411661
1497535174961530000,112759,-1.020384864,3.315617131,0.823703345,0.001738997,-0.334599232,0.927584956,0.166212152
1497535174971640000,112760,-1.022356376,3.31918266,0.823077554,0.002667065,-0.331951221,0.929182529,0.162545692
1497535174981650000,112761,-1.024136908,3.322657974,0.822569589,0.004228211,-0.330800657,0.930143568,0.159329818
1497535174991670000,112762,-1.025872004,3.326008577,0.82243737,0.004633001,-0.329834511,0.930992368,0.156335989
1497535175001610000,112763,-1.027803208,3.329139311,0.821731936,0.004275925,-0.328078666,0.932098096,0.15342505
1497535175011630000,112764,-1.029444054,3.332299766,0.821532682,0.003971474,-0.326993478,0.932982569,0.150343
1497535175021640000,112765,-1.0312494,3.335135137,0.820921955,0.003093034,-0.325089509,0.934049459,0.147847396
1497535175031640000,112766,-1.032911731,3.337974356,0.819862132,0.003018942,-0.323695012,0.934954797,0.145161816
1497535175041650000,112767,-1.034450472,3.340924785,0.819551674,0.00200029,-0.32068516,0.936409782,0.142456121
1497535175051680000,112768,-1.035861143,3.343683274,0.818850128,0.001781827,-0.319134854,0.937305999,0.140025833
1497535175061640000,112769,-1.037238792,3.346397702,0.817747924,0.002291671,-0.317312152,0.938330744,0.137270397
1497535175071660000,112770,-1.03853493,3.348982381,0.81686334,0.002584012,-0.315071781,0.939400095,0.13509462
1497535175081640000,112771,-1.039620047,3.351570312,0.816303655,0.001006789,-0.312620419,0.940536997,0.132881968
1497535175091670000,112772,-1.040716955,3.354028503,0.815233574,0.001051567,-0.310091832,0.941628862,0.131061193
1497535175101630000,112773,-1.041765406,3.356529284,0.814229399,6.58E-05,-0.306530878,0.94308236,0.128974719
1497535175111640000,112774,-1.042861426,3.358845876,0.812854787,-0.000989995,-0.30364746,0.944322039,0.126700931
1497535175121570000,112775,-1.043779885,3.361105874,0.811516758,-0.001230863,-0.300014987,0.945729961,0.124837229
1497535175131580000,112776,-1.044393621,3.363432913,0.811226351,-0.001859116,-0.297073896,0.946854059,0.123333025
1497535175141700000,112777,-1.04513598,3.365473925,0.80958053,-0.002285587,-0.293496879,0.948171696,0.121757104
1497535175151690000,112778,-1.045584987,3.367637158,0.808687097,-0.002645253,-0.290430301,0.94930081,0.120296364
1497535175161630000,112779,-1.046007977,3.3696914,0.807486438,-0.0029489,-0.286987642,0.950486815,0.119181425
1497535175171670000,112780,-1.046375419,3.371639131,0.805923041,-0.003578856,-0.282265504,0.952030692,0.118114094
1497535175181660000,112781,-1.046749243,3.373524078,0.804578008,-0.004765826,-0.277633298,0.953430453,0.117759968
1497535175191660000,112782,-1.046994203,3.375305295,0.803593646,-0.006304564,-0.274045165,0.95451255,0.11732558
1497535175201610000,112783,-1.047238183,3.376943184,0.802532141,-0.008006937,-0.269996728,0.955659335,0.11727272
1497535175211630000,112784,-1.047593538,3.378569622,0.8012343,-0.009397955,-0.266680957,0.956600739,0.117081048
1497535175221650000,112785,-1.047938072,3.379991198,0.799747502,-0.011112743,-0.26368755,0.957422395,0.116994619
1497535175231660000,112786,-1.048251842,3.381386918,0.798669534,-0.011484497,-0.261227818,0.958097822,0.116947413
1497535175241640000,112787,-1.048591311,3.382786592,0.79764906,-0.013265755,-0.257691992,0.959081796,0.116537398
1497535175251670000,112788,-1.048817484,3.38409797,0.796906694,-0.013038621,-0.256725676,0.959322624,0.116713434
1497535175261630000,112789,-1.049202822,3.385307263,0.795656362,-0.013742244,-0.253901221,0.960121604,0.116240383
1497535175271660000,112790,-1.049536239,3.386526536,0.794418206,-0.013873439,-0.251970189,0.960613158,0.116365423
1497535175281660000,112791,-1.049769941,3.387648303,0.793472858,-0.013746205,-0.250927853,0.960880091,0.116428974
1497535175291660000,112792,-1.049987813,3.388828178,0.792420163,-0.014498567,-0.248298342,0.96152442,0.116655536
1497535175301660000,112793,-1.050187219,3.389887777,0.79124184,-0.014274021,-0.2479122,0.961574433,0.117091429
1497535175311530000,112794,-1.050220597,3.391068844,0.790440557,-0.014968271,-0.244670444,0.962297382,0.117881609
1497535175321660000,112795,-1.050278965,3.392216483,0.789328304,-0.015271422,-0.243674263,0.962484207,0.11837985
1497535175331670000,112796,-1.050145791,3.393450405,0.788224156,-0.01561267,-0.240199011,0.963211822,0.119514287
1497535175341670000,112797,-1.049929853,3.394578583,0.787255622,-0.015529591,-0.238226573,0.963593894,0.120389945
1497535175351670000,112798,-1.049746379,3.395820834,0.786726445,-0.015336676,-0.236458906,0.963929495,0.121210147
1497535175361640000,112799,-1.049658716,3.396962051,0.785544692,-0.014943837,-0.233785124,0.964460653,0.122216391
1497535175371660000,112800,-1.049559543,3.398080768,0.784915989,-0.014209919,-0.232252634,0.964794434,0.122590749
1497535175381650000,112801,-1.049639992,3.399196148,0.784221216,-0.014459294,-0.22909056,0.965475823,0.123145766
1497535175391660000,112802,-1.049800888,3.400141868,0.783481321,-0.014864791,-0.228048502,0.965749557,0.122884954
1497535175401650000,112803,-1.049734751,3.401137431,0.783533084,-0.015282514,-0.226630825,0.966066248,0.122967145
1497535175411650000,112804,-1.04972455,3.401950709,0.783439664,-0.016798374,-0.226196051,0.96602757,0.123870481
1497535175421660000,112805,-1.049802745,3.402589634,0.782740126,-0.017674354,-0.224429854,0.966345011,0.124483641
1497535175431670000,112806,-1.049653859,3.403289658,0.782338666,-0.018596856,-0.222246191,0.966655069,0.125852157
1497535175441630000,112807,-1.049381413,3.403874157,0.782308573,-0.019732652,-0.220702072,0.966788858,0.127359815
1497535175451710000,112808,-1.049036953,3.404267085,0.782477809,-0.020209388,-0.220018681,0.966751078,0.128746705
1497535175461570000,112809,-1.048647751,3.404603065,0.782451343,-0.021527803,-0.218941879,0.966718404,0.130600666
1497535175471670000,112810,-1.048332358,3.404772488,0.782512163,-0.022178684,-0.218708075,0.966510077,0.132412823
1497535175481660000,112811,-1.0479692,3.404877234,0.782865179,-0.022936974,-0.218403843,0.966357623,0.133890255
1497535175491670000,112812,-1.047716287,3.40484406,0.782983801,-0.023462448,-0.218563836,0.966152426,0.135014271
1497535175501680000,112813,-1.047483416,3.404654178,0.783255796,-0.023556784,-0.219891998,0.965690637,0.136140301
1497535175511640000,112814,-1.047283247,3.404403924,0.783477554,-0.023035412,-0.221272041,0.965248049,0.137128616
1497535175521630000,112815,-1.04706407,3.404098893,0.783917912,-0.022314587,-0.222514845,0.964829723,0.138176726
1497535175531620000,112816,-1.0469817,3.40369998,0.784071526,-0.021545351,-0.222690271,0.964660856,0.139191502
1497535175541570000,112817,-1.046846962,3.403263533,0.784680117,-0.021607977,-0.22265889,0.96449671,0.14036456
1497535175551660000,112818,-1.04689021,3.402630096,0.784869158,-0.021616759,-0.22295208,0.964271807,0.141438922
1497535175561640000,112819,-1.04685719,3.401962932,0.785638066,-0.021796735,-0.224356099,0.963739394,0.142813246
1497535175571660000,112820,-1.046963733,3.401193009,0.786348357,-0.023626357,-0.223965243,0.963593692,0.144113018
1497535175581670000,112821,-1.047196998,3.400323475,0.786906475,-0.025633989,-0.224270012,0.963267272,0.145471725
1497535175591670000,112822,-1.047450591,3.399318476,0.78744652,-0.027147991,-0.225669494,0.962663125,0.147023719
1497535175601660000,112823,-1.047613126,3.398369001,0.788690491,-0.028121662,-0.226562742,0.962182136,0.148606976
1497535175611640000,112824,-1.048035603,3.39717614,0.788971352,-0.028902473,-0.226669897,0.961976011,0.149624726
1497535175621610000,112825,-1.048385259,3.396060815,0.790130741,-0.029425872,-0.22762824,0.961550068,0.150801093
1497535175631680000,112826,-1.048930828,3.394744473,0.790588985,-0.030096189,-0.229071474,0.961003659,0.151961994
1497535175641680000,112827,-1.049339078,3.393420617,0.791484359,-0.029448369,-0.230983437,0.960427659,0.152833755
1497535175651670000,112828,-1.049914967,3.391964115,0.792357597,-0.029508771,-0.231963961,0.959948587,0.15433944
1497535175661670000,112829,-1.050253464,3.390776442,0.794177031,-0.029703239,-0.233243552,0.959545934,0.15487661
1497535175671500000,112830,-1.050880772,3.389270637,0.794951373,-0.030397313,-0.234539376,0.959092697,0.155590756
1497535175681670000,112831,-1.051554934,3.387775831,0.795825683,-0.029971239,-0.234869279,0.958724125,0.157436332
1497535175691670000,112832,-1.052165758,3.386258489,0.796746914,-0.031154605,-0.235773826,0.958375056,0.157978942
1497535175701590000,112833,-1.052993765,3.384629997,0.797475593,-0.031538744,-0.235887091,0.958090054,0.159455438
1497535175711650000,112834,-1.053556908,3.383102465,0.799011929,-0.032921843,-0.235663864,0.957873561,0.160800924
1497535175721660000,112835,-1.054535457,3.381190875,0.799600449,-0.034718717,-0.235474303,0.957569724,0.162501345
1497535175731670000,112836,-1.05556363,3.379235423,0.799910635,-0.036643533,-0.234941888,0.957326501,0.164272732
1497535175741670000,112837,-1.056323613,3.377240688,0.801545827,-0.038645776,-0.236706212,0.956601206,0.165501682
1497535175751680000,112838,-1.057242228,3.375240086,0.802765077,-0.040791345,-0.236175773,0.956244854,0.16778811
1497535175761640000,112839,-1.058363603,3.372920564,0.803145489,-0.042810602,-0.23587275,0.955948347,0.169393199
1497535175771660000,112840,-1.058939779,3.370794656,0.805542522,-0.043537983,-0.237536147,0.955139751,0.171432435
1497535175781660000,112841,-1.05997086,3.368312035,0.80592169,-0.04549338,-0.23833632,0.954457128,0.173602252
1497535175791670000,112842,-1.06087099,3.365677382,0.806436262,-0.045917073,-0.240459569,0.953435606,0.176157213
1497535175801670000,112843,-1.061551644,3.363150953,0.807406174,-0.046497126,-0.242181861,0.952538962,0.178481062
1497535175811640000,112844,-1.062456572,3.360540494,0.808158646,-0.046884424,-0.244315956,0.951434538,0.181339141
1497535175821730000,112845,-1.062920121,3.357893369,0.809254511,-0.047432435,-0.246851109,0.950198119,0.184223313
1497535175831670000,112846,-1.063856692,3.35506861,0.808442058,-0.047620904,-0.247741079,0.949341076,0.187371631
1497535175841660000,112847,-1.064369963,3.352513522,0.809250036,-0.04859208,-0.249877835,0.948127685,0.190404226
1497535175851630000,112848,-1.064802017,3.350003378,0.81033652,-0.05051878,-0.251252879,0.947054486,0.193410557
1497535175861540000,112849,-1.065154943,3.34745403,0.810736544,-0.05164503,-0.251832851,0.946122809,0.196887371
1497535175871640000,112850,-1.065392441,3.345098814,0.811288204,-0.052551687,-0.252453693,0.945227858,0.200124337
1497535175881710000,112851,-1.065687893,3.342614841,0.81131373,-0.054527894,-0.251977446,0.944480892,0.203690746
1497535175891710000,112852,-1.065721343,3.34017907,0.81125079,-0.056890268,-0.251717871,0.943473294,0.207989793
1497535175901560000,112853,-1.065559845,3.338004964,0.811688284,-0.059346379,-0.249015131,0.943103377,0.212192112
1497535175911700000,112854,-1.065682916,3.335556071,0.810700179,-0.062822295,-0.246586003,0.942410165,0.217052488
1497535175921620000,112855,-1.065338914,3.333199739,0.811642252,-0.066509586,-0.245904207,0.941137562,0.222188398
1497535175931680000,112856,-1.065251722,3.330653197,0.810993755,-0.069421714,-0.242655119,0.940516844,0.227436111
1497535175941680000,112857,-1.064772287,3.328286155,0.812385328,-0.073741072,-0.243061902,0.938833652,0.232539329
1497535175951660000,112858,-1.064726815,3.325546032,0.811724825,-0.076888056,-0.241981918,0.937582639,0.237637906
1497535175961540000,112859,-1.064215255,3.322960822,0.812996068,-0.07998192,-0.241195201,0.936142766,0.24303187
1497535175971620000,112860,-1.06380742,3.320327078,0.814029917,-0.082486188,-0.242543573,0.934424088,0.247427297
1497535175981680000,112861,-1.063701504,3.31739048,0.814207134,-0.084150543,-0.244181135,0.932568596,0.252210377
1497535175991670000,112862,-1.063310082,3.31455113,0.815576159,-0.08651809,-0.244950958,0.930788422,0.257189739
1497535176001680000,112863,-1.062977008,3.311637835,0.817118921,-0.087553042,-0.248091467,0.928559443,0.261844324
1497535176011660000,112864,-1.062811363,3.308557741,0.81786533,-0.090143241,-0.250349317,0.926444648,0.266270031
1497535176021660000,112865,-1.062480496,3.305333894,0.819715219,-0.092083447,-0.254435113,0.923655643,0.271373663
1497535176031680000,112866,-1.062176482,3.3022726,0.821334528,-0.094057721,-0.256987941,0.921452179,0.275746669
1497535176041680000,112867,-1.061971853,3.298858474,0.821980038,-0.095649013,-0.261471539,0.918724017,0.280053709
1497535176051660000,112868,-1.061394468,3.295668278,0.824139542,-0.097165144,-0.264951274,0.916115028,0.28476835
1497535176061630000,112869,-1.060964148,3.292360345,0.825576149,-0.098435005,-0.26938241,0.913308549,0.289155946
1497535176071580000,112870,-1.060255044,3.289141863,0.827677834,-0.099846939,-0.271709321,0.910959887,0.293865137
1497535176081710000,112871,-1.059433109,3.285913393,0.82996182,-0.100435689,-0.276256984,0.908060644,0.29836323
1497535176091670000,112872,-1.05899414,3.282401926,0.830231214,-0.101006853,-0.278440286,0.905804368,0.302963809
1497535176101750000,112873,-1.058873758,3.278431778,0.828953081,-0.102767561,-0.279161963,0.903563283,0.308351779
1497535176111640000,112874,-1.057975194,3.27506415,0.830298066,-0.104244969,-0.281456951,0.90106836,0.313034793
1497535176121620000,112875,-1.065175398,3.255016264,0.842024501,0.013271332,-0.31682184,0.905299675,0.282631016
1497535176131680000,112876,-1.064450246,3.251475599,0.843452911,0.012113204,-0.313676005,0.905258251,0.286300775
1497535176141670000,112877,-1.063636388,3.248163061,0.844480083,0.010531456,-0.312414216,0.90426392,0.290849118
1497535176151670000,112878,-1.062999101,3.244531919,0.84555951,0.011090036,-0.309031596,0.904158614,0.29474342
1497535176161620000,112879,-1.062160158,3.24104175,0.84651942,0.009618192,-0.305034834,0.903956452,0.299539603
1497535176171600000,112880,-1.061387016,3.237394417,0.847554451,0.008959347,-0.301248832,0.903885724,0.303577781
1497535176181690000,112881,-1.06039978,3.233970948,0.848506315,0.007376202,-0.299023818,0.903135878,0.308019373
1497535176191670000,112882,-1.059585651,3.230422619,0.849630839,0.007276367,-0.294387229,0.903541156,0.311282176
1497535176201580000,112883,-1.058687818,3.226932119,0.850387254,0.007521532,-0.292354523,0.902607483,0.315867047
1497535176211660000,112884,-1.057746663,3.223287066,0.851475036,0.00648251,-0.288357197,0.902770049,0.319083598
1497535176221690000,112885,-1.056627965,3.220082577,0.852402629,0.003803681,-0.286679578,0.901791292,0.323377205
1497535176231690000,112886,-1.055791112,3.216321678,0.85314714,0.005541706,-0.282429419,0.901885807,0.326810195
1497535176241690000,112887,-1.054795036,3.212928872,0.854110169,0.004906726,-0.279420882,0.901499046,0.330453272
1497535176251710000,112888,-1.053683535,3.209434051,0.855151528,0.003784115,-0.277006076,0.900989461,0.333873188
1497535176261580000,112889,-1.052589063,3.205929644,0.856232265,0.003020775,-0.274935216,0.900596485,0.33664146
1497535176271700000,112890,-1.051441486,3.202730049,0.857173543,0.00232596,-0.273268661,0.899792498,0.340135694
1497535176281700000,112891,-1.050334632,3.199152749,0.85805293,0.002436692,-0.271462311,0.899402501,0.342603878
1497535176381680000,112892,-1.025573872,3.181965249,0.842566657,-0.160477431,-0.274104844,0.839937396,0.440021249
1497535176391620000,112893,-1.02220392,3.179820509,0.84044074,-0.147488678,-0.293824758,0.838173848,0.435176634
1497535176401690000,112894,-1.02052967,3.176404636,0.840589729,-0.148785557,-0.294392697,0.836063635,0.438398672
1497535176411670000,112895,-1.01872682,3.173181953,0.840681704,-0.149958555,-0.294153373,0.834145331,0.441800625
1497535176421680000,112896,-1.017011879,3.169631656,0.84050366,-0.150419922,-0.296769462,0.831536623,0.444801728
1497535176431680000,112897,-1.015158889,3.166199229,0.840354244,-0.151714619,-0.297247338,0.829664361,0.447530717
1497535176441710000,112898,-1.013160709,3.162675563,0.840190428,-0.151786484,-0.297968183,0.827566137,0.450899228
1497535176451710000,112899,-1.010883931,3.159314498,0.83994505,-0.152312522,-0.297427316,0.825711691,0.454464621
1497535176461610000,112900,-1.008811485,3.15576079,0.839607065,-0.152249887,-0.297677157,0.823545294,0.458237309
1497535176471680000,112901,-1.006520987,3.152275574,0.839463413,-0.152926977,-0.298404371,0.821297857,0.461560399
1497535176481690000,112902,-1.004232833,3.148800802,0.839053563,-0.153176293,-0.297686151,0.819552191,0.46503138
1497535176491650000,112903,-1.001809512,3.145368331,0.838873315,-0.153327344,-0.298758556,0.817357207,0.468146609
1497535176501680000,112904,-0.999413996,3.142047895,0.83866266,-0.154135259,-0.297426956,0.815794794,0.471442872
1497535176511660000,112905,-0.997056738,3.138503758,0.837998919,-0.154209603,-0.297119172,0.813960356,0.474771666
1497535176521670000,112906,-0.994616628,3.135208528,0.837869495,-0.155522885,-0.296204446,0.812452983,0.477488962
1497535176531670000,112907,-0.992251637,3.131820046,0.837363937,-0.155907089,-0.294779411,0.811028642,0.480656446
1497535176541680000,112908,-0.98995739,3.128464453,0.837291143,-0.156651051,-0.294568642,0.809365112,0.483340335
1497535176551670000,112909,-0.987678862,3.125104844,0.836986868,-0.157569128,-0.292722962,0.807826602,0.486725199
1497535176561640000,112910,-0.985388579,3.121698389,0.836947077,-0.159063687,-0.292136184,0.806058306,0.489515271
1497535176571680000,112911,-0.983167727,3.118393101,0.836759201,-0.160373534,-0.289524994,0.804677423,0.492899434
1497535176581640000,112912,-0.980907908,3.114916348,0.836790441,-0.161339865,-0.288897327,0.802719787,0.496133778
1497535176591600000,112913,-0.978807227,3.111427406,0.836658853,-0.163040861,-0.287001697,0.801347954,0.498887924
1497535176601570000,112914,-0.976581544,3.107920123,0.836775223,-0.163673022,-0.286048543,0.799486127,0.502204446
1497535176611540000,112915,-0.97452981,3.104316849,0.836646262,-0.165147776,-0.284407255,0.79798033,0.505040711
1497535176621670000,112916,-0.972441909,3.100697209,0.836939817,-0.166260222,-0.283218299,0.796071353,0.508345684
1497535176631680000,112917,-0.970434949,3.097024286,0.83713824,-0.167432863,-0.282912801,0.794052522,0.511279938
1497535176641690000,112918,-0.968424728,3.093330654,0.837377147,-0.168792493,-0.280869264,0.792346164,0.514596063
1497535176651690000,112919,-0.96648135,3.089566088,0.838020503,-0.169120615,-0.281151823,0.790157881,0.517689475
1497535176661680000,112920,-0.964588796,3.085671689,0.838350413,-0.17030868,-0.280553105,0.788264551,0.520503513
1497535176671600000,112921,-0.962781703,3.081780839,0.838654287,-0.171489672,-0.279813236,0.786344585,0.523410011
1497535176681690000,112922,-0.961033726,3.077948827,0.839527735,-0.173491464,-0.280038854,0.7840987,0.525992567
1497535176691680000,112923,-0.959323361,3.074092606,0.840226757,-0.174817079,-0.279896179,0.781823513,0.529007668
1497535176701690000,112924,-0.95781429,3.07012566,0.840947125,-0.176402132,-0.279306491,0.780006496,0.531469696
1497535176711660000,112925,-0.95628278,3.066252042,0.842136208,-0.17814962,-0.280592252,0.777405473,0.534014449
1497535176721690000,112926,-0.954810424,3.062432143,0.843345874,-0.181005385,-0.279823994,0.77504654,0.536878425
1497535176731590000,112927,-0.953457808,3.058510519,0.844435903,-0.183039279,-0.28054826,0.772534944,0.539424746
1497535176741690000,112928,-0.952029781,3.054498023,0.845700555,-0.184892794,-0.281119189,0.770350045,0.541615605
1497535176751680000,112929,-0.950573527,3.05063871,0.847287587,-0.187171281,-0.282207013,0.767596077,0.544171274
1497535176761590000,112930,-0.949093889,3.04654676,0.848550383,-0.188307209,-0.283479726,0.765371386,0.546247455
1497535176771700000,112931,-0.947699626,3.042739206,0.850464039,-0.18832079,-0.283964872,0.763257527,0.548941872
1497535176781640000,112932,-0.946314429,3.038688,0.851978531,-0.188688281,-0.284932264,0.760924261,0.551547465
1497535176791680000,112933,-0.944874139,3.034515309,0.853129556,-0.191352683,-0.285731935,0.758472177,0.55358953
1497535176801710000,112934,-0.943374057,3.030619637,0.854911382,-0.193089771,-0.286489788,0.755829208,0.556203335
1497535176811690000,112935,-0.94195532,3.026756522,0.856797349,-0.195565004,-0.286446998,0.753494681,0.558523243
1497535176821700000,112936,-0.940705993,3.022724064,0.85824087,-0.197462754,-0.284921306,0.75163846,0.561130944
1497535176831610000,112937,-0.939299479,3.019104053,0.860047645,-0.201884716,-0.283567279,0.748586056,0.564314696
1497535176841690000,112938,-0.937955534,3.015434764,0.861627495,-0.206355859,-0.279939709,0.746231493,0.567617457
1497535176851700000,112939,-0.936773085,3.011819049,0.863418025,-0.210320311,-0.27634318,0.744071853,0.570751165
1497535176861650000,112940,-0.935414197,3.008488086,0.865158163,-0.217037917,-0.273324157,0.740740788,0.57401353
1497535176871710000,112941,-0.934373102,3.004821332,0.866642686,-0.220802939,-0.269924003,0.739044028,0.576368822
1497535176881720000,112942,-0.933300299,3.001509169,0.868732469,-0.224886809,-0.266527111,0.737062926,0.578901947
1497535176891650000,112943,-0.9325863,2.998460207,0.87103481,-0.228641238,-0.264809752,0.734907801,0.580955682
1497535176901700000,112944,-0.932055141,2.995391227,0.873117106,-0.233184462,-0.26290114,0.732527815,0.583018866
1497535176911690000,112945,-0.931767263,2.992613901,0.875809824,-0.237586252,-0.262446603,0.729670431,0.585026167
1497535176921690000,112946,-0.931748396,2.989663324,0.878085466,-0.24309789,-0.261162604,0.727118882,0.586511417
1497535176931690000,112947,-0.931979791,2.986848738,0.880701607,-0.249132733,-0.261816736,0.723422052,0.588256247
1497535176941700000,112948,-0.932426428,2.98406074,0.883439722,-0.25524594,-0.262574111,0.719883333,0.589637459
1497535176951720000,112949,-0.932960457,2.981216591,0.885892808,-0.260935982,-0.262700674,0.716288581,0.5914655
1497535176961600000,112950,-0.933691496,2.97832687,0.888087482,-0.266757211,-0.264772553,0.712350662,0.592699435
1497535176971680000,112951,-0.934222771,2.975714175,0.890726492,-0.27126986,-0.265639131,0.709213946,0.594023648
1497535176981700000,112952,-0.934848308,2.972858979,0.892602509,-0.275336667,-0.26668799,0.706252736,0.595209466
1497535176991680000,112953,-0.93547192,2.970158438,0.894507108,-0.278440018,-0.267936749,0.70389686,0.595995189
1497535177001710000,112954,-0.935990954,2.967443829,0.89616589,-0.281153247,-0.269297064,0.701928162,0.596430045
1497535177011680000,112955,-0.936329325,2.964973574,0.897841458,-0.282483597,-0.26892413,0.700312185,0.597867605
1497535177021690000,112956,-0.936943587,2.962438275,0.899169946,-0.28485011,-0.269069713,0.698697899,0.598567582
1497535177031710000,112957,-0.937397043,2.959961016,0.90039659,-0.28642583,-0.268741037,0.697448876,0.599419356
1497535177041700000,112958,-0.937958336,2.957725711,0.901706471,-0.28830275,-0.267773469,0.695865914,0.600790749
1497535177051720000,112959,-0.938621237,2.955570224,0.90304298,-0.290598144,-0.267256302,0.694239516,0.601795881
1497535177061690000,112960,-0.939271181,2.953401961,0.903921479,-0.292758575,-0.265956508,0.692613632,0.60319641
1497535177071690000,112961,-0.939996679,2.951454999,0.905018439,-0.295575891,-0.263362937,0.69105148,0.604750121
1497535177081720000,112962,-0.940744432,2.949320888,0.905657874,-0.298176344,-0.261907651,0.689626426,0.605731494
1497535177091660000,112963,-0.941398847,2.94746472,0.906528892,-0.300490779,-0.260691844,0.688152765,0.606787299
1497535177101750000,112964,-0.942094595,2.945421259,0.906861687,-0.302280207,-0.258355428,0.686938435,0.608271926
1497535177111690000,112965,-0.942490533,2.943786763,0.907917549,-0.302915385,-0.257504668,0.685752574,0.609653199
1497535177121690000,112966,-0.943068074,2.941744533,0.908103437,-0.304161148,-0.257190283,0.684894701,0.610129825
1497535177131680000,112967,-0.94362088,2.939941031,0.908161107,-0.304685314,-0.256867459,0.683600142,0.61145467
1497535177141700000,112968,-0.944036012,2.938334012,0.908559282,-0.305712248,-0.255622456,0.682798687,0.612358665
1497535177151700000,112969,-0.944349106,2.936931499,0.909267574,-0.306172652,-0.254193194,0.682180197,0.613412019
1497535177161670000,112970,-0.944748012,2.935377824,0.909021784,-0.30636423,-0.252580881,0.681490183,0.614747906
1497535177171690000,112971,-0.945103867,2.934200077,0.909425786,-0.307128684,-0.252109971,0.680904497,0.615208582
1497535177181710000,112972,-0.945483693,2.93311127,0.90961021,-0.307778371,-0.25162953,0.680087054,0.615984295
1497535177191680000,112973,-0.94581658,2.932239825,0.909921626,-0.30824674,-0.250866999,0.679915939,0.616249959
1497535177201710000,112974,-0.946145243,2.931494893,0.910062137,-0.309462,-0.250494565,0.679850872,0.615864055
1497535177211690000,112975,-0.946471206,2.930879523,0.910142158,-0.310107524,-0.249837975,0.679852963,0.615803751
1497535177221710000,112976,-0.946751102,2.930281503,0.909820476,-0.310912468,-0.248442096,0.679562062,0.616283511
1497535177231690000,112977,-0.946999902,2.929937321,0.910020657,-0.31242511,-0.247469177,0.678872816,0.616669488
1497535177241700000,112978,-0.947220522,2.929603922,0.910381755,-0.314409546,-0.246627505,0.677743334,0.617240216
1497535177251700000,112979,-0.947394287,2.929027899,0.910363522,-0.317042414,-0.24427905,0.676232259,0.618483456
1497535177261670000,112980,-0.947439415,2.928508828,0.910674095,-0.319628119,-0.242938857,0.673657283,0.620487262
1497535177271710000,112981,-0.947167058,2.927930929,0.911075538,-0.321871549,-0.241012395,0.671227606,0.622707984
1497535177281700000,112982,-0.946865701,2.927188303,0.911357748,-0.324237438,-0.23827798,0.668747644,0.625196191
1497535177291700000,112983,-0.946371399,2.926408362,0.91150764,-0.325473594,-0.235152,0.666536168,0.628092361
1497535177301690000,112984,-0.945810901,2.925445206,0.911586125,-0.326828539,-0.232331885,0.664507757,0.630582621
1497535177311650000,112985,-0.945113199,2.924332845,0.911623253,-0.32803777,-0.22934641,0.662646536,0.633001591
1497535177321610000,112986,-0.944405202,2.923340048,0.912392604,-0.329326038,-0.227802024,0.660612086,0.635013599
1497535177331670000,112987,-0.943718582,2.922190178,0.912886894,-0.330148738,-0.225744567,0.658898537,0.637098045
1497535177341650000,112988,-0.943121976,2.920938461,0.913929871,-0.330992598,-0.22568202,0.657174427,0.638461666
1497535177351690000,112989,-0.942673963,2.919536354,0.914856887,-0.331741574,-0.226417829,0.655067525,0.639975806
1497535177361820000,112990,-0.942302277,2.918098015,0.915996619,-0.332276959,-0.227806073,0.65292325,0.641395077
1497535177371690000,112991,-0.942166725,2.916504494,0.917133026,-0.333504615,-0.228913309,0.650674047,0.642648156
1497535177381690000,112992,-0.942122621,2.914971926,0.918649694,-0.334729973,-0.23052748,0.648201533,0.64393144
1497535177391710000,112993,-0.942123727,2.913563733,0.920385577,-0.336565284,-0.232196383,0.645729609,0.644858063
1497535177401700000,112994,-0.942447265,2.911906095,0.921781418,-0.339403412,-0.234332742,0.643316678,0.645009412
1497535177411680000,112995,-0.942734575,2.910794507,0.923899197,-0.341623666,-0.236753067,0.640942437,0.645317014
1497535177421690000,112996,-0.943207903,2.909398124,0.925425092,-0.344756474,-0.23817874,0.638970594,0.645081732
1497535177431730000,112997,-0.943619498,2.908087749,0.927139311,-0.347403153,-0.238949679,0.637705359,0.644628556
1497535177441710000,112998,-0.944116141,2.907137538,0.929313013,-0.350788877,-0.239771123,0.636080862,0.644094799
1497535177451720000,112999,-0.944606168,2.905999663,0.931131173,-0.353873234,-0.239758721,0.634615256,0.643857878
1497535177461650000,113000,-0.945262449,2.904768304,0.932884435,-0.3573255,-0.23891688,0.632849291,0.644002319
1497535177471680000,113001,-0.945979481,2.90354962,0.934629268,-0.361151719,-0.238769234,0.630745331,0.643986814
1497535177481680000,113002,-0.946551964,2.90245012,0.936507015,-0.365606259,-0.236792817,0.629082736,0.643829275
1497535177491630000,113003,-0.947382556,2.901309746,0.93821768,-0.370142887,-0.235536754,0.627073918,0.643657504
1497535177501690000,113004,-0.948210289,2.900204133,0.939959814,-0.374276753,-0.233738915,0.624940182,0.643997516
1497535177511670000,113005,-0.949112017,2.899231145,0.94175219,-0.379671811,-0.233174472,0.622996275,0.642926607
1497535177521650000,113006,-0.949865383,2.898231623,0.943586496,-0.383204265,-0.231601262,0.621826275,0.642532047
1497535177531650000,113007,-0.950818124,2.89707811,0.944930679,-0.387328666,-0.231391194,0.62044022,0.641473735
1497535177541690000,113008,-0.951637903,2.895954446,0.946258685,-0.39049264,-0.229677607,0.619730243,0.640857333
1497535177551690000,113009,-0.952504893,2.894714667,0.947758551,-0.39376245,-0.23021517,0.618993277,0.63937425
1497535177561670000,113010,-0.95319924,2.893427898,0.948945634,-0.396044033,-0.229008147,0.61861413,0.638765176
1497535177571600000,113011,-0.953886751,2.892073789,0.950166393,-0.398251933,-0.228916465,0.618142305,0.637881448
1497535177581680000,113012,-0.954544847,2.890483133,0.951125767,-0.399877356,-0.22784698,0.617666494,0.637708363
1497535177591710000,113013,-0.955192859,2.889034611,0.952359946,-0.401108637,-0.228879715,0.617418508,0.636804776
1497535177601650000,113014,-0.955794895,2.887290128,0.953067203,-0.402272457,-0.227934685,0.617396786,0.636430561
1497535177611680000,113015,-0.956443598,2.885476501,0.953559107,-0.403823391,-0.227769006,0.616729048,0.636155037
1497535177621720000,113016,-0.957025242,2.883589443,0.954163878,-0.404874256,-0.227882108,0.615918345,0.636232012
1497535177631660000,113017,-0.95751359,2.881833955,0.95509133,-0.406823869,-0.227898883,0.614621098,0.636236862
1497535177641710000,113018,-0.957870183,2.879783164,0.955702243,-0.40745041,-0.226965686,0.613414395,0.637333132
1497535177651730000,113019,-0.958270784,2.877441447,0.95596358,-0.40903911,-0.226578014,0.61179383,0.638010752
1497535177661640000,113020,-0.958477774,2.874900872,0.956019893,-0.40980813,-0.225641743,0.610175737,0.639397115
1497535177671730000,113021,-0.958479643,2.872165876,0.955940409,-0.410163083,-0.224336954,0.608771604,0.64096514
1497535177681670000,113022,-0.958371012,2.869309641,0.955941388,-0.409938609,-0.223938411,0.607365641,0.642579881
1497535177691710000,113023,-0.958049255,2.866185036,0.95590469,-0.407966935,-0.223161269,0.605940008,0.645444602
1497535177701700000,113024,-0.957741607,2.862717384,0.955321141,-0.406230648,-0.223246207,0.604610646,0.647752853
1497535177711690000,113025,-0.957278159,2.85949059,0.955275531,-0.404729288,-0.224191432,0.603116067,0.649756428
1497535177721700000,113026,-0.956707726,2.85597314,0.954575226,-0.402946575,-0.223260538,0.60206629,0.652154102
1497535177731620000,113027,-0.95623774,2.85247966,0.953935404,-0.401104809,-0.223065108,0.600594968,0.654708007
1497535177741680000,113028,-0.955763802,2.849076285,0.953279562,-0.399734417,-0.223003821,0.599458756,0.656605583
1497535177751710000,113029,-0.955079011,2.845703835,0.952607652,-0.398552032,-0.221985443,0.598326394,0.658698919
1497535177761690000,113030,-0.954477169,2.842022137,0.951387702,-0.396003072,-0.221393011,0.597266273,0.661392244
1497535177771730000,113031,-0.95378438,2.838544338,0.950347207,-0.393988757,-0.220584537,0.596480461,0.663570931
1497535177781620000,113032,-0.953125409,2.8350934,0.949143779,-0.391764177,-0.218510256,0.595648189,0.666316241
1497535177791710000,113033,-0.9524974,2.831681348,0.947855563,-0.389482033,-0.218175436,0.594761007,0.668552593
1497535177801710000,113034,-0.95167059,2.828253721,0.946419717,-0.386756417,-0.214619544,0.59401909,0.671936936
1497535177811690000,113035,-0.951044221,2.824852937,0.944824663,-0.384654748,-0.21117673,0.592728549,0.675365072
1497535177821700000,113036,-0.950443416,2.821316121,0.942897103,-0.383818115,-0.206962101,0.590961258,0.67868633
1497535177831730000,113037,-0.949954392,2.817902007,0.941194868,-0.383821222,-0.20196735,0.588724086,0.682124923
1497535177841700000,113038,-0.949443718,2.814812784,0.93986653,-0.384589613,-0.197395192,0.586204139,0.685193896
1497535177851740000,113039,-0.949058504,2.811454471,0.93794528,-0.385746143,-0.192699456,0.583967223,0.687785661
1497535177861690000,113040,-0.948541363,2.808408444,0.936492426,-0.386920237,-0.189463608,0.58203585,0.689659728
1497535177871710000,113041,-0.947943726,2.80548895,0.935215884,-0.386442749,-0.186561391,0.581048178,0.691548888
1497535177881670000,113042,-0.947415408,2.802478138,0.933705724,-0.386287268,-0.185500163,0.580358479,0.692499727
1497535177891710000,113043,-0.946688781,2.799478679,0.932313062,-0.384620533,-0.184486227,0.580141952,0.693878371
1497535177901710000,113044,-0.9459127,2.796494445,0.931084498,-0.382136246,-0.185005633,0.580837898,0.694530159
1497535177911690000,113045,-0.945192444,2.793485782,0.929727876,-0.380339504,-0.185948291,0.581285693,0.694889946
1497535177921670000,113046,-0.944371747,2.790668338,0.928662613,-0.378013138,-0.186709841,0.581175142,0.696046663
1497535177931700000,113047,-0.943572225,2.787609765,0.927231679,-0.37655454,-0.187790064,0.581134421,0.696580472
1497535177941730000,113048,-0.942828498,2.784672199,0.925989755,-0.375908973,-0.189538027,0.58072188,0.69679974
1497535177951710000,113049,-0.94186659,2.782031843,0.925057798,-0.374795812,-0.190682721,0.580195088,0.697525526
1497535177961670000,113050,-0.940863969,2.779282309,0.92367027,-0.373985571,-0.19159705,0.580141074,0.697754754
1497535177971700000,113051,-0.939740312,2.776448372,0.922203399,-0.371649991,-0.193395621,0.580250569,0.698415131
1497535177981730000,113052,-0.938343923,2.773657693,0.920703837,-0.370051997,-0.193381012,0.580968115,0.698671133
1497535177991710000,113053,-0.936768617,2.771213923,0.919710088,-0.368018437,-0.195083683,0.581669742,0.698688126
1497535178001700000,113054,-0.935121294,2.768719748,0.918474355,-0.365710507,-0.197242017,0.582537102,0.698571355
1497535178011670000,113055,-0.933334194,2.766036056,0.91689093,-0.363048356,-0.197892745,0.58355642,0.698925073
1497535178021670000,113056,-0.931298103,2.763612626,0.915668657,-0.360173441,-0.198527052,0.58468723,0.699287455
1497535178031720000,113057,-0.929268277,2.761108057,0.914171955,-0.357053867,-0.198285204,0.585638956,0.70015893
1497535178041670000,113058,-0.927271063,2.758541264,0.912346456,-0.355601118,-0.198286506,0.586289577,0.700353367
1497535178051640000,113059,-0.925018696,2.756389507,0.910892864,-0.353390382,-0.197559705,0.58670375,0.701330244
1497535178061630000,113060,-0.922907788,2.753845007,0.908848075,-0.352992447,-0.195435651,0.5873362,0.701596342
1497535178071680000,113061,-0.920655336,2.751622229,0.906969623,-0.352132406,-0.194036433,0.587837329,0.701997084
1497535178081700000,113062,-0.91831246,2.749477767,0.905191774,-0.350680893,-0.192726999,0.588434151,0.702584134
1497535178091740000,113063,-0.915917084,2.747295288,0.903159233,-0.349635489,-0.191331859,0.589292389,0.70276712
1497535178101720000,113064,-0.913403956,2.745232517,0.901300149,-0.347655238,-0.19061235,0.590492969,0.702937281
1497535178111690000,113065,-0.91075099,2.743051995,0.899052276,-0.345228551,-0.189231673,0.591870183,0.703347928
1497535178121620000,113066,-0.908007749,2.740958933,0.896923567,-0.342592614,-0.187991253,0.593246569,0.703809703
1497535178131620000,113067,-0.905374873,2.738489365,0.894228085,-0.340286709,-0.185607969,0.594691661,0.704341157
1497535178141650000,113068,-0.902571746,2.736196222,0.891725825,-0.337710413,-0.184514996,0.59518615,0.705449743
1497535178151710000,113069,-0.899830752,2.733603378,0.889036749,-0.335294546,-0.181637697,0.59614891,0.70653506
1497535178161680000,113070,-0.896945746,2.73109573,0.886267476,-0.331768561,-0.179854724,0.596593096,0.708278602
1497535178171690000,113071,-0.894189939,2.728608302,0.883375745,-0.328998241,-0.178350807,0.59732301,0.70933516
1497535178181530000,113072,-0.891351158,2.726130975,0.880396575,-0.326127315,-0.176383801,0.597751626,0.71079021
1497535178191720000,113073,-0.888502932,2.723648254,0.877327238,-0.322909893,-0.173848822,0.599063844,0.711778265
1497535178201720000,113074,-0.885680882,2.72114487,0.8740833,-0.320063326,-0.173192675,0.600079239,0.712368354
1497535178211690000,113075,-0.882717909,2.718782639,0.871140107,-0.316290082,-0.172421702,0.601352655,0.713166408
1497535178221660000,113076,-0.879934474,2.716139454,0.867669074,-0.312434741,-0.170482104,0.602550234,0.714320377
1497535178231720000,113077,-0.877135999,2.713573706,0.864442875,-0.308686078,-0.1708468,0.603040913,0.715448065
1497535178241720000,113078,-0.874406828,2.711110863,0.860944258,-0.304797767,-0.169650687,0.604078076,0.716524
1497535178251710000,113079,-0.871733725,2.708573352,0.857320846,-0.300781083,-0.16767231,0.60474335,0.718124096
1497535178261690000,113080,-0.869134028,2.706435058,0.854428862,-0.29793564,-0.167642119,0.604901442,0.71918337
1497535178271610000,113081,-0.866591871,2.70400712,0.850834661,-0.29529301,-0.166029645,0.605179238,0.72041258
1497535178281720000,113082,-0.864220488,2.701434344,0.847051037,-0.293251829,-0.16360704,0.605438083,0.721582171
1497535178291730000,113083,-0.861808654,2.699005703,0.843660698,-0.290568572,-0.163297388,0.605167961,0.722963075
1497535178301730000,113084,-0.859309263,2.696724623,0.840709665,-0.28797484,-0.164704766,0.604632147,0.724128993
1497535178311700000,113085,-0.856889215,2.694228076,0.837522215,-0.284955946,-0.166182879,0.604684076,0.724941741
1497535178321700000,113086,-0.854447778,2.691467699,0.834092541,-0.280702269,-0.166793189,0.604656319,0.726482625
1497535178331730000,113087,-0.852079539,2.688523111,0.83036443,-0.27522514,-0.167825321,0.604727941,0.728278725
1497535178341720000,113088,-0.849581869,2.685911581,0.827348884,-0.271205985,-0.170064778,0.604675351,0.729309951
1497535178351730000,113089,-0.847151108,2.683161926,0.824166568,-0.267058706,-0.171615683,0.604551629,0.73057856
1497535178361690000,113090,-0.844675676,2.680252805,0.820765979,-0.261748311,-0.172782902,0.604194093,0.732518525
1497535178371740000,113091,-0.842285903,2.677519681,0.817525055,-0.257134147,-0.17501722,0.603324584,0.734336742
1497535178381720000,113092,-0.839895113,2.674967227,0.814685918,-0.253036124,-0.17659623,0.60232991,0.736196422
1497535178391720000,113093,-0.837633234,2.672458964,0.811692816,-0.249322501,-0.177505362,0.601176376,0.738185005
1497535178401720000,113094,-0.835470815,2.670064599,0.808747585,-0.245931357,-0.177785888,0.599774674,0.740391982
1497535178411700000,113095,-0.833312735,2.668039808,0.806297602,-0.244051647,-0.178893197,0.59821865,0.742004356
1497535178421720000,113096,-0.831145273,2.665880185,0.80341723,-0.241794256,-0.177641812,0.59727215,0.743804344
1497535178431690000,113097,-0.828992212,2.6640221,0.800837282,-0.240290928,-0.177351597,0.596198984,0.745220406
1497535178441720000,113098,-0.82693351,2.66229353,0.79829394,-0.239174679,-0.17516049,0.595156422,0.746929119
1497535178451720000,113099,-0.824692419,2.661175179,0.79636951,-0.237331837,-0.173001785,0.594805295,0.748298498
1497535178461660000,113100,-0.822632783,2.659887009,0.794106562,-0.235426609,-0.170713286,0.594023046,0.75004527
1497535178471730000,113101,-0.820778958,2.658631851,0.791526895,-0.234292015,-0.167595664,0.59310912,0.751824791
1497535178481720000,113102,-0.818829756,2.657942774,0.789524193,-0.23390692,-0.164293471,0.592980891,0.752774117
1497535178491720000,113103,-0.81711663,2.657556286,0.787621623,-0.234205216,-0.15983054,0.59256601,0.753967929
1497535178501730000,113104,-0.815408522,2.657448679,0.785806711,-0.23625294,-0.154409139,0.592731695,0.754328512
1497535178511710000,113105,-0.813759581,2.657692999,0.784596667,-0.237962564,-0.148678462,0.593283222,0.754508815
1497535178521720000,113106,-0.812190209,2.657830211,0.782984011,-0.239249341,-0.144199213,0.593624045,0.754703142
1497535178531720000,113107,-0.810513772,2.6583694,0.782204325,-0.238733829,-0.140440104,0.594729079,0.754705279
1497535178541720000,113108,-0.809024796,2.658696495,0.781283564,-0.238156086,-0.137070158,0.595102868,0.75521257
1497535178551720000,113109,-0.80761404,2.659284996,0.780644354,-0.236409887,-0.134853313,0.595599653,0.755768485
1497535178561690000,113110,-0.806110045,2.659985381,0.7802568,-0.236617312,-0.132433873,0.596610285,0.755334154
1497535178571730000,113111,-0.804857028,2.660847383,0.780013283,-0.235465938,-0.130514855,0.597329675,0.755459413
1497535178581570000,113112,-0.803583442,2.661762589,0.779948852,-0.235205444,-0.129599798,0.598231126,0.754984643
1497535178591440000,113113,-0.802389017,2.662777188,0.780201064,-0.234349496,-0.128672486,0.599133493,0.754693821
1497535178601720000,113114,-0.801300006,2.663873052,0.780750134,-0.234266072,-0.127731358,0.600337605,0.753922322
1497535178611700000,113115,-0.800231036,2.665302168,0.78178939,-0.234357477,-0.128693228,0.600834119,0.753334579
1497535178621680000,113116,-0.799176589,2.666744964,0.783287497,-0.233299942,-0.129436763,0.601802308,0.752762409
1497535178631720000,113117,-0.79824135,2.668148434,0.784796879,-0.232802395,-0.132052206,0.602801476,0.751661919
1497535178641720000,113118,-0.797495329,2.669521552,0.786355724,-0.232935208,-0.135093491,0.60364731,0.750400468
1497535178651730000,113119,-0.796765682,2.670895451,0.788204589,-0.233104864,-0.139404392,0.604444406,0.748916216
1497535178661690000,113120,-0.795910553,2.672795107,0.790878166,-0.232593865,-0.143418007,0.605319381,0.747609401
1497535178671740000,113121,-0.795335063,2.67401293,0.792848943,-0.2334782,-0.148131612,0.6060119,0.745851549
1497535178681720000,113122,-0.794568518,2.675798569,0.795568714,-0.233067103,-0.153319191,0.606863248,0.744237831
1497535178691720000,113123,-0.794027843,2.677158947,0.79795498,-0.233798857,-0.158091752,0.607769104,0.742268017
1497535178701730000,113124,-0.793593884,2.678340257,0.799980825,-0.233714372,-0.160884852,0.608283093,0.741272781
1497535178711700000,113125,-0.792914299,2.680437066,0.803632001,-0.235363575,-0.16695073,0.608833619,0.738954035
1497535178721710000,113126,-0.792558905,2.681606648,0.805912457,-0.236188726,-0.170695793,0.609160636,0.737564337
1497535178731700000,113127,-0.792194314,2.683165513,0.80879369,-0.23790559,-0.17403751,0.609775401,0.735721303
1497535178741710000,113128,-0.791939581,2.684771484,0.811818528,-0.239645042,-0.179063481,0.609726581,0.733989114
1497535178751700000,113129,-0.791793334,2.686159376,0.814519414,-0.241407898,-0.183857468,0.609764468,0.732192565
1497535178761690000,113130,-0.791631569,2.68791352,0.817808063,-0.244957358,-0.188623976,0.609891816,0.729690935
1497535178771640000,113131,-0.791658306,2.689107443,0.820394667,-0.247325944,-0.192839486,0.609824453,0.72784404
1497535178781620000,113132,-0.791611964,2.690484653,0.823180348,-0.249769772,-0.198028615,0.609829089,0.725608855
1497535178791630000,113133,-0.791549675,2.691732108,0.825778599,-0.251941831,-0.204097494,0.609851263,0.723153486
1497535178801760000,113134,-0.791466214,2.692847618,0.828222465,-0.253631502,-0.209511499,0.610377169,0.720566238
1497535178811720000,113135,-0.791448299,2.693749099,0.830497253,-0.254633531,-0.213698968,0.611026731,0.718429433
1497535178821670000,113136,-0.791450393,2.694505696,0.832432415,-0.255124562,-0.217633606,0.611796089,0.716416511
1497535178831690000,113137,-0.791354335,2.695423156,0.83444227,-0.25635549,-0.221082548,0.612210496,0.714564678
1497535178841710000,113138,-0.791298321,2.696378822,0.836766709,-0.258678045,-0.223831624,0.612735687,0.712418453
1497535178851730000,113139,-0.791388664,2.696859948,0.838224854,-0.259709707,-0.224896957,0.612703607,0.711734864
1497535178861600000,113140,-0.791437751,2.697808652,0.84022268,-0.262698088,-0.226844037,0.612665172,0.710051326
1497535178871700000,113141,-0.791494916,2.698489248,0.841814596,-0.26460119,-0.226568123,0.612850727,0.70927222
1497535178881710000,113142,-0.791631526,2.699157771,0.843341269,-0.267102339,-0.22536181,0.613233096,0.708388005
1497535178891730000,113143,-0.791763132,2.699837145,0.844848842,-0.269593718,-0.223893701,0.61373557,0.707474019
1497535178901730000,113144,-0.791962415,2.700282823,0.846024873,-0.271087379,-0.22142545,0.61445753,0.707053284
1497535178911710000,113145,-0.79218099,2.701088008,0.847784711,-0.273177251,-0.21924628,0.615077871,0.706388328
1497535178921660000,113146,-0.792509033,2.701699213,0.848687999,-0.274522185,-0.217186711,0.615442918,0.706185186
1497535178931720000,113147,-0.792898022,2.702384467,0.850026168,-0.276698396,-0.213796821,0.615975613,0.705905773
1497535178941730000,113148,-0.79353488,2.702915721,0.851020191,-0.278056043,-0.20965958,0.616211674,0.706407015
1497535178951730000,113149,-0.794271039,2.703414581,0.852063769,-0.280602253,-0.206326974,0.616259297,0.706339886
1497535178961670000,113150,-0.795122015,2.704036012,0.853304041,-0.283178167,-0.203303826,0.616095141,0.706331691
1497535178971680000,113151,-0.796174377,2.704368938,0.853918785,-0.285237818,-0.200669898,0.615416402,0.706847672
1497535178981710000,113152,-0.797350757,2.70490358,0.855011492,-0.287344302,-0.197851999,0.615143942,0.707026003
1497535178991740000,113153,-0.798604674,2.70546525,0.856026333,-0.290062613,-0.19758347,0.614357481,0.706674846
1497535179001670000,113154,-0.800016715,2.70580785,0.856655391,-0.290844231,-0.195852679,0.613884276,0.70724639
1497535179011710000,113155,-0.801429489,2.706221179,0.8573441,-0.292633245,-0.195520831,0.613859487,0.706621482
1497535179021740000,113156,-0.802959254,2.706583248,0.85810576,-0.293553362,-0.196537579,0.613265175,0.706473799
1497535179031700000,113157,-0.804417577,2.70700276,0.85859102,-0.29397835,-0.196920618,0.613672296,0.705836605
1497535179041740000,113158,-0.806018381,2.707460515,0.85902441,-0.293822671,-0.198350931,0.613840799,0.705354251
1497535179051730000,113159,-0.807445794,2.707827763,0.859232343,-0.292909205,-0.1994403,0.614436267,0.70490839
1497535179061730000,113160,-0.808987049,2.708346637,0.859630947,-0.291921484,-0.200763803,0.615152251,0.70431772
1497535179071670000,113161,-0.81054787,2.708829613,0.859641176,-0.291382788,-0.201964825,0.615528845,0.703868255
1497535179081680000,113162,-0.812152535,2.709325393,0.859644445,-0.290442357,-0.202781694,0.616098218,0.703523851
1497535179091740000,113163,-0.813616402,2.709945427,0.85951381,-0.289473042,-0.202887425,0.616681597,0.70338173
1497535179101740000,113164,-0.815202195,2.710458492,0.85931739,-0.288390918,-0.202774942,0.616622364,0.703910407
1497535179111720000,113165,-0.816721103,2.711135574,0.859337508,-0.288281825,-0.202680436,0.616776209,0.703847524
1497535179121730000,113166,-0.818329025,2.711828247,0.858917776,-0.287760713,-0.202908953,0.616186512,0.704511115
1497535179131680000,113167,-0.8197857,2.712390921,0.858435656,-0.287064905,-0.202236851,0.61576556,0.705355777
1497535179141740000,113168,-0.821294218,2.712949993,0.857954294,-0.286860518,-0.203061255,0.615299943,0.705608355
1497535179151690000,113169,-0.822759617,2.713503516,0.857207585,-0.28660502,-0.201694355,0.615079626,0.706295974
1497535179161750000,113170,-0.824019674,2.713964147,0.856580951,-0.286019167,-0.20198493,0.6147744,0.70671604
1497535179171650000,113171,-0.825152074,2.714316894,0.856001255,-0.284774602,-0.201435311,0.614411918,0.707690071
1497535179181730000,113172,-0.826215026,2.714539662,0.855030948,-0.282756425,-0.201740203,0.613973954,0.708791703
1497535179191710000,113173,-0.827101843,2.71462597,0.85422406,-0.28032369,-0.202016708,0.613642264,0.709965528
1497535179201750000,113174,-0.82789464,2.714659425,0.853326953,-0.277680804,-0.20106815,0.613460817,0.711428701
1497535179211680000,113175,-0.82859184,2.714432977,0.852046057,-0.274256211,-0.199508633,0.613040401,0.713555396
1497535179221670000,113176,-0.829266797,2.714377737,0.851084942,-0.270835856,-0.198017631,0.612435636,0.715792951
1497535179231730000,113177,-0.829954968,2.714374393,0.850335686,-0.268491823,-0.195819666,0.611481372,0.718092843
1497535179241730000,113178,-0.830590016,2.71453899,0.849795257,-0.266876475,-0.193950931,0.610328015,0.720180323
1497535179251740000,113179,-0.831446746,2.714575887,0.849043596,-0.265907203,-0.190263692,0.609002352,0.722640452
1497535179261720000,113180,-0.832343788,2.714750763,0.848498223,-0.265965492,-0.188462252,0.607407027,0.724431529
1497535179271680000,113181,-0.833335416,2.714929316,0.847979165,-0.26567259,-0.186214363,0.605792259,0.726469562
1497535179281730000,113182,-0.834307106,2.715243344,0.847751816,-0.265518144,-0.184276428,0.604361539,0.728209753
1497535179291740000,113183,-0.835480914,2.715491756,0.847586329,-0.26589753,-0.183832618,0.60273996,0.729526294
1497535179301730000,113184,-0.83656779,2.715859763,0.84760436,-0.266428792,-0.184917952,0.601351369,0.730203794
1497535179311720000,113185,-0.837729196,2.716197791,0.847687622,-0.265999964,-0.18639676,0.600240161,0.730898089
1497535179321780000,113186,-0.838959619,2.716394191,0.847498233,-0.26531636,-0.18929544,0.599410775,0.731082204
1497535179331730000,113187,-0.840138793,2.716765701,0.84784656,-0.265089283,-0.192535945,0.598609286,0.730975037
1497535179341750000,113188,-0.841355155,2.717255043,0.848148272,-0.264801546,-0.19610245,0.598109437,0.730540261
1497535179351720000,113189,-0.842443138,2.71756782,0.848265026,-0.264628194,-0.200045926,0.597531319,0.73000676
1497535179361710000,113190,-0.843589378,2.717954433,0.848389551,-0.264715291,-0.203197597,0.597251109,0.729333712
1497535179371790000,113191,-0.844689397,2.71829687,0.84868116,-0.264669153,-0.206232393,0.596716106,0.728936437
1497535179381740000,113192,-0.845710061,2.71839121,0.848330225,-0.263798583,-0.20833359,0.596312723,0.728984609
1497535179391740000,113193,-0.846574412,2.718780238,0.848520409,-0.263564897,-0.210779516,0.595878714,0.728720865
1497535179401740000,113194,-0.847351104,2.719165838,0.848698693,-0.26322997,-0.212676343,0.595710215,0.728428511
1497535179411700000,113195,-0.8480479,2.719418969,0.848763546,-0.263232949,-0.212749988,0.595466779,0.728604949
1497535179421670000,113196,-0.848692077,2.71973172,0.848588836,-0.262638485,-0.212327492,0.595020434,0.729307031
1497535179431720000,113197,-0.849227641,2.719989168,0.848340042,-0.262376282,-0.212147605,0.595019418,0.729454572
1497535179441740000,113198,-0.849694121,2.720225347,0.848079455,-0.261829643,-0.211513024,0.594800907,0.73001326
1497535179451730000,113199,-0.850115555,2.720537998,0.847900185,-0.261373276,-0.210633777,0.594677339,0.730531509
1497535179461690000,113200,-0.850548636,2.720846701,0.847695897,-0.260906981,-0.20906875,0.594663175,0.731159021
1497535179471740000,113201,-0.850859422,2.721171024,0.847452662,-0.259928784,-0.207015491,0.595025327,0.731796743
1497535179481650000,113202,-0.851098204,2.721491413,0.847320027,-0.259247557,-0.206592223,0.594868698,0.732285184
1497535179491700000,113203,-0.851384546,2.721798944,0.847137502,-0.258464734,-0.205427172,0.594946775,0.732826032
1497535179501680000,113204,-0.851673044,2.722070785,0.846937729,-0.257819629,-0.204027272,0.595393932,0.733081153
1497535179511610000,113205,-0.851977452,2.722469529,0.846844914,-0.257334755,-0.203865702,0.595356525,0.733326808
1497535179521800000,113206,-0.852333757,2.722901815,0.846944787,-0.256966479,-0.203773737,0.595075955,0.733709139
1497535179531830000,113207,-0.852631386,2.723452204,0.847143068,-0.256335976,-0.203535864,0.594920679,0.734121519
1497535179541740000,113208,-0.852898983,2.72399519,0.847448643,-0.256071652,-0.203248345,0.594931126,0.734284941
1497535179551730000,113209,-0.853159264,2.724503174,0.847610387,-0.256284961,-0.203938057,0.594916765,0.734030878
1497535179561760000,113210,-0.853343414,2.724965337,0.847653555,-0.256106106,-0.204236782,0.594997868,0.733944505
1497535179571740000,113211,-0.853505384,2.725566606,0.847897763,-0.25575884,-0.204941475,0.595262878,0.73365422
1497535179581750000,113212,-0.853615955,2.726115457,0.847971297,-0.25497872,-0.205592147,0.595829817,0.733283404
1497535179591750000,113213,-0.853646364,2.726895622,0.848278559,-0.25410053,-0.205934219,0.5965631,0.732895959
1497535179601720000,113214,-0.853681702,2.727434247,0.848459962,-0.253575366,-0.206621254,0.597210054,0.732357388
1497535179611710000,113215,-0.853675802,2.728071802,0.848771319,-0.252804678,-0.207418644,0.597743057,0.731963482
1497535179621700000,113216,-0.853698766,2.728688498,0.849086917,-0.2517376,-0.208314271,0.597892633,0.731954742
1497535179631760000,113217,-0.853747501,2.729331443,0.849464194,-0.251220083,-0.209293241,0.597850553,0.731887646
1497535179641740000,113218,-0.85385594,2.729907692,0.849627857,-0.251003489,-0.209927624,0.597786568,0.731832536
1497535179651700000,113219,-0.853999108,2.730620254,0.849907737,-0.250648914,-0.210371299,0.597780532,0.731831589
1497535179661710000,113220,-0.854132403,2.731354651,0.850445732,-0.250794692,-0.211106721,0.597850416,0.731512717
1497535179671740000,113221,-0.854263321,2.732177911,0.851082536,-0.251083085,-0.212721618,0.597716082,0.731055595
1497535179681740000,113222,-0.854478473,2.732947488,0.851443044,-0.252033562,-0.214111124,0.59786031,0.730204465
1497535179691750000,113223,-0.854736751,2.73389173,0.851972147,-0.252738815,-0.216642194,0.59796496,0.729127669
1497535179701720000,113224,-0.854909361,2.734895219,0.852391748,-0.252801181,-0.218214522,0.598505456,0.72819311
1497535179711710000,113225,-0.855103664,2.73586292,0.852858736,-0.253249995,-0.219453418,0.599429822,0.726903382
1497535179721730000,113226,-0.855241126,2.736561206,0.852985804,-0.252986935,-0.220007406,0.600319595,0.726092788
1497535179731750000,113227,-0.855394552,2.73716432,0.852772261,-0.252823955,-0.220447177,0.601261845,0.725236019
1497535179741740000,113228,-0.855422869,2.737929295,0.852858995,-0.252603255,-0.220239008,0.602183052,0.724611583
1497535179751700000,113229,-0.855395762,2.738609843,0.853081351,-0.252341686,-0.22016302,0.602724552,0.724275523
1497535179761730000,113230,-0.85532094,2.739119724,0.853059349,-0.251773287,-0.219177061,0.60346538,0.724155483
1497535179771740000,113231,-0.855158578,2.739733766,0.853265779,-0.251813965,-0.218806227,0.60424127,0.723606281
1497535179781720000,113232,-0.855000472,2.74028452,0.853379285,-0.251902333,-0.217354995,0.605162863,0.72324265
1497535179791760000,113233,-0.854919389,2.740564337,0.853183991,-0.251699275,-0.215328384,0.60580942,0.723378261
1497535179801750000,113234,-0.854834953,2.74082485,0.853075872,-0.25168947,-0.213173328,0.60647577,0.723461598
1497535179811670000,113235,-0.854765625,2.741055676,0.853081645,-0.252204753,-0.210572182,0.607141455,0.723485572
1497535179821710000,113236,-0.854761957,2.741133708,0.852874973,-0.25259512,-0.207448066,0.607676307,0.723802813
1497535179831750000,113237,-0.854738225,2.741317193,0.852983525,-0.253534012,-0.204448071,0.608116045,0.723958816
1497535179841750000,113238,-0.854787333,2.741309948,0.853015745,-0.254470895,-0.202170653,0.608315107,0.724102424
1497535179851710000,113239,-0.854874052,2.74127755,0.853120506,-0.255506638,-0.200154859,0.608415683,0.724213192
1497535179861720000,113240,-0.854998603,2.741221987,0.853332986,-0.256497227,-0.198642234,0.608475718,0.724229064
1497535179871700000,113241,-0.855117966,2.741205974,0.853613202,-0.256931104,-0.198046811,0.608468509,0.724244394
1497535179881750000,113242,-0.855267215,2.741181472,0.854021667,-0.257238699,-0.198315952,0.608589474,0.723959866
1497535179891760000,113243,-0.855435211,2.741248946,0.854656007,-0.257258589,-0.199419039,0.608644954,0.723603058
1497535179901750000,113244,-0.855711528,2.741145444,0.855106869,-0.257217395,-0.200306302,0.608922608,0.72313889
1497535179911730000,113245,-0.856075924,2.740866888,0.855524307,-0.257473406,-0.201333638,0.609187823,0.722538862
1497535179921750000,113246,-0.856475544,2.740646544,0.855811898,-0.257825271,-0.20152983,0.609429605,0.722154702
1497535179931730000,113247,-0.856883171,2.740330248,0.855924634,-0.257565755,-0.200627713,0.609719102,0.722254124
1497535179941750000,113248,-0.857279712,2.740154759,0.85647987,-0.25792133,-0.200976597,0.609374627,0.722320953
1497535179951750000,113249,-0.85773497,2.739819213,0.85678304,-0.258601208,-0.202094067,0.608742296,0.722299259
1497535179961710000,113250,-0.858168161,2.739693927,0.857377177,-0.259072742,-0.204029042,0.608137776,0.722095499
1497535179971760000,113251,-0.858619819,2.739455123,0.857790216,-0.25927901,-0.204981743,0.607643012,0.722168159
1497535179981580000,113252,-0.858995239,2.7392617,0.858331588,-0.259658672,-0.205377584,0.607307065,0.722201877
1497535179991690000,113253,-0.85934398,2.739049503,0.858715079,-0.259751275,-0.206249294,0.606905344,0.722257854
1497535180001750000,113254,-0.85969174,2.738681042,0.858761274,-0.25918246,-0.206629576,0.606545768,0.722655451
1497535180011680000,113255,-0.859971328,2.738282566,0.85883872,-0.258283242,-0.207717943,0.606364313,0.722817642
1497535180021750000,113256,-0.860079133,2.738122382,0.859214157,-0.257427456,-0.208815001,0.606181994,0.722959743
1497535180031750000,113257,-0.860137735,2.737919313,0.859408679,-0.256671933,-0.209991833,0.606164235,0.722902393
1497535180041740000,113258,-0.860091572,2.737854239,0.859774757,-0.255847018,-0.210516467,0.606442253,0.722809044
1497535180051760000,113259,-0.860047342,2.737644876,0.859851011,-0.254797161,-0.21064925,0.606797194,0.72284332
1497535180061720000,113260,-0.85989845,2.737572475,0.860098643,-0.253984307,-0.210279832,0.607207493,0.722892402
1497535180071740000,113261,-0.859736022,2.737526724,0.860365675,-0.253263376,-0.210085902,0.607565851,0.722900624
1497535180081750000,113262,-0.859513513,2.737461867,0.860567682,-0.252915587,-0.209590091,0.608122605,0.722698137
1497535180091750000,113263,-0.859267065,2.73748929,0.860854723,-0.252416307,-0.208736905,0.608677247,0.722652698
1497535180101750000,113264,-0.859057389,2.737472559,0.860895126,-0.251469396,-0.207610659,0.609326367,0.72276022
1497535180111730000,113265,-0.85875622,2.737701714,0.861300336,-0.251119908,-0.207312983,0.60992342,0.722463522
1497535180121750000,113266,-0.858546526,2.737848726,0.861557416,-0.250728649,-0.206481315,0.610463228,0.722381657
1497535180131750000,113267,-0.858399175,2.737995557,0.861841402,-0.250790694,-0.205717231,0.610922128,0.722190143
1497535180141740000,113268,-0.85825383,2.738178267,0.862222341,-0.251096541,-0.205043564,0.611347928,0.721915075
1497535180151760000,113269,-0.858136049,2.738417604,0.862689214,-0.251586909,-0.204338604,0.611828053,0.721537383
1497535180161720000,113270,-0.858044678,2.738705574,0.863183292,-0.252265559,-0.203582148,0.612277082,0.721133255
1497535180171720000,113271,-0.858034996,2.738851672,0.863347409,-0.252774495,-0.202208081,0.613059821,0.720676489
1497535180181750000,113272,-0.857971749,2.73925163,0.86394661,-0.253551644,-0.20194291,0.613805445,0.719842692
1497535180191750000,113273,-0.857996492,2.739542839,0.864292387,-0.253962184,-0.201713611,0.614549976,0.719126661
1497535180201760000,113274,-0.858011291,2.740089745,0.865176244,-0.254448864,-0.202409121,0.615155795,0.718240678
1497535180211690000,113275,-0.858091479,2.740527136,0.865911808,-0.254583673,-0.202872304,0.615683105,0.717610128
1497535180221700000,113276,-0.858185138,2.740845272,0.866448781,-0.254751391,-0.20301444,0.616029719,0.717212835
1497535180231790000,113277,-0.858354882,2.741132676,0.866714539,-0.254625655,-0.202601302,0.616451176,0.717012159
1497535180241650000,113278,-0.858578423,2.741353777,0.866940579,-0.254802949,-0.2025506,0.61667382,0.716772008
1497535180251820000,113279,-0.858908904,2.741687026,0.867390843,-0.25558189,-0.203220388,0.616747347,0.716241636
1497535180261640000,113280,-0.859307512,2.74211848,0.867907004,-0.25667494,-0.204107663,0.616655673,0.715677174
1497535180271720000,113281,-0.859697979,2.742690111,0.868645763,-0.257473821,-0.205085106,0.616361565,0.715364069
1497535180281730000,113282,-0.860154262,2.743051352,0.868917601,-0.257621294,-0.204581452,0.616549165,0.715293524
1497535180291830000,113283,-0.860519426,2.74354185,0.869447706,-0.258028828,-0.205234226,0.616790091,0.714751719
1497535180301820000,113284,-0.860965349,2.743937779,0.869770149,-0.25845134,-0.207459626,0.616763155,0.713979425
1497535180311770000,113285,-0.861380474,2.744344236,0.869977458,-0.258524589,-0.208995039,0.616747386,0.713518586
1497535180321790000,113286,-0.861747212,2.74475532,0.870210237,-0.257650191,-0.209703568,0.617032669,0.713380318
1497535180331770000,113287,-0.86214982,2.745154034,0.870365684,-0.256671949,-0.209679867,0.617161903,0.713628089
1497535180341720000,113288,-0.862592261,2.745697008,0.870572259,-0.256566917,-0.210248765,0.61689671,0.713727766
1497535180351760000,113289,-0.863151779,2.746216496,0.870762342,-0.257318141,-0.211277894,0.616155434,0.713793743
1497535180361730000,113290,-0.863669592,2.746816005,0.871103668,-0.258358321,-0.212311452,0.615948308,0.713289918
1497535180371660000,113291,-0.864135077,2.74729789,0.871147325,-0.258973083,-0.213339905,0.615354684,0.713272486
1497535180381700000,113292,-0.864516544,2.747813647,0.871195548,-0.258976599,-0.214211384,0.615138378,0.713196593
1497535180391740000,113293,-0.864877641,2.748282755,0.871161285,-0.259307661,-0.215444471,0.615236673,0.712619852
1497535180401760000,113294,-0.865152323,2.748651845,0.87080127,-0.258587299,-0.216822004,0.615322952,0.712389284
1497535180411730000,113295,-0.86532282,2.749052543,0.870418427,-0.257227285,-0.218530428,0.615485602,0.712219102
1497535180421740000,113296,-0.865406309,2.749385986,0.870019244,-0.256477188,-0.219433427,0.615777995,0.711959187
1497535180431760000,113297,-0.865371008,2.749779279,0.869764024,-0.255938455,-0.220135613,0.616240771,0.711535756
1497535180441750000,113298,-0.865229024,2.750008889,0.868962961,-0.254221415,-0.219665699,0.616882554,0.711740379
1497535180451760000,113299,-0.864985682,2.750448789,0.868630249,-0.253176378,-0.218698876,0.617308475,0.71204127
1497535180461710000,113300,-0.864726427,2.750702293,0.868220854,-0.25270957,-0.218228931,0.617658556,0.712047692
1497535180471760000,113301,-0.864400559,2.751003806,0.867677599,-0.25222998,-0.217557327,0.61795081,0.712169673
1497535180481580000,113302,-0.864065703,2.751316363,0.867067366,-0.251778458,-0.2164008,0.618233076,0.71243678
1497535180491770000,113303,-0.863653021,2.751606622,0.86655288,-0.250711957,-0.214284006,0.618838597,0.712926834
1497535180501730000,113304,-0.863280291,2.751794416,0.865947327,-0.249637804,-0.2122446,0.61930484,0.713508732
1497535180511720000,113305,-0.862991057,2.752045331,0.865306868,-0.249031362,-0.21069387,0.619574829,0.71394573
1497535180521760000,113306,-0.862736027,2.75234089,0.86476461,-0.24816225,-0.209263742,0.619882914,0.714401398
1497535180531760000,113307,-0.862463032,2.752618631,0.864301222,-0.247334175,-0.207464405,0.620455604,0.714716146
1497535180541760000,113308,-0.862102386,2.753146949,0.864297683,-0.246864221,-0.206665432,0.620810406,0.714801998
1497535180551760000,113309,-0.861904191,2.753499595,0.864113004,-0.246599125,-0.206411176,0.620876259,0.714909763
1497535180561740000,113310,-0.861819684,2.753802732,0.863893579,-0.246372043,-0.20659954,0.621139464,0.714704983
1497535180571770000,113311,-0.861771716,2.754084164,0.86359356,-0.245811955,-0.207289104,0.621435286,0.714440967
1497535180581750000,113312,-0.861764629,2.754324869,0.86322131,-0.245312825,-0.207562267,0.621859312,0.71416421
1497535180591770000,113313,-0.861811908,2.754649906,0.862872832,-0.244710848,-0.207316025,0.622349664,0.714015099
1497535180601760000,113314,-0.861813739,2.755318415,0.863272365,-0.244930879,-0.209025351,0.622558371,0.713258958
1497535180611740000,113315,-0.861832213,2.755775447,0.863340659,-0.244673531,-0.209936713,0.62290386,0.71277782
1497535180621730000,113316,-0.861927721,2.756182694,0.863257835,-0.244393672,-0.21105666,0.623067414,0.712400041
1497535180631700000,113317,-0.862059464,2.756658606,0.86338291,-0.244823396,-0.212252318,0.623206703,0.711775149
1497535180641730000,113318,-0.862173942,2.757108179,0.863388362,-0.245019923,-0.213003252,0.62337379,0.711336748
1497535180651780000,113319,-0.862336984,2.757482345,0.863252598,-0.244869271,-0.213823477,0.623447274,0.711078095
1497535180661690000,113320,-0.862394433,2.758331676,0.863690073,-0.243286402,-0.214333758,0.623502685,0.711419123
1497535180671700000,113321,-0.862528011,2.758362312,0.863150813,-0.244193547,-0.214911728,0.623539703,0.710901329
1497535180681720000,113322,-0.862650105,2.758809162,0.863071546,-0.243950546,-0.215623371,0.62370448,0.710624665
1497535180691760000,113323,-0.862800956,2.759123815,0.862774787,-0.244129865,-0.215691672,0.624284832,0.710032506
1497535180701760000,113324,-0.862869039,2.759508546,0.862612091,-0.243956383,-0.215267198,0.62507299,0.709527359
1497535180711740000,113325,-0.862953777,2.759741573,0.862227566,-0.24342948,-0.215636523,0.625501698,0.709218305
1497535180721770000,113326,-0.862977676,2.760026264,0.861853618,-0.242365317,-0.21582561,0.625957361,0.709123221
1497535180731780000,113327,-0.862969618,2.760398884,0.861541139,-0.241483155,-0.216112453,0.626278449,0.709053311
1497535180741770000,113328,-0.8629219,2.760818546,0.86141619,-0.241197664,-0.216441172,0.6265841,0.708780129
1497535180751810000,113329,-0.862815444,2.761233498,0.861216871,-0.24102591,-0.215384554,0.627220141,0.70859784
1497535180761750000,113330,-0.862769321,2.761544563,0.860942924,-0.24100611,-0.214466782,0.627481177,0.708651837
1497535180771720000,113331,-0.862680122,2.761701933,0.860551781,-0.240196588,-0.212994616,0.627810262,0.709079098
1497535180781680000,113332,-0.862530154,2.762033841,0.860410149,-0.23995481,-0.212231073,0.627810603,0.709389531
1497535180791780000,113333,-0.86239581,2.762375458,0.860335352,-0.240305411,-0.211537852,0.627865678,0.709429162
1497535180801770000,113334,-0.862295151,2.762567992,0.860065048,-0.240116135,-0.210614283,0.628002756,0.709646675
1497535180811670000,113335,-0.862199821,2.762817936,0.859905548,-0.240074486,-0.210648987,0.628124604,0.709542618
1497535180821770000,113336,-0.86215899,2.762784661,0.859371157,-0.239563006,-0.209823882,0.628462354,0.709660887
1497535180831770000,113337,-0.862093131,2.762873297,0.859052993,-0.239238388,-0.209530532,0.628700495,0.709646135
1497535180841760000,113338,-0.862042817,2.763003385,0.858890027,-0.238900213,-0.209984691,0.628701262,0.709625142
1497535180851760000,113339,-0.861963783,2.763294043,0.859070149,-0.239070804,-0.210554694,0.628656601,0.709438333
1497535180861740000,113340,-0.861939186,2.76346512,0.859122404,-0.238982229,-0.211437439,0.628498012,0.709346144
1497535180871780000,113341,-0.861900476,2.763591573,0.859072505,-0.238935462,-0.212338234,0.628394336,0.709184657
1497535180881800000,113342,-0.861845332,2.763743676,0.859074769,-0.238708208,-0.212896068,0.628419039,0.709072046
1497535180891780000,113343,-0.861806166,2.763801319,0.8590018,-0.238441721,-0.213799672,0.628430653,0.70887951
1497535180901770000,113344,-0.861712857,2.763937044,0.858987391,-0.238053647,-0.214481991,0.628509054,0.708734298
1497535180911750000,113345,-0.861616425,2.763988137,0.858825892,-0.237503766,-0.215055061,0.628570983,0.708690201
1497535180921760000,113346,-0.861483919,2.764113759,0.858799717,-0.236947927,-0.215438139,0.628552715,0.708776109
1497535180931770000,113347,-0.861325946,2.764177285,0.858685058,-0.236368595,-0.215690365,0.628528569,0.708914234
1497535180941750000,113348,-0.861146633,2.764288156,0.858675516,-0.235866744,-0.215724847,0.628417024,0.709169735
1497535180951700000,113349,-0.860975593,2.764378627,0.858640778,-0.235661347,-0.215320495,0.628412666,0.709364741
1497535180961730000,113350,-0.860809385,2.764454549,0.858538024,-0.235733547,-0.215113481,0.628279965,0.709521086
1497535180971760000,113351,-0.860612818,2.764579564,0.858420596,-0.235530719,-0.214449098,0.628337873,0.709738249
1497535180981680000,113352,-0.860419543,2.764695437,0.858370048,-0.235579776,-0.214256883,0.628445093,0.709685087
1497535180991720000,113353,-0.860213337,2.764828131,0.858356293,-0.235453995,-0.213642799,0.628647975,0.709732269
1497535181001680000,113354,-0.860049882,2.764891762,0.858226188,-0.235329897,-0.213691352,0.628780452,0.709641451
1497535181011670000,113355,-0.859859221,2.764896242,0.857955793,-0.235151018,-0.21350892,0.628932018,0.709621348
1497535181021770000,113356,-0.859663569,2.764950048,0.857794384,-0.2350271,-0.214124427,0.628951048,0.709460057
1497535181031830000,113357,-0.859417728,2.764997457,0.857685958,-0.235101414,-0.214400607,0.628951359,0.709351742
1497535181041790000,113358,-0.85911215,2.764981628,0.857537355,-0.234819831,-0.214423347,0.629023962,0.709373759
1497535181051760000,113359,-0.858807306,2.7648291,0.857172521,-0.234255843,-0.21405564,0.629121715,0.709584562
1497535181061750000,113360,-0.858420636,2.76495435,0.857295655,-0.234222608,-0.214189355,0.629117095,0.709559279
1497535181071800000,113361,-0.858061149,2.764731604,0.856802014,-0.233401775,-0.212753723,0.629391279,0.710018368
1497535181081770000,113362,-0.857746461,2.764575517,0.856709538,-0.233164677,-0.212554777,0.629190346,0.710333872
1497535181091780000,113363,-0.857469391,2.764308434,0.856378307,-0.232621922,-0.21167788,0.629378623,0.710606829
1497535181101760000,113364,-0.857182126,2.764107996,0.856094764,-0.232129239,-0.21136018,0.629269168,0.710959355
1497535181111740000,113365,-0.85687682,2.763709863,0.855490543,-0.231662561,-0.2109035,0.629102153,0.711394864
1497535181121770000,113366,-0.856500865,2.763338881,0.855009943,-0.231206779,-0.20921027,0.629327246,0.711843877
1497535181131780000,113367,-0.856203693,2.762747062,0.854242809,-0.229948795,-0.207997465,0.629387142,0.712553459
1497535181141760000,113368,-0.855939,2.762198994,0.8536032,-0.228894331,-0.207789224,0.629257048,0.713068434
1497535181151780000,113369,-0.855660231,2.761778902,0.853228739,-0.228058969,-0.207543636,0.629236515,0.713425647
1497535181161650000,113370,-0.855399288,2.76127528,0.852710631,-0.227189355,-0.206604365,0.629232237,0.713979289
1497535181171780000,113371,-0.855248578,2.760586344,0.852102154,-0.226162649,-0.206038094,0.628891434,0.714768721
1497535181181780000,113372,-0.855024022,2.76002688,0.851863454,-0.225270983,-0.206591089,0.628407672,0.715315947
1497535181191780000,113373,-0.854762001,2.759325098,0.851430698,-0.22372236,-0.207528128,0.628118984,0.715784132
1497535181201770000,113374,-0.85450418,2.758519479,0.85060521,-0.221303539,-0.207083153,0.628010876,0.71675913
1497535181211750000,113375,-0.85434004,2.757608583,0.849817631,-0.219370082,-0.207065417,0.627710805,0.717620948
1497535181221690000,113376,-0.854134846,2.756996599,0.849438415,-0.218392342,-0.206727955,0.627518862,0.71818411
1497535181231790000,113377,-0.85394122,2.756258196,0.849063414,-0.217152787,-0.206781292,0.627157184,0.71886023
1497535181241760000,113378,-0.853741204,2.755474748,0.848492699,-0.215287291,-0.205668766,0.627094393,0.719794668
1497535181251780000,113379,-0.853562597,2.754609488,0.847945865,-0.213941869,-0.204985325,0.626837922,0.720613706
1497535181261730000,113380,-0.853363832,2.753831531,0.847668664,-0.213101045,-0.204967868,0.626311787,0.721324936
1497535181271740000,113381,-0.85320363,2.753208608,0.847447188,-0.212315561,-0.204653415,0.626021254,0.721897827
1497535181281770000,113382,-0.852982247,2.752435205,0.847060931,-0.210273828,-0.204236077,0.625664988,0.722921756
1497535181291750000,113383,-0.852748577,2.751510324,0.846637227,-0.2083906,-0.203771809,0.625234567,0.723969712
1497535181301790000,113384,-0.852528181,2.750751302,0.846268991,-0.207352638,-0.202803633,0.625343603,0.724445269
1497535181311760000,113385,-0.852253006,2.749861735,0.845731564,-0.204815436,-0.202069924,0.624914482,0.725741189
1497535181321770000,113386,-0.851914363,2.74899754,0.845330192,-0.202969601,-0.201414933,0.624865528,0.726483611
1497535181331780000,113387,-0.851600266,2.748121617,0.844689488,-0.2012705,-0.199885577,0.62511803,0.727161186
1497535181341730000,113388,-0.851194701,2.747326983,0.844308863,-0.199907419,-0.198343909,0.625309747,0.727794228
1497535181351790000,113389,-0.850821499,2.746777428,0.84422415,-0.199119066,-0.197768402,0.625050499,0.728389408
1497535181361760000,113390,-0.850501967,2.745983493,0.843788422,-0.197547897,-0.196180298,0.624673752,0.729568929
1497535181371780000,113391,-0.850087283,2.745065878,0.84343375,-0.19704418,-0.193355488,0.624869917,0.730290924
1497535181381770000,113392,-0.849770933,2.744125802,0.842868878,-0.195741319,-0.190131102,0.624633571,0.731688733
1497535181391790000,113393,-0.849459561,2.743228373,0.842268305,-0.194953867,-0.187610689,0.624323042,0.732813726
1497535181401750000,113394,-0.849124545,2.742220716,0.841785719,-0.193809035,-0.18523823,0.623858042,0.734115794
1497535181411750000,113395,-0.848660904,2.741283091,0.841420844,-0.192563428,-0.181830856,0.623819868,0.735326892
1497535181421780000,113396,-0.848284405,2.740400204,0.8412271,-0.191234025,-0.179237038,0.623588483,0.736505965
1497535181431780000,113397,-0.848081204,2.739107186,0.840374524,-0.18988714,-0.176594095,0.623305375,0.737731529
1497535181441730000,113398,-0.847843152,2.737941249,0.839901413,-0.188685609,-0.175775435,0.622391107,0.739006121
1497535181451780000,113399,-0.84741978,2.737364593,0.840497093,-0.187969684,-0.173389381,0.622328016,0.739804948
1497535181461740000,113400,-0.847363845,2.73569055,0.839249222,-0.18747455,-0.171769235,0.621432548,0.741060194
1497535181471780000,113401,-0.847024393,2.734878633,0.839585682,-0.187196418,-0.170290053,0.620912138,0.741907619
1497535181481780000,113402,-0.846813958,2.733581186,0.839276005,-0.187271522,-0.168864845,0.620529498,0.742534298
1497535181491750000,113403,-0.846690126,2.732404849,0.838925105,-0.186345446,-0.168766984,0.61960326,0.743562291
1497535181501780000,113404,-0.846535269,2.731233652,0.838803802,-0.18572147,-0.167048634,0.619125742,0.744503596
1497535181511760000,113405,-0.846420371,2.730024819,0.838687151,-0.185982403,-0.16535869,0.618765819,0.745114697
1497535181521780000,113406,-0.846427872,2.728892067,0.838783801,-0.185766651,-0.164736623,0.61731805,0.746505875
1497535181531760000,113407,-0.846445773,2.727633737,0.838810857,-0.186498377,-0.163015133,0.616662756,0.747242576
1497535181541760000,113408,-0.846556451,2.726316607,0.838696807,-0.187197954,-0.161599652,0.615195477,0.748583331
1497535181551730000,113409,-0.846663275,2.725132228,0.83890068,-0.187483136,-0.160053847,0.614194505,0.749665225
1497535181561760000,113410,-0.846793538,2.723796921,0.839082742,-0.188322689,-0.159478381,0.612849977,0.750677106
1497535181571780000,113411,-0.84689461,2.722723185,0.839413053,-0.188455978,-0.159164745,0.611636922,0.751698879
1497535181581810000,113412,-0.847142317,2.721111556,0.839352204,-0.189395055,-0.159028425,0.610314334,0.752566201
1497535181591770000,113413,-0.847340842,2.720064402,0.839855148,-0.18953972,-0.158871046,0.60921044,0.753456917
1497535181601780000,113414,-0.84758954,2.718986456,0.840482124,-0.190106187,-0.158498698,0.607951488,0.7544089
1497535181611760000,113415,-0.847938518,2.717706656,0.840799665,-0.190781077,-0.159842842,0.606431392,0.755178001
1497535181621770000,113416,-0.848174263,2.71651817,0.841269635,-0.191737586,-0.160340531,0.605397011,0.755660023
1497535181631710000,113417,-0.848455326,2.715297867,0.841701315,-0.192296208,-0.160836073,0.603941357,0.756577004
1497535181641790000,113418,-0.848840241,2.713925747,0.841999906,-0.192504498,-0.160801062,0.60239885,0.757760294
1497535181651770000,113419,-0.84913719,2.712732213,0.842573991,-0.193799316,-0.160478634,0.60071893,0.758831471
1497535181661700000,113420,-0.849444118,2.71142061,0.842862385,-0.19433475,-0.161295191,0.598811074,0.760028397
1497535181671780000,113421,-0.849757777,2.710239255,0.843387169,-0.195201264,-0.160771775,0.597027246,0.761319493
1497535181681770000,113422,-0.850165348,2.708953982,0.843702407,-0.196432043,-0.160281353,0.595347693,0.762420793
1497535181691710000,113423,-0.850502896,2.707687579,0.843954802,-0.197061761,-0.160345418,0.593519734,0.763668995
1497535181701730000,113424,-0.850865008,2.706486219,0.844287785,-0.197726394,-0.160083048,0.591840449,0.76485461
1497535181711750000,113425,-0.851219914,2.705280404,0.844625949,-0.198295784,-0.16099013,0.59026208,0.76573601
1497535181721740000,113426,-0.851563692,2.704295968,0.845108566,-0.197928117,-0.161358045,0.588550749,0.767069787
1497535181731740000,113427,-0.852072701,2.702945794,0.845077359,-0.198583135,-0.161497216,0.586988446,0.768067674
1497535181741670000,113428,-0.852403516,2.701828184,0.845291707,-0.199336089,-0.161917473,0.585892739,0.768620553
1497535181751830000,113429,-0.852825517,2.700742471,0.845506361,-0.199691658,-0.16252564,0.584243807,0.769654359
1497535181761810000,113430,-0.853299622,2.699575581,0.845566591,-0.19958871,-0.161898762,0.582881875,0.770844898
1497535181771850000,113431,-0.853736191,2.698519645,0.845813907,-0.200487087,-0.161650689,0.581247555,0.771897184
1497535181781780000,113432,-0.854204149,2.697439593,0.845994623,-0.200994767,-0.161720444,0.579664304,0.772940422
1497535181791780000,113433,-0.854804184,2.696223576,0.845875622,-0.201866744,-0.161307072,0.57801048,0.774037293
1497535181801770000,113434,-0.855261054,2.695204429,0.846075334,-0.201930126,-0.160563633,0.576431502,0.775351705
1497535181811760000,113435,-0.85573965,2.694277777,0.846373793,-0.202429684,-0.160166863,0.575225126,0.776198978
1497535181821780000,113436,-0.856297386,2.693085422,0.846190474,-0.202962403,-0.159970476,0.573787596,0.777163757
1497535181831790000,113437,-0.856801962,2.692262545,0.84646304,-0.202805043,-0.159784683,0.572609921,0.778111077
1497535181841780000,113438,-0.857410298,2.691019753,0.846127153,-0.20333168,-0.15944315,0.571422819,0.778915959
1497535181851790000,113439,-0.857964242,2.689951219,0.846074745,-0.203687233,-0.159088904,0.570183912,0.779802884
1497535181861760000,113440,-0.858633269,2.688894483,0.846050391,-0.204215435,-0.158862799,0.568823755,0.780703659
1497535181871780000,113441,-0.859212263,2.687851412,0.846012556,-0.204614486,-0.158177645,0.567474673,0.781719413
1497535181881780000,113442,-0.859887098,2.686633782,0.845800511,-0.205058088,-0.157750506,0.565781367,0.782915962
1497535181891790000,113443,-0.860584397,2.685521004,0.845854542,-0.205431248,-0.156801612,0.564301431,0.784075986
1497535181901770000,113444,-0.861368402,2.684248375,0.845696831,-0.206343709,-0.156379937,0.562230105,0.785407473
1497535181911760000,113445,-0.862136713,2.683109111,0.845560197,-0.206938678,-0.155212177,0.56089755,0.786434678
1497535181921770000,113446,-0.862969584,2.681828115,0.845367533,-0.207427311,-0.154331093,0.55879565,0.78797414
1497535181931790000,113447,-0.863789469,2.680555482,0.845084526,-0.208057,-0.153645339,0.557157174,0.789101564
1497535181941740000,113448,-0.864725283,2.679218433,0.844834685,-0.20769863,-0.151924202,0.555150732,0.790941199
1497535181951780000,113449,-0.865592912,2.677971198,0.844654,-0.208323417,-0.151606772,0.553346986,0.792100912
1497535181961740000,113450,-0.866697596,2.676452723,0.844087463,-0.208596681,-0.149883627,0.551163809,0.793877055
1497535181971780000,113451,-0.867681061,2.675139811,0.843666792,-0.209178004,-0.148622371,0.549065081,0.795414037
1497535181981790000,113452,-0.868849024,2.673684337,0.843263596,-0.21000454,-0.145581935,0.546869606,0.797268855
1497535181991780000,113453,-0.870179164,2.672180126,0.842649741,-0.211314888,-0.143477903,0.544145458,0.799165709
1497535182001740000,113454,-0.871492709,2.670767336,0.84232588,-0.21198777,-0.14133082,0.541287269,0.801308229
1497535182011760000,113455,-0.873018053,2.669226155,0.841748358,-0.213338509,-0.138618751,0.538469108,0.803319701
1497535182021800000,113456,-0.874568183,2.667762351,0.841258913,-0.21422759,-0.135772793,0.535554529,0.805514516
1497535182031770000,113457,-0.876224483,2.666188679,0.8405947,-0.215493762,-0.133716244,0.532500955,0.807542654
1497535182041690000,113458,-0.877960441,2.66456788,0.840058779,-0.216899876,-0.131833699,0.529325253,0.809561051
1497535182051790000,113459,-0.879943677,2.66287009,0.839335371,-0.21839693,-0.130398434,0.526255639,0.811390185
1497535182061770000,113460,-0.881939071,2.66123279,0.838598974,-0.219279475,-0.128887315,0.522710495,0.813681947
1497535182071780000,113461,-0.883955927,2.659689215,0.837988346,-0.219878787,-0.127616238,0.519645631,0.815681208
1497535182081780000,113462,-0.886204853,2.657788257,0.837194132,-0.221182656,-0.126452505,0.516234379,0.817673567
1497535182091780000,113463,-0.888502395,2.656079033,0.836476489,-0.222534113,-0.125416422,0.512954965,0.819528214
1497535182101720000,113464,-0.89094854,2.654165531,0.83557883,-0.223670747,-0.124634644,0.509338678,0.821590965
1497535182111760000,113465,-0.893327868,2.652268358,0.834705577,-0.225058102,-0.123556594,0.505481753,0.823754099
1497535182121790000,113466,-0.89584721,2.650155911,0.833773612,-0.225770634,-0.123480718,0.501552646,0.825969174
1497535182131740000,113467,-0.898399525,2.647993562,0.832840663,-0.227660531,-0.122792367,0.497495947,0.828003925
1497535182141780000,113468,-0.901054971,2.645679185,0.831983941,-0.227752342,-0.122170063,0.493168312,0.830655381
1497535182151780000,113469,-0.90368572,2.643226098,0.830804093,-0.227690199,-0.121322523,0.488535991,0.833529006
1497535182161830000,113470,-0.906369549,2.640750364,0.829915098,-0.228310246,-0.120571825,0.484343946,0.835911364
1497535182171780000,113471,-0.90911653,2.638022282,0.828843309,-0.229192237,-0.119477191,0.479628951,0.838541703
1497535182181780000,113472,-0.91197745,2.635422676,0.827891101,-0.229311599,-0.118412403,0.474747937,0.84143276
1497535182191780000,113473,-0.914792602,2.632763676,0.827136606,-0.23051778,-0.116641747,0.470243759,0.843876213
1497535182201740000,113474,-0.917699157,2.629995298,0.826358644,-0.230545412,-0.115956404,0.465476662,0.846601679
1497535182211750000,113475,-0.92064437,2.627172907,0.825749165,-0.231399904,-0.115263219,0.460609113,0.849121735
1497535182221780000,113476,-0.923627967,2.624305738,0.825139844,-0.232300756,-0.115126762,0.455908696,0.851427888
1497535182231790000,113477,-0.926690372,2.621453064,0.824865205,-0.232937205,-0.11365109,0.451433903,0.853833192
1497535182241770000,113478,-0.929753256,2.618601549,0.824355034,-0.233148894,-0.112152204,0.446727902,0.856444778
1497535182251770000,113479,-0.932936875,2.615730297,0.824176956,-0.233625827,-0.109660454,0.441756651,0.859211626
1497535182261650000,113480,-0.936199067,2.612801214,0.823934651,-0.234132042,-0.10808523,0.436917403,0.861744134
1497535182271660000,113481,-0.939622863,2.610000038,0.824077155,-0.235458882,-0.104656499,0.431975277,0.864293638
1497535182281630000,113482,-0.942998476,2.607212113,0.824256194,-0.2366106,-0.10238855,0.426454663,0.866988137
1497535182291670000,113483,-0.946620227,2.604467572,0.824597883,-0.237741795,-0.099386791,0.420717812,0.869826205
1497535182301740000,113484,-0.950360223,2.60182807,0.82517107,-0.23891331,-0.097617238,0.415242768,0.872332934
1497535182311770000,113485,-0.95325783,2.598014328,0.825954114,-0.249552712,-0.100360235,0.417597064,0.867907806
1497535182321770000,113486,-0.958112992,2.596608582,0.826336505,-0.241522423,-0.093688515,0.404542654,0.877060216
1497535182331750000,113487,-0.962128125,2.594436001,0.827453404,-0.243496595,-0.093021828,0.39959281,0.878852624
1497535182341780000,113488,-0.96625572,2.592058018,0.828205004,-0.245309635,-0.091942725,0.394362262,0.880822414
1497535182351810000,113489,-0.970354237,2.590193199,0.829510111,-0.247515755,-0.091266953,0.389612794,0.882387763
1497535182361770000,113490,-0.973806289,2.586998885,0.830968312,-0.259857587,-0.096509143,0.392002668,0.87720803
1497535182371790000,113491,-0.978159458,2.585181694,0.832137416,-0.260864913,-0.096271886,0.386778103,0.87925191
1497535182381780000,113492,-0.982619571,2.583495604,0.833501951,-0.262462575,-0.095977731,0.38225844,0.880783831
1497535182391770000,113493,-0.987116953,2.581866146,0.834826431,-0.265425471,-0.095714188,0.377690717,0.881894458
1497535182401790000,113494,-0.992438828,2.581484803,0.835880432,-0.260914387,-0.091515387,0.365573682,0.888765717
1497535182411770000,113495,-0.99691311,2.58017188,0.837228971,-0.263020334,-0.092078129,0.360735761,0.890062713
1497535182421800000,113496,-1.001440866,2.578873633,0.838371523,-0.265996866,-0.092283587,0.356567878,0.890835986
1497535182431780000,113497,-1.006055179,2.577516794,0.839329505,-0.26760125,-0.092417854,0.352661445,0.891895967
1497535182441770000,113498,-1.010540116,2.576405631,0.840502149,-0.269961847,-0.091791761,0.348302274,0.892961589
1497535182451700000,113499,-1.015023929,2.575436745,0.841580114,-0.272097604,-0.091056726,0.344125682,0.894007316
1497535182461750000,113500,-1.019604534,2.574298567,0.842477145,-0.274016739,-0.090352265,0.339914309,0.895103099
1497535182471740000,113501,-1.024214158,2.573355323,0.843362478,-0.276311173,-0.090547835,0.335715954,0.895962066
1497535182481740000,113502,-1.027845422,2.571264057,0.844547798,-0.286185882,-0.094687297,0.338803087,0.891260021
1497535182491750000,113503,-1.033413012,2.571255819,0.844913708,-0.28044419,-0.089389178,0.327265876,0.897918525
1497535182501830000,113504,-1.038053124,2.570216838,0.845561189,-0.281984107,-0.088738561,0.323287769,0.898941294
1497535182511820000,113505,-1.042497323,2.569256798,0.846228606,-0.283922876,-0.088471173,0.319037786,0.899875293
1497535182521790000,113506,-1.047057698,2.568122381,0.84671515,-0.283576022,-0.087763549,0.314833234,0.901533269
1497535182531800000,113507,-1.051647156,2.566977933,0.84701832,-0.284822231,-0.087883443,0.311314929,0.90235016
1497535182541780000,113508,-1.056126773,2.565877849,0.847407008,-0.285967655,-0.087956581,0.307212004,0.903386365
1497535182551790000,113509,-1.06056092,2.564723512,0.847621977,-0.285727016,-0.087153014,0.302994391,0.904963438
1497535182561760000,113510,-1.064943518,2.563653354,0.847973678,-0.287019698,-0.086646595,0.299080214,0.905904568
1497535182571780000,113511,-1.069306894,2.562511002,0.848118238,-0.285815245,-0.085408648,0.295001772,0.907738378
1497535182581780000,113512,-1.073559791,2.561528446,0.848379157,-0.286641612,-0.084433681,0.291042917,0.90884628
1497535182591790000,113513,-1.077754778,2.560405124,0.848379708,-0.286834686,-0.082444531,0.286856972,0.910297665
1497535182601800000,113514,-1.08182709,2.559612118,0.848786247,-0.287889272,-0.081756421,0.282589231,0.91136106
1497535182611750000,113515,-1.085788177,2.558728816,0.848879566,-0.287744403,-0.07960984,0.278617532,0.912818549
1497535182621750000,113516,-1.089711101,2.557924714,0.849055766,-0.288202145,-0.078878244,0.275199196,0.913774124
1497535182631810000,113517,-1.093472078,2.557254174,0.849266667,-0.287256539,-0.077718306,0.271946782,0.915143974
1497535182641750000,113518,-1.097099906,2.556821047,0.849684526,-0.287975068,-0.077522062,0.268958855,0.915817571
1497535182651800000,113519,-1.100684676,2.556215939,0.849746845,-0.287915728,-0.077186729,0.26589681,0.916758217
1497535182661810000,113520,-1.1041172,2.555974762,0.850200996,-0.288683664,-0.076649846,0.263481391,0.917259015
1497535182671790000,113521,-1.107510833,2.555687231,0.850553576,-0.289133929,-0.076337964,0.260683301,0.917942429
1497535182681800000,113522,-1.110785121,2.555394148,0.85089859,-0.289571278,-0.0766192,0.258106145,0.918509222
1497535182691790000,113523,-1.113892881,2.555291372,0.851353642,-0.290391535,-0.076360314,0.255624097,0.918965821
1497535182701790000,113524,-1.116778201,2.555394984,0.85214779,-0.290871522,-0.076737793,0.253123046,0.919474737
1497535182711760000,113525,-1.119666551,2.555249218,0.852483216,-0.289586793,-0.076563602,0.250705538,0.920556482
1497535182721790000,113526,-1.122525,2.555019308,0.852881262,-0.292048896,-0.076486209,0.249310455,0.920163898
1497535182731810000,113527,-1.125282538,2.554664022,0.853207192,-0.292199149,-0.076267082,0.247303725,0.920675761
1497535182741760000,113528,-1.127938618,2.554262197,0.853568048,-0.2925791,-0.076852658,0.245858601,0.920893418
1497535182751800000,113529,-1.130463542,2.553771977,0.853863233,-0.291767401,-0.076888652,0.24334644,0.921814748
1497535182761770000,113530,-1.132984237,2.553097202,0.853947374,-0.291738362,-0.076314961,0.241448386,0.92237055
1497535182771780000,113531,-1.135311599,2.552476687,0.854156892,-0.2917916,-0.075714012,0.239486243,0.922914617
1497535182781800000,113532,-1.137623673,2.55174731,0.854398495,-0.290921998,-0.075800431,0.237562606,0.923678891
1497535182791800000,113533,-1.139707625,2.550971499,0.854589166,-0.290897217,-0.075280183,0.23562027,0.924226591
1497535182801810000,113534,-1.141752977,2.550184066,0.854799265,-0.289534951,-0.074410932,0.233935425,0.925152281
1497535182811780000,113535,-1.14363563,2.549143201,0.85482594,-0.289368474,-0.073831022,0.232153271,0.925699587
1497535182821800000,113536,-1.1447462,2.547443792,0.855320024,-0.291513834,-0.078105467,0.23724982,0.923380606
1497535182831770000,113537,-1.147249096,2.5470429,0.854930871,-0.288052888,-0.074061248,0.229711338,0.926700149
1497535182841790000,113538,-1.148952218,2.545863263,0.854923667,-0.28695723,-0.074281066,0.228327411,0.927364257
1497535182851790000,113539,-1.150540393,2.54486198,0.855231196,-0.285685085,-0.073467854,0.226161108,0.928352121
1497535182861730000,113540,-1.151088457,2.543158455,0.856112359,-0.294895587,-0.080158201,0.231366178,0.923623813
1497535182871760000,113541,-1.153618192,2.542656485,0.855558245,-0.285121049,-0.074090028,0.222444412,0.929373519
1497535182881810000,113542,-1.155301684,2.541358085,0.855470578,-0.285681675,-0.074641255,0.220462732,0.929629414
1497535182891800000,113543,-1.156736878,2.540214454,0.855634471,-0.28694834,-0.074913124,0.218506238,0.929679352
1497535182901810000,113544,-1.158218837,2.539017091,0.855717515,-0.287355059,-0.075609628,0.216450139,0.929978275
1497535182911770000,113545,-1.159679875,2.53808749,0.856045868,-0.287483573,-0.076850742,0.214584972,0.930269019
1497535182921810000,113546,-1.159843169,2.536306829,0.857368725,-0.296547706,-0.084223338,0.220117816,0.925480435
1497535182931810000,113547,-1.161188039,2.535318217,0.857551948,-0.297844406,-0.085397464,0.218856272,0.925255595
1497535182941810000,113548,-1.16356679,2.534766436,0.856803753,-0.289585728,-0.080316,0.209655317,0.93044833
1497535182951780000,113549,-1.163805521,2.532995362,0.857623163,-0.299871765,-0.088400469,0.215230414,0.925169255
1497535182961770000,113550,-1.166011967,2.532363104,0.85679639,-0.2900627,-0.083759773,0.206941966,0.930603543
1497535182971820000,113551,-1.16614333,2.530525003,0.857761174,-0.301919453,-0.092908767,0.213172704,0.924537724
1497535182981800000,113552,-1.168380228,2.529885656,0.856713177,-0.291648785,-0.085633547,0.20464171,0.930445943
1497535182991810000,113553,-1.168572629,2.527775054,0.857100652,-0.300558233,-0.093880843,0.209592069,0.925700978
1497535183001770000,113554,-1.169704868,2.526671825,0.857022964,-0.30204502,-0.094875787,0.208631158,0.925332606
1497535183011780000,113555,-1.170957851,2.525163588,0.856378663,-0.299945167,-0.093262827,0.206537304,0.926648414
1497535183021810000,113556,-1.171860033,2.523961137,0.856361764,-0.299546737,-0.093690484,0.205627289,0.926936494
1497535183031810000,113557,-1.173056717,2.522766557,0.855982111,-0.299643133,-0.093391096,0.20456066,0.927171523
1497535183041850000,113558,-1.174213229,2.52147639,0.855524366,-0.298095786,-0.092806978,0.203310355,0.928003592
1497535183051730000,113559,-1.175233505,2.520308944,0.855167334,-0.298156669,-0.092341345,0.201676696,0.928386873
1497535183061790000,113560,-1.177497793,2.519734399,0.853724697,-0.285646655,-0.084813774,0.19307074,0.934845603
1497535183071800000,113561,-1.177554721,2.518200838,0.854395956,-0.295595728,-0.092618753,0.199514183,0.929644568
1497535183081780000,113562,-1.178696384,2.517103532,0.853789759,-0.294088586,-0.091268319,0.198188301,0.930539303
1497535183091800000,113563,-1.179694079,2.516241489,0.853670191,-0.292830002,-0.092481078,0.198040443,0.930847906
1497535183101790000,113564,-1.180796769,2.515372589,0.853385678,-0.291564246,-0.092356805,0.197980366,0.931270254
1497535183111770000,113565,-1.182033869,2.514662173,0.852947671,-0.291997304,-0.091527158,0.195849305,0.931667002
1497535183121780000,113566,-1.183038417,2.514145998,0.852873229,-0.292324248,-0.092670856,0.195401253,0.931545488
1497535183131810000,113567,-1.183646303,2.511867447,0.852092259,-0.273612793,-0.085590177,0.191213713,0.938747931
1497535183141790000,113568,-1.184131281,2.512272859,0.85291592,-0.291585183,-0.094876857,0.199103776,0.930770729
1497535183151850000,113569,-1.185348364,2.512460344,0.852775804,-0.294994149,-0.099576331,0.198334858,0.929368759
1497535183161770000,113570,-1.186473611,2.51195551,0.85236441,-0.293819788,-0.100817,0.197719783,0.929738002
1497535183171800000,113571,-1.187729525,2.511554614,0.852100206,-0.29446172,-0.101715469,0.196539008,0.929687408
1497535183181790000,113572,-1.188851292,2.511251392,0.851746788,-0.293962151,-0.102911588,0.195152297,0.930005935
1497535183191770000,113573,-1.190955551,2.509021452,0.850322459,-0.273712532,-0.086958373,0.185068799,0.939824042
1497535183201760000,113574,-1.192881223,2.510247277,0.850296095,-0.289839152,-0.09352915,0.187887422,0.933779353
1497535183211740000,113575,-1.194342968,2.509728504,0.849764655,-0.288606891,-0.093616448,0.186312264,0.934467636
1497535183221700000,113576,-1.195686709,2.509266899,0.849610451,-0.291135621,-0.094208738,0.184909978,0.933902063
1497535183231850000,113577,-1.197267133,2.508612197,0.848832062,-0.288173147,-0.09275048,0.182443456,0.935450678
1497535183241860000,113578,-1.198752972,2.508023647,0.848537121,-0.290661689,-0.09399632,0.181119523,0.934813454
1497535183251820000,113579,-1.199881453,2.505660312,0.847429273,-0.27305158,-0.086451783,0.175732637,0.941852942
1497535183261810000,113580,-1.201234552,2.504419476,0.846779689,-0.27943044,-0.085799486,0.170546231,0.940994719
1497535183271790000,113581,-1.203043927,2.503078449,0.847289711,-0.277062708,-0.080202988,0.179014631,0.940615489
1497535183281790000,113582,-1.206226456,2.505701248,0.845161721,-0.277405265,-0.087502798,0.16645322,0.942169255
1497535183291770000,113583,-1.207790246,2.504807453,0.844572782,-0.276930883,-0.087405488,0.164714862,0.942623244
1497535183301820000,113584,-1.207587643,2.501171657,0.844224788,-0.279154822,-0.087236306,0.163471488,0.942199281
1497535183311790000,113585,-1.209003941,2.500312725,0.843667281,-0.276928875,-0.086554792,0.16217803,0.943142064
1497535183321810000,113586,-1.210607392,2.499506528,0.842945708,-0.277642629,-0.086696928,0.160398903,0.943223412
1497535183331830000,113587,-1.209961913,2.496930318,0.842865226,-0.278856642,-0.088054351,0.156048662,0.943469247
1497535183341800000,113588,-1.214172298,2.500109629,0.842295986,-0.283601371,-0.095023873,0.164411947,0.939951827
1497535183351770000,113589,-1.214849654,2.496939991,0.84099377,-0.272483265,-0.085196114,0.155899548,0.945616108
1497535183361800000,113590,-1.216537789,2.496895659,0.840440532,-0.265018985,-0.087617118,0.158439724,0.947092937
1497535183371780000,113591,-1.217212946,2.497205573,0.841095707,-0.281905829,-0.09636989,0.164881053,0.940242621
1497535183381790000,113592,-1.21844239,2.497305378,0.840586196,-0.282163799,-0.103757319,0.163088505,0.939691518
1497535183391760000,113593,-1.219536574,2.497256074,0.84068687,-0.286742708,-0.107921456,0.161454024,0.938117358
1497535183401790000,113594,-1.221241694,2.495963931,0.839603689,-0.279911001,-0.101808707,0.15962348,0.941172228
1497535183411770000,113595,-1.222396735,2.495609303,0.83925347,-0.279933895,-0.102567599,0.157945256,0.941366134
1497535183421780000,113596,-1.224518592,2.494958534,0.838295484,-0.272297116,-0.095062606,0.154458316,0.944965613
1497535183431820000,113597,-1.22494269,2.494589922,0.838569352,-0.278893849,-0.100580824,0.155098749,0.942361978
1497535183441780000,113598,-1.227767847,2.494290566,0.837049283,-0.268189115,-0.091041272,0.148026214,0.947562307
1497535183451790000,113599,-1.229442333,2.494407942,0.83637594,-0.264063827,-0.088285921,0.1410243,0.950046335
1497535183461780000,113600,-1.230378024,2.494160464,0.836354009,-0.264315427,-0.088667071,0.139633269,0.950146334
1497535183471810000,113601,-1.231377311,2.49385966,0.836277454,-0.264604453,-0.089241909,0.13850959,0.950176541
1497535183481770000,113602,-1.23219791,2.493609839,0.836382897,-0.265260112,-0.090510771,0.137745457,0.94998477
1497535183491780000,113603,-1.232990052,2.493307913,0.83637507,-0.265837295,-0.091481159,0.137150875,0.949816491
1497535183501810000,113604,-1.232351729,2.492616366,0.83768265,-0.275766521,-0.100199332,0.143987748,0.945082244
1497535183511790000,113605,-1.234402129,2.492698009,0.836389456,-0.267980731,-0.094265439,0.13621894,0.949075737
1497535183521820000,113606,-1.233722093,2.491941745,0.837532198,-0.276304014,-0.101742874,0.143118104,0.944892421
1497535183531810000,113607,-1.234195247,2.491586489,0.837565031,-0.275969611,-0.102383789,0.143167478,0.944913439
1497535183541800000,113608,-1.234714261,2.49120418,0.837573085,-0.276466686,-0.10214112,0.142663339,0.944870644
1497535183551810000,113609,-1.23446671,2.488562533,0.836883781,-0.264641544,-0.093174914,0.134956886,0.950299914
1497535183561790000,113610,-1.234915156,2.488306228,0.836806832,-0.267024274,-0.094345603,0.134978472,0.949514485
1497535183571810000,113611,-1.235254337,2.487912266,0.83671028,-0.265780837,-0.094052412,0.134984824,0.949891461
1497535183581750000,113612,-1.235854153,2.487156118,0.837523449,-0.263969751,-0.089497425,0.143643386,0.949566616
1497535183591800000,113613,-1.236600412,2.489565814,0.837150532,-0.274187524,-0.101690639,0.141932685,0.945693041
1497535183601820000,113614,-1.236894787,2.489350322,0.837126179,-0.274611528,-0.101639734,0.141748387,0.945603124
1497535183611790000,113615,-1.237283202,2.489122026,0.836972692,-0.27531987,-0.101198245,0.140753277,0.945593147
1497535183621770000,113616,-1.237549526,2.488908666,0.836967424,-0.276797764,-0.101476827,0.1400935,0.945229741
1497535183631850000,113617,-1.237903548,2.488608887,0.836791983,-0.274974692,-0.10151461,0.140305068,0.945726277
1497535183641780000,113618,-1.238318257,2.488458986,0.836644432,-0.274966245,-0.101556681,0.139483542,0.945845731
1497535183651770000,113619,-1.24013263,2.488642232,0.835129053,-0.264223659,-0.094783869,0.132168073,0.950648976
1497535183661790000,113620,-1.240504508,2.488458083,0.834914328,-0.263676089,-0.095007855,0.131806855,0.950828786
1497535183671770000,113621,-1.24081327,2.48835726,0.83475437,-0.26301507,-0.095105645,0.131376193,0.951061662
1497535183681830000,113622,-1.241090744,2.48821058,0.834509888,-0.262647766,-0.095220458,0.131025794,0.951200009
1497535183691740000,113623,-1.241348746,2.488096193,0.834334275,-0.262591473,-0.095015625,0.130626436,0.951290956
1497535183701820000,113624,-1.241607852,2.488022817,0.834137255,-0.262459391,-0.094975745,0.130113761,0.951401642
1497535183711780000,113625,-1.241919402,2.487896244,0.833850852,-0.262640225,-0.095087022,0.129548399,0.951417775
1497535183721810000,113626,-1.242212031,2.487780231,0.833597384,-0.262605615,-0.09507448,0.129103009,0.951489121
1497535183731820000,113627,-1.242471741,2.48766679,0.833346474,-0.262125668,-0.095465062,0.128745021,0.951630851
1497535183741810000,113628,-1.241985734,2.487088432,0.83360972,-0.264477517,-0.099743554,0.134705674,0.949714298
1497535183751820000,113629,-1.243012769,2.487318233,0.832660648,-0.260809561,-0.095835202,0.128052141,0.952048652
1497535183761790000,113630,-1.242488666,2.486670739,0.832916676,-0.264340607,-0.100147095,0.134431627,0.949748778
1497535183771770000,113631,-1.241728038,2.485150719,0.833197471,-0.245229751,-0.094681564,0.130614655,0.955948525
1497535183781740000,113632,-1.241970271,2.484861275,0.832832361,-0.246312683,-0.094612946,0.129696188,0.955801942
1497535183791840000,113633,-1.242379051,2.484785171,0.832413607,-0.24601634,-0.094123808,0.129203455,0.955993272
1497535183801820000,113634,-1.242649516,2.484558584,0.831994804,-0.245610002,-0.094083352,0.129315148,0.956086629
1497535183811800000,113635,-1.243710056,2.485220486,0.83096606,-0.256528327,-0.098606038,0.131732993,0.95242663
1497535183821820000,113636,-1.24470952,2.485682626,0.830161192,-0.256629702,-0.095160018,0.125827974,0.953547633
1497535183831820000,113637,-1.244908267,2.485472131,0.829826686,-0.256203966,-0.094846383,0.125353979,0.953755771
1497535183841810000,113638,-1.244969734,2.485486334,0.829858378,-0.254503721,-0.093855689,0.124700973,0.95439438
1497535183851850000,113639,-1.24520168,2.48517514,0.829446315,-0.254040419,-0.093742947,0.124250124,0.954587676
1497535183861770000,113640,-1.243227642,2.484328666,0.831563236,-0.236440111,-0.084228889,0.113380649,0.961325334
1497535183871780000,113641,-1.243592152,2.484071807,0.831023169,-0.23732046,-0.084794967,0.113588011,0.961034118
1497535183881740000,113642,-1.244235482,2.481002394,0.829567109,-0.252839064,-0.088975575,0.133661683,0.954091353
1497535183891840000,113643,-1.244570117,2.480601141,0.829427753,-0.251765195,-0.086013465,0.133724856,0.954637959
1497535183901810000,113644,-1.244759686,2.48039065,0.829175957,-0.250670529,-0.085769415,0.133342031,0.955001464
1497535183911760000,113645,-1.244978833,2.480252235,0.829027013,-0.250427124,-0.085372451,0.133283061,0.955109117
1497535183921620000,113646,-1.245014123,2.480110378,0.828945248,-0.250459326,-0.086164308,0.132925488,0.955079396
